# theta_deg  Ey_V_per_um  Ez_V_per_um  GS1_meV  GS2_meV  numerical_gap_microeV  alpha_eV_A  perturbative_gap_k1_microeV  
0.000000000000000000e+00 0.000000000000000000e+00 1.000000000000000000e+00 1.974761730292040607e-01 2.060826028998791193e-01 8.606429870675057714e+00 4.321321889019204970e-03 8.642643778038531011e+00
2.399999999999999911e+00 4.187565372919962309e-02 9.991228300988584943e-01 1.937538672789756999e-01 2.027537212037355818e-01 8.999853924759882773e+00 4.517378241487622278e-03 9.034756482973968161e+00
4.799999999999999822e+00 8.367784333231548244e-02 9.964928592495044812e-01 1.826190375161379498e-01 1.927051404186919115e-01 1.008610290255396080e+01 5.058984031043651033e-03 1.011796806208440458e+01
7.199999999999999289e+00 1.253332335643042306e-01 9.921147013144778759e-01 1.641264908602141359e-01 1.757936763519679646e-01 1.166718549175382869e+01 5.847880096816799982e-03 1.169576019363662489e+01
9.599999999999999645e+00 1.667687467161022563e-01 9.859960370705050936e-01 1.382948131036926265e-01 1.518572994916173036e-01 1.356248638792467709e+01 6.794145233262722204e-03 1.358829046652163619e+01
1.200000000000000000e+01 2.079116908177593426e-01 9.781476007338056888e-01 1.050896594450845267e-01 1.207374832221941308e-01 1.564782377710960404e+01 7.835766536589097025e-03 1.567153307319396482e+01
1.439999999999999858e+01 2.486898871648547393e-01 9.685831611286310761e-01 6.443274297608658774e-02 8.227784464030774014e-02 1.784510166422115418e+01 8.933654979908573629e-03 1.786730995980606806e+01
1.680000000000000071e+01 2.890317969444716195e-01 9.573194975320672429e-01 1.621503127714751802e-02 3.632032716881228307e-02 2.010529589166476683e+01 1.006323450121025635e-02 2.012646900241231052e+01
1.919999999999999929e+01 3.288666467385832903e-01 9.443763702374811109e-01 -3.969187643917959640e-02 -1.729532430953806266e-02 2.239655212964153463e+01 1.120852105749084275e-02 2.241704211499688526e+01
2.159999999999999787e+01 3.681245526846779192e-01 9.297764858882514583e-01 -1.034262263754359701e-01 -7.872905473362001860e-02 2.469717164181595237e+01 1.235862092870840603e-02 2.471724185742716529e+01
2.400000000000000000e+01 4.067366430758002083e-01 9.135454576426008666e-01 -1.751276579274457790e-01 -1.481360309690815669e-01 2.699162695836421122e+01 1.350573711472149649e-02 2.701147422944945475e+01
2.639999999999999858e+01 4.446351791849274537e-01 8.957117602394130129e-01 -2.549292933396729577e-01 -2.256610135289993657e-01 2.926827981067359019e+01 1.464402568916960828e-02 2.928805137835074746e+01
2.879999999999999716e+01 4.817536741017152679e-01 8.763066800438635839e-01 -3.429501058687944859e-01 -3.114320643426010671e-01 3.151804152619341792e+01 1.576892371450273889e-02 3.153784742899453875e+01
3.119999999999999929e+01 5.180270093731302872e-01 8.553642601605065954e-01 -4.392874514301675637e-01 -4.055538885586462694e-01 3.373356287152129340e+01 1.687674244453828826e-02 3.375348488907569333e+01
3.360000000000000142e+01 5.533915492433441052e-01 8.329212407100995419e-01 -5.440097126839238406e-01 -5.081009837796801598e-01 3.590872890424368080e+01 1.796441351772897280e-02 3.592882703544675849e+01
3.600000000000000000e+01 5.877852522924731371e-01 8.090169943749475623e-01 -6.571490199717838765e-01 -6.191106853305899937e-01 3.803833464119388452e+01 1.902932592422917554e-02 3.805865184844608962e+01
3.839999999999999858e+01 6.211477802783104130e-01 7.836934573258398373e-01 -7.786940018476851133e-01 -7.385761307013849475e-01 4.011787114630016760e+01 2.006921843182363219e-02 4.013843686367121677e+01
4.079999999999999716e+01 6.534206039901053753e-01 7.569950556517563989e-01 -9.085824895988664496e-01 -8.664391085490691369e-01 4.214338104979731270e+01 2.108210690426266104e-02 4.216421380853307710e+01
4.319999999999999574e+01 6.845471059286887261e-01 7.289686274214115524e-01 -1.046694059527966569e+00 -1.002582700482146372e+00 4.411135904582030776e+01 2.206623423409379697e-02 4.413246846820747749e+01
4.560000000000000142e+01 7.144726796328034757e-01 6.996633405133654282e-01 -1.192842243641495381e+00 -1.146823561172363615e+00 4.601868246913165450e+01 2.302003539161768045e-02 4.604007078322153035e+01
4.800000000000000000e+01 7.431448254773943551e-01 6.691306063588582376e-01 -1.346766170533073126e+00 -1.298903607900678381e+00 4.786256263239474151e+01 2.394211291615778309e-02 4.788422583231659502e+01
5.039999999999999858e+01 7.705132427757892533e-01 6.374239897486897455e-01 -1.508121306720997090e+00 -1.458480795686681208e+00 4.964051103431565792e+01 2.483121987933734065e-02 4.966243975868347604e+01
5.279999999999999716e+01 7.965299180241962596e-01 6.045991148623749423e-01 -1.676468843137379761e+00 -1.625118526548993803e+00 5.135031658838607171e+01 2.568624838402026878e-02 5.137249676803929788e+01
5.519999999999999574e+01 8.211492091337040389e-01 5.707135676844318217e-01 -1.851263093835667117e+00 -1.798273062607782968e+00 5.299003122788414544e+01 2.650622226301684384e-02 5.301244452603302193e+01
5.759999999999999432e+01 8.443279255020149643e-01 5.358267949789967677e-01 -2.031836016413226975e+00 -1.977278054646508521e+00 5.455796176671856301e+01 2.729029290411764605e-02 5.458058580823941242e+01
6.000000000000000000e+01 8.660254037844385966e-01 5.000000000000001110e-01 -2.217377582603943686e+00 -2.161324916924514561e+00 5.605266567942912559e+01 2.803773702230716314e-02 5.607547404459789675e+01
6.239999999999999858e+01 8.862035792312148441e-01 4.632960351198617821e-01 -2.406910156274574941e+00 -2.349437209123936388e+00 5.747294715063855364e+01 2.874795452506215265e-02 5.749590905011325503e+01
6.479999999999999716e+01 9.048270524660196878e-01 4.257792915650727150e-01 -2.599254174179415955e+00 -2.540436327939335381e+00 5.881784624008068363e+01 2.942046286546791053e-02 5.884092573095163914e+01
6.720000000000000284e+01 9.218631515885005179e-01 3.875155864521029336e-01 -2.792981131295737995e+00 -2.732894525120321827e+00 6.008660617541627857e+01 3.005488033446299806e-02 6.010976066893195480e+01
6.959999999999999432e+01 9.372819894918914541e-01 3.485720473218153481e-01 -2.986347981574683175e+00 -2.925069394686383273e+00 6.127858688829979172e+01 3.065088227641858329e-02 6.130176455283005055e+01
7.200000000000000000e+01 9.510565162951535312e-01 3.090169943749474513e-01 -3.177204495413449514e+00 -3.114811437735440336e+00 6.239305767800906466e+01 3.120809659479110640e-02 6.241619318958068874e+01
7.439999999999999147e+01 9.631625667976581040e-01 2.689198206152659254e-01 -3.362862284037746008e+00 -3.299433552400629743e+00 6.342873163711626461e+01 3.172586987221642785e-02 6.345173974444664822e+01
7.679999999999999716e+01 9.735789028731601791e-01 2.283508701106558847e-01 -3.539913321552720760e+00 -3.475530545127072823e+00 6.438277642564771952e+01 3.220277181858441362e-02 6.440554363718433706e+01
7.920000000000000284e+01 9.822872507286887211e-01 1.873813145857245455e-01 -3.703994389366693785e+00 -3.638745539735949386e+00 6.524884963074461552e+01 3.263561379952537034e-02 6.527122759904636951e+01
8.159999999999999432e+01 9.892723329629883322e-01 1.460830285624116487e-01 -3.849532263317356762e+00 -3.783518651274714095e+00 6.601361204264244975e+01 3.301771244151854162e-02 6.603542488303185110e+01
8.400000000000000000e+01 9.945218953682734009e-01 1.045284632676534708e-01 -3.969613155762496959e+00 -3.902961335386298636e+00 6.665182037619842959e+01 3.333645614337815005e-02 6.667291228675290427e+01
8.639999999999999147e+01 9.980267284282716700e-01 6.279051952931352654e-02 -4.056328990544172619e+00 -3.989206066361064451e+00 6.712292418310784115e+01 3.357163648293874647e-02 6.714327296587080696e+01
8.879999999999999716e+01 9.997806834748456106e-01 2.094241988335705101e-02 -4.102111408741004439e+00 -4.034734320990302159e+00 6.737708775070294109e+01 3.369846938155375560e-02 6.739693876310539622e+01
9.120000000000000284e+01 9.997806834748456106e-01 -2.094241988335692611e-02 -4.102111408740949372e+00 -4.034734320989899814e+00 6.737708775104988490e+01 3.369846938155372784e-02 6.739693876310712994e+01
9.359999999999999432e+01 9.980267284282716700e-01 -6.279051952931317959e-02 -4.056328990544325386e+00 -3.989206066361106195e+00 6.712292418321885634e+01 3.357163648293866320e-02 6.714327296589769389e+01
9.600000000000000000e+01 9.945218953682734009e-01 -1.045284632676535680e-01 -3.969613155762968582e+00 -3.902961335386173403e+00 6.665182037679517180e+01 3.333645614337855945e-02 6.667291228675941284e+01
9.839999999999999147e+01 9.892723329629883322e-01 -1.460830285624115377e-01 -3.849532263317606784e+00 -3.783518651274506261e+00 6.601361204310040875e+01 3.301771244151895102e-02 6.603542488302014135e+01
1.007999999999999972e+02 9.822872507286887211e-01 -1.873813145857246010e-01 -3.703994389367359918e+00 -3.638745539736046197e+00 6.524884963131360394e+01 3.263561379952540503e-02 6.527122759902989912e+01
1.032000000000000028e+02 9.735789028731602901e-01 -2.283508701106558014e-01 -3.539913321552748293e+00 -3.475530545126878756e+00 6.438277642586976413e+01 3.220277181858430260e-02 6.440554363715094155e+01
1.055999999999999943e+02 9.631625667976582150e-01 -2.689198206152655923e-01 -3.362862284038037330e+00 -3.299433552400782510e+00 6.342873163725504071e+01 3.172586987221623356e-02 6.345173974442582931e+01
1.080000000000000000e+02 9.510565162951536422e-01 -3.090169943749473402e-01 -3.177204495413296748e+00 -3.114811437735884425e+00 6.239305767741232245e+01 3.120809659479066578e-02 6.241619318958675677e+01
1.103999999999999915e+02 9.372819894918916761e-01 -3.485720473218150151e-01 -2.986347981574446919e+00 -2.925069394686716340e+00 6.127858688773080331e+01 3.065088227641879493e-02 6.130176455282007453e+01
1.127999999999999972e+02 9.218631515885006289e-01 -3.875155864521028781e-01 -2.792981131295419139e+00 -2.732894525120002527e+00 6.008660617541627857e+01 3.005488033446312643e-02 6.010976066892674652e+01
1.151999999999999886e+02 9.048270524660196878e-01 -4.257792915650723820e-01 -2.599254174179291166e+00 -2.540436327938961014e+00 5.881784624033048203e+01 2.942046286546791747e-02 5.884092573093125367e+01
1.175999999999999943e+02 8.862035792312149551e-01 -4.632960351198615045e-01 -2.406910156274602475e+00 -2.349437209123700576e+00 5.747294715090222894e+01 2.874795452506197224e-02 5.749590905012365738e+01
1.200000000000000000e+02 8.660254037844388186e-01 -4.999999999999998335e-01 -2.217377582603888175e+00 -2.161324916924611816e+00 5.605266567927647259e+01 2.803773702230696191e-02 5.607547404460917306e+01
1.223999999999999915e+02 8.443279255020152974e-01 -5.358267949789964346e-01 -2.031836016412921886e+00 -1.977278054646314231e+00 5.455796176660754071e+01 2.729029290412011283e-02 5.458058580824244643e+01
1.247999999999999972e+02 8.211492091337041499e-01 -5.707135676844315997e-01 -1.851263093835792128e+00 -1.798273062607644412e+00 5.299003122814782785e+01 2.650622226301691670e-02 5.301244452603475565e+01
1.271999999999999886e+02 7.965299180241963706e-01 -6.045991148623748312e-01 -1.676468843137143949e+00 -1.625118526549437892e+00 5.135031658770606100e+01 2.568624838402052205e-02 5.137249676802758813e+01
1.295999999999999943e+02 7.705132427757892533e-01 -6.374239897486897455e-01 -1.508121306720677790e+00 -1.458480795686653675e+00 4.964051103402422882e+01 2.483121987933684799e-02 4.966243975865550198e+01
1.320000000000000000e+02 7.431448254773943551e-01 -6.691306063588582376e-01 -1.346766170532545548e+00 -1.298903607900137036e+00 4.786256263240862552e+01 2.394211291615794962e-02 4.788422583230011753e+01
1.344000000000000057e+02 7.144726796328032536e-01 -6.996633405133656503e-01 -1.192842243641370370e+00 -1.146823561172558126e+00 4.601868246881246449e+01 2.302003539161777412e-02 4.604007078324277558e+01
1.367999999999999829e+02 6.845471059286888371e-01 -7.289686274214113304e-01 -1.046694059527661480e+00 -1.002582700481952083e+00 4.411135904570928545e+01 2.206623423409349860e-02 4.413246846818308455e+01
1.391999999999999886e+02 6.534206039901057084e-01 -7.569950556517562879e-01 -9.085824895987276717e-01 -8.664391085487221922e-01 4.214338105000548040e+01 2.108210690426264022e-02 4.216421380852874279e+01
1.415999999999999943e+02 6.211477802783105240e-01 -7.836934573258398373e-01 -7.786940018478655245e-01 -7.385761307009824916e-01 4.011787114688303291e+01 2.006921843182334769e-02 4.013843686364042185e+01
1.440000000000000000e+02 5.877852522924732481e-01 -8.090169943749474513e-01 -6.571490199718532654e-01 -6.191106853309646940e-01 3.803833464088857141e+01 1.902932592422911309e-02 3.805865184847276339e+01
1.464000000000000057e+02 5.533915492433441052e-01 -8.329212407100995419e-01 -5.440097126834103625e-01 -5.081009837793470929e-01 3.590872890406326690e+01 1.796441351772935097e-02 3.592882703546659684e+01
1.487999999999999829e+02 5.180270093731306202e-01 -8.553642601605064844e-01 -4.392874514303896083e-01 -4.055538885584242248e-01 3.373356287196538261e+01 1.687674244453851030e-02 3.375348488908328903e+01
1.511999999999999886e+02 4.817536741017156010e-01 -8.763066800438634729e-01 -3.429501058684752968e-01 -3.114320643424900448e-01 3.151804152598525377e+01 1.576892371450300950e-02 3.153784742899540561e+01
1.535999999999999943e+02 4.446351791849277868e-01 -8.957117602394126799e-01 -2.549292933397284688e-01 -2.256610135290409991e-01 2.926827981068747064e+01 1.464402568916917807e-02 2.928805137834085315e+01
1.560000000000000000e+02 4.067366430758004303e-01 -9.135454576426008666e-01 -1.751276579280286461e-01 -1.481360309693036115e-01 2.699162695872503548e+01 1.350573711472146526e-02 2.701147422944311316e+01
1.584000000000000057e+02 3.681245526846777527e-01 -9.297764858882514583e-01 -1.034262263754914812e-01 -7.872905473407798560e-02 2.469717164141349741e+01 1.235862092870860726e-02 2.471724185742659685e+01
1.607999999999999829e+02 3.288666467385834014e-01 -9.443763702374809998e-01 -3.969187643901306295e-02 -1.729532430956581823e-02 2.239655212944724383e+01 1.120852105749119837e-02 2.241704211497834720e+01
1.631999999999999886e+02 2.890317969444716750e-01 -9.573194975320672429e-01 1.621503127734180705e-02 3.632032716885391643e-02 2.010529589151211027e+01 1.006323450121034482e-02 2.012646900240356729e+01
1.655999999999999943e+02 2.486898871648548504e-01 -9.685831611286310761e-01 6.443274297579515419e-02 8.227784464041876245e-02 1.784510166462360914e+01 8.933654979908653426e-03 1.786730995981602987e+01
1.680000000000000000e+02 2.079116908177593148e-01 -9.781476007338056888e-01 1.050896594451400379e-01 1.207374832217361638e-01 1.564782377659612678e+01 7.835766536588887124e-03 1.567153307318667288e+01
1.704000000000000057e+02 1.667687467161021730e-01 -9.859960370705050936e-01 1.382948131031097594e-01 1.518572994914091367e-01 1.356248638829937647e+01 6.794145233261838362e-03 1.358829046652908978e+01
1.727999999999999829e+02 1.253332335643045359e-01 -9.921147013144777649e-01 1.641264908599227024e-01 1.757936763515793865e-01 1.166718549165668506e+01 5.847880096815602155e-03 1.169576019362751751e+01
1.751999999999999886e+02 8.367784333231573224e-02 -9.964928592495044812e-01 1.826190375161101942e-01 1.927051404185253780e-01 1.008610290241518470e+01 5.058984031044615540e-03 1.011796806209288846e+01
1.775999999999999943e+02 4.187565372919981738e-02 -9.991228300988584943e-01 1.937538672785871219e-01 2.027537212032498593e-01 8.999853924662737370e+00 4.517378241488816636e-03 9.034756482973669733e+00
1.800000000000000000e+02 0.000000000000000000e+00 -1.000000000000000000e+00 1.974761730291207940e-01 2.060826028993101300e-01 8.606429870189336029e+00 4.321321889018922210e-03 8.642643778037880864e+00
1.824000000000000057e+02 -4.187565372919956758e-02 -9.991228300988584943e-01 1.937538672787675331e-01 2.027537212036661929e-01 8.999853924898658875e+00 4.517378241488734236e-03 9.034756482973804737e+00
1.847999999999999829e+02 -8.367784333231503835e-02 -9.964928592495044812e-01 1.826190375166375501e-01 1.927051404188723227e-01 1.008610290223477257e+01 5.058984031043718688e-03 1.011796806210142563e+01
1.871999999999999886e+02 -1.253332335643038420e-01 -9.921147013144778759e-01 1.641264908599782135e-01 1.757936763518291867e-01 1.166718549185097231e+01 5.847880096815503276e-03 1.169576019363692332e+01
1.895999999999999943e+02 -1.667687467161019510e-01 -9.859960370705050936e-01 1.382948131032762928e-01 1.518572994915756702e-01 1.356248638829937647e+01 6.794145233264479479e-03 1.358829046652003747e+01
1.920000000000000000e+02 -2.079116908177595369e-01 -9.781476007338055778e-01 1.050896594452649380e-01 1.207374832218749416e-01 1.564782377661000368e+01 7.835766536589156006e-03 1.567153307319111910e+01
1.944000000000000057e+02 -2.486898871648550446e-01 -9.685831611286310761e-01 6.443274297621148783e-02 8.227784464105714068e-02 1.784510166484565374e+01 8.933654979908358523e-03 1.786730995980942893e+01
1.967999999999999829e+02 -2.890317969444714530e-01 -9.573194975320673539e-01 1.621503127675893996e-02 3.632032716903432767e-02 2.010529589227538594e+01 1.006323450121082881e-02 2.012646900242189218e+01
1.991999999999999886e+02 -3.288666467385831238e-01 -9.443763702374811109e-01 -3.969187643912408525e-02 -1.729532430942704035e-02 2.239655212969704579e+01 1.120852105749114980e-02 2.241704211497962618e+01
2.015999999999999943e+02 -3.681245526846779192e-01 -9.297764858882514583e-01 -1.034262263754914812e-01 -7.872905473411961896e-02 2.469717164137186316e+01 1.235862092870836787e-02 2.471724185741843272e+01
2.040000000000000000e+02 -4.067366430758002083e-01 -9.135454576426008666e-01 -1.751276579275845569e-01 -1.481360309692342225e-01 2.699162695835033432e+01 1.350573711472213487e-02 2.701147422944770682e+01
2.064000000000000057e+02 -4.446351791849275648e-01 -8.957117602394129019e-01 -2.549292933395480576e-01 -2.256610135289160990e-01 2.926827981063195949e+01 1.464402568916943481e-02 2.928805137833611028e+01
2.087999999999999829e+02 -4.817536741017149904e-01 -8.763066800438636950e-01 -3.429501058686279524e-01 -3.114320643419210555e-01 3.151804152670689518e+01 1.576892371450289848e-02 3.153784742902397298e+01
2.111999999999999886e+02 -5.180270093731299541e-01 -8.553642601605068174e-01 -4.392874514303618527e-01 -4.055538885585352471e-01 3.373356287182660651e+01 1.687674244453863520e-02 3.375348488905536470e+01
2.135999999999999943e+02 -5.533915492433438832e-01 -8.329212407100996529e-01 -5.440097126832299512e-01 -5.081009837791944372e-01 3.590872890403551310e+01 1.796441351772976036e-02 3.592882703545131307e+01
2.160000000000000000e+02 -5.877852522924730261e-01 -8.090169943749475623e-01 -6.571490199718948988e-01 -6.191106853310479607e-01 3.803833464084694072e+01 1.902932592422927269e-02 3.805865184847883143e+01
2.184000000000000057e+02 -6.211477802783104130e-01 -7.836934573258398373e-01 -7.786940018479210357e-01 -7.385761307008437138e-01 4.011787114707732371e+01 2.006921843182363219e-02 4.013843686364064212e+01
2.207999999999999829e+02 -6.534206039901051533e-01 -7.569950556517568430e-01 -9.085824895987276717e-01 -8.664391085487915811e-01 4.214338104993608880e+01 2.108210690426259859e-02 4.216421380854131939e+01
2.231999999999999886e+02 -6.845471059286883930e-01 -7.289686274214118855e-01 -1.046694059527411458e+00 -1.002582700481660538e+00 4.411135904575091615e+01 2.206623423409339452e-02 4.413246846817571623e+01
2.255999999999999943e+02 -7.144726796328031426e-01 -6.996633405133657613e-01 -1.192842243641398348e+00 -1.146823561172280570e+00 4.601868246911777760e+01 2.302003539161743412e-02 4.604007078321740920e+01
2.280000000000000000e+02 -7.431448254773944662e-01 -6.691306063588581265e-01 -1.346766170532851081e+00 -1.298903607900539381e+00 4.786256263231148012e+01 2.394211291615802595e-02 4.788422583231508156e+01
2.303999999999999773e+02 -7.705132427757889202e-01 -6.374239897486903006e-01 -1.508121306721108112e+00 -1.458480795686931231e+00 4.964051103417688182e+01 2.483121987933724351e-02 4.966243975866959914e+01
2.327999999999999829e+02 -7.965299180241960375e-01 -6.045991148623753864e-01 -1.676468843137088438e+00 -1.625118526549132358e+00 5.135031658795585940e+01 2.568624838402023755e-02 5.137249676804579934e+01
2.351999999999999886e+02 -8.211492091337037058e-01 -5.707135676844322658e-01 -1.851263093835556095e+00 -1.798273062607644412e+00 5.299003122791190634e+01 2.650622226301738160e-02 5.301244452603692281e+01
2.375999999999999943e+02 -8.443279255020148533e-01 -5.358267949789972118e-01 -2.031836016413032908e+00 -1.977278054646314231e+00 5.455796176671856301e+01 2.729029290411944669e-02 5.458058580824374673e+01
2.400000000000000000e+02 -8.660254037844383745e-01 -5.000000000000004441e-01 -2.217377582603971664e+00 -2.161324916924667328e+00 5.605266567930422639e+01 2.803773702230649700e-02 5.607547404460526508e+01
2.423999999999999773e+02 -8.862035792312145110e-01 -4.632960351198621152e-01 -2.406910156274727264e+00 -2.349437209123963921e+00 5.747294715076345284e+01 2.874795452506206939e-02 5.749590905012669850e+01
2.447999999999999829e+02 -9.048270524660193548e-01 -4.257792915650729926e-01 -2.599254174179402188e+00 -2.540436327939113337e+00 5.881784624028885133e+01 2.942046286546776135e-02 5.884092573093298739e+01
2.471999999999999886e+02 -9.218631515885004069e-01 -3.875155864521032112e-01 -2.792981131296029318e+00 -2.732894525119835993e+00 6.008660617619343469e+01 3.005488033446290785e-02 6.010976066892674652e+01
2.495999999999999943e+02 -9.372819894918914541e-01 -3.485720473218154591e-01 -2.986347981574474897e+00 -2.925069394686452551e+00 6.127858688802223242e+01 3.065088227641844451e-02 6.130176455283265113e+01
2.520000000000000000e+02 -9.510565162951535312e-01 -3.090169943749476178e-01 -3.177204495413088470e+00 -3.114811437735593103e+00 6.239305767749559095e+01 3.120809659479088088e-02 6.241619318957374674e+01
2.543999999999999773e+02 -9.631625667976581040e-01 -2.689198206152658144e-01 -3.362862284037898775e+00 -3.299433552400712788e+00 6.342873163718565621e+01 3.172586987221643479e-02 6.345173974443623877e+01
2.568000000000000114e+02 -9.735789028731602901e-01 -2.283508701106558292e-01 -3.539913321552720760e+00 -3.475530545126920501e+00 6.438277642580037252e+01 3.220277181858444138e-02 6.440554363716698560e+01
2.591999999999999886e+02 -9.822872507286887211e-01 -1.873813145857246565e-01 -3.703994389366998874e+00 -3.638745539736226497e+00 6.524884963077238353e+01 3.263561379952525932e-02 6.527122759904072780e+01
2.615999999999999659e+02 -9.892723329629882212e-01 -1.460830285624124258e-01 -3.849532263317301251e+00 -3.783518651274631051e+00 6.601361204267020355e+01 3.301771244151898571e-02 6.603542488303618541e+01
2.640000000000000000e+02 -9.945218953682735119e-01 -1.045284632676533598e-01 -3.969613155762344192e+00 -3.902961335385882080e+00 6.665182037646211199e+01 3.333645614337827495e-02 6.667291228675638592e+01
2.663999999999999773e+02 -9.980267284282716700e-01 -6.279051952931409553e-02 -4.056328990544283641e+00 -3.989206066361258962e+00 6.712292418302456554e+01 3.357163648293853137e-02 6.714327296588380989e+01
2.688000000000000114e+02 -9.997806834748456106e-01 -2.094241988335672836e-02 -4.102111408740630516e+00 -4.034734320990052581e+00 6.737708775057804189e+01 3.369846938155373478e-02 6.739693876310192877e+01
2.711999999999999886e+02 -9.997806834748456106e-01 2.094241988335636059e-02 -4.102111408740796605e+00 -4.034734320990454925e+00 6.737708775034212749e+01 3.369846938155349886e-02 6.739693876310973053e+01
2.735999999999999659e+02 -9.980267284282716700e-01 6.279051952931283265e-02 -4.056328990544130875e+00 -3.989206066360925895e+00 6.712292418320498655e+01 3.357163648293857300e-02 6.714327296587774185e+01
2.760000000000000000e+02 -9.945218953682735119e-01 1.045284632676529851e-01 -3.969613155762677259e+00 -3.902961335386104125e+00 6.665182037657314140e+01 3.333645614337818475e-02 6.667291228675377113e+01
2.783999999999999773e+02 -9.892723329629883322e-01 1.460830285624112046e-01 -3.849532263317828829e+00 -3.783518651274728306e+00 6.601361204310040875e+01 3.301771244151904816e-02 6.603542488304051972e+01
2.808000000000000114e+02 -9.822872507286886101e-01 1.873813145857251561e-01 -3.703994389366693785e+00 -3.638745539735935175e+00 6.524884963075849953e+01 3.263561379952488462e-02 6.527122759905157068e+01
2.831999999999999886e+02 -9.735789028731602901e-01 2.283508701106554684e-01 -3.539913321552498715e+00 -3.475530545126587434e+00 6.438277642591138772e+01 3.220277181858460791e-02 6.440554363717522790e+01
2.855999999999999659e+02 -9.631625667976582150e-01 2.689198206152654813e-01 -3.362862284037829053e+00 -3.299433552400546255e+00 6.342873163728279451e+01 3.172586987221634458e-02 6.345173974443059706e+01
2.880000000000000000e+02 -9.510565162951536422e-01 3.090169943749472847e-01 -3.177204495413518792e+00 -3.114811437735495847e+00 6.239305767802294156e+01 3.120809659479091905e-02 6.241619318958242246e+01
2.903999999999999773e+02 -9.372819894918916761e-01 3.485720473218150706e-01 -2.986347981574461130e+00 -2.925069394686299784e+00 6.127858688816101562e+01 3.065088227641847574e-02 6.130176455284349402e+01
2.928000000000000114e+02 -9.218631515885005179e-01 3.875155864521028781e-01 -2.792981131295793507e+00 -2.732894525119724971e+00 6.008660617606853549e+01 3.005488033446305010e-02 6.010976066891503677e+01
2.951999999999999886e+02 -9.048270524660196878e-01 4.257792915650726595e-01 -2.599254174179679744e+00 -2.540436327939307848e+00 5.881784624037211984e+01 2.942046286546784808e-02 5.884092573093082024e+01
2.975999999999999659e+02 -8.862035792312150662e-01 4.632960351198609494e-01 -2.406910156274574941e+00 -2.349437209123630854e+00 5.747294715094386675e+01 2.874795452506206939e-02 5.749590905012583164e+01
3.000000000000000000e+02 -8.660254037844385966e-01 5.000000000000001110e-01 -2.217377582603943686e+00 -2.161324916924833861e+00 5.605266567910993558e+01 2.803773702230663578e-02 5.607547404459833018e+01
3.023999999999999773e+02 -8.443279255020155194e-01 5.358267949789959905e-01 -2.031836016413088419e+00 -1.977278054646550043e+00 5.455796176653815621e+01 2.729029290411939465e-02 5.458058580823225725e+01
3.048000000000000114e+02 -8.211492091337040389e-01 5.707135676844318217e-01 -1.851263093835972651e+00 -1.798273062607574913e+00 5.299003122839762625e+01 2.650622226301667383e-02 5.301244452604017710e+01
3.071999999999999886e+02 -7.965299180241967036e-01 6.045991148623744982e-01 -1.676468843137046694e+00 -1.625118526549049314e+00 5.135031658799749010e+01 2.568624838402020633e-02 5.137249676803127585e+01
3.095999999999999659e+02 -7.705132427757895863e-01 6.374239897486893014e-01 -1.508121306720941579e+00 -1.458480795686861731e+00 4.964051103407973642e+01 2.483121987933730596e-02 4.966243975867393345e+01
3.120000000000000000e+02 -7.431448254773945772e-01 6.691306063588579045e-01 -1.346766170532837092e+00 -1.298903607900386836e+00 4.786256263245025622e+01 2.394211291615769288e-02 4.788422583233589336e+01
3.143999999999999773e+02 -7.144726796328036977e-01 6.996633405133650951e-01 -1.192842243641384359e+00 -1.146823561172238826e+00 4.601868246914553140e+01 2.302003539161786433e-02 4.604007078325123814e+01
3.168000000000000114e+02 -6.845471059286882820e-01 7.289686274214119965e-01 -1.046694059527758514e+00 -1.002582700482243627e+00 4.411135904551499465e+01 2.206623423409354717e-02 4.413246846819815516e+01
3.191999999999999886e+02 -6.534206039901058194e-01 7.569950556517561768e-01 -9.085824895986027716e-01 -8.664391085488887256e-01 4.214338104971404420e+01 2.108210690426257083e-02 4.216421380852245449e+01
3.215999999999999659e+02 -6.211477802783106350e-01 7.836934573258397263e-01 -7.786940018475463354e-01 -7.385761307006216692e-01 4.011787114692466361e+01 2.006921843182377790e-02 4.013843686364899099e+01
3.240000000000000000e+02 -5.877852522924733591e-01 8.090169943749474513e-01 -6.571490199717561209e-01 -6.191106853308675495e-01 3.803833464088857141e+01 1.902932592422933861e-02 3.805865184845422533e+01
3.263999999999999773e+02 -5.533915492433442163e-01 8.329212407100995419e-01 -5.440097126834103625e-01 -5.081009837792915818e-01 3.590872890411878160e+01 1.796441351772866402e-02 3.592882703545321021e+01
3.288000000000000114e+02 -5.180270093731302872e-01 8.553642601605065954e-01 -4.392874514305145084e-01 -4.055538885588405584e-01 3.373356287167395351e+01 1.687674244453875316e-02 3.375348488907569333e+01
3.311999999999999886e+02 -4.817536741017153235e-01 8.763066800438635839e-01 -3.429501058684475412e-01 -3.114320643425316781e-01 3.151804152591586217e+01 1.576892371450287419e-02 3.153784742899068760e+01
3.335999999999999659e+02 -4.446351791849283419e-01 8.957117602394124578e-01 -2.549292933399366357e-01 -2.256610135292769215e-01 2.926827981065971329e+01 1.464402568916947298e-02 2.928805137833819572e+01
3.360000000000000000e+02 -4.067366430758001528e-01 9.135454576426009776e-01 -1.751276579278482348e-01 -1.481360309694007560e-01 2.699162695844747972e+01 1.350573711472159363e-02 2.701147422944130838e+01
3.383999999999999773e+02 -3.681245526846786964e-01 9.297764858882511252e-01 -1.034262263752416811e-01 -7.872905473398084109e-02 2.469717164126084086e+01 1.235862092870845808e-02 2.471724185740785984e+01
3.408000000000000114e+02 -3.288666467385830683e-01 9.443763702374811109e-01 -3.969187643942939658e-02 -1.729532430982949620e-02 2.239655212959990038e+01 1.120852105749110816e-02 2.241704211497352262e+01
3.431999999999999886e+02 -2.890317969444722301e-01 9.573194975320671318e-01 1.621503127707812908e-02 3.632032716885391643e-02 2.010529589177578913e+01 1.006323450121017829e-02 2.012646900242695835e+01
3.455999999999999659e+02 -2.486898871648553500e-01 9.685831611286309650e-01 6.443274297623924340e-02 8.227784464050202917e-02 1.784510166426278488e+01 8.933654979907685451e-03 1.786730995982547654e+01
3.480000000000000000e+02 -2.079116908177598699e-01 9.781476007338055778e-01 1.050896594453204491e-01 1.207374832218888194e-01 1.564782377656836942e+01 7.835766536589072739e-03 1.567153307316946176e+01
3.503999999999999773e+02 -1.667687467161027282e-01 9.859960370705048716e-01 1.382948131033179262e-01 1.518572994917560814e-01 1.356248638843815613e+01 6.794145233262605110e-03 1.358829046651670325e+01
3.528000000000000114e+02 -1.253332335643037865e-01 9.921147013144778759e-01 1.641264908603112804e-01 1.757936763520095980e-01 1.166718549169831753e+01 5.847880096815807720e-03 1.169576019362629893e+01
3.551999999999999886e+02 -8.367784333231585714e-02 9.964928592495042592e-01 1.826190375165959168e-01 1.927051404190111006e-01 1.008610290241518470e+01 5.058984031044882687e-03 1.011796806208280586e+01
3.575999999999999659e+02 -4.187565372919992840e-02 9.991228300988584943e-01 1.937538672788230443e-01 2.027537212035412928e-01 8.999853924718248521e+00 4.517378241488297953e-03 9.034756482974591663e+00
3.600000000000000000e+02 0.000000000000000000e+00 1.000000000000000000e+00 1.974761730293150830e-01 2.060826028996709525e-01 8.606429870355869483e+00 4.321321889019710642e-03 8.642643778039397873e+00
