# theta_deg  Ey_V_per_um  Ez_V_per_um  GS1_meV  GS2_meV  numerical_gap_microeV  alpha_eV_A  perturbative_gap_k1_microeV  
0.000000000000000000e+00 0.000000000000000000e+00 7.000000000000000000e+00 6.481641268868301609e+01 6.483560245671067435e+01 1.918976802765815037e+01 9.635105659440980699e-03 1.927021131888084682e+01
2.399999999999999911e+00 2.931295761043973824e-01 6.993859810692009127e+00 6.495986229958613478e+01 6.498504992849186124e+01 2.518762890571512969e+01 1.262686595024085229e-02 2.525373190040425442e+01
4.799999999999999822e+00 5.857449033262084326e-01 6.975450014746530591e+00 6.537016672844580967e+01 6.540779923934397289e+01 3.763251089816677109e+01 1.884294873117026495e-02 3.768589746232231619e+01
7.199999999999999289e+00 8.773326349501295862e-01 6.944802909201344576e+00 6.599308614714513510e+01 6.604476939480177577e+01 5.168324765664200982e+01 2.586613949705868568e-02 5.173227899410437658e+01
9.599999999999999645e+00 1.167381227012715739e+00 6.901972259493534878e+00 6.676192732690711296e+01 6.682785918950197868e+01 6.593186259486184042e+01 3.299015052658534758e-02 6.598030105323115890e+01
1.200000000000000000e+01 1.455381835724315565e+00 6.847033205136639822e+00 6.761518527760559039e+01 6.769514532179069022e+01 7.996004418510393918e+01 4.000470725707401531e-02 8.000941451398458071e+01
1.439999999999999858e+01 1.740829210153983286e+00 6.780082127900417532e+00 6.850263112901455997e+01 6.859626287692074698e+01 9.363174790619210341e+01 4.684132170212691737e-02 9.368264340407772295e+01
1.680000000000000071e+01 2.023222578611301170e+00 6.701236482724469923e+00 6.938506268134197796e+01 6.949196660377467083e+01 1.069039224326912034e+02 5.347826555925080938e-02 1.069565311185433103e+02
1.919999999999999929e+01 2.302066527170082644e+00 6.610634591662367221e+00 7.023212325266240441e+01 7.035188911141105450e+01 1.197658587486494213e+02 5.991009121397863207e-02 1.198201824280792351e+02
2.159999999999999787e+01 2.576871868792744991e+00 6.508435401217759875e+00 7.102009613881239147e+01 7.115231421503480647e+01 1.322180762224067792e+02 6.613701372607941331e-02 1.322740274520700723e+02
2.400000000000000000e+01 2.847156501530601513e+00 6.394818203498206621e+00 7.173018199797532191e+01 7.187444684262951000e+01 1.442648446541988676e+02 7.216114628398764830e-02 1.443222925681109245e+02
2.639999999999999858e+01 3.112446254294492398e+00 6.269982321675890091e+00 7.234726322611686555e+01 7.250317481863538660e+01 1.559115925185150502e+02 7.798519301653780711e-02 1.559703860330302518e+02
2.879999999999999716e+01 3.372275718712006043e+00 6.134146760307044310e+00 7.285904159094476995e+01 7.302620566283864889e+01 1.671640718938910481e+02 8.361202615507198899e-02 1.672240523103440921e+02
3.119999999999999929e+01 3.626189065611911122e+00 5.987549821123546501e+00 7.325543828547831993e+01 7.343346642593103013e+01 1.780281404527156326e+02 8.904457438320269314e-02 1.780891487666164039e+02
3.360000000000000142e+01 3.873740844703408737e+00 5.830448684970696682e+00 7.352817352806013673e+01 7.371668327351572714e+01 1.885097454555895240e+02 9.428581342421862854e-02 1.885716268485299167e+02
3.600000000000000000e+01 4.114496766047311738e+00 5.663118960624631271e+00 7.367046876946962186e+01 7.386908373085088897e+01 1.986149613812798691e+02 9.933878405404643341e-02 1.986775681081381890e+02
3.839999999999999858e+01 4.348034461948172336e+00 5.485854201280878861e+00 7.367683351758940091e+01 7.388518354857527015e+01 2.083500309858765718e+02 1.042066121504049703e-01 2.084132243008046714e+02
4.079999999999999716e+01 4.573944227930737405e+00 5.298965389562294348e+00 7.354291162388317105e+01 7.376063301895283075e+01 2.177213950696615825e+02 1.088925232783207880e-01 2.177850465565761624e+02
4.319999999999999574e+01 4.791829741500820639e+00 5.102780391949880645e+00 7.326537037240018435e+01 7.349210608059368610e+01 2.267357081934956398e+02 1.133998503675791858e-01 2.267997007350808190e+02
4.560000000000000142e+01 5.001308757429622887e+00 4.897643383593558220e+00 7.284182135445567496e+01 7.307722119508103731e+01 2.353998406253582232e+02 1.177320345911572197e-01 2.354640691822756935e+02
4.800000000000000000e+01 5.202013778341759043e+00 4.683914244512007663e+00 7.227076594157944101e+01 7.251448680778632649e+01 2.437208662068868250e+02 1.218926192804480890e-01 2.437852385607924930e+02
5.039999999999999858e+01 5.393592699430524995e+00 4.461967928240827774e+00 7.155156088221178834e+01 7.180326691550673956e+01 2.517060332949544375e+02 1.258852354629505510e-01 2.517704709258106277e+02
5.279999999999999716e+01 5.575709426169373373e+00 4.232193804036624485e+00 7.068440161618713091e+01 7.094376432770003760e+01 2.593627115129032177e+02 1.297135754143962094e-01 2.594271508286616381e+02
5.519999999999999574e+01 5.748044463935927162e+00 3.994994973791022641e+00 6.967032267118359812e+01 6.993702097087172831e+01 2.666982996881312147e+02 1.333813469701740639e-01 2.667626939403810979e+02
5.759999999999999432e+01 5.910295478514104417e+00 3.750787564852977152e+00 6.851121627467820474e+01 6.878493634240028598e+01 2.737200677220691318e+02 1.368921950684303113e-01 2.737843901369080299e+02
6.000000000000000000e+01 6.062177826491070398e+00 3.500000000000000444e+00 6.720987240831310316e+01 6.749030729076081059e+01 2.804348824476943491e+02 1.402495657481442337e-01 2.804991314963451146e+02
6.239999999999999858e+01 6.203425054618502799e+00 3.243072245839032419e+00 6.577004639832010469e+01 6.605689512352911663e+01 2.868487252090240531e+02 1.434564668387049990e-01 2.869129336776910009e+02
6.479999999999999716e+01 6.333789367262137482e+00 2.980455040955508839e+00 6.419656451496250327e+01 6.448953034163754694e+01 2.929658266750401481e+02 1.465150388387575220e-01 2.930300776773225948e+02
6.720000000000000284e+01 6.453042061119504069e+00 2.712609105164720535e+00 6.249548530317056816e+01 6.279427238074680417e+01 2.987870775762388575e+02 1.494257668862415955e-01 2.988515337722791401e+02
6.959999999999999432e+01 6.560973926443240067e+00 2.440004331252707104e+00 6.067434718237883118e+01 6.097865420044073659e+01 3.043070180619028520e+02 1.521859886187497124e-01 3.043719772375177968e+02
7.200000000000000000e+01 6.657395614066074607e+00 2.163118960624632159e+00 5.874255698888040911e+01 5.905206489028048367e+01 3.095079014000731945e+02 1.547869540000910149e-01 3.095739080002310288e+02
7.439999999999999147e+01 6.742137967583606617e+00 1.882438744306861311e+00 5.671202284158798079e+01 5.702637020023649228e+01 3.143473586485131932e+02 1.572077216767230334e-01 3.144154433534565669e+02
7.679999999999999716e+01 6.815052320112121365e+00 1.598456090774591054e+00 5.459824143950169173e+01 5.491697236152305805e+01 3.187309220213651884e+02 1.594015818242668359e-01 3.188031636486357456e+02
7.920000000000000284e+01 6.876010755100820937e+00 1.311669202100071541e+00 5.242230929952596341e+01 5.274475408692023137e+01 3.224447873942659726e+02 1.612628968286782261e-01 3.225257936573938764e+02
8.159999999999999432e+01 6.924906330740917326e+00 1.022581199936881680e+00 5.021505096065919815e+01 5.054001902408212032e+01 3.249680634229284806e+02 1.625347781105189460e-01 3.250695562209832019e+02
8.400000000000000000e+01 6.961653267577912807e+00 7.316992428735741294e-01 4.802691114499099001e+01 4.835174537926482685e+01 3.248342342738394564e+02 1.624965432860711601e-01 3.249930865721131568e+02
8.639999999999999147e+01 6.986187098997901579e+00 4.395336367051946858e-01 4.595859641937175155e+01 4.627521469715027536e+01 3.166182777785270446e+02 1.585011074214223159e-01 3.170022148428902824e+02
8.879999999999999716e+01 6.998464784323918941e+00 1.465969391834993640e-01 4.431846191130277646e+01 4.458524839561180642e+01 2.667864843090284239e+02 1.344433640177868650e-01 2.688867280356624292e+02
9.120000000000000284e+01 6.998464784323918941e+00 -1.465969391834984759e-01 4.431846191130246382e+01 4.458524839561184905e+01 2.667864843093892091e+02 1.344433640177883638e-01 2.688867280355999583e+02
9.359999999999999432e+01 6.986187098997901579e+00 -4.395336367051922433e-01 4.595859641937177997e+01 4.627521469715024693e+01 3.166182777784715086e+02 1.585011074214223159e-01 3.170022148428347464e+02
9.600000000000000000e+01 6.961653267577912807e+00 -7.316992428735747955e-01 4.802691114499095448e+01 4.835174537926475580e+01 3.248342342737977901e+02 1.624965432860707715e-01 3.249930865722380986e+02
9.839999999999999147e+01 6.924906330740917326e+00 -1.022581199936880791e+00 5.021505096065922658e+01 5.054001902408207059e+01 3.249680634228382701e+02 1.625347781105190847e-01 3.250695562210734124e+02
1.007999999999999972e+02 6.876010755100820937e+00 -1.311669202100072207e+00 5.242230929952599894e+01 5.274475408692019585e+01 3.224447873941965668e+02 1.612628968286788089e-01 3.225257936573869415e+02
1.032000000000000028e+02 6.815052320112122253e+00 -1.598456090774590610e+00 5.459824143950167752e+01 5.491697236152312911e+01 3.187309220214553989e+02 1.594015818242662808e-01 3.188031636484692513e+02
1.055999999999999943e+02 6.742137967583607505e+00 -1.882438744306859313e+00 5.671202284158807316e+01 5.702637020023642123e+01 3.143473586483536337e+02 1.572077216767229224e-01 3.144154433534773716e+02
1.080000000000000000e+02 6.657395614066075495e+00 -2.163118960624631271e+00 5.874255698888033805e+01 5.905206489028054051e+01 3.095079014001980795e+02 1.547869540000901267e-01 3.095739080001894195e+02
1.103999999999999915e+02 6.560973926443240956e+00 -2.440004331252704883e+00 6.067434718237901592e+01 6.097865420044063711e+01 3.043070180616183507e+02 1.521859886187501842e-01 3.043719772374692525e+02
1.127999999999999972e+02 6.453042061119504069e+00 -2.712609105164719647e+00 6.249548530317055395e+01 6.279427238074672601e+01 2.987870775761694517e+02 1.494257668862419841e-01 2.988515337726260555e+02
1.151999999999999886e+02 6.333789367262138370e+00 -2.980455040955506174e+00 6.419656451496253169e+01 6.448953034163747589e+01 2.929658266749430027e+02 1.465150388387582436e-01 2.930300776775584950e+02
1.175999999999999943e+02 6.203425054618503687e+00 -3.243072245839030199e+00 6.577004639832021837e+01 6.605689512352924453e+01 2.868487252090240531e+02 1.434564668387058595e-01 2.869129336771914041e+02
1.200000000000000000e+02 6.062177826491071286e+00 -3.499999999999998224e+00 6.720987240831304632e+01 6.749030729076085322e+01 2.804348824478192341e+02 1.402495657481443447e-01 2.804991314963034483e+02
1.223999999999999915e+02 5.910295478514106193e+00 -3.750787564852975375e+00 6.851121627467810526e+01 6.878493634240028598e+01 2.737200677221801470e+02 1.368921950684307554e-01 2.737843901366582031e+02
1.247999999999999972e+02 5.748044463935928938e+00 -3.994994973791021309e+00 6.967032267118368338e+01 6.993702097087168568e+01 2.666982996880062728e+02 1.333813469701730092e-01 2.667626939403116921e+02
1.271999999999999886e+02 5.575709426169375149e+00 -4.232193804036623597e+00 7.068440161618715933e+01 7.094376432769990970e+01 2.593627115127505931e+02 1.297135754143954045e-01 2.594271508289946837e+02
1.295999999999999943e+02 5.393592699430524995e+00 -4.461967928240827774e+00 7.155156088221175992e+01 7.180326691550662588e+01 2.517060332948572920e+02 1.258852354629501902e-01 2.517704709257967295e+02
1.320000000000000000e+02 5.202013778341759043e+00 -4.683914244512007663e+00 7.227076594157944101e+01 7.251448680778631228e+01 2.437208662068729552e+02 1.218926192804480474e-01 2.437852385610839292e+02
1.344000000000000057e+02 5.001308757429622887e+00 -4.897643383593559108e+00 7.284182135445566075e+01 7.307722119508105152e+01 2.353998406253859912e+02 1.177320345911578719e-01 2.354640691823034615e+02
1.367999999999999829e+02 4.791829741500821527e+00 -5.102780391949879757e+00 7.326537037240025541e+01 7.349210608059371452e+01 2.267357081934540020e+02 1.133998503675792552e-01 2.267997007350530794e+02
1.391999999999999886e+02 4.573944227930739181e+00 -5.298965389562294348e+00 7.354291162388318526e+01 7.376063301895287339e+01 2.177213950696893505e+02 1.088925232783202884e-01 2.177850465567149456e+02
1.415999999999999943e+02 4.348034461948173224e+00 -5.485854201280877973e+00 7.367683351758934407e+01 7.388518354857534121e+01 2.083500309860014568e+02 1.042066121504049148e-01 2.084132243007213958e+02
1.440000000000000000e+02 4.114496766047312626e+00 -5.663118960624631271e+00 7.367046876946959344e+01 7.386908373085091739e+01 1.986149613813353767e+02 9.933878405404636402e-02 1.986775681079994058e+02
1.464000000000000057e+02 3.873740844703408737e+00 -5.830448684970696682e+00 7.352817352806017936e+01 7.371668327351574135e+01 1.885097454555617560e+02 9.428581342421882283e-02 1.885716268483356259e+02
1.487999999999999829e+02 3.626189065611914675e+00 -5.987549821123544724e+00 7.325543828547843361e+01 7.343346642593103013e+01 1.780281404525907476e+02 8.904457438320358131e-02 1.780891487663388659e+02
1.511999999999999886e+02 3.372275718712009152e+00 -6.134146760307043422e+00 7.285904159094459942e+01 7.302620566283864889e+01 1.671640718940437011e+02 8.361202615507229430e-02 1.672240523101081635e+02
1.535999999999999943e+02 3.112446254294494619e+00 -6.269982321675889203e+00 7.234726322611678029e+01 7.250317481863541502e+01 1.559115925186260654e+02 7.798519301653777935e-02 1.559703860332106728e+02
1.560000000000000000e+02 2.847156501530602846e+00 -6.394818203498205733e+00 7.173018199797530770e+01 7.187444684262942474e+01 1.442648446541155920e+02 7.216114628398750952e-02 1.443222925679860111e+02
1.584000000000000057e+02 2.576871868792744102e+00 -6.508435401217759875e+00 7.102009613881240568e+01 7.115231421503484910e+01 1.322180762224345472e+02 6.613701372607955209e-02 1.322740274520284345e+02
1.607999999999999829e+02 2.302066527170083532e+00 -6.610634591662366333e+00 7.023212325266251810e+01 7.035188911141106871e+01 1.197658587485384061e+02 5.991009121397820186e-02 1.198201824278433207e+02
1.631999999999999886e+02 2.023222578611301614e+00 -6.701236482724469923e+00 6.938506268134194954e+01 6.949196660377469925e+01 1.069039224327467110e+02 5.347826555925115632e-02 1.069565311185710641e+02
1.655999999999999943e+02 1.740829210153983730e+00 -6.780082127900417532e+00 6.850263112901453155e+01 6.859626287692087487e+01 9.363174790634477063e+01 4.684132170212675084e-02 9.368264340413323055e+01
1.680000000000000000e+02 1.455381835724315120e+00 -6.847033205136639822e+00 6.761518527760556196e+01 6.769514532179064759e+01 7.996004418509005518e+01 4.000470725707350184e-02 8.000941451428988671e+01
1.704000000000000057e+02 1.167381227012715295e+00 -6.901972259493534878e+00 6.676192732690705611e+01 6.682785918950193604e+01 6.593186259487571022e+01 3.299015052658517411e-02 6.598030105321728911e+01
1.727999999999999829e+02 8.773326349501316956e-01 -6.944802909201344576e+00 6.599308614714516352e+01 6.604476939480171893e+01 5.168324765655874131e+01 2.586613949705851567e-02 5.173227899427090648e+01
1.751999999999999886e+02 5.857449033262100979e-01 -6.975450014746530591e+00 6.537016672844589493e+01 6.540779923934400131e+01 3.763251089811126349e+01 1.884294873117031005e-02 3.768589746236394689e+01
1.775999999999999943e+02 2.931295761043986592e-01 -6.993859810692009127e+00 6.495986229958616320e+01 6.498504992849183282e+01 2.518762890565962209e+01 1.262686595024079678e-02 2.525373190044588512e+01
1.800000000000000000e+02 0.000000000000000000e+00 -7.000000000000000000e+00 6.481641268868314398e+01 6.483560245671078803e+01 1.918976802764426992e+01 9.635105659441032741e-03 1.927021131888084682e+01
1.824000000000000057e+02 -2.931295761043969383e-01 -6.993859810692009127e+00 6.495986229958610636e+01 6.498504992849180439e+01 2.518762890568737589e+01 1.262686595024080718e-02 2.525373190051527672e+01
1.847999999999999829e+02 -5.857449033262052129e-01 -6.975450014746530591e+00 6.537016672844582388e+01 6.540779923934400131e+01 3.763251089818064798e+01 1.884294873117033087e-02 3.768589746232231619e+01
1.871999999999999886e+02 -8.773326349501268107e-01 -6.944802909201344576e+00 6.599308614714517773e+01 6.604476939480169051e+01 5.168324765651710351e+01 2.586613949705878629e-02 5.173227899409049968e+01
1.895999999999999943e+02 -1.167381227012713740e+00 -6.901972259493534878e+00 6.676192732690711296e+01 6.682785918950202131e+01 6.593186259490346401e+01 3.299015052658496594e-02 6.598030105310625970e+01
1.920000000000000000e+02 -1.455381835724316675e+00 -6.847033205136639822e+00 6.761518527760559039e+01 6.769514532179071864e+01 7.996004418513169298e+01 4.000470725707400144e-02 8.000941451427601692e+01
1.944000000000000057e+02 -1.740829210153985063e+00 -6.780082127900417532e+00 6.850263112901457419e+01 6.859626287692088908e+01 9.363174790631700262e+01 4.684132170212692431e-02 9.368264340425812975e+01
1.967999999999999829e+02 -2.023222578611300282e+00 -6.701236482724470811e+00 6.938506268134206323e+01 6.949196660377471346e+01 1.069039224326495656e+02 5.347826555925082326e-02 1.069565311185433103e+02
1.991999999999999886e+02 -2.302066527170081756e+00 -6.610634591662367221e+00 7.023212325266256073e+01 7.035188911141121082e+01 1.197658587486494213e+02 5.991009121397837534e-02 1.198201824280514813e+02
2.015999999999999943e+02 -2.576871868792744991e+00 -6.508435401217759875e+00 7.102009613881232042e+01 7.115231421503489173e+01 1.322180762225733019e+02 6.613701372607941331e-02 1.322740274521394497e+02
2.040000000000000000e+02 -2.847156501530601513e+00 -6.394818203498206621e+00 7.173018199797532191e+01 7.187444684262948158e+01 1.442648446541572298e+02 7.216114628398798136e-02 1.443222925680415187e+02
2.064000000000000057e+02 -3.112446254294492842e+00 -6.269982321675889203e+00 7.234726322611692240e+01 7.250317481863547187e+01 1.559115925185428182e+02 7.798519301653725200e-02 1.559703860331273972e+02
2.087999999999999829e+02 -3.372275718712005155e+00 -6.134146760307046087e+00 7.285904159094462784e+01 7.302620566283864889e+01 1.671640718940159331e+02 8.361202615507198899e-02 1.672240523101498013e+02
2.111999999999999886e+02 -3.626189065611909790e+00 -5.987549821123547389e+00 7.325543828547841940e+01 7.343346642593107276e+01 1.780281404526462552e+02 8.904457438320266538e-02 1.780891487663666055e+02
2.135999999999999943e+02 -3.873740844703407404e+00 -5.830448684970697570e+00 7.352817352806020779e+01 7.371668327351582661e+01 1.885097454556172636e+02 9.428581342421871181e-02 1.885716268483078579e+02
2.160000000000000000e+02 -4.114496766047310850e+00 -5.663118960624633047e+00 7.367046876946963607e+01 7.386908373085088897e+01 1.986149613812659993e+02 9.933878405404678036e-02 1.986775681081243192e+02
2.184000000000000057e+02 -4.348034461948172336e+00 -5.485854201280878861e+00 7.367683351758932986e+01 7.388518354857522752e+01 2.083500309859043114e+02 1.042066121504047482e-01 2.084132243008324110e+02
2.207999999999999829e+02 -4.573944227930735629e+00 -5.298965389562297013e+00 7.354291162388317105e+01 7.376063301895281654e+01 2.177213950696477127e+02 1.088925232783209268e-01 2.177850465565900322e+02
2.231999999999999886e+02 -4.791829741500818862e+00 -5.102780391949882421e+00 7.326537037240032646e+01 7.349210608059362926e+01 2.267357081933013490e+02 1.133998503675794911e-01 2.267997007351779644e+02
2.255999999999999943e+02 -5.001308757429621998e+00 -4.897643383593559108e+00 7.284182135445560391e+01 7.307722119508093783e+01 2.353998406253304836e+02 1.177320345911576083e-01 2.354640691823034615e+02
2.280000000000000000e+02 -5.202013778341759931e+00 -4.683914244512006775e+00 7.227076594157951206e+01 7.251448680778625544e+01 2.437208662067480418e+02 1.218926192804476727e-01 2.437852385608202326e+02
2.303999999999999773e+02 -5.393592699430521442e+00 -4.461967928240831327e+00 7.155156088221174571e+01 7.180326691550676799e+01 2.517060332950238433e+02 1.258852354629508286e-01 2.517704709258661353e+02
2.327999999999999829e+02 -5.575709426169371596e+00 -4.232193804036627149e+00 7.068440161618721618e+01 7.094376432770002339e+01 2.593627115128060723e+02 1.297135754143965980e-01 2.594271508288559289e+02
2.351999999999999886e+02 -5.748044463935926274e+00 -3.994994973791025306e+00 6.967032267118365496e+01 6.993702097087181357e+01 2.666982996881589543e+02 1.333813469701731758e-01 2.667626939402978223e+02
2.375999999999999943e+02 -5.910295478514103529e+00 -3.750787564852979372e+00 6.851121627467816211e+01 6.878493634240037125e+01 2.737200677222218133e+02 1.368921950684302002e-01 2.737843901368524939e+02
2.400000000000000000e+02 -6.062177826491067734e+00 -3.500000000000003109e+00 6.720987240831303211e+01 6.749030729076081059e+01 2.804348824477775679e+02 1.402495657481443170e-01 2.804991314962895785e+02
2.423999999999999773e+02 -6.203425054618501910e+00 -3.243072245839034640e+00 6.577004639832010469e+01 6.605689512352941506e+01 2.868487252093154893e+02 1.434564668387054431e-01 2.869129336774134345e+02
2.447999999999999829e+02 -6.333789367262134817e+00 -2.980455040955510171e+00 6.419656451496263116e+01 6.448953034163751852e+01 2.929658266748874667e+02 1.465150388387576053e-01 2.930300776775168856e+02
2.471999999999999886e+02 -6.453042061119503181e+00 -2.712609105164722312e+00 6.249548530317056816e+01 6.279427238074669759e+01 2.987870775761278423e+02 1.494257668862409294e-01 2.988515337724873007e+02
2.495999999999999943e+02 -6.560973926443240067e+00 -2.440004331252707992e+00 6.067434718237888802e+01 6.097865420044063001e+01 3.043070180617432356e+02 1.521859886187504063e-01 3.043719772375177968e+02
2.520000000000000000e+02 -6.657395614066074607e+00 -2.163118960624632603e+00 5.874255698888045174e+01 5.905206489028050498e+01 3.095079014000523330e+02 1.547869540000899602e-01 3.095739080002171590e+02
2.543999999999999773e+02 -6.742137967583606617e+00 -1.882438744306860645e+00 5.671202284158802343e+01 5.702637020023643544e+01 3.143473586484160478e+02 1.572077216767231445e-01 3.144154433534010309e+02
2.568000000000000114e+02 -6.815052320112122253e+00 -1.598456090774590610e+00 5.459824143950173436e+01 5.491697236152312200e+01 3.187309220213929848e+02 1.594015818242672244e-01 3.188031636485316653e+02
2.591999999999999886e+02 -6.876010755100820937e+00 -1.311669202100072207e+00 5.242230929952609131e+01 5.274475408692028111e+01 3.224447873941896319e+02 1.612628968286785314e-01 3.225257936573800066e+02
2.615999999999999659e+02 -6.924906330740917326e+00 -1.022581199936887009e+00 5.021505096065945395e+01 5.054001902408207769e+01 3.249680634226231746e+02 1.625347781105195566e-01 3.250695562210179332e+02
2.640000000000000000e+02 -6.961653267577913695e+00 -7.316992428735734633e-01 4.802691114499088343e+01 4.835174537926481975e+01 3.248342342739366018e+02 1.624965432860700498e-01 3.249930865721409532e+02
2.663999999999999773e+02 -6.986187098997901579e+00 -4.395336367051986270e-01 4.595859641937165208e+01 4.627521469715023272e+01 3.166182777785825238e+02 1.585011074214221494e-01 3.170022148428416813e+02
2.688000000000000114e+02 -6.998464784323918941e+00 -1.465969391834970881e-01 4.431846191130266988e+01 4.458524839561179220e+01 2.667864843091255693e+02 1.344433640177867539e-01 2.688867280356485594e+02
2.711999999999999886e+02 -6.998464784323918941e+00 1.465969391834945346e-01 4.431846191130263435e+01 4.458524839561177089e+01 2.667864843091394391e+02 1.344433640177871148e-01 2.688867280355999583e+02
2.735999999999999659e+02 -6.986187098997901579e+00 4.395336367051898008e-01 4.595859641937173024e+01 4.627521469715042457e+01 3.166182777786935389e+02 1.585011074214219828e-01 3.170022148428624860e+02
2.760000000000000000e+02 -6.961653267577913695e+00 7.316992428735709098e-01 4.802691114499090475e+01 4.835174537926457106e+01 3.248342342736659702e+02 1.624965432860699943e-01 3.249930865721340183e+02
2.783999999999999773e+02 -6.924906330740917326e+00 1.022581199936878571e+00 5.021505096065932605e+01 5.054001902408202085e+01 3.249680634226925804e+02 1.625347781105196399e-01 3.250695562210179332e+02
2.808000000000000114e+02 -6.876010755100820937e+00 1.311669202100075760e+00 5.242230929952612684e+01 5.274475408692043032e+01 3.224447873943006471e+02 1.612628968286782261e-01 3.225257936573730717e+02
2.831999999999999886e+02 -6.815052320112122253e+00 1.598456090774588167e+00 5.459824143950172015e+01 5.491697236152300832e+01 3.187309220212889045e+02 1.594015818242668914e-01 3.188031636485177955e+02
2.855999999999999659e+02 -6.742137967583607505e+00 1.882438744306858425e+00 5.671202284158793105e+01 5.702637020023641412e+01 3.143473586484785187e+02 1.572077216767230889e-01 3.144154433533940960e+02
2.880000000000000000e+02 -6.657395614066075495e+00 2.163118960624630827e+00 5.874255698888035226e+01 5.905206489028052630e+01 3.095079014001703399e+02 1.547869540000894606e-01 3.095739080001616799e+02
2.903999999999999773e+02 -6.560973926443240956e+00 2.440004331252705327e+00 6.067434718237896618e+01 6.097865420044068685e+01 3.043070180617224310e+02 1.521859886187500732e-01 3.043719772374414561e+02
2.928000000000000114e+02 -6.453042061119504069e+00 2.712609105164720091e+00 6.249548530317054684e+01 6.279427238074671180e+01 2.987870775761625168e+02 1.494257668862418176e-01 2.988515337725150403e+02
2.951999999999999886e+02 -6.333789367262137482e+00 2.980455040955508395e+00 6.419656451496253169e+01 6.448953034163746167e+01 2.929658266749290760e+02 1.465150388387573277e-01 2.930300776774891460e+02
2.975999999999999659e+02 -6.203425054618505463e+00 3.243072245839026646e+00 6.577004639832003363e+01 6.605689512352918769e+01 2.868487252091628079e+02 1.434564668387049990e-01 2.869129336773995647e+02
3.000000000000000000e+02 -6.062177826491070398e+00 3.500000000000000444e+00 6.720987240831317422e+01 6.749030729076081059e+01 2.804348824476388131e+02 1.402495657481442892e-01 2.804991314962340425e+02
3.023999999999999773e+02 -5.910295478514108858e+00 3.750787564852971823e+00 6.851121627467813369e+01 6.878493634240025756e+01 2.737200677221246679e+02 1.368921950684304778e-01 2.737843901368664206e+02
3.048000000000000114e+02 -5.748044463935927162e+00 3.994994973791022641e+00 6.967032267118374023e+01 6.993702097087181357e+01 2.666982996880756787e+02 1.333813469701724541e-01 2.667626939403255619e+02
3.071999999999999886e+02 -5.575709426169376925e+00 4.232193804036620932e+00 7.068440161618713091e+01 7.094376432769983865e+01 2.593627115126950571e+02 1.297135754143960984e-01 2.594271508288003929e+02
3.095999999999999659e+02 -5.393592699430526771e+00 4.461967928240825110e+00 7.155156088221167465e+01 7.180326691550664009e+01 2.517060332949683357e+02 1.258852354629506065e-01 2.517704709258661353e+02
3.120000000000000000e+02 -5.202013778341762595e+00 4.683914244512004110e+00 7.227076594157941258e+01 7.251448680778624123e+01 2.437208662068313174e+02 1.218926192804481168e-01 2.437852385608757402e+02
3.143999999999999773e+02 -5.001308757429626439e+00 4.897643383593555555e+00 7.284182135445550443e+01 7.307722119508092362e+01 2.353998406254137592e+02 1.177320345911585797e-01 2.354640691822895633e+02
3.168000000000000114e+02 -4.791829741500817974e+00 5.102780391949882421e+00 7.326537037240024119e+01 7.349210608059381400e+01 2.267357081935650456e+02 1.133998503675792413e-01 2.267997007350530794e+02
3.191999999999999886e+02 -4.573944227930740070e+00 5.298965389562293460e+00 7.354291162388318526e+01 7.376063301895274549e+01 2.177213950695644371e+02 1.088925232783199970e-01 2.177850465566316700e+02
3.215999999999999659e+02 -4.348034461948175000e+00 5.485854201280877085e+00 7.367683351758942933e+01 7.388518354857528436e+01 2.083500309858627020e+02 1.042066121504044152e-01 2.084132243008463092e+02
3.240000000000000000e+02 -4.114496766047313514e+00 5.663118960624631271e+00 7.367046876946957923e+01 7.386908373085091739e+01 1.986149613813492749e+02 9.933878405404621137e-02 1.986775681080688116e+02
3.263999999999999773e+02 -3.873740844703409625e+00 5.830448684970696682e+00 7.352817352806009410e+01 7.371668327351576977e+01 1.885097454556727712e+02 9.428581342421882283e-02 1.885716268483911335e+02
3.288000000000000114e+02 -3.626189065611911566e+00 5.987549821123546501e+00 7.325543828547843361e+01 7.343346642593094487e+01 1.780281404525074720e+02 8.904457438320281804e-02 1.780891487663805037e+02
3.311999999999999886e+02 -3.372275718712007375e+00 6.134146760307044310e+00 7.285904159094458521e+01 7.302620566283854942e+01 1.671640718939604255e+02 8.361202615507228042e-02 1.672240523100249163e+02
3.335999999999999659e+02 -3.112446254294497727e+00 6.269982321675886539e+00 7.234726322611679450e+01 7.250317481863535818e+01 1.559115925185566880e+02 7.798519301653863978e-02 1.559703860330857594e+02
3.360000000000000000e+02 -2.847156501530600625e+00 6.394818203498206621e+00 7.173018199797526506e+01 7.187444684262946737e+01 1.442648446541988676e+02 7.216114628398781483e-02 1.443222925679443733e+02
3.383999999999999773e+02 -2.576871868792750764e+00 6.508435401217758098e+00 7.102009613881241989e+01 7.115231421503482068e+01 1.322180762223929094e+02 6.613701372607973250e-02 1.322740274521672177e+02
3.408000000000000114e+02 -2.302066527170081311e+00 6.610634591662367221e+00 7.023212325266256073e+01 7.035188911141106871e+01 1.197658587485106523e+02 5.991009121397850024e-02 1.198201824280792351e+02
3.431999999999999886e+02 -2.023222578611305611e+00 6.701236482724469923e+00 6.938506268134199217e+01 6.949196660377471346e+01 1.069039224327189572e+02 5.347826555925154490e-02 1.069565311185155565e+02
3.455999999999999659e+02 -1.740829210153987283e+00 6.780082127900416644e+00 6.850263112901455997e+01 6.859626287692088908e+01 9.363174790633088662e+01 4.684132170212695900e-02 9.368264340421650616e+01
3.480000000000000000e+02 -1.455381835724319117e+00 6.847033205136639822e+00 6.761518527760568986e+01 6.769514532179083233e+01 7.996004418514557699e+01 4.000470725707362674e-02 8.000941451417887151e+01
3.503999999999999773e+02 -1.167381227012719069e+00 6.901972259493534878e+00 6.676192732690707032e+01 6.682785918950195025e+01 6.593186259487571022e+01 3.299015052658513247e-02 6.598030105312014371e+01
3.528000000000000114e+02 -8.773326349501265886e-01 6.944802909201344576e+00 6.599308614714514931e+01 6.604476939480171893e+01 5.168324765657261821e+01 2.586613949705878282e-02 5.173227899414600728e+01
3.551999999999999886e+02 -5.857449033262108751e-01 6.975450014746530591e+00 6.537016672844592335e+01 6.540779923934407236e+01 3.763251089815289419e+01 1.884294873117039332e-02 3.768589746236394689e+01
3.575999999999999659e+02 -2.931295761043994919e-01 6.993859810692009127e+00 6.495986229958619163e+01 6.498504992849183282e+01 2.518762890563186474e+01 1.262686595024094943e-02 2.525373190048751937e+01
3.600000000000000000e+02 0.000000000000000000e+00 7.000000000000000000e+00 6.481641268868310135e+01 6.483560245671074540e+01 1.918976802764426992e+01 9.635105659440906106e-03 1.927021131890860417e+01
