# theta_deg  Ey_V_per_um  Ez_V_per_um  GS1_meV  GS2_meV  numerical_gap_microeV  alpha_eV_A  perturbative_gap_k1_microeV  
0.000000000000000000e+00 0.000000000000000000e+00 2.000000000000000000e+00 9.634886080093233218e+00 9.647284606825776265e+00 1.239852673254326909e+01 6.225551770691281801e-03 1.245110354138392950e+01
2.399999999999999911e+00 8.375130745839924618e-02 1.998245660197716989e+00 9.633788606441012092e+00 9.647180601374232722e+00 1.339199493322063006e+01 6.720708611709973190e-03 1.344141722342193113e+01
4.799999999999999822e+00 1.673556866646309649e-01 1.992985718499008962e+00 9.630475550325702017e+00 9.646474065023600275e+00 1.599851469789859237e+01 8.020868643338070758e-03 1.604173728666363630e+01
7.199999999999999289e+00 2.506664671286084611e-01 1.984229402628955752e+00 9.624662568675571350e+00 9.644227256944692073e+00 1.956468826912194459e+01 9.801260446459993114e-03 1.960252089292131927e+01
9.599999999999999645e+00 3.335374934322045126e-01 1.971992074141010187e+00 9.615596971068438137e+00 9.639231139448492414e+00 2.363416838005449705e+01 1.183416235082840502e-02 2.366832470164677460e+01
1.200000000000000000e+01 4.158233816355186852e-01 1.956295201467611378e+00 9.602104031807806805e+00 9.630062315709993825e+00 2.795828390218801829e+01 1.399509196345108050e-02 2.799018392690352641e+01
1.439999999999999858e+01 4.973797743297094787e-01 1.937166322257262152e+00 9.582697121195179690e+00 9.615100804787306998e+00 3.240368359212764204e+01 1.621716379436581590e-02 3.243432758873350252e+01
1.680000000000000071e+01 5.780635938889432390e-01 1.914638995064134486e+00 9.555676667523730572e+00 9.592571173913654548e+00 3.689450638992563825e+01 1.846228750566580173e-02 3.692457501133610265e+01
1.919999999999999929e+01 6.577332934771665807e-01 1.888752740474962222e+00 9.519214561610770176e+00 9.560598861873936372e+00 4.138430026316697052e+01 2.070712796104049250e-02 4.141425592210125473e+01
2.159999999999999787e+01 7.362491053693558385e-01 1.859552971776502917e+00 9.471426955114825574e+00 9.517269563119711506e+00 4.584260800488682008e+01 2.293638310460213367e-02 4.587276620921995374e+01
2.400000000000000000e+01 8.134732861516004165e-01 1.827090915285201733e+00 9.410436360185528315e+00 9.460684628192453260e+00 5.024826800692494544e+01 2.513942207156395076e-02 5.027884414313989225e+01
2.639999999999999858e+01 8.892703583698549075e-01 1.791423520478826026e+00 9.334423266726302515e+00 9.389009129327567038e+00 5.458586260126408263e+01 2.730850123914180250e-02 5.461700247828827059e+01
2.879999999999999716e+01 9.635073482034305359e-01 1.752613360087727168e+00 9.241667755457912747e+00 9.300511473004563712e+00 5.884371754664996246e+01 2.943775883133495710e-02 5.887551766266783915e+01
3.119999999999999929e+01 1.036054018746260574e+00 1.710728520321013191e+00 9.130582050829991303e+00 9.193594761478768973e+00 6.301271064877711581e+01 3.152261596962950552e-02 6.304523193927623481e+01
3.360000000000000142e+01 1.106783098486688210e+00 1.665842481420199084e+00 8.999735309867737953e+00 9.066820837194718763e+00 6.708552732698214527e+01 3.355940235129962340e-02 6.711880470260112475e+01
3.600000000000000000e+01 1.175570504584946274e+00 1.618033988749895125e+00 8.847872109654902673e+00 8.918928286646435666e+00 7.105617699153243905e+01 3.554511304831185770e-02 7.109022609662167724e+01
3.839999999999999858e+01 1.242295560556620826e+00 1.567386914651679675e+00 8.673926106536471892e+00 8.748845776060290902e+00 7.491966952381801548e+01 3.747724580499853242e-02 7.495449161002733263e+01
4.079999999999999716e+01 1.306841207980210751e+00 1.513990111303512798e+00 8.477030252539707433e+00 8.555702047085041784e+00 7.867179454533467720e+01 3.935369002355366269e-02 7.870738004713862779e+01
4.319999999999999574e+01 1.369094211857377452e+00 1.457937254842823105e+00 8.256524825436276416e+00 8.338833794744788364e+00 8.230896930851162097e+01 4.117265025086580543e-02 8.234530050172001836e+01
4.560000000000000142e+01 1.428945359265606951e+00 1.399326681026730856e+00 8.011964403055001682e+00 8.097792536998355217e+00 8.582813394335254031e+01 4.293259347548439991e-02 8.586518695097126397e+01
4.800000000000000000e+01 1.486289650954788710e+00 1.338261212717716475e+00 7.743124822941426899e+00 7.832351503302928286e+00 8.922668036150105308e+01 4.463221334346453156e-02 8.926442668696736860e+01
5.039999999999999858e+01 1.541026485551578507e+00 1.274847979497379491e+00 7.450011141178963570e+00 7.542513546880236674e+00 9.250240570127243700e+01 4.627040671600436000e-02 9.254081343201131915e+01
5.279999999999999716e+01 1.593059836048392519e+00 1.209198229724749885e+00 7.132867664180323253e+00 7.228521148264582585e+00 9.565348408425988680e+01 4.784625943300099826e-02 9.569251886599148804e+01
5.519999999999999574e+01 1.642298418267408078e+00 1.141427135368863643e+00 6.792191307350855745e+00 6.890869759511531356e+00 9.867845216067483705e+01 4.935903901967925167e-02 9.871807803933738512e+01
5.759999999999999432e+01 1.688655851004029929e+00 1.071653589957993535e+00 6.428749886163556582e+00 6.530326090932056182e+00 1.015762047684998208e+02 5.080819249872207954e-02 1.016163849974355315e+02
6.000000000000000000e+01 1.732050807568877193e+00 1.000000000000000222e+00 6.043607557129640817e+00 6.147953554027751899e+00 1.043459968981114088e+02 5.219334741670828004e-02 1.043866948334084128e+02
6.239999999999999858e+01 1.772407158462429688e+00 9.265920702397235642e-01 5.638160657393767927e+00 5.745148103976416287e+00 1.069874465826486869e+02 5.351431343070766483e-02 1.070286268614172656e+02
6.479999999999999716e+01 1.809654104932039376e+00 8.515585831301454300e-01 5.214188936221885839e+00 5.323689465350472716e+00 1.095005291285866491e+02 5.477107972643616846e-02 1.095421594528456950e+02
6.720000000000000284e+01 1.843726303177001036e+00 7.750311729042058673e-01 4.773930194018144668e+00 4.885815737324300301e+00 1.118855433061560802e+02 5.596379873235502594e-02 1.119275974647004830e+02
6.959999999999999432e+01 1.874563978983782908e+00 6.971440946436306962e-01 4.320191777027304170e+00 4.434334784967866483e+00 1.141430079405619864e+02 5.709273566629007729e-02 1.141854713325634094e+02
7.200000000000000000e+01 1.902113032590307062e+00 6.180339887498949025e-01 3.856522611088375463e+00 3.972796006645809452e+00 1.162733955574340996e+02 5.815813797897598225e-02 1.163162759579674059e+02
7.439999999999999147e+01 1.926325133595316208e+00 5.378396412305318508e-01 3.387489851257669216e+00 3.505766334674864648e+00 1.182764834171956494e+02 5.915991665623897278e-02 1.183198333124962431e+02
7.679999999999999716e+01 1.947157805746320358e+00 4.567017402213117694e-01 2.919147499419544545e+00 3.039297276585986474e+00 1.201497771664422629e+02 6.009687171957101004e-02 1.201937434391281840e+02
7.920000000000000284e+01 1.964574501457377442e+00 3.747626291714490909e-01 2.459882259722115272e+00 2.581766847914723773e+00 1.218845881926083905e+02 6.096476593870900351e-02 1.219295318774294685e+02
8.159999999999999432e+01 1.978544665925976664e+00 2.921660571248232974e-01 2.022053891345187981e+00 2.145509922846719597e+00 1.234560315015314984e+02 6.175142036579320259e-02 1.235028407316016796e+02
8.400000000000000000e+01 1.989043790736546802e+00 2.090569265353069417e-01 1.625374188412256782e+00 1.750172846012115757e+00 1.247986575998588705e+02 6.242479141735598341e-02 1.248495828347171255e+02
8.639999999999999147e+01 1.996053456856543340e+00 1.255810390586270531e-01 1.303651019878754314e+00 1.429418403953206074e+00 1.257673840744516554e+02 6.291379777602251755e-02 1.258275955520421547e+02
8.879999999999999716e+01 1.999561366949691221e+00 4.188483976671410203e-02 1.112771046137439601e+00 1.238972768926926982e+00 1.262017227894873770e+02 6.313792271216889240e-02 1.262758454243344062e+02
9.120000000000000284e+01 1.999561366949691221e+00 -4.188483976671385223e-02 1.112771046137162045e+00 1.238972768926566159e+00 1.262017227894041156e+02 6.313792271216828178e-02 1.262758454243478496e+02
9.359999999999999432e+01 1.996053456856543340e+00 -1.255810390586263592e-01 1.303651019878962369e+00 1.429418403952956051e+00 1.257673840739936821e+02 6.291379777602210122e-02 1.258275955520462759e+02
9.600000000000000000e+01 1.989043790736546802e+00 -2.090569265353071360e-01 1.625374188412173737e+00 1.750172846011921468e+00 1.247986575997478411e+02 6.242479141735647608e-02 1.248495828347236341e+02
9.839999999999999147e+01 1.978544665925976664e+00 -2.921660571248230753e-01 2.022053891344826937e+00 2.145509922846608575e+00 1.234560315017813110e+02 6.175142036579340382e-02 1.235028407315930110e+02
1.007999999999999972e+02 1.964574501457377442e+00 -3.747626291714492019e-01 2.459882259722670383e+00 2.581766847915098584e+00 1.218845881924279837e+02 6.096476593870787247e-02 1.219295318774229742e+02
1.032000000000000028e+02 1.947157805746320580e+00 -4.567017402213116029e-01 2.919147499419599612e+00 3.039297276585847918e+00 1.201497771662479721e+02 6.009687171957094759e-02 1.201937434391433612e+02
1.055999999999999943e+02 1.926325133595316430e+00 -5.378396412305311847e-01 3.387489851257321938e+00 3.505766334674795370e+00 1.182764834174732158e+02 5.915991665623891727e-02 1.183198333124702231e+02
1.080000000000000000e+02 1.902113032590307284e+00 -6.180339887498946805e-01 3.856522611088694763e+00 3.972796006646045264e+00 1.162733955573508382e+02 5.815813797897590592e-02 1.163162759579383447e+02
1.103999999999999915e+02 1.874563978983783352e+00 -6.971440946436300301e-01 4.320191777027456936e+00 4.434334784967991716e+00 1.141430079405342184e+02 5.709273566629012586e-02 1.141854713325816277e+02
1.127999999999999972e+02 1.843726303177001258e+00 -7.750311729042057562e-01 4.773930194017895090e+00 4.885815737323856212e+00 1.118855433059617894e+02 5.596379873235442226e-02 1.119275974647126333e+02
1.151999999999999886e+02 1.809654104932039376e+00 -8.515585831301447639e-01 5.214188936222052817e+00 5.323689465350847527e+00 1.095005291287948239e+02 5.477107972643634887e-02 1.095421594529012026e+02
1.175999999999999943e+02 1.772407158462429910e+00 -9.265920702397230091e-01 5.638160657393822994e+00 5.745148103976374543e+00 1.069874465825515415e+02 5.351431343070742891e-02 1.070286268613955940e+02
1.200000000000000000e+02 1.732050807568877637e+00 -9.999999999999996669e-01 6.043607557129612395e+00 6.147953554027502321e+00 1.043459968978893642e+02 5.219334741670858535e-02 1.043866948334066791e+02
1.223999999999999915e+02 1.688655851004030595e+00 -1.071653589957992869e+00 6.428749886163862115e+00 6.530326090932167205e+00 1.015762047683055300e+02 5.080819249872182974e-02 1.016163849974415996e+02
1.247999999999999972e+02 1.642298418267408300e+00 -1.141427135368863199e+00 6.792191307351258089e+00 6.890869759511641490e+00 9.867845216038340084e+01 4.935903901967963331e-02 9.871807803934606795e+01
1.271999999999999886e+02 1.593059836048392741e+00 -1.209198229724749662e+00 7.132867664180281508e+00 7.228521148264569263e+00 9.565348408428764060e+01 4.784625943300024192e-02 9.569251886599148804e+01
1.295999999999999943e+02 1.541026485551578507e+00 -1.274847979497379491e+00 7.450011141179116336e+00 7.542513546880486253e+00 9.250240570136958240e+01 4.627040671600483879e-02 9.254081343199570142e+01
1.320000000000000000e+02 1.486289650954788710e+00 -1.338261212717716475e+00 7.743124822941316765e+00 7.832351503302914963e+00 8.922668036159819849e+01 4.463221334346445524e-02 8.926442668692573079e+01
1.344000000000000057e+02 1.428945359265606507e+00 -1.399326681026731301e+00 8.011964403055030104e+00 8.097792536998188240e+00 8.582813394315824951e+01 4.293259347548497584e-02 8.586518695099555032e+01
1.367999999999999829e+02 1.369094211857377674e+00 -1.457937254842822661e+00 8.256524825436651227e+00 8.338833794744745731e+00 8.230896930809528556e+01 4.117265025086642299e-02 8.234530050176338989e+01
1.391999999999999886e+02 1.306841207980211417e+00 -1.513990111303512576e+00 8.477030252539666577e+00 8.555702047084793094e+00 7.867179454512651660e+01 3.935369002355300350e-02 7.870738004711260771e+01
1.415999999999999943e+02 1.242295560556621048e+00 -1.567386914651679675e+00 8.673926106536667291e+00 8.748845776060484525e+00 7.491966952381801548e+01 3.747724580499965652e-02 7.495449160998569482e+01
1.440000000000000000e+02 1.175570504584946496e+00 -1.618033988749894903e+00 8.847872109654735695e+00 8.918928286646254477e+00 7.105617699151855504e+01 3.554511304831058788e-02 7.109022609659565717e+01
1.464000000000000057e+02 1.106783098486688210e+00 -1.665842481420199084e+00 8.999735309867848088e+00 9.066820837194372373e+00 6.708552732652417205e+01 3.355940235129950544e-02 6.711880470259765730e+01
1.487999999999999829e+02 1.036054018746261240e+00 -1.710728520321012969e+00 9.130582050830060581e+00 9.193594761478838251e+00 6.301271064877711581e+01 3.152261596962947776e-02 6.304523193925888336e+01
1.511999999999999886e+02 9.635073482034312020e-01 -1.752613360087726946e+00 9.241667755458079725e+00 9.300511473004730689e+00 5.884371754664996246e+01 2.943775883133457547e-02 5.887551766265569597e+01
1.535999999999999943e+02 8.892703583698555736e-01 -1.791423520478825360e+00 9.334423266726620483e+00 9.389009129327858361e+00 5.458586260123632172e+01 2.730850123914064717e-02 5.461700247827265287e+01
1.560000000000000000e+02 8.134732861516008606e-01 -1.827090915285201733e+00 9.410436360185750360e+00 9.460684628192661094e+00 5.024826800691106854e+01 2.513942207156118561e-02 5.027884414314162598e+01
1.584000000000000057e+02 7.362491053693555054e-01 -1.859552971776502917e+00 9.471426955114935708e+00 9.517269563119615583e+00 4.584260800467865238e+01 2.293638310460264021e-02 4.587276620920607684e+01
1.607999999999999829e+02 6.577332934771668027e-01 -1.888752740474962000e+00 9.519214561610700898e+00 9.560598861873797816e+00 4.138430026309758603e+01 2.070712796103990269e-02 4.141425592207696837e+01
1.631999999999999886e+02 5.780635938889433501e-01 -1.914638995064134486e+00 9.555676667523743006e+00 9.592571173913613691e+00 3.689450638987013065e+01 1.846228750566593357e-02 3.692457501133262809e+01
1.655999999999999943e+02 4.973797743297097007e-01 -1.937166322257262152e+00 9.582697121195193901e+00 9.615100804787237720e+00 3.240368359204437354e+01 1.621716379436635713e-02 3.243432758872656763e+01
1.680000000000000000e+02 4.158233816355186296e-01 -1.956295201467611378e+00 9.602104031807861872e+00 9.630062315710272713e+00 2.795828390241006289e+01 1.399509196345100244e-02 2.799018392689138324e+01
1.704000000000000057e+02 3.335374934322043461e-01 -1.971992074141010187e+00 9.615596971068438137e+00 9.639231139448103391e+00 2.363416837966592254e+01 1.183416235082891677e-02 2.366832470166585622e+01
1.727999999999999829e+02 2.506664671286090718e-01 -1.984229402628955530e+00 9.624662568675557139e+00 9.644227256944775561e+00 1.956468826921908999e+01 9.801260446460397305e-03 1.960252089294213462e+01
1.751999999999999886e+02 1.673556866646314645e-01 -1.992985718499008962e+00 9.630475550325771295e+00 9.646474065023765476e+00 1.599851469799573600e+01 8.020868643338197393e-03 1.604173728669312737e+01
1.775999999999999943e+02 8.375130745839963475e-02 -1.998245660197716989e+00 9.633788606441054725e+00 9.647180601374454767e+00 1.339199493340104041e+01 6.720708611710538710e-03 1.344141722342193113e+01
1.800000000000000000e+02 0.000000000000000000e+00 -2.000000000000000000e+00 9.634886080093400196e+00 9.647284606825900610e+00 1.239852673250163662e+01 6.225551770691112666e-03 1.245110354138045849e+01
1.824000000000000057e+02 -8.375130745839913515e-02 -1.998245660197716989e+00 9.633788606441012092e+00 9.647180601374149234e+00 1.339199493313736333e+01 6.720708611710174418e-03 1.344141722342193113e+01
1.847999999999999829e+02 -1.673556866646300767e-01 -1.992985718499008962e+00 9.630475550325783729e+00 9.646474065023848965e+00 1.599851469806512583e+01 8.020868643337814019e-03 1.604173728667404575e+01
1.871999999999999886e+02 -2.506664671286076840e-01 -1.984229402628955752e+00 9.624662568675571350e+00 9.644227256944622795e+00 1.956468826905255298e+01 9.801260446459941073e-03 1.960252089291264355e+01
1.895999999999999943e+02 -3.335374934322039020e-01 -1.971992074141010187e+00 9.615596971068605114e+00 9.639231139448547481e+00 2.363416837994347475e+01 1.183416235082846921e-02 2.366832470163809887e+01
1.920000000000000000e+02 -4.158233816355190737e-01 -1.956295201467611156e+00 9.602104031807821016e+00 9.630062315710160803e+00 2.795828390234067484e+01 1.399509196345108050e-02 2.799018392690005896e+01
1.944000000000000057e+02 -4.973797743297100893e-01 -1.937166322257262152e+00 9.582697121194957646e+00 9.615100804787058308e+00 3.240368359209988824e+01 1.621716379436623917e-02 3.243432758873697708e+01
1.967999999999999829e+02 -5.780635938889429060e-01 -1.914638995064134708e+00 9.555676667523883339e+00 9.592571173913668758e+00 3.689450638978686214e+01 1.846228750566600296e-02 3.692457501131701747e+01
1.991999999999999886e+02 -6.577332934771662476e-01 -1.888752740474962222e+00 9.519214561610588987e+00 9.560598861873645049e+00 4.138430026305594822e+01 2.070712796104005882e-02 4.141425592208216955e+01
2.015999999999999943e+02 -7.362491053693558385e-01 -1.859552971776502917e+00 9.471426955114534252e+00 9.517269563119338471e+00 4.584260800480355158e+01 2.293638310460227939e-02 4.587276620921995374e+01
2.040000000000000000e+02 -8.134732861516004165e-01 -1.827090915285201733e+00 9.410436360185597593e+00 9.460684628192412404e+00 5.024826800681392314e+01 2.513942207156250053e-02 5.027884414311907335e+01
2.064000000000000057e+02 -8.892703583698551295e-01 -1.791423520478825804e+00 9.334423266726412649e+00 9.389009129327732239e+00 5.458586260131959023e+01 2.730850123914076860e-02 5.461700247829173804e+01
2.087999999999999829e+02 -9.635073482034299808e-01 -1.752613360087727390e+00 9.241667755458038869e+00 9.300511473004757335e+00 5.884371754671935406e+01 2.943775883133476629e-02 5.887551766267824860e+01
2.111999999999999886e+02 -1.036054018746259908e+00 -1.710728520321013635e+00 9.130582050830115648e+00 9.193594761478864896e+00 6.301271064874936201e+01 3.152261596963056023e-02 6.304523193928837799e+01
2.135999999999999943e+02 -1.106783098486687766e+00 -1.665842481420199306e+00 8.999735309867793021e+00 9.066820837194233818e+00 6.708552732644091066e+01 3.355940235129981075e-02 6.711880470258550702e+01
2.160000000000000000e+02 -1.175570504584946052e+00 -1.618033988749895125e+00 8.847872109654749906e+00 8.918928286646158554e+00 7.105617699140753984e+01 3.554511304831087931e-02 7.109022609662687842e+01
2.184000000000000057e+02 -1.242295560556620826e+00 -1.567386914651679675e+00 8.673926106536486103e+00 8.748845776060345969e+00 7.491966952385963907e+01 3.747724580499961489e-02 7.495449160998916227e+01
2.207999999999999829e+02 -1.306841207980210307e+00 -1.513990111303513686e+00 8.477030252539790922e+00 8.555702047085070205e+00 7.867179454527916960e+01 3.935369002355286472e-02 7.870738004712129054e+01
2.231999999999999886e+02 -1.369094211857376786e+00 -1.457937254842823771e+00 8.256524825436498460e+00 8.338833794744731520e+00 8.230896930823405455e+01 4.117265025086590258e-02 8.234530050174083726e+01
2.255999999999999943e+02 -1.428945359265606285e+00 -1.399326681026731523e+00 8.011964403054946615e+00 8.097792536998396073e+00 8.582813394344968572e+01 4.293259347548507299e-02 8.586518695098688170e+01
2.280000000000000000e+02 -1.486289650954788932e+00 -1.338261212717716253e+00 7.743124822941468643e+00 7.832351503302970031e+00 8.922668036150105308e+01 4.463221334346452462e-02 8.926442668691706217e+01
2.303999999999999773e+02 -1.541026485551577840e+00 -1.274847979497380601e+00 7.450011141179116336e+00 7.542513546880444508e+00 9.250240570132794460e+01 4.627040671600467225e-02 9.254081343202172150e+01
2.327999999999999829e+02 -1.593059836048392075e+00 -1.209198229724750773e+00 7.132867664180086997e+00 7.228521148264263729e+00 9.565348408417662540e+01 4.784625943300122031e-02 9.569251886601750812e+01
2.351999999999999886e+02 -1.642298418267407412e+00 -1.141427135368864532e+00 6.792191307351203022e+00 6.890869759511739190e+00 9.867845216053605384e+01 4.935903901967929330e-02 9.871807803934780168e+01
2.375999999999999943e+02 -1.688655851004029707e+00 -1.071653589957994424e+00 6.428749886163876326e+00 6.530326090932389249e+00 1.015762047685137048e+02 5.080819249872149668e-02 1.016163849974389990e+02
2.400000000000000000e+02 -1.732050807568876749e+00 -1.000000000000000888e+00 6.043607557130001418e+00 6.147953554027613343e+00 1.043459968976118120e+02 5.219334741670854372e-02 1.043866948334179483e+02
2.423999999999999773e+02 -1.772407158462429022e+00 -9.265920702397242303e-01 5.638160657393934017e+00 5.745148103976485565e+00 1.069874465825515415e+02 5.351431343070752605e-02 1.070286268613973277e+02
2.447999999999999829e+02 -1.809654104932038710e+00 -8.515585831301459852e-01 5.214188936222094561e+00 5.323689465350903482e+00 1.095005291288086937e+02 5.477107972643644601e-02 1.095421594528682476e+02
2.471999999999999886e+02 -1.843726303177000814e+00 -7.750311729042064224e-01 4.773930194018255690e+00 4.885815737324272767e+00 1.118855433060172970e+02 5.596379873235442226e-02 1.119275974647161007e+02
2.495999999999999943e+02 -1.874563978983782908e+00 -6.971440946436309183e-01 4.320191777027387658e+00 4.434334784967811416e+00 1.141430079404232032e+02 5.709273566629076424e-02 1.141854713325876958e+02
2.520000000000000000e+02 -1.902113032590307062e+00 -6.180339887498952356e-01 3.856522611088639252e+00 3.972796006646226008e+00 1.162733955575867526e+02 5.815813797897587123e-02 1.163162759579379184e+02
2.543999999999999773e+02 -1.926325133595316208e+00 -5.378396412305316288e-01 3.387489851257655005e+00 3.505766334674947693e+00 1.182764834172927948e+02 5.915991665623904910e-02 1.183198333124840929e+02
2.568000000000000114e+02 -1.947157805746320580e+00 -4.567017402213116584e-01 2.919147499419835867e+00 3.039297276586222729e+00 1.201497771663867553e+02 6.009687171957089208e-02 1.201937434391416275e+02
2.591999999999999886e+02 -1.964574501457377442e+00 -3.747626291714493130e-01 2.459882259722781406e+00 2.581766847915070606e+00 1.218845881922892005e+02 6.096476593870912841e-02 1.219295318774125576e+02
2.615999999999999659e+02 -1.978544665925976442e+00 -2.921660571248248517e-01 2.022053891345243493e+00 2.145509922846830619e+00 1.234560315015870202e+02 6.175142036579363281e-02 1.235028407315886767e+02
2.640000000000000000e+02 -1.989043790736547024e+00 -2.090569265353067197e-01 1.625374188412145759e+00 1.750172846012254535e+00 1.247986576001086689e+02 6.242479141735601811e-02 1.248495828347132317e+02
2.663999999999999773e+02 -1.996053456856543340e+00 -1.255810390586281911e-01 1.303651019878823814e+00 1.429418403952997796e+00 1.257673840741740889e+02 6.291379777602268408e-02 1.258275955520402078e+02
2.688000000000000114e+02 -1.999561366949691221e+00 -4.188483976671345671e-02 1.112771046137189801e+00 1.238972768926815959e+00 1.262017227896261602e+02 6.313792271216864260e-02 1.262758454243467554e+02
2.711999999999999886e+02 -1.999561366949691221e+00 4.188483976671272119e-02 1.112771046136495912e+00 1.238972768926122070e+00 1.262017227896261602e+02 6.313792271216894791e-02 1.262758454243445954e+02
2.735999999999999659e+02 -1.996053456856543340e+00 1.255810390586256653e-01 1.303651019878435235e+00 1.429418403953122585e+00 1.257673840746875698e+02 6.291379777602246204e-02 1.258275955520614531e+02
2.760000000000000000e+02 -1.989043790736547024e+00 2.090569265353059702e-01 1.625374188412229248e+00 1.750172846012268302e+00 1.247986576000392773e+02 6.242479141735633730e-02 1.248495828347041225e+02
2.783999999999999773e+02 -1.978544665925976664e+00 2.921660571248224092e-01 2.022053891345243493e+00 2.145509922846719597e+00 1.234560315014759908e+02 6.175142036579311933e-02 1.235028407315908368e+02
2.808000000000000114e+02 -1.964574501457377220e+00 3.747626291714503122e-01 2.459882259722712128e+00 2.581766847915195839e+00 1.218845881924834913e+02 6.096476593870947536e-02 1.219295318774194925e+02
2.831999999999999886e+02 -1.947157805746320580e+00 4.567017402213109367e-01 2.919147499419599612e+00 3.039297276586069962e+00 1.201497771664700167e+02 6.009687171957098922e-02 1.201937434391273030e+02
2.855999999999999659e+02 -1.926325133595316430e+00 5.378396412305309626e-01 3.387489851257349915e+00 3.505766334674753626e+00 1.182764834174038242e+02 5.915991665623866747e-02 1.183198333124533121e+02
2.880000000000000000e+02 -1.902113032590307284e+00 6.180339887498945695e-01 3.856522611088597507e+00 3.972796006646017730e+00 1.162733955574202298e+02 5.815813797897570470e-02 1.163162759579808494e+02
2.903999999999999773e+02 -1.874563978983783352e+00 6.971440946436301411e-01 4.320191777027443614e+00 4.434334784967949972e+00 1.141430079405064646e+02 5.709273566629043117e-02 1.141854713325807609e+02
2.928000000000000114e+02 -1.843726303177001036e+00 7.750311729042057562e-01 4.773930194017908413e+00 4.885815737324258556e+00 1.118855433063503710e+02 5.596379873235436675e-02 1.119275974647178344e+02
2.951999999999999886e+02 -1.809654104932039376e+00 8.515585831301453190e-01 5.214188936221927584e+00 5.323689465350541994e+00 1.095005291286144029e+02 5.477107972643598111e-02 1.095421594528647802e+02
2.975999999999999659e+02 -1.772407158462430132e+00 9.265920702397218989e-01 5.638160657394045039e+00 5.745148103976680076e+00 1.069874465826348171e+02 5.351431343070778279e-02 1.070286268614059964e+02
3.000000000000000000e+02 -1.732050807568877193e+00 1.000000000000000222e+00 6.043607557129737629e+00 6.147953554027544065e+00 1.043459968978061028e+02 5.219334741670809963e-02 1.043866948334205489e+02
3.023999999999999773e+02 -1.688655851004031039e+00 1.071653589957991981e+00 6.428749886163806160e+00 6.530326090932223160e+00 1.015762047684165594e+02 5.080819249872191301e-02 1.016163849974285824e+02
3.048000000000000114e+02 -1.642298418267408078e+00 1.141427135368863643e+00 6.792191307351008511e+00 6.890869759512044723e+00 9.867845216103565065e+01 4.935903901967948759e-02 9.871807803936600578e+01
3.071999999999999886e+02 -1.593059836048393407e+00 1.209198229724748996e+00 7.132867664180253087e+00 7.228521148264485774e+00 9.565348408423213300e+01 4.784625943300117173e-02 9.569251886600883950e+01
3.095999999999999659e+02 -1.541026485551579173e+00 1.274847979497378603e+00 7.450011141179407659e+00 7.542513546880375230e+00 9.250240570096713100e+01 4.627040671600463756e-02 9.254081343201391974e+01
3.120000000000000000e+02 -1.486289650954789154e+00 1.338261212717715809e+00 7.743124822941497065e+00 7.832351503302873219e+00 8.922668036137615388e+01 4.463221334346511443e-02 8.926442668691879589e+01
3.143999999999999773e+02 -1.428945359265607395e+00 1.399326681026730190e+00 8.011964403054836481e+00 8.097792536998021262e+00 8.582813394318600331e+01 4.293259347548478155e-02 8.586518695096953024e+01
3.168000000000000114e+02 -1.369094211857376564e+00 1.457937254842823993e+00 8.256524825436734716e+00 8.338833794744690664e+00 8.230896930795650235e+01 4.117265025086544461e-02 8.234530050172523374e+01
3.191999999999999886e+02 -1.306841207980211639e+00 1.513990111303512354e+00 8.477030252539542232e+00 8.555702047084819739e+00 7.867179454527916960e+01 3.935369002355267043e-02 7.870738004708138646e+01
3.215999999999999659e+02 -1.242295560556621270e+00 1.567386914651679453e+00 8.673926106536972824e+00 8.748845776060623081e+00 7.491966952365147847e+01 3.747724580499935121e-02 7.495449161000998117e+01
3.240000000000000000e+02 -1.175570504584946718e+00 1.618033988749894903e+00 8.847872109654833395e+00 8.918928286646227832e+00 7.105617699139365584e+01 3.554511304831196178e-02 7.109022609664249615e+01
3.263999999999999773e+02 -1.106783098486688433e+00 1.665842481420199084e+00 8.999735309867599398e+00 9.066820837194164540e+00 6.708552732656580986e+01 3.355940235130001198e-02 6.711880470258724074e+01
3.288000000000000114e+02 -1.036054018746260574e+00 1.710728520321013191e+00 9.130582050829991303e+00 9.193594761478795618e+00 6.301271064880486961e+01 3.152261596962870061e-02 6.304523193929011171e+01
3.311999999999999886e+02 -9.635073482034306469e-01 1.752613360087727168e+00 9.241667755457912747e+00 9.300511473004618779e+00 5.884371754670547716e+01 2.943775883133612978e-02 5.887551766266263797e+01
3.335999999999999659e+02 -8.892703583698566838e-01 1.791423520478824916e+00 9.334423266726329160e+00 9.389009129327622105e+00 5.458586260129183643e+01 2.730850123914087615e-02 5.461700247828479604e+01
3.360000000000000000e+02 -8.134732861516003055e-01 1.827090915285201955e+00 9.410436360185750360e+00 9.460684628192661094e+00 5.024826800691106854e+01 2.513942207156266706e-02 5.027884414312948280e+01
3.383999999999999773e+02 -7.362491053693573928e-01 1.859552971776502250e+00 9.471426955115006763e+00 9.517269563119629794e+00 4.584260800462314478e+01 2.293638310460208857e-02 4.587276620921648629e+01
3.408000000000000114e+02 -6.577332934771661366e-01 1.888752740474962222e+00 9.519214561610866099e+00 9.560598861874034071e+00 4.138430026316697052e+01 2.070712796104041964e-02 4.141425592208216955e+01
3.431999999999999886e+02 -5.780635938889444603e-01 1.914638995064134264e+00 9.555676667523563594e+00 9.592571173913336580e+00 3.689450638977298524e+01 1.846228750566563520e-02 3.692457501134477127e+01
3.455999999999999659e+02 -4.973797743297106999e-01 1.937166322257261930e+00 9.582697121195248968e+00 9.615100804787390487e+00 3.240368359214151894e+01 1.621716379436655836e-02 3.243432758872656763e+01
3.480000000000000000e+02 -4.158233816355197399e-01 1.956295201467611156e+00 9.602104031808000428e+00 9.630062315710230081e+00 2.795828390222965254e+01 1.399509196345141357e-02 2.799018392688618206e+01
3.503999999999999773e+02 -3.335374934322054563e-01 1.971992074141009743e+00 9.615596971068368859e+00 9.639231139448478203e+00 2.363416838011001175e+01 1.183416235082916657e-02 2.366832470165371305e+01
3.528000000000000114e+02 -2.506664671286075730e-01 1.984229402628955752e+00 9.624662568675459440e+00 9.644227256944692073e+00 1.956468826923296689e+01 9.801260446459951481e-03 1.960252089290744237e+01
3.551999999999999886e+02 -1.673556866646317143e-01 1.992985718499008518e+00 9.630475550325645173e+00 9.646474065023586064e+00 1.599851469794022485e+01 8.020868643338013512e-03 1.604173728666884102e+01
3.575999999999999659e+02 -8.375130745839985680e-02 1.998245660197716989e+00 9.633788606441164859e+00 9.647180601374163444e+00 1.339199493299858545e+01 6.720708611710040845e-03 1.344141722341672640e+01
3.600000000000000000e+02 0.000000000000000000e+00 2.000000000000000000e+00 9.634886080093469474e+00 9.647284606825804687e+00 1.239852673233510316e+01 6.225551770691235831e-03 1.245110354138392950e+01
