0.000000000000000000e+00 -6.199296820218054794e-18 -2.001399918391803118e-02 2.001399918391803118e-02 2.755243031208032271e-18
0.000000000000000000e+00 1.051342735592536080e-18 -2.001399918391896099e-02 2.001399918391896099e-02 1.167352968485508919e-17
0.000000000000000000e+00 -1.724879599883103358e-17 1.151765014261754289e-01 -1.151765014261754289e-01 -2.156099499853901539e-18
0.000000000000000000e+00 2.371709449839278095e-17 1.151765014261747766e-01 -1.151765014261747766e-01 -2.156099499853911476e-17
0.000000000000000000e+00 2.047284208423157838e-30 -2.505333471620479089e-29 2.505333471620479089e-29 7.449110892666505051e-31
0.000000000000000000e+00 -1.964125662239638136e-30 2.201662294560252369e-29 -2.201662294560252369e-29 7.222987743053117988e-31
0.000000000000000000e+00 -5.597078519095695700e-31 -8.670704572834119133e-27 8.670704572834119133e-27 -3.009262950368724286e-29
0.000000000000000000e+00 1.105978041403787447e-29 -1.401390460143560167e-27 1.401390460143560167e-27 -4.754484225282663748e-31
0.000000000000000000e+00 5.745501826061384043e-17 -9.576252651738992316e-02 9.576252651738992316e-02 5.583656704200586007e-17
0.000000000000000000e+00 -1.173377133491418855e-17 -9.576252651739032562e-02 9.576252651739032562e-02 3.803360363730864672e-17
0.000000000000000000e+00 6.932852401403131043e-30 -6.072848884055239715e-28 6.072848884055239715e-28 -6.735348920467813149e-30
0.000000000000000000e+00 -9.272548319634332182e-30 -5.493396353749563018e-28 5.493396353749563018e-28 -2.511849883584521050e-29
0.000000000000000000e+00 -4.293231976019018311e-17 -6.380306390829296070e+00 6.380306390829296070e+00 -6.088583529627085314e-16
0.000000000000000000e+00 2.341762896010424407e-16 -6.380306390829759700e+00 6.380306390829759700e+00 7.649758793634196307e-16
0.000000000000000000e+00 2.110977716134070005e-17 1.378882398194378966e+00 -1.378882398194378966e+00 -1.477684401293886382e-16
0.000000000000000000e+00 8.021715321309577508e-16 1.378882398194384518e+00 -1.378882398194384518e+00 -3.694211003234767108e-17
0.000000000000000000e+00 -6.888051751809717100e-31 1.346601461683697504e-27 -1.346601461683697504e-27 -5.668618442371851177e-29
0.000000000000000000e+00 1.171274949207895049e-28 1.547635982601983565e-27 -1.547635982601983565e-27 -3.182129849032469825e-30
0.000000000000000000e+00 -2.528391292556514838e-14 5.945014794788438195e+01 -5.945014794788438195e+01 -2.401971727929015448e-13
0.000000000000000000e+00 1.029416454826715767e-13 5.945014794788450274e+01 -5.945014794788450274e+01 1.805993780397992255e-14
0.000000000000000000e+00 -3.548438128868326332e-47 1.245692565490677924e-32 -1.245692565490677924e-32 -2.661328596651242197e-47
0.000000000000000000e+00 -0.000000000000000000e+00 -5.636815814242355719e-32 5.636815814242355719e-32 2.106885139015566715e-46
0.000000000000000000e+00 4.417604687072451348e-48 1.694394169093449688e-33 -1.694394169093449688e-33 -2.208802343536223851e-48
0.000000000000000000e+00 2.827266999726368863e-46 -6.139014945803311721e-31 6.139014945803311721e-31 6.891463311833018634e-46
0.000000000000000000e+00 1.755215647882146417e-47 -7.214652398372406933e-32 7.214652398372406933e-32 1.755215647882144716e-47
0.000000000000000000e+00 5.616690073222868535e-46 4.053606317750185209e-32 -4.053606317750185209e-32 -7.635188068287330024e-46
0.000000000000000000e+00 6.260176878216333595e-46 1.203361960231832553e-31 -1.203361960231832553e-31 -2.064988900800524910e-47
0.000000000000000000e+00 5.564601669525628133e-46 -2.247954100868284302e-31 2.247954100868284302e-31 -2.347566329331122473e-46
0.000000000000000000e+00 -1.202931923893272207e-46 -4.473371062308886884e-31 4.473371062308886884e-31 1.546626759291348702e-46
0.000000000000000000e+00 5.499117366369244151e-46 -1.912672043705377005e-31 1.912672043705377005e-31 -3.196361969202120236e-45
0.000000000000000000e+00 -3.416444259842790980e-47 2.700426721892005460e-32 -2.700426721892005460e-32 1.537399916929254677e-46
0.000000000000000000e+00 -1.708222129921394518e-47 -8.302372910882414958e-32 8.302372910882414958e-32 3.587266472834925375e-46
0.000000000000000000e+00 3.403135917166325648e-47 -3.187594398281033545e-32 3.187594398281033545e-32 -1.106019173079054924e-46
0.000000000000000000e+00 1.020940775149897451e-46 -7.080944526634112003e-33 7.080944526634112003e-33 -5.955487855041062956e-47
0.000000000000000000e+00 -1.694146379965034607e-47 1.306518756243598851e-31 -1.306518756243598851e-31 2.752987867443178927e-47
0.000000000000000000e+00 -1.355317103972027530e-45 -9.690863798588390147e-32 9.690863798588390147e-32 -5.167146458893350349e-46
0.000000000000000000e+00 2.704958665170911303e-46 -2.377680324742924391e-31 2.377680324742924391e-31 -1.690599165731818106e-47
0.000000000000000000e+00 5.409917330341821050e-46 2.411234493827184587e-32 -2.411234493827184587e-32 1.225684395155567817e-46
0.000000000000000000e+00 1.072315398491107128e-45 -2.493882860714968056e-31 2.493882860714968056e-31 -2.094366012677941689e-46
0.000000000000000000e+00 1.340394248113883910e-46 2.339361592582508495e-31 -2.339361592582508495e-31 4.188732025355883572e-48
0.000000000000000000e+00 7.081868090194725349e-47 -6.798741897554255060e-32 6.798741897554255060e-32 9.581350945557560668e-47
0.000000000000000000e+00 -2.132892036576293295e-45 6.990835607711316780e-31 -6.990835607711316780e-31 -2.332850665005318798e-46
0.000000000000000000e+00 -0.000000000000000000e+00 -2.104561925300739049e-31 2.104561925300739049e-31 2.401905878225391532e-46
0.000000000000000000e+00 -3.312973625138472135e-47 -8.984323607144072395e-32 8.984323607144072395e-32 -0.000000000000000000e+00
0.000000000000000000e+00 2.289560177595080824e-46 1.348983859434659329e-32 -1.348983859434659329e-32 1.798940139538990604e-46
0.000000000000000000e+00 -3.597880279077982763e-46 7.099414133708252525e-32 -7.099414133708252525e-32 -8.994700697694947185e-47
0.000000000000000000e+00 1.307096701708345376e-46 -2.107550080776426751e-32 2.107550080776426751e-32 1.143709613994801256e-46
0.000000000000000000e+00 -0.000000000000000000e+00 1.735147876561644073e-31 -1.735147876561644073e-31 -8.986289824244859513e-47
0.000000000000000000e+00 -0.000000000000000000e+00 6.554344117854598013e-31 -6.554344117854598013e-31 -3.860548060035495117e-46
0.000000000000000000e+00 2.573698706690331764e-46 -2.794558148386759880e-31 2.794558148386759880e-31 3.940976144619567705e-46
0.000000000000000000e+00 1.286380771619636228e-46 -7.445354466959425294e-32 7.445354466959425294e-32 4.743529095347404908e-46
0.000000000000000000e+00 -2.058209234591417342e-45 -7.013067405624092099e-31 7.013067405624092099e-31 -2.572761543239269733e-46
0.000000000000000000e+00 -0.000000000000000000e+00 2.256075089232552949e-31 -2.256075089232552949e-31 2.243723944296326317e-46
0.000000000000000000e+00 9.615959761269975762e-47 -1.528337378596175395e-32 1.528337378596175395e-32 1.963258451259285235e-46
0.000000000000000000e+00 1.121259713305034794e-46 7.755851743484774506e-33 -7.755851743484774506e-33 1.922159508522915401e-46
0.000000000000000000e+00 1.922159508522912290e-46 -5.329132115335112958e-31 5.329132115335112958e-31 -1.601799590435759026e-47
0.000000000000000000e+00 -0.000000000000000000e+00 1.553977525653489871e-31 -1.553977525653489871e-31 -0.000000000000000000e+00
0.000000000000000000e+00 -2.038944815010704682e-45 1.006853268776232972e-31 -1.006853268776232972e-31 -2.150449609581600856e-46
0.000000000000000000e+00 2.527211928143543014e-46 -7.109146768839087238e-32 7.109146768839087238e-32 -1.263605964071770534e-46
0.000000000000000000e+00 -2.527211928143541458e-46 1.765036465737461150e-31 -1.765036465737461150e-31 -2.211310437125597171e-46
0.000000000000000000e+00 -1.263330395942818604e-45 2.380624000924416078e-31 -2.380624000924416078e-31 6.000819380728383505e-46
0.000000000000000000e+00 -2.526660791885637207e-46 2.140470630959561999e-31 -2.140470630959561999e-31 1.421246695435669859e-46
0.000000000000000000e+00 -3.758269668117500834e-46 2.307744595336941781e-32 -2.307744595336941781e-32 -3.131891390097914899e-46
0.000000000000000000e+00 2.505513112078332541e-45 9.221386135672629163e-31 -9.221386135672629163e-31 -3.131891390097913149e-47
0.000000000000000000e+00 -2.500169157083615758e-46 2.191269440171297234e-31 -2.191269440171297234e-31 -5.469120031120405533e-46
0.000000000000000000e+00 -2.000135325666888873e-45 -1.286000176749275464e-30 1.286000176749275464e-30 3.281472018672237175e-46
0.000000000000000000e+00 2.476498311823736541e-46 -1.722614985469767705e-31 1.722614985469767705e-31 2.321717167334751306e-47
0.000000000000000000e+00 7.429494935471197955e-46 -1.049321366274361017e-31 1.049321366274361017e-31 2.012154878356781224e-46
0.000000000000000000e+00 2.814998749517562420e-46 -5.556262703077942606e-32 5.556262703077942606e-32 -1.099006361113020167e-46
0.000000000000000000e+00 2.776437122811834997e-46 -1.629569380421336508e-31 1.629569380421336508e-31 -3.856162670571990674e-47
0.000000000000000000e+00 -3.056519183858292998e-47 -2.811825716124722661e-32 2.811825716124722661e-32 -2.292389387893718168e-47
0.000000000000000000e+00 1.589389975606309967e-45 6.459708854331016291e-31 -6.459708854331016291e-31 1.069781714350399997e-46
0.000000000000000000e+00 -9.116195860235036960e-47 -4.950345139364463365e-32 4.950345139364463365e-32 -1.063556183694086803e-46
0.000000000000000000e+00 2.430985562729336318e-46 1.684292962034120461e-31 -1.684292962034120461e-31 1.975175769717584276e-46
0.000000000000000000e+00 -1.453736094628151693e-45 7.267847428385474519e-31 -7.267847428385474519e-31 -5.451510354855564569e-46
0.000000000000000000e+00 1.817170118285187671e-46 3.867473226874326808e-31 -3.867473226874326808e-31 2.574324334237347645e-46
0.000000000000000000e+00 -4.779570076518661244e-46 -8.176220446084192292e-31 8.176220446084192292e-31 5.974462595648322666e-47
0.000000000000000000e+00 -0.000000000000000000e+00 4.984463758150642753e-31 -4.984463758150642753e-31 -5.974462595648300302e-47
0.000000000000000000e+00 2.382637841964674382e-46 -1.922093371007285060e-31 1.922093371007285060e-31 3.350584465262820919e-47
0.000000000000000000e+00 5.956594604911682066e-47 -4.732419200271107651e-33 4.732419200271107651e-33 -2.122036827999785253e-46
0.000000000000000000e+00 1.903624663218512813e-45 2.448972674067823816e-31 -2.448972674067823816e-31 -4.164178950790493666e-46
0.000000000000000000e+00 -3.569296243534702967e-46 -8.819236325054758022e-32 8.819236325054758022e-32 -4.350079796807916251e-46
0.000000000000000000e+00 -2.371456862973210082e-45 1.987106124975651070e-31 -1.987106124975651070e-31 -1.378409301603177207e-45
0.000000000000000000e+00 -1.185728431486603485e-45 5.900737188162194118e-31 -5.900737188162194118e-31 -4.298265564138935320e-46
0.000000000000000000e+00 9.465848124448438527e-46 -1.373120180532943710e-30 1.373120180532943710e-30 2.543946683445515618e-45
0.000000000000000000e+00 -2.839754437334521913e-45 1.243432480340008183e-30 -1.243432480340008183e-30 5.916155077780249771e-47
0.000000000000000000e+00 4.716259759361445602e-46 -5.737652960489547431e-32 5.737652960489547431e-32 -3.242428584560991032e-46
0.000000000000000000e+00 3.773007807489153993e-45 -1.892340331027510707e-30 1.892340331027510707e-30 7.074389639042158291e-46
0.000000000000000000e+00 -1.465538684777893641e-46 9.157008778139348655e-32 -9.157008778139348655e-32 8.060462766278408220e-47
0.000000000000000000e+00 -9.379447582578478854e-46 -8.399188609699636360e-31 8.399188609699636360e-31 5.862154739111544422e-47
0.000000000000000000e+00 1.871791565229812735e-45 -6.516081896021120943e-31 6.516081896021120943e-31 4.971946345141686431e-46
0.000000000000000000e+00 1.169869728268631793e-46 -9.569831836760231230e-32 9.569831836760231230e-32 3.070908036705155903e-46
0.000000000000000000e+00 9.273591860987620870e-46 1.586690467477888334e-30 -1.586690467477888334e-30 -1.796758423066350056e-45
0.000000000000000000e+00 -0.000000000000000000e+00 -3.070908393457311421e-31 3.070908393457311421e-31 -0.000000000000000000e+00
0.000000000000000000e+00 9.266166425447089611e-46 1.692395204483685247e-31 -1.692395204483685247e-31 2.316541606361770847e-46
0.000000000000000000e+00 -0.000000000000000000e+00 3.057601452166948778e-31 -3.057601452166948778e-31 -1.737406204771326696e-45
0.000000000000000000e+00 3.692483433184239615e-45 1.830871023143097162e-30 -1.830871023143097162e-30 3.346313111323215051e-45
0.000000000000000000e+00 9.808159119395624420e-46 -3.736301088396633980e-31 3.736301088396633980e-31 2.019326877522627344e-46
0.000000000000000000e+00 -6.890246739999566902e-46 5.677592549386876983e-31 -5.677592549386876983e-31 -1.205793179499923391e-45
0.000000000000000000e+00 -1.220147860208252182e-46 1.064199178865727802e-32 -1.064199178865727802e-32 -1.776391737656130624e-46
0.000000000000000000e+00 -9.155400467256711056e-46 -2.311068436939904700e-31 2.311068436939904700e-31 -5.722125292035440521e-47
0.000000000000000000e+00 1.373310070088503080e-45 -3.769602577841911173e-31 3.769602577841911173e-31 -2.288850116814169985e-46
0.000000000000000000e+00 -9.028105520654644457e-46 -1.552489067274187964e-31 1.552489067274187964e-31 -0.000000000000000000e+00
0.000000000000000000e+00 2.257026380163655669e-46 -3.009613887312212037e-31 3.009613887312212037e-31 -9.874490413215987378e-46
0.000000000000000000e+00 -0.000000000000000000e+00 2.089100456898561157e-30 -2.089100456898561157e-30 -4.506138545587494154e-46
0.000000000000000000e+00 -5.632673181984366720e-47 2.019357470615493755e-32 -2.019357470615493755e-32 1.760210369370113263e-47
0.000000000000000000e+00 8.989932820940063151e-46 3.852597968179730044e-31 -3.852597968179730044e-31 -0.000000000000000000e+00
0.000000000000000000e+00 6.742449615705043863e-46 2.618507308633625219e-32 -2.618507308633625219e-32 -1.123741602617506533e-46
0.000000000000000000e+00 3.593566361442628374e-45 -1.397687211412953910e-31 1.397687211412953910e-31 -1.010690539155738588e-45
0.000000000000000000e+00 1.796783180721313565e-45 1.612738795017472771e-30 -1.612738795017472771e-30 -2.245978975901640400e-46
0.000000000000000000e+00 -1.666101226340745661e-46 -2.791590504253278011e-31 2.791590504253278011e-31 1.110734150893829727e-46
0.000000000000000000e+00 1.443954396161978509e-45 -4.073043525631573365e-31 4.073043525631573365e-31 -2.499151839511114796e-46
0.000000000000000000e+00 4.386146680079248695e-45 -2.363779705646550003e-30 2.363779705646550003e-30 -6.030951685108962988e-46
0.000000000000000000e+00 -2.412380674043573683e-45 2.516900966376171774e-31 -2.516900966376171774e-31 1.781872088782183834e-46
0.000000000000000000e+00 -2.187175010313678865e-45 -8.171672232510033194e-31 8.171672232510033194e-31 -4.374350020627354618e-46
0.000000000000000000e+00 1.749740008250933135e-45 2.577259158634990759e-30 -2.577259158634990759e-30 4.374350020627330504e-46
0.000000000000000000e+00 6.831365482843645197e-46 9.577783123118448081e-32 -9.577783123118448081e-32 -2.076735106784466858e-45
0.000000000000000000e+00 2.186036954509965032e-46 3.342754570081163144e-32 -3.342754570081163144e-32 -2.732546193137454345e-47
0.000000000000000000e+00 -8.730395523104284012e-46 6.901182270142590506e-32 -6.901182270142590506e-32 3.546723181261113192e-46
0.000000000000000000e+00 -7.639096082716242482e-46 3.903970422055672042e-32 -3.903970422055672042e-32 2.455423740873076329e-46
0.000000000000000000e+00 1.735501233986353712e-45 1.672328743502933967e-30 -1.672328743502933967e-30 -8.406334102121395300e-46
0.000000000000000000e+00 1.952438888234644543e-45 1.679090976121312329e-30 -1.679090976121312329e-30 2.169376542482936695e-46
0.000000000000000000e+00 -6.487991200412852614e-45 9.915936947109420396e-31 -9.915936947109420396e-31 5.406659333677374844e-46
0.000000000000000000e+00 -5.406659333677367843e-47 8.655045951449723102e-32 -8.655045951449723102e-32 2.027497250129011483e-47
0.000000000000000000e+00 -7.530511393561881020e-46 7.382705770623879716e-32 -7.382705770623879716e-32 3.277789557465548477e-47
0.000000000000000000e+00 -3.442519494199702903e-45 1.582675707247537413e-30 -1.582675707247537413e-30 5.378936709687032090e-46
0.000000000000000000e+00 -1.391555759243982614e-45 3.321918760628497133e-31 -3.321918760628497133e-31 -2.943675644554576482e-46
0.000000000000000000e+00 -8.563420056886021724e-46 -3.318225881185975690e-31 3.318225881185975690e-31 1.605641260666127906e-46
0.000000000000000000e+00 5.132476276434696542e-45 -4.349771951371578579e-31 4.349771951371578579e-31 1.924678603663010270e-45
0.000000000000000000e+00 -4.277063563695565931e-46 -3.112653271694193764e-32 3.112653271694193764e-32 -3.475114145502644986e-46
0.000000000000000000e+00 5.981512409723013847e-45 2.909016864318789034e-30 -2.909016864318789034e-30 8.758643171380121107e-45
0.000000000000000000e+00 -5.127010636905437595e-45 1.553585944318939667e-30 -1.553585944318939667e-30 -4.272508864087861811e-46
0.000000000000000000e+00 -3.398322010731064406e-45 -4.338757417560409920e-30 4.338757417560409920e-30 4.247902513413827396e-46
0.000000000000000000e+00 5.309878141767267909e-46 -5.881349130863794010e-31 5.881349130863794010e-31 4.778890327590537540e-46
0.000000000000000000e+00 6.363552788465712596e-46 -3.318578940808061335e-31 3.318578940808061335e-31 6.628700821318445759e-48
0.000000000000000000e+00 -0.000000000000000000e+00 -4.326709135004724487e-31 4.326709135004724487e-31 3.579498443511960758e-46
0.000000000000000000e+00 2.646124281056827443e-46 -9.438300726789961677e-33 9.438300726789961677e-33 2.513818067003984826e-46
0.000000000000000000e+00 -0.000000000000000000e+00 -2.059262721874586247e-30 2.059262721874586247e-30 -2.328589367330004851e-45
0.000000000000000000e+00 -0.000000000000000000e+00 3.429192329798857219e-30 -3.429192329798857219e-30 -6.290030994353718462e-46
0.000000000000000000e+00 4.193353996235807641e-46 8.957687216176861497e-32 -8.957687216176861497e-32 3.407100121941591763e-46
0.000000000000000000e+00 4.187502772769616346e-46 -2.219928790395553998e-31 2.219928790395553998e-31 -3.925783849471512456e-46
0.000000000000000000e+00 -1.675001109107840938e-45 -9.818009325311589507e-30 9.818009325311589507e-30 5.443753604600480013e-45
0.000000000000000000e+00 -1.666259814629501616e-45 -4.163353322508418941e-30 4.163353322508418941e-30 -6.508827400896487284e-47
0.000000000000000000e+00 2.603530960358580134e-46 6.001941814585356321e-32 -6.001941814585356321e-32 -1.627206850224111611e-47
0.000000000000000000e+00 -7.234815222398591873e-46 2.697214693690048728e-31 -2.697214693690048728e-31 -5.167725158856133301e-47
0.000000000000000000e+00 -3.307344101667925935e-45 1.210451656676686497e-30 -1.210451656676686497e-30 -2.428830824662381592e-45
0.000000000000000000e+00 -3.710999122752917607e-45 2.699539768072911500e-30 -2.699539768072911500e-30 -6.184998537921525196e-46
0.000000000000000000e+00 3.298665886891469733e-45 3.161392667766688957e-30 -3.161392667766688957e-30 1.958582870341808948e-45
0.000000000000000000e+00 8.222041631052649141e-46 1.857215880950147718e-30 -1.857215880950147718e-30 2.569388009703951593e-46
0.000000000000000000e+00 9.866449957263157189e-45 -1.900822963503095191e-29 1.900822963503095191e-29 6.988735386394731157e-45
0.000000000000000000e+00 -1.640399275932257124e-45 8.887371534825657471e-31 -8.887371534825657471e-31 -4.100998189830639699e-46
0.000000000000000000e+00 -3.280798551864512381e-45 -1.655642105051048558e-30 1.655642105051048558e-30 -1.537874321186489381e-45
0.000000000000000000e+00 -1.222335143124297445e-45 -6.361485052625999811e-31 6.361485052625999811e-31 -1.273265774087808995e-46
0.000000000000000000e+00 8.148900954161967925e-46 -1.647219291023190364e-30 1.647219291023190364e-30 2.750254072029662483e-45
0.000000000000000000e+00 -4.559372225373280746e-46 -1.631839428310304692e-31 1.631839428310304692e-31 -3.324542247668015266e-46
0.000000000000000000e+00 2.127707038507530081e-45 5.317413159759105701e-31 -5.317413159759105701e-31 -7.852252165920640838e-46
0.000000000000000000e+00 -2.881452087636284862e-46 8.888689793888371627e-31 -8.888689793888371627e-31 -1.503366306592843388e-46
0.000000000000000000e+00 1.603590727032365970e-45 -1.698710460354875155e-30 1.698710460354875155e-30 1.954376198570694907e-45
0.000000000000000000e+00 1.602193139136324137e-45 -1.760118014049267365e-31 1.760118014049267365e-31 3.504797491860706132e-46
0.000000000000000000e+00 -6.634080966736320104e-46 4.926944393483284345e-31 -4.926944393483284345e-31 -2.803837993488556193e-45
0.000000000000000000e+00 -1.599657718093454826e-45 -1.142716120066550273e-30 1.142716120066550273e-30 -4.998930369042043413e-46
0.000000000000000000e+00 3.999144295233608283e-46 -2.014280970996432654e-30 2.014280970996432654e-30 7.898309983086371263e-45
0.000000000000000000e+00 -0.000000000000000000e+00 2.920532919969377276e-30 -2.920532919969377276e-30 3.981022954994242154e-46
0.000000000000000000e+00 1.592409181997694683e-45 -1.588455783859156834e-30 1.588455783859156834e-30 -3.184818363995386878e-45
0.000000000000000000e+00 -3.939233613530477097e-45 7.976897774134740164e-31 -7.976897774134740164e-31 1.969616806765237382e-46
0.000000000000000000e+00 2.363540168118275990e-45 -6.772355928988978820e-31 6.772355928988978820e-31 -9.848084033826144515e-46
0.000000000000000000e+00 -0.000000000000000000e+00 -1.793634169565394704e-30 1.793634169565394704e-30 6.399979671950733747e-46
0.000000000000000000e+00 1.260303689245679468e-44 8.435015464750636630e-30 -8.435015464750636630e-30 5.513828640449844251e-45
0.000000000000000000e+00 -0.000000000000000000e+00 -4.961518950190712708e-30 4.961518950190712708e-30 -1.762495706915495587e-45
0.000000000000000000e+00 1.253330280473233507e-44 7.462969164573949212e-30 -7.462969164573949212e-30 3.133325701183081899e-45
0.000000000000000000e+00 -2.344563981452998214e-45 -4.502548087223025398e-30 4.502548087223025398e-30 -3.907606635754994690e-46
0.000000000000000000e+00 -7.815213271509947375e-45 -2.517825508246405841e-30 2.517825508246405841e-30 2.930704976816228710e-46
0.000000000000000000e+00 -6.981462655159308098e-45 4.570173333068566264e-31 -4.570173333068566264e-31 3.319856367488340754e-45
0.000000000000000000e+00 -3.905713373515693221e-46 4.403942289220715149e-31 -4.403942289220715149e-31 -1.074071177716814955e-45
0.000000000000000000e+00 -6.220193092433892540e-45 6.321685634541242307e-30 -6.321685634541242307e-30 3.304477580355503389e-45
0.000000000000000000e+00 1.244038618486777761e-44 -6.048570393031736614e-30 6.048570393031736614e-30 3.498858614494060509e-45
0.000000000000000000e+00 4.651223613073531984e-45 -3.584348217395017486e-30 3.584348217395017486e-30 -3.149265988018535336e-46
0.000000000000000000e+00 -1.938009838780636460e-45 9.944058519097098060e-31 -9.944058519097098060e-31 1.332381764161686710e-46
0.000000000000000000e+00 -2.472683583564278722e-44 -3.683155176056359116e-29 3.683155176056359116e-29 -3.399939927400881313e-44
0.000000000000000000e+00 -0.000000000000000000e+00 -4.932538290365041176e-30 4.932538290365041176e-30 -3.090854479455343424e-45
0.000000000000000000e+00 3.708091000536796109e-44 6.499051997064785602e-29 -6.499051997064785602e-29 -2.317556875335495950e-44
0.000000000000000000e+00 9.270227501341975338e-45 1.552371932502961578e-30 -1.552371932502961578e-30 1.448473047084682791e-45
0.000000000000000000e+00 2.311790430275777178e-45 5.574953909742495979e-31 -5.574953909742495979e-31 -4.816230063074532223e-47
0.000000000000000000e+00 -3.082387240367698133e-45 -1.939061120168848129e-30 1.939061120168848129e-30 -5.779476075689430811e-45
0.000000000000000000e+00 -6.129486048748437447e-45 -1.256948899870986727e-29 1.256948899870986727e-29 -4.597114536561324974e-45
0.000000000000000000e+00 1.532371512187105006e-45 -5.197522976206861715e-30 5.197522976206861715e-30 8.619589756052460212e-46
0.000000000000000000e+00 -0.000000000000000000e+00 4.943194643626536618e-30 -4.943194643626536618e-30 -3.825734872363205978e-45
0.000000000000000000e+00 -1.530293948945276977e-45 6.990382828709144390e-31 -6.990382828709144390e-31 -5.738602308544785163e-46
0.000000000000000000e+00 -1.827895859241154383e-44 -1.387704585355251873e-29 1.387704585355251873e-29 1.904058186709534674e-45
0.000000000000000000e+00 -0.000000000000000000e+00 -2.178467387452291934e-30 2.178467387452291934e-30 8.377856021521926679e-45
0.000000000000000000e+00 2.427510208044866764e-44 1.117374083614931307e-29 -1.117374083614931307e-29 2.015023121912241631e-46
0.000000000000000000e+00 -1.896492350035050837e-45 -2.250208385843922707e-30 2.250208385843922707e-30 -2.370615437543812380e-46
0.000000000000000000e+00 2.422420264507867926e-44 2.597700912211369246e-30 -2.597700912211369246e-30 1.892515831646770573e-45
0.000000000000000000e+00 5.677547494940307674e-46 -9.059245934224846389e-31 9.059245934224846389e-31 1.514012665317414342e-45
0.000000000000000000e+00 7.509085887689804285e-45 -5.377498689621121254e-30 5.377498689621121254e-30 -1.877271471922449827e-46
0.000000000000000000e+00 -4.805814968121459608e-44 7.479310935116043853e-29 -7.479310935116043853e-29 -2.252725766306932698e-44
0.000000000000000000e+00 1.799608129514706165e-44 7.509175530876041757e-30 -7.509175530876041757e-30 1.199738753009803364e-44
0.000000000000000000e+00 -5.998693765049015573e-45 -2.940199840326648551e-29 2.940199840326648551e-29 -1.199738753009802368e-44
0.000000000000000000e+00 7.641195036441244895e-45 6.561534412896363574e-30 -6.561534412896363574e-30 4.472894655477798733e-45
0.000000000000000000e+00 -5.963859540637064147e-45 4.505878698920279921e-30 -4.505878698920279921e-30 -7.454824425796325516e-46
0.000000000000000000e+00 -9.282264733030513900e-46 -2.829651367978429288e-31 2.829651367978429288e-31 1.856452946606101691e-46
0.000000000000000000e+00 -2.376259771655809667e-44 3.008483491209884929e-29 -3.008483491209884929e-29 -1.810041622940947574e-45
0.000000000000000000e+00 -0.000000000000000000e+00 1.118757847281317617e-29 -1.118757847281317617e-29 2.669543775266748568e-44
0.000000000000000000e+00 2.740221800566778853e-45 -5.826383496450433041e-31 5.826383496450433041e-31 -2.549043535410955544e-46
0.000000000000000000e+00 1.036985952898584634e-44 1.554367126630708833e-30 -1.554367126630708833e-30 4.814577638457711572e-45
0.000000000000000000e+00 7.407042520704172847e-46 4.852313005049336376e-30 -4.852313005049336376e-30 -1.481408504140833636e-45
0.000000000000000000e+00 -8.139987798057365749e-45 -7.005753957477454284e-30 7.005753957477454284e-30 3.699994453662436856e-46
0.000000000000000000e+00 1.942497088172778455e-45 8.417639441870599824e-31 -8.417639441870599824e-31 5.179992235127406308e-45
0.000000000000000000e+00 -1.750042772225687589e-44 -1.173601279912330438e-29 1.173601279912330438e-29 1.731813160015002254e-45
0.000000000000000000e+00 -0.000000000000000000e+00 -1.602033169839590292e-29 1.602033169839590292e-29 -1.822961221068422238e-46
0.000000000000000000e+00 5.452809476706949581e-46 -8.319227143907295521e-31 8.319227143907295521e-31 -3.408005922941842030e-46
0.000000000000000000e+00 -0.000000000000000000e+00 -3.229668580373804208e-30 3.229668580373804208e-30 -3.635206317804626831e-46
0.000000000000000000e+00 2.895753258260526730e-44 3.397745378807627511e-29 -3.397745378807627511e-29 -1.447876629130262556e-45
0.000000000000000000e+00 -0.000000000000000000e+00 3.092461571738136464e-30 -3.092461571738136464e-30 -5.791506516521039022e-45
0.000000000000000000e+00 7.935356818295081544e-45 1.602359583576146935e-29 -1.602359583576146935e-29 2.885584297561845967e-45
0.000000000000000000e+00 -4.616934876098941599e-44 2.339352732004731540e-29 -2.339352732004731540e-29 -2.164188223171377786e-45
0.000000000000000000e+00 -5.767555282387337186e-45 2.979249382758197489e-30 -2.979249382758197489e-30 -1.441888820596833674e-44
0.000000000000000000e+00 -7.209444102984166815e-46 1.811210428480616595e-30 -1.811210428480616595e-30 -9.732749539028621389e-45
0.000000000000000000e+00 1.728619672084111486e-44 2.132719575198189175e-29 -2.132719575198189175e-29 1.008361475382397869e-44
0.000000000000000000e+00 -2.016722950764792004e-44 -1.655653136551564246e-29 1.655653136551564246e-29 4.321549180210266269e-45
0.000000000000000000e+00 1.147999105318310701e-44 -2.198852503353102531e-30 2.198852503353102531e-30 -5.739995526591551016e-45
0.000000000000000000e+00 1.147999105318304727e-44 -1.368483981192738346e-29 1.368483981192738346e-29 -5.381245806179550296e-46
0.000000000000000000e+00 -2.827329408853357123e-44 -3.495584970969966473e-29 3.495584970969966473e-29 -5.654658817706712005e-45
0.000000000000000000e+00 2.827329408853355380e-45 1.394200318042145420e-31 -1.394200318042145420e-31 -7.068323522133384094e-45
0.000000000000000000e+00 2.256167294371617610e-44 -9.275074057688938145e-30 9.275074057688938145e-30 7.755575074402432577e-45
0.000000000000000000e+00 -2.820209117964510935e-44 3.346658958967811061e-30 -3.346658958967811061e-30 -5.287892096183454269e-46
0.000000000000000000e+00 1.125893124840228519e-44 -4.345728599127123027e-29 4.345728599127123027e-29 -1.407366406050285027e-45
0.000000000000000000e+00 1.407366406050283471e-45 -1.277193354854228295e-29 1.277193354854228295e-29 -1.407366406050282849e-45
0.000000000000000000e+00 4.216179814500785712e-45 -4.650306159291696663e-30 4.650306159291696663e-30 7.905337152188970487e-46
0.000000000000000000e+00 -1.054044953625193472e-45 -1.296241817968053180e-30 1.296241817968053180e-30 1.036477537731439755e-44
0.000000000000000000e+00 -5.610425823937983181e-44 -3.353240674269867527e-29 3.353240674269867527e-29 -9.818245191891462850e-45
0.000000000000000000e+00 1.823388392779839954e-44 2.029925569108304424e-30 -2.029925569108304424e-30 9.642919384893377788e-45
0.000000000000000000e+00 -3.364487031433887551e-44 -1.819586284620998135e-29 1.819586284620998135e-29 -9.813087175015499134e-45
0.000000000000000000e+00 2.242991354289249406e-44 -1.003589142750623084e-29 1.003589142750623084e-29 4.380842488846187524e-45
0.000000000000000000e+00 1.675850403284586025e-44 -1.027520929628608183e-29 1.027520929628608183e-29 3.840490507527174648e-45
0.000000000000000000e+00 4.189626008211457595e-45 -3.932684708604790212e-30 3.932684708604790212e-30 5.498884135777536226e-45
0.000000000000000000e+00 -2.792079307439402817e-45 -3.235418624659792585e-30 3.235418624659792585e-30 -5.584158614878803144e-45
0.000000000000000000e+00 -4.188118961159089290e-45 -8.729611766974363281e-31 8.729611766974363281e-31 -1.047029740289771856e-45
0.000000000000000000e+00 6.691666744256792134e-44 2.646935014255225765e-29 -2.646935014255225765e-29 2.788194476773661937e-45
0.000000000000000000e+00 -2.230555581418925567e-44 -2.513232496121829207e-30 2.513232496121829207e-30 -6.970486191934139286e-46
0.000000000000000000e+00 6.245849247387444256e-45 -7.750122410278637539e-30 7.750122410278637539e-30 -4.510891123113152249e-45
0.000000000000000000e+00 5.551865997677728449e-44 1.067712385799204145e-29 -1.067712385799204145e-29 -4.163899498258294718e-45
0.000000000000000000e+00 -1.107123207876247963e-43 -8.778144109588538629e-29 8.778144109588538629e-29 -1.245513608860778510e-44
0.000000000000000000e+00 -6.642739247257481404e-44 -1.060393689049298359e-28 1.060393689049298359e-28 1.383904009845307962e-44
0.000000000000000000e+00 -4.412811383668659203e-44 3.912727445766299265e-29 -3.912727445766299265e-29 4.137010672189366292e-45
0.000000000000000000e+00 -1.103202845917162685e-44 -5.821145834376574055e-30 5.821145834376574055e-30 -5.860765118934924430e-45
0.000000000000000000e+00 4.408755326906427043e-44 -2.111271856384477356e-29 2.111271856384477356e-29 -1.377736039658257984e-45
0.000000000000000000e+00 5.510944158633017001e-45 -1.557820340561305275e-29 1.557820340561305275e-29 -3.444340099145634148e-45
0.000000000000000000e+00 1.092363839716762838e-44 -3.472707995475727052e-29 3.472707995475727052e-29 -6.827273998229765245e-45
0.000000000000000000e+00 -1.092363839716760473e-44 5.520346888926453676e-29 -5.520346888926453676e-29 -3.277091519150280049e-44
0.000000000000000000e+00 -2.616421187190468207e-43 -7.506146534126532597e-29 7.506146534126532597e-29 4.769517789149289239e-45
0.000000000000000000e+00 -0.000000000000000000e+00 -6.119099367399591029e-31 6.119099367399591029e-31 -2.725438736656730040e-45
0.000000000000000000e+00 -0.000000000000000000e+00 -3.188329841483502672e-29 3.188329841483502672e-29 -2.723599532728216998e-44
0.000000000000000000e+00 2.723599532728206855e-45 1.953669032352105245e-30 -1.953669032352105245e-30 -4.255624269887821324e-45
0.000000000000000000e+00 -2.170579713274815318e-44 -1.636974253239634772e-29 1.636974253239634772e-29 5.087296202987845874e-46
0.000000000000000000e+00 -6.511739139824421809e-44 3.668232412037752367e-30 -3.668232412037752367e-30 1.627934784956104706e-44
0.000000000000000000e+00 8.661728938504354954e-44 -3.435396853569579600e-29 3.435396853569579600e-29 1.759413690633696244e-44
0.000000000000000000e+00 -2.598518681551305192e-43 -1.207034963658411255e-28 1.207034963658411255e-28 1.894753205297825997e-44
0.000000000000000000e+00 1.080997795734762306e-44 -1.379474749573525721e-29 1.379474749573525721e-29 1.351247244668452260e-44
0.000000000000000000e+00 -2.702494489336902529e-44 6.984571064175759790e-30 -6.984571064175759790e-30 6.418424412175139525e-45
0.000000000000000000e+00 -0.000000000000000000e+00 2.083061329858367549e-30 -2.083061329858367549e-30 2.156306337534349910e-44
0.000000000000000000e+00 -0.000000000000000000e+00 -1.324825429116037133e-29 1.324825429116037133e-29 1.684614326198709856e-45
0.000000000000000000e+00 -1.075284278520304189e-44 -3.121582594347361483e-30 3.121582594347361483e-30 -2.016158022225569499e-45
0.000000000000000000e+00 -1.344105348150373080e-45 -2.377298765908106472e-29 2.377298765908106472e-29 9.408737437052607673e-45
0.000000000000000000e+00 5.341011099127587811e-45 1.291639454823446030e-30 -1.291639454823446030e-30 6.676263873909482430e-46
0.000000000000000000e+00 6.676263873909473874e-46 1.046824253593327986e-30 -1.046824253593327986e-30 -5.674824292823050303e-45
0.000000000000000000e+00 -1.062750652116014198e-44 -8.651687366184571007e-30 8.651687366184571007e-30 5.479808049973196106e-45
0.000000000000000000e+00 1.594125978174019305e-44 -1.669920372134252372e-29 1.669920372134252372e-29 3.985314945435046396e-45
0.000000000000000000e+00 -2.646603048991111600e-45 -3.690825527196533207e-30 3.690825527196533207e-30 6.616507622477775887e-46
0.000000000000000000e+00 2.117282439192875838e-44 2.995527412171009925e-29 -2.995527412171009925e-29 -1.323301524495546932e-45
