-9.958521070223844140e-02 -3.320721848462868542e-03 2.695327343285105800e-09 2.695327343285105800e-09 -3.318174144010083496e-03
-9.958521070223839977e-02 -7.573050169375527066e-04 2.695332642819476769e-09 2.695332642819476769e-09 -7.547573125001654989e-04
-3.127042531881008697e-02 3.510083432869628289e-02 -1.551109056670946922e-08 -1.551109056670946922e-08 3.508617280688056117e-02
-3.127042531880996901e-02 -2.542627773737115779e-02 -1.551109264667177559e-08 -1.551109264667177559e-08 -2.544093925916305135e-02
-2.645584656163355031e-02 -1.103384747496695644e-29 -8.642493393883282869e-30 -8.642493393883282869e-30 7.894547591315820549e-30
-2.645584656163341500e-02 1.926643252104043030e-29 -3.776989370780441264e-29 -3.776989370780441264e-29 -1.183138493391472718e-29
-2.302842127286164331e-02 2.437568380858134668e-27 1.058327659249563829e-27 1.058327659249563829e-27 8.978523431639234843e-27
-2.302842127286143514e-02 3.468531002901016025e-27 1.040519832536132638e-27 1.040519832536132638e-27 -6.700903752388473005e-29
-2.287527676686160194e-02 -1.561978844618846715e-02 1.289656199867910071e-08 1.289656199867910071e-08 -1.560759824810563183e-02
-2.287527676686146663e-02 1.181608166370394508e-02 1.289656376413131405e-08 1.289656376413131405e-08 1.182827186178702326e-02
-2.085384609460276539e-02 2.619429508559560001e-29 1.420145050293771271e-28 1.420145050293771271e-28 -1.029409803648431217e-27
-2.085384609460250172e-02 2.869121317471396268e-27 -2.082268675519687181e-27 -2.082268675519687181e-27 -7.559685332215834953e-28
-2.001731430067172496e-02 -4.156805624641414232e-01 8.592506932630837158e-07 8.592506932630837158e-07 -4.148683742128220220e-01
-2.001731430067142312e-02 4.335727138515813595e-01 8.592506900561068632e-07 8.592506900561068632e-07 4.343849021027746393e-01
-1.639978855232052460e-02 2.410696841034688509e-01 -1.856973040615011460e-07 -1.856973040615011460e-07 2.408941577241080767e-01
-1.639978855232038235e-02 -2.547307043772563118e-01 -1.856973162481120769e-07 -1.856973162481120769e-07 -2.549062307566661301e-01
-1.142944957899865929e-02 9.538205052364405194e-28 3.571211207039867220e-28 3.571211207039867220e-28 -5.177856399805918520e-27
-1.142944957899842337e-02 4.125466758304423145e-26 -2.970020709177614733e-27 -2.970020709177614733e-27 -1.709528718859753527e-27
-8.048824077775733332e-03 -9.778672690244487598e+00 -8.006289658220824319e-06 -8.006289658220824319e-06 -9.786240463441105319e+00
-8.048824077775481797e-03 1.017959690969682462e+01 -8.006290159102958008e-06 -8.006290159102958008e-06 1.017202913649770402e+01
3.023923322891721166e-01 7.800878121505660322e-32 5.882275981150012843e-32 5.882275981150012843e-32 3.814062505792281905e-32
3.023923322891721166e-01 -2.172677231597996632e-31 -1.418109333792995076e-31 -1.418109333792995076e-31 -3.385373996594348710e-32
3.036454475450423574e-01 7.113292221710312902e-32 6.144563924004764879e-32 6.144563924004764879e-32 4.622645178313241137e-32
3.036454475450423574e-01 8.289901383491538135e-31 9.387241284767372221e-31 9.387241284767372221e-31 7.056130602299574347e-31
3.057326259190640827e-01 4.925569376126667944e-32 7.138518863235339145e-32 7.138518863235339145e-32 3.170085918591437143e-32
3.057326259190640827e-01 -1.568400497415682226e-30 -1.501655016154088518e-30 -1.501655016154088518e-30 -2.473500237113693081e-31
3.086518482009585895e-01 -2.864082620775547871e-31 -1.246032823864002352e-31 -1.246032823864002352e-31 -2.371430325972077981e-32
3.086518482009587006e-01 4.833577723135810505e-31 6.055656190349701001e-31 6.055656190349701001e-31 2.071288882745601786e-31
3.124002902317034036e-01 2.575893088951524082e-31 4.178352613901278557e-31 4.178352613901278557e-31 1.964701772015581841e-31
3.124002902317034036e-01 3.007147069027770278e-30 2.510620904724950058e-30 2.510620904724950058e-30 1.264336101308665620e-30
3.143119646030096415e-01 5.110998815635768171e-32 9.335482607721119892e-32 9.335482607721119892e-32 8.714862027588797510e-33
3.143119646030098080e-01 1.836138934505973973e-31 1.741668649581869446e-31 1.741668649581869446e-31 1.310310822444697902e-31
3.155650798588799377e-01 -1.141110407541438721e-32 4.580250868809140870e-33 4.580250868809140870e-33 -1.369854055896133625e-33
3.155650798588799932e-01 1.889943262410489068e-31 1.055220513885577737e-31 1.055220513885577737e-31 4.165078859758373333e-32
3.169743256357227534e-01 -5.924371357318030612e-31 -4.398298208376718587e-31 -4.398298208376718587e-31 -1.768074980651783826e-31
3.169743256357228089e-01 1.239280121503897274e-30 1.366370705509958778e-30 1.366370705509958778e-30 4.884893696205263177e-31
3.176522582329016631e-01 8.369960177692654772e-31 7.689432017462533397e-31 7.689432017462533397e-31 3.394821806613240788e-31
3.176522582329017741e-01 -1.078153585589472842e-30 -7.822626053921391517e-31 -7.822626053921391517e-31 -2.496594340733575824e-31
3.205714805147963364e-01 -1.970286377758346149e-31 9.017681416429070550e-32 9.017681416429070550e-32 3.702909624120485169e-31
3.205714805147963364e-01 2.287048437334768034e-32 -1.890018089502774918e-31 -1.890018089502774918e-31 -9.416233950841674430e-32
3.223695293291727881e-01 3.527447468646967611e-33 2.439516932011256809e-32 2.439516932011256809e-32 9.301159951361127233e-32
3.223695293291728436e-01 1.778392144812200539e-30 1.355867578627603334e-30 1.355867578627603334e-30 1.509807127599346244e-31
3.243199225455410395e-01 -5.378276535992490003e-31 -5.835435367118657595e-31 -5.835435367118657595e-31 -4.351117911864427960e-32
3.243199225455412060e-01 2.611419799123324586e-31 1.865667406220224665e-31 1.865667406220224665e-31 -6.517930759941418862e-33
3.285806818009237573e-01 -2.468004852656329931e-31 -1.627841309111937396e-31 -1.627841309111937396e-31 6.240331692762896052e-32
3.285806818009239239e-01 -7.114349269126635036e-32 -8.535117957231879967e-32 -8.535117957231879967e-32 -1.104291191371082742e-31
3.288939579495603893e-01 -9.570834866309217725e-31 -5.840021184716510713e-31 -5.840021184716510713e-31 -2.801331302450379518e-31
3.288939579495606669e-01 -1.392733160765895340e-31 -1.526126861161695550e-31 -1.526126861161695550e-31 -1.681260859855214322e-31
3.341652052967045705e-01 -2.121537230129760707e-30 -1.939800177127918521e-30 -1.939800177127918521e-30 -1.027075116724291696e-30
3.341652052967046260e-01 1.302063643073525499e-30 9.377064083578051395e-31 9.377064083578051395e-31 3.147745522184933017e-31
3.342891616430103685e-01 8.025301646993589256e-31 5.991373695492775257e-31 5.991373695492775257e-31 3.547548225525053627e-31
3.342891616430104795e-01 1.722625401948451409e-30 1.711576690025186619e-30 1.711576690025186619e-30 1.077486217052382144e-30
3.354183205525747002e-01 4.000873598312675534e-31 5.117459961670993246e-31 5.117459961670993246e-31 -1.426649288052323726e-31
3.354183205525747558e-01 1.134843414504169209e-31 -1.487548652417511681e-31 -1.487548652417511681e-31 3.154028480497516933e-32
3.356017741621000194e-01 1.194035000799044342e-31 1.027231428681602580e-31 1.027231428681602580e-31 1.784296760933836569e-32
3.356017741621008521e-01 -6.525880984575983570e-32 3.872163972951129990e-31 3.872163972951129990e-31 2.839067540508865448e-31
3.375054989265950933e-01 1.943730914014306183e-31 -5.424540245003710935e-32 -5.424540245003710935e-32 -7.940742320937758343e-32
3.375054989265963146e-01 -1.436243860588234151e-30 -1.356957393973376465e-30 -1.356957393973376465e-30 -3.432508822722804308e-31
3.404247212084904883e-01 -1.056226963391248131e-30 -7.200272941477385777e-31 -7.200272941477385777e-31 -2.479846784251163136e-31
3.404247212084907104e-01 -8.427913205729732156e-31 -6.468843512283672170e-31 -6.468843512283672170e-31 -3.619380159992699388e-31
3.405003141147615042e-01 -1.129511256587394690e-30 -8.923761420818379189e-31 -8.923761420818379189e-31 -3.845193836648516746e-31
3.405003141147615042e-01 -1.341661725239179716e-30 -1.009043613715118686e-30 -1.009043613715118686e-30 -5.255527002984875054e-31
3.434260139592925087e-01 1.094197041765197534e-30 6.704022603873141523e-31 6.704022603873141523e-31 3.320788425985939761e-31
3.434260139592927308e-01 -2.042522611553888559e-30 -2.010639236249156509e-30 -2.010639236249156509e-30 -1.501240051982975812e-30
3.441731632392349138e-01 -8.306751835536989232e-31 -7.386547028970325452e-31 -7.386547028970325452e-31 -4.425466056162980300e-31
3.441731632392355800e-01 7.694749845198794383e-31 2.468729090707232550e-30 2.468729090707232550e-30 1.414346438721071098e-30
3.475214064759375443e-01 4.826646095459917546e-31 4.234124348694273859e-31 4.234124348694273859e-31 3.038804106497853135e-31
3.475214064759380994e-01 2.541810024951818312e-30 1.540384109199480049e-30 1.540384109199480049e-30 6.014542210447778042e-31
3.487471986432544302e-01 1.325811934309170371e-31 7.633065184227516576e-32 7.633065184227516576e-32 6.245104964824884793e-32
3.487471986432553739e-01 4.445700758939673391e-32 1.098909223281375422e-31 1.098909223281375422e-31 1.117998558894505333e-31
3.520458317458180497e-01 1.217788863548606009e-31 1.728032768354569359e-31 1.728032768354569359e-31 1.611564773173990522e-31
3.520458317458186048e-01 -7.825743181590011304e-31 -6.567276698001253362e-31 -6.567276698001253362e-31 -6.056305918519488308e-31
3.541424023367046869e-01 9.879734668350441928e-32 3.702567219055078829e-32 3.702567219055078829e-32 3.578622640413511165e-32
3.541424023367056861e-01 -6.409163715733946197e-31 -5.043288060862526138e-31 -5.043288060862526138e-31 -2.598952781827951261e-31
3.553456462731305887e-01 -1.729530119323100382e-30 -1.580064622507560704e-30 -1.580064622507560704e-30 -1.075877303536660430e-30
3.553456462731309773e-01 4.761127366518008943e-31 1.528951013874160367e-31 1.528951013874160367e-31 -2.976354209982347154e-31
3.603535548084543239e-01 1.971694110327834785e-30 2.190938462805445086e-30 2.190938462805445086e-30 1.322604225347157526e-30
3.603535548084556561e-01 -3.024334292503742807e-30 -2.344113182977269538e-30 -2.344113182977269538e-30 -1.158641354239557907e-30
3.614528884046701585e-01 -1.779065900592107665e-31 4.593779251426228981e-32 4.593779251426228981e-32 7.033842779105750737e-32
3.614528884046703805e-01 4.611944175885172802e-31 3.458442833603655590e-31 3.458442833603655590e-31 1.704295114438882570e-31
3.619328476420843876e-01 -1.390657063599492866e-30 -1.128190175378843771e-30 -1.128190175378843771e-30 -5.431102659225813211e-31
3.619328476420852758e-01 5.422043222756243218e-31 3.961231680762752534e-31 3.961231680762752534e-31 1.415364474318260599e-31
3.631859628979556831e-01 1.440109290454119800e-30 1.452261599038170190e-30 1.452261599038170190e-30 3.833577045019112496e-31
3.631859628979561272e-01 6.244518042857206568e-32 2.799379979146812954e-31 2.799379979146812954e-31 -4.872619383973560631e-31
3.639654640596550750e-01 5.190967753405949121e-30 4.528640411066687193e-30 4.528640411066687193e-30 2.300029218874192193e-30
3.639654640596562962e-01 -3.945860384084447952e-30 -3.424483541863620688e-30 -3.424483541863620688e-30 -1.876859246681590829e-30
3.652731412719766313e-01 -2.990249170625093259e-30 -2.564314134022951427e-30 -2.564314134022951427e-30 -7.284385056679222076e-31
3.652731412719768533e-01 1.191116687908873357e-29 9.407385237145212659e-30 9.407385237145212659e-30 4.178149000847571473e-30
3.673746471696314186e-01 -3.198597354139515617e-32 -8.097054551357721004e-32 -8.097054551357721004e-32 -8.427602511375051532e-32
3.673746471696330285e-01 2.135118813846846127e-30 2.075036349372226966e-30 2.075036349372226966e-30 1.240246653566179577e-30
3.681923635538715822e-01 2.288894625724440634e-30 2.076204365963103980e-30 2.076204365963103980e-30 1.054230679240173495e-30
3.681923635538719708e-01 1.697622223169395528e-31 2.965613898499951955e-31 2.965613898499951955e-31 1.510355008670572539e-31
3.716380832160757208e-01 -4.484866103360104407e-30 -4.055228701615278722e-30 -4.055228701615278722e-30 -2.236094313351793197e-30
3.716380832160767200e-01 -2.004823899405427631e-30 -1.164229024952404699e-30 -1.164229024952404699e-30 1.016128642385779433e-31
3.719408055846156191e-01 -2.523177962214724384e-30 -2.088946955859044581e-30 -2.088946955859044581e-30 -4.036273080927544345e-31
3.719408055846159522e-01 -2.077581681830366332e-30 -2.864907029634174090e-30 -2.864907029634174090e-30 -1.349700424767920135e-30
3.733725207185074613e-01 -5.346352124934234534e-30 -6.789593662760013253e-30 -6.789593662760013253e-30 -3.611409847343387775e-30
3.733725207185079054e-01 9.018392637229194837e-31 3.792443948399913472e-31 3.792443948399913472e-31 3.080153298438830804e-31
3.751988869668232973e-01 -1.952755185544250424e-30 -1.740041042253790404e-30 -1.740041042253790404e-30 -9.736277957020553985e-31
3.751988869668246296e-01 -2.952981122208552360e-32 -7.217798916489877374e-32 -7.217798916489877374e-32 -1.235894928918934766e-31
3.765148409886354686e-01 1.822688355682469477e-30 9.927004445493572129e-31 9.927004445493572129e-31 2.201243307982275168e-31
3.765148409886364678e-01 2.321392923877898432e-30 1.873800447287359887e-30 1.873800447287359887e-30 9.287794481668361116e-31
3.819100446820859474e-01 1.449123677670577078e-30 1.006647538357913823e-30 1.006647538357913823e-30 5.046366006136507422e-31
3.819100446820868910e-01 9.440026442427230112e-31 8.847675390322091082e-31 8.847675390322091082e-31 6.023991404288785142e-31
3.825915626618568988e-01 -7.675736505744796797e-30 -7.433278109913828377e-30 -7.433278109913828377e-30 -3.101919788234628706e-30
3.825915626618572873e-01 -1.566633420489486615e-31 -2.125764939389042982e-31 -2.125764939389042982e-31 -8.536352018222354004e-32
3.835577155299141339e-01 -3.002545911427178223e-30 -2.581362109858066186e-30 -2.581362109858066186e-30 -1.167662410472253672e-30
3.835577155299143559e-01 2.460795659378099726e-30 1.636310701842077522e-30 1.636310701842077522e-30 7.197422422671084286e-31
3.838187047533508367e-01 3.856037792555924497e-30 2.725393845801993621e-30 2.725393845801993621e-30 1.294381916714505744e-30
3.838187047533509477e-01 -6.070091757618684413e-30 -4.933750916172293793e-30 -4.933750916172293793e-30 -2.533870862192821698e-30
3.881211971538368610e-01 -2.830300282068036915e-31 1.183654552399309816e-31 1.183654552399309816e-31 4.755037355083842128e-31
3.881211971538371941e-01 -1.767044129360642005e-30 -1.079564849246598941e-30 -1.079564849246598941e-30 -4.958065955521824097e-31
3.932257614122015577e-01 4.041877883379091406e-30 4.655715772981508837e-30 4.655715772981508837e-30 3.630382480611547288e-30
3.932257614122037226e-01 -5.235233122112059928e-31 -1.132398957715573252e-30 -1.132398957715573252e-30 -6.784106927309162487e-31
3.943027299580671441e-01 3.332948172399678545e-30 2.522551041341465814e-30 2.522551041341465814e-30 1.581291973749931842e-30
3.943027299580693645e-01 -5.695281990814571521e-30 -6.448722727745168755e-30 -6.448722727745168755e-30 -3.907709499323402561e-30
3.945111949756948122e-01 3.491299048852011868e-31 -4.529453431505712916e-31 -4.529453431505712916e-31 6.780400718075146170e-32
3.945111949756950898e-01 -5.223743283252311830e-31 -4.398429410923810270e-31 -4.398429410923810270e-31 -2.088569520414701315e-31
3.951422895150130676e-01 3.222433153899622122e-30 1.744006776420091197e-30 1.744006776420091197e-30 5.548219989516869036e-31
3.951422895150133452e-01 6.902386018251343501e-31 4.786004222383168358e-31 4.786004222383168358e-31 1.786722654461032875e-31
3.975880282385292341e-01 -6.691605591724917578e-30 -3.975809193922762507e-30 -3.975809193922762507e-30 -1.406511455891286416e-30
3.975880282385299558e-01 -5.328022645896471533e-31 -6.979742532230138328e-31 -6.979742532230138328e-31 -1.758958438208552668e-30
3.988411434943991418e-01 -2.509899549638984886e-30 -1.116774926597062212e-30 -1.116774926597062212e-30 -6.007590937741399456e-31
3.988411434943999190e-01 -9.892614050423451385e-32 -1.851881191109954419e-31 -1.851881191109954419e-31 -2.384731906780995917e-31
4.009283218684214778e-01 -3.328555282063960181e-32 -6.718803493267957740e-32 -6.718803493267957740e-32 -1.944847430943635617e-32
4.009283218684231986e-01 -1.780652755098122164e-30 2.453913267834646589e-30 2.453913267834646589e-30 2.524700701356412558e-30
4.029665293122072778e-01 -2.964573480175848523e-31 4.525639940001841857e-31 4.525639940001841857e-31 1.031969275340725270e-31
4.029665293122084435e-01 1.395577654311297646e-30 1.984567262174900145e-30 1.984567262174900145e-30 8.334297329028375089e-31
4.034109562236083413e-01 4.102992564190489409e-30 1.804780880732846408e-29 1.804780880732846408e-29 1.090614151952996932e-29
4.034109562236097846e-01 -3.052877062082602861e-31 -8.468838822478305715e-31 -8.468838822478305715e-31 -3.207366823061809214e-31
4.038475441503155405e-01 -3.568781224405985329e-30 1.035426453304673387e-29 1.035426453304673387e-29 7.655846819979660047e-30
4.038475441503157626e-01 -2.409938287191615759e-30 -3.159300264680525937e-30 -3.159300264680525937e-30 -2.376969110614421417e-30
4.062223622719051130e-01 1.393744072852305022e-29 1.411082992230713951e-29 1.411082992230713951e-29 7.480248719294488447e-30
4.062223622719066674e-01 3.027819181792226345e-32 1.769937858710756242e-31 1.769937858710756242e-31 -1.585113465839086849e-31
4.067602553067029003e-01 2.193449741458159584e-30 -1.008649969076823676e-31 -1.008649969076823676e-31 -2.028886690571622776e-31
4.067602553067029003e-01 8.626751664494243177e-31 1.110287910173706576e-30 1.110287910173706576e-30 5.868901869354964236e-31
4.075959861810605767e-01 -5.805322538680872809e-31 -3.369434250987409967e-31 -3.369434250987409967e-31 -1.214753964152357777e-31
4.075959861810609652e-01 -4.814128590451511729e-31 -9.409951754582095046e-30 -9.409951754582095046e-30 -6.162774953050016302e-30
4.115863470987329298e-01 -7.967408341878994508e-31 1.081721365342101330e-29 1.081721365342101330e-29 6.259896540683049276e-30
4.115863470987336514e-01 -1.189816214931141389e-30 -7.271548466784142475e-31 -7.271548466784142475e-31 -3.164414626668218043e-31
4.121700215850794269e-01 2.084653984378150370e-31 1.228600172961510256e-30 1.228600172961510256e-30 3.712556085390563622e-31
4.121700215850808147e-01 4.771539855029741601e-30 -2.309804683854857451e-29 -2.309804683854857451e-29 -1.067610892350369512e-29
4.143644356693879094e-01 5.150575247649604544e-30 2.442532464047581078e-30 2.442532464047581078e-30 1.333920567917897950e-30
4.143644356693905184e-01 -1.470552856631387932e-32 -4.181117431331733801e-32 -4.181117431331733801e-32 -2.070013169607439175e-32
4.175652252785302943e-01 -2.781590447073623198e-31 -2.687047677364954195e-31 -2.687047677364954195e-31 -2.606576707398955750e-31
4.175652252785305163e-01 -1.263820639562343101e-30 1.236718919551800409e-30 1.236718919551800409e-30 6.028665497480573451e-31
4.186798876205390929e-01 -1.199368123871375717e-31 2.503592099184340401e-30 2.503592099184340401e-30 2.947553714381722630e-30
4.186798876205407027e-01 -5.479203926682253726e-30 -6.231629929330908511e-30 -6.231629929330908511e-30 -4.625080838984754498e-30
4.199520868565448373e-01 -4.349787022597117551e-30 -4.350120018183271155e-30 -4.350120018183271155e-30 -2.349499008319742275e-30
4.199520868565458365e-01 1.881335067194972153e-29 -1.849128855687038247e-29 -1.849128855687038247e-29 -1.311756851775783771e-29
4.209934037575829846e-01 -2.520721110000669754e-30 -2.476066346373373919e-30 -2.476066346373373919e-30 -1.383911407684896482e-30
4.209934037575831511e-01 5.143998292723366041e-30 7.353208170788317543e-30 7.353208170788317543e-30 3.582245297803845064e-30
4.237763777502812079e-01 3.528106353356443514e-30 1.829103828381396730e-30 1.829103828381396730e-30 8.844150755909195322e-31
4.237763777502819851e-01 1.578642905645086475e-30 -2.101512353268875413e-30 -2.101512353268875413e-30 -1.136735242731904711e-30
4.260756029656000976e-01 1.966637401041862716e-31 1.401596928234751780e-31 1.401596928234751780e-31 3.561220758354348431e-32
4.260756029656003196e-01 2.242403906482349512e-31 5.964851906258988267e-31 5.964851906258988267e-31 3.035309969819063866e-31
4.307974701114581917e-01 -3.562992347958217329e-31 9.195233127893952352e-31 9.195233127893952352e-31 2.355710445064608176e-31
4.307974701114585248e-01 4.011982372729172647e-30 3.037826777035569499e-30 3.037826777035569499e-30 1.984359039804375545e-30
4.311785985689906009e-01 -1.481438628434433483e-30 -1.981497572114774322e-30 -1.981497572114774322e-30 -8.523792703423052245e-31
4.311785985689919887e-01 4.653759205157933585e-31 -5.646986863396204270e-30 -5.646986863396204270e-30 -2.931141513184332538e-30
4.318717191703808078e-01 2.596547870551422741e-30 3.531431661697045452e-30 3.531431661697045452e-30 1.982862976810251720e-30
4.318717191703839720e-01 9.247538747169203781e-33 -5.728565514435218698e-30 -5.728565514435218698e-30 -2.538863609036782137e-30
4.338654623625481932e-01 -1.414423913554290801e-29 -1.161040826297769453e-29 -1.161040826297769453e-29 -5.826279987043436097e-30
4.338654623625490814e-01 4.133512926916705048e-31 -1.644966124265349249e-30 -1.644966124265349249e-30 -2.458119794694463967e-30
4.385331283142353542e-01 -3.804150067743721158e-30 -2.706954386255242446e-30 -2.706954386255242446e-30 -1.101470591196721797e-30
4.385331283142372971e-01 6.643085124983997813e-30 8.663469163607156381e-30 8.663469163607156381e-30 3.285924432621431192e-30
4.386217099086506255e-01 5.453094470468339756e-30 5.116121209076538258e-30 5.116121209076538258e-30 2.714568092347360287e-30
4.386217099086521243e-01 -6.044922378191681193e-29 -6.039379114925425179e-29 -6.039379114925425179e-29 -2.710126400793396896e-29
4.410962530015605232e-01 1.247761747927781035e-29 1.150774125440003189e-29 1.150774125440003189e-29 7.539539635692836346e-30
4.410962530015635208e-01 -3.815331241239335219e-29 -3.145961846136187235e-29 -3.145961846136187235e-29 -1.333769330859215123e-29
4.421320780147690588e-01 1.041811163900261970e-30 -6.965812969407022523e-30 -6.965812969407022523e-30 -3.099748491836843288e-30
4.421320780147717788e-01 3.284409490753774970e-30 8.426710738979283134e-30 8.426710738979283134e-30 4.535579265675593750e-30
4.423493682574318187e-01 -3.948137450849784492e-31 -6.825111039390315702e-31 -6.825111039390315702e-31 -1.084812083228282033e-30
4.423493682574322627e-01 3.938029089183759880e-30 5.329257832387559240e-30 5.329257832387559240e-30 3.335313719337547419e-30
4.444365466314538216e-01 -1.574564122081322448e-29 1.573087078767566599e-29 1.573087078767566599e-29 1.000771057359313483e-29
4.444365466314540991e-01 1.313706680699834817e-29 1.022143461793545309e-29 1.022143461793545309e-29 6.614043789067749590e-30
4.457850946763873279e-01 4.691132025145712405e-30 9.278563148725506338e-31 9.278563148725506338e-31 1.050392260621916076e-30
4.457850946763877165e-01 8.089825364901173613e-31 -1.343723706978835429e-31 -1.343723706978835429e-31 -2.403818164725862236e-31
4.472415276951767771e-01 2.906784645723879200e-29 -6.552741296448303056e-29 -6.552741296448303056e-29 -4.238101812620218235e-29
4.472415276951772212e-01 2.818572679979174327e-29 2.217937645911364489e-29 2.217937645911364489e-29 9.352639435143330242e-30
4.473557689133483839e-01 -6.940133737926512066e-29 1.329686119426604408e-28 1.329686119426604408e-28 8.277342888768723123e-29
4.473557689133490500e-01 -1.089125705473787760e-29 -1.130174139263093514e-29 -1.130174139263093514e-29 -5.211996611132495348e-30
4.484869215324954750e-01 -2.611921178592517868e-30 -1.581323891329713759e-30 -1.581323891329713759e-30 -6.130402098665799288e-31
4.484869215324961411e-01 -6.037541057490654701e-30 -2.482101182350213494e-29 -2.482101182350213494e-29 -1.409568306819621696e-29
4.511042109440938086e-01 -2.123290910074785675e-29 -7.544841719987362388e-29 -7.544841719987362388e-29 -3.246777149943444007e-29
4.511042109440951409e-01 8.802286761052225744e-30 2.468877244843628263e-31 2.468877244843628263e-31 -3.564802929730752035e-31
4.517249598640757924e-01 -2.920717843837692384e-30 4.724453060762704445e-30 4.724453060762704445e-30 2.850629792996792410e-30
4.517249598640776242e-01 -3.761109497090886581e-30 9.147260927244556556e-31 9.147260927244556556e-31 7.259387646852563493e-31
4.538432453109813025e-01 1.235272080935966137e-29 -2.549351002479074438e-29 -2.549351002479074438e-29 -1.615135054155852192e-29
4.538432453109826348e-01 1.638045669840657394e-29 1.389966642790790454e-29 1.389966642790790454e-29 6.995111594848286397e-30
4.556782463481129919e-01 -2.964597756012430196e-29 -2.543746994977961172e-30 -2.543746994977961172e-30 6.408040553682814575e-31
4.556782463481132694e-01 5.063623499316549574e-30 2.905409986534101967e-30 2.905409986534101967e-30 2.479875992006197996e-30
4.566485843540282197e-01 -1.558191939537768896e-29 -1.479942093958711587e-29 -1.479942093958711587e-29 -8.101363697176132654e-30
4.566485843540289413e-01 1.899471878804836111e-30 -2.825630515181574886e-30 -2.825630515181574886e-30 -1.162054933456640922e-30
4.604065538463331109e-01 9.462151674706058329e-30 -1.686994315608858377e-30 -1.686994315608858377e-30 -2.011977432596435161e-30
4.604065538463345542e-01 -6.730966794088656815e-29 1.868726527051819484e-28 1.868726527051819484e-28 8.295463428497331649e-29
4.610734500415636372e-01 4.756817494372637730e-31 5.045315196049030769e-29 5.045315196049030769e-29 2.578765078161778322e-29
4.610734500415639703e-01 1.727700804917477873e-29 -1.025940415177196998e-28 -1.025940415177196998e-28 -5.786428707390636634e-29
4.638023190489475311e-01 1.468615497755908494e-29 3.302509585465026575e-29 3.302509585465026575e-29 2.009437267605786190e-29
4.638023190489479197e-01 -3.029319901256708344e-29 -1.705809455513354132e-29 -1.705809455513354132e-29 -6.902814520552299399e-30
4.656383353700815908e-01 9.106380267835516927e-31 6.265204527924858930e-31 6.265204527924858930e-31 4.522848121980747038e-31
4.656383353700820349e-01 -6.060260061447657628e-29 -1.528539796926255234e-30 -1.528539796926255234e-30 1.053292400182703762e-30
4.663007706596168922e-01 4.238855673754113839e-30 7.956916580175840227e-29 7.956916580175840227e-29 6.068364174364580825e-29
4.663007706596173918e-01 -1.723108770781194465e-31 9.700860964226625877e-31 9.700860964226625877e-31 -3.217948527297252806e-31
4.668337791654351698e-01 7.401607865870895934e-30 2.286072818309203407e-29 2.286072818309203407e-29 1.428168801021152062e-29
4.668337791654353364e-01 -9.781878851567301024e-31 5.454641018274004170e-30 5.454641018274004170e-30 6.534696870235023070e-30
4.672846025133141068e-01 3.904505943673444068e-29 1.566443107933489662e-29 1.566443107933489662e-29 5.081610422826448621e-30
4.672846025133146064e-01 4.612506810124824669e-30 2.860065896753635822e-29 2.860065896753635822e-29 1.242792791400405746e-29
4.743056948744908130e-01 3.038254571599296420e-29 -9.336513236910892287e-30 -9.336513236910892287e-30 -6.434882126555557519e-30
4.743056948744911461e-01 4.173197617330286008e-29 1.822144625820458778e-29 1.822144625820458778e-29 7.663930672925143825e-30
4.757219513627842788e-01 -8.668097320643587032e-31 2.299849982807241022e-31 2.299849982807241022e-31 3.304225470749136622e-31
4.757219513627848895e-01 3.617305790917462022e-30 5.698576558411224651e-30 5.698576558411224651e-30 7.097869414119969691e-30
4.777872586112134057e-01 -3.874766324449449540e-29 5.852323843386435097e-29 5.852323843386435097e-29 3.753930916195094871e-29
4.777872586112142939e-01 1.024326025464942998e-29 2.710546296508548468e-29 2.710546296508548468e-29 1.260685199528529507e-29
4.794926022094596618e-01 -3.166962407355649096e-29 1.190843196854112887e-29 1.190843196854112887e-29 6.303939668143332686e-30
4.794926022094611606e-01 -3.581411948060328443e-29 2.594735747808645299e-29 2.594735747808645299e-29 2.001850045860547224e-29
4.797968382539411492e-01 -2.112650744578919614e-29 -2.784643343202912474e-29 -2.784643343202912474e-29 -1.467624635935525539e-29
4.797968382539414822e-01 2.891249714757716137e-30 1.874772478012747240e-29 1.874772478012747240e-29 9.340836007914235620e-30
4.802597945400279844e-01 -6.068664809354574954e-30 8.746161870520731875e-29 8.746161870520731875e-29 5.023951139501332226e-29
4.802597945400291501e-01 -4.105338817120754886e-30 -5.872005018357618080e-29 -5.872005018357618080e-29 -2.719195201378305735e-29
4.821299346716818590e-01 3.380818846197603611e-29 8.815027082713850154e-29 8.815027082713850154e-29 5.237455540139231355e-29
4.821299346716844125e-01 2.924566324499869855e-29 9.639030639281716965e-30 9.639030639281716965e-30 3.964481414595941888e-30
4.894984259074255384e-01 3.693336564379153158e-29 -2.543791256543977531e-29 -2.543791256543977531e-29 -2.547968581926141803e-29
4.894984259074259270e-01 -1.235539752615111255e-29 -3.974404079946608573e-29 -3.974404079946608573e-29 -2.917308533648227623e-29
4.907497524582080106e-01 4.038986336678750002e-29 1.932164545900349403e-29 1.932164545900349403e-29 9.217614307836979217e-30
4.907497524582100645e-01 -1.858935970376275643e-29 -1.001859693958614333e-29 -1.001859693958614333e-29 -4.231125642408696951e-30
4.917164705677778969e-01 1.251233910933957676e-29 -3.682501924813890664e-29 -3.682501924813890664e-29 -2.037143905536566200e-29
4.917164705677786740e-01 1.041212740458796256e-29 4.118443730506400394e-30 4.118443730506400394e-30 2.108729583712319301e-30
4.924154305336594373e-01 5.712773808575274881e-30 4.504324120240942649e-30 4.504324120240942649e-30 3.157700630035649789e-30
4.924154305336608806e-01 -3.328704916398913941e-30 -1.862366686308271876e-29 -1.862366686308271876e-29 -5.959639476636792224e-30
4.934059777154631288e-01 1.881848128072823059e-29 -7.376364049137260832e-29 -7.376364049137260832e-29 -4.028710771007094278e-29
4.934059777154643500e-01 -1.009987862069644803e-29 -1.544128220269752747e-29 -1.544128220269752747e-29 -1.142656898417160286e-29
4.936685457895301221e-01 4.433160087613776034e-29 7.878129809607762194e-29 7.878129809607762194e-29 4.116249046095531197e-29
4.936685457895321205e-01 5.019695383128755232e-29 1.905766516264601461e-29 1.905766516264601461e-29 7.375272926872678524e-30
4.955751920564794855e-01 2.620425149115277304e-29 8.837479674749855472e-30 8.837479674749855472e-30 3.884826910720847784e-30
4.955751920564803736e-01 7.290882329758855604e-30 1.297618392927183850e-29 1.297618392927183850e-29 1.014713277839201813e-29
4.957557241635511813e-01 1.024937298325523435e-29 -1.201978946201490082e-29 -1.201978946201490082e-29 -7.563086362993032923e-30
4.957557241635529577e-01 -1.312097653327665354e-29 7.587133363710874533e-30 7.587133363710874533e-30 3.618188004410324474e-30
4.964550054831299297e-01 -6.579196498466803212e-29 -3.836744407252338072e-29 -3.836744407252338072e-29 -1.867065903590096103e-29
4.964550054831310955e-01 -5.650891085623746520e-30 4.439053695379029684e-30 4.439053695379029684e-30 3.262021756173504822e-30
4.986749464454469649e-01 1.676528185618788838e-29 -2.142541438454670208e-29 -2.142541438454670208e-29 -1.354442886894435182e-29
4.986749464454469649e-01 5.091552701177240692e-29 6.323883806554196158e-29 6.323883806554196158e-29 3.110749891207209026e-29
5.001568091170613961e-01 9.319606178328944974e-29 5.218261969456801757e-29 5.218261969456801757e-29 2.655106831439571806e-29
5.001568091170619512e-01 1.214693993253711461e-28 -2.065576068954930245e-28 -2.065576068954930245e-28 -1.175552789006882607e-28
5.019559512560602954e-01 9.128737307133458722e-29 2.707025469555031532e-29 2.707025469555031532e-29 6.903242012060308934e-30
5.019559512560612946e-01 5.163992383199736119e-29 4.021142993849733526e-29 4.021142993849733526e-29 1.934599693845122315e-29
5.024233884761909463e-01 6.653959662317705838e-29 3.047021256150936159e-29 3.047021256150936159e-29 1.484422296094823191e-29
5.024233884761925006e-01 1.652829287971044925e-29 -4.433587217987904299e-29 -4.433587217987904299e-29 -2.239074384908478320e-29
5.069974238802110733e-01 -1.564704994456809567e-29 -2.966243694575995821e-29 -2.966243694575995821e-29 -1.437974338097130100e-29
5.069974238802121835e-01 -2.243347312991889005e-29 1.317826640640160041e-28 1.317826640640160041e-28 7.418466550868171126e-29
5.080274368854081901e-01 2.033767018071802829e-28 7.665969263007191923e-29 7.665969263007191923e-29 3.035499334160671567e-29
5.080274368854094114e-01 -1.272342633855583257e-28 -5.900128177956946112e-29 -5.900128177956946112e-29 -2.182437398688923263e-29
5.083746377969686758e-01 -1.145380176685175082e-28 -1.988850841935244899e-28 -1.988850841935244899e-28 -9.709610285738691443e-29
5.083746377969707853e-01 5.205328704375678904e-31 -2.540892395348560428e-30 -2.540892395348560428e-30 3.679308040981052876e-30
5.103420039284661813e-01 1.789442025212653082e-29 5.119267279435285771e-30 5.119267279435285771e-30 2.501449607913104218e-30
5.103420039284680687e-01 -5.364187471880087125e-29 -1.341913830703358609e-28 -1.341913830703358609e-28 -6.228870803664272108e-29
5.115697112614731035e-01 1.091711150562401390e-28 2.099445339725139606e-28 2.099445339725139606e-28 1.087107264998341636e-28
5.115697112614733255e-01 1.726940285198502519e-28 -4.110563556140241312e-29 -4.110563556140241312e-29 -3.724634933428895232e-29
5.123926275736604419e-01 -9.351846321726372694e-29 -1.746722587369142209e-28 -1.746722587369142209e-28 -9.251122620574572122e-29
5.123926275736611080e-01 2.699395841090539198e-29 3.773549914578376597e-29 3.773549914578376597e-29 3.997724383424736321e-30
5.137607050355749161e-01 6.488421091892492489e-29 1.182605973358934833e-28 1.182605973358934833e-28 6.166863534869516224e-29
5.137607050355752492e-01 9.988205406030131804e-29 4.132814912831310345e-29 4.132814912831310345e-29 1.490171734984821499e-29
5.151477828059014552e-01 -3.388062338650596546e-29 -5.572577560372135749e-29 -5.572577560372135749e-29 -2.778336181290877799e-29
5.151477828059042308e-01 -1.549933373072612277e-29 -3.616083548165425857e-29 -3.616083548165425857e-29 -1.602779556583798305e-29
5.186037800454108559e-01 9.679049907329388120e-30 -1.307056999625798516e-29 -1.307056999625798516e-29 -7.567584502474113614e-30
5.186037800454117441e-01 -2.623179302472461995e-31 2.971881975956687554e-31 2.971881975956687554e-31 6.627476505903918095e-30
5.212954833742464711e-01 7.708119165496044194e-30 -1.280581475610743852e-29 -1.280581475610743852e-29 -5.595257127915905534e-30
5.212954833742471372e-01 3.468088113402146688e-29 6.928053201639938743e-29 6.928053201639938743e-29 3.713820376934000471e-29
5.233428344018616896e-01 -1.080915331543801082e-30 -1.370537659277754990e-29 -1.370537659277754990e-29 -8.951893546202586045e-30
5.233428344018650202e-01 -7.333421132837361834e-29 -1.169820956106620277e-28 -1.169820956106620277e-28 -6.223085107764077420e-29
