-9.958521070223844140e-02 -3.320721848462868542e-03 2.695327343285105800e-09 2.695327343285105800e-09 -3.318174144010083496e-03
-9.958521070223839977e-02 -7.573050169375527066e-04 2.695332642819476769e-09 2.695332642819476769e-09 -7.547573125001654989e-04
-3.127042531881008697e-02 3.510083432869628289e-02 -1.551109056670946922e-08 -1.551109056670946922e-08 3.508617280688056117e-02
-3.127042531880996901e-02 -2.542627773737115779e-02 -1.551109264667177559e-08 -1.551109264667177559e-08 -2.544093925916305135e-02
-2.645584656163355031e-02 -1.103384747496695644e-29 -8.642493393883282869e-30 -8.642493393883282869e-30 7.894547591315820549e-30
-2.645584656163341500e-02 1.926643252104043030e-29 -3.776989370780441264e-29 -3.776989370780441264e-29 -1.183138493391472718e-29
-2.302842127286164331e-02 2.437568380858134668e-27 1.058327659249563829e-27 1.058327659249563829e-27 8.978523431639234843e-27
-2.302842127286143514e-02 3.468531002901016025e-27 1.040519832536132638e-27 1.040519832536132638e-27 -6.700903752388473005e-29
-2.287527676686160194e-02 -1.561978844618846715e-02 1.289656199867910071e-08 1.289656199867910071e-08 -1.560759824810563183e-02
-2.287527676686146663e-02 1.181608166370394508e-02 1.289656376413131405e-08 1.289656376413131405e-08 1.182827186178702326e-02
-2.085384609460276539e-02 2.619429508559560001e-29 1.420145050293771271e-28 1.420145050293771271e-28 -1.029409803648431217e-27
-2.085384609460250172e-02 2.869121317471396268e-27 -2.082268675519687181e-27 -2.082268675519687181e-27 -7.559685332215834953e-28
-2.001731430067172496e-02 -4.156805624641414232e-01 8.592506932630837158e-07 8.592506932630837158e-07 -4.148683742128220220e-01
-2.001731430067142312e-02 4.335727138515813595e-01 8.592506900561068632e-07 8.592506900561068632e-07 4.343849021027746393e-01
-1.639978855232052460e-02 2.410696841034688509e-01 -1.856973040615011460e-07 -1.856973040615011460e-07 2.408941577241080767e-01
-1.639978855232038235e-02 -2.547307043772563118e-01 -1.856973162481120769e-07 -1.856973162481120769e-07 -2.549062307566661301e-01
-1.142944957899865929e-02 9.538205052364405194e-28 3.571211207039867220e-28 3.571211207039867220e-28 -5.177856399805918520e-27
-1.142944957899842337e-02 4.125466758304423145e-26 -2.970020709177614733e-27 -2.970020709177614733e-27 -1.709528718859753527e-27
-8.048824077775733332e-03 -9.778672690244487598e+00 -8.006289658220824319e-06 -8.006289658220824319e-06 -9.786240463441105319e+00
-8.048824077775481797e-03 1.017959690969682462e+01 -8.006290159102958008e-06 -8.006290159102958008e-06 1.017202913649770402e+01
3.023923322891721166e-01 -3.620202803980528369e-32 -3.220325791419692812e-32 -3.220325791419692812e-32 -2.012241455242459937e-32
3.023923322891721166e-01 -2.078303049391067535e-32 -1.205091486602016382e-32 -1.205091486602016382e-32 -6.932759262911819598e-33
3.036454475450423574e-01 -5.309396403016300444e-31 -4.871921124800416137e-31 -4.871921124800416137e-31 -3.204258730906245188e-31
3.036454475450423574e-01 -6.371287714315018111e-34 2.372416968275221167e-33 2.372416968275221167e-33 1.901047868575446018e-33
3.057326259190640272e-01 -9.785789591978358945e-32 -7.254375345644474587e-32 -7.254375345644474587e-32 -4.711110020419348149e-32
3.057326259190640827e-01 -1.600703179944165500e-31 -1.602447705066893153e-31 -1.602447705066893153e-31 -7.617544933407512394e-32
3.086518482009586450e-01 1.055181475713482857e-30 6.823636323816498077e-31 6.823636323816498077e-31 3.252609410330232599e-32
3.086518482009587006e-01 2.889035586580523066e-32 5.089754643427202220e-33 5.089754643427202220e-33 1.120457953639642891e-32
3.124002902317032371e-01 4.447750436891487810e-30 3.327947233942414928e-30 3.327947233942414928e-30 1.068156156615113732e-30
3.124002902317032926e-01 7.629930128132354993e-31 1.066471207012157749e-30 1.066471207012157749e-30 5.119063394024160114e-31
3.143119646030094749e-01 -9.101644887752289015e-34 3.302981060177629434e-33 3.302981060177629434e-33 1.317339007078627500e-32
3.143119646030095860e-01 3.164581542234986421e-31 3.107352922624243855e-31 3.107352922624243855e-31 1.508413318361590553e-31
3.155650798588796047e-01 1.140908351881888461e-31 3.335262792864992329e-32 3.335262792864992329e-32 -1.209140245153160403e-31
3.155650798588797712e-01 1.431751613298746112e-32 3.532658384402674078e-32 3.532658384402674078e-32 8.342936800357022020e-32
3.169743256357222538e-01 -2.808568910121456095e-31 -1.778807136819038573e-31 -1.778807136819038573e-31 -5.999429615804960219e-32
3.169743256357225869e-01 1.920644098185591169e-31 2.351336550813164743e-31 2.351336550813164743e-31 2.742635806400277421e-31
3.176522582329013300e-01 2.463973536721249370e-31 1.672862115588158896e-32 1.672862115588158896e-32 -7.764626287414394804e-33
3.176522582329014410e-01 -1.119943591187027345e-31 -1.631497392059417441e-31 -1.631497392059417441e-31 -4.913686818132122758e-32
3.205714805147958923e-01 -3.026150545903961073e-31 -1.355449567648577504e-31 -1.355449567648577504e-31 -6.696242273473875480e-32
3.205714805147960034e-01 1.438587063333102283e-31 1.173365852807579042e-31 1.173365852807579042e-31 1.147426727193343888e-31
3.223695293291723440e-01 7.266722868152127699e-32 2.266395038063607771e-32 2.266395038063607771e-32 -5.132800419076353428e-32
3.223695293291726216e-01 -4.003211470845371706e-31 -4.203460509416799792e-31 -4.203460509416799792e-31 -3.544873538532233092e-31
3.243199225455404289e-01 1.762468721959090653e-31 1.205651845380645773e-31 1.205651845380645773e-31 2.547143362598310130e-32
3.243199225455407619e-01 -4.278028874009405821e-31 -4.360485359482126088e-31 -4.360485359482126088e-31 -1.470025720174194591e-31
3.285806818009234798e-01 -4.889949554976439607e-31 -5.964201018131590966e-31 -5.964201018131590966e-31 1.237091218639520652e-31
3.285806818009239794e-01 -1.566998994047210869e-31 -1.632447120399792754e-31 -1.632447120399792754e-31 -1.597528604771378058e-31
3.288939579495605003e-01 3.303750642048929892e-31 1.801622927619700255e-31 1.801622927619700255e-31 -8.471496636843607341e-32
3.288939579495605559e-01 -8.594089114682113895e-31 -8.313311187289242310e-31 -8.313311187289242310e-31 -4.505365918987313669e-31
3.341652052967041819e-01 8.037792652037088287e-31 7.686087900332155731e-31 7.686087900332155731e-31 3.494344645430095567e-31
3.341652052967042374e-01 -1.640604420920920360e-30 -1.363766155066954249e-30 -1.363766155066954249e-30 -6.906915345952643771e-31
3.342891616430100910e-01 -9.390131758227217640e-32 -7.317320082679643438e-32 -7.317320082679643438e-32 -6.849314669542011733e-32
3.342891616430103130e-01 4.854914407228270422e-32 2.902157356235027236e-32 2.902157356235027236e-32 1.588516141489072156e-32
3.354183205525740896e-01 -6.963755346464818879e-31 -5.128002899294046946e-31 -5.128002899294046946e-31 -7.927656231063244042e-33
3.354183205525747558e-01 -2.601982008043797272e-31 -1.467031204991188479e-31 -1.467031204991188479e-31 -4.509612380462755584e-32
3.356017741621002415e-01 1.344114385858923966e-30 8.700410800694637961e-31 8.700410800694637961e-31 1.302580665454192671e-31
3.356017741621004080e-01 -1.643201449967316675e-30 -1.657940457889933692e-30 -1.657940457889933692e-30 -1.207888646535392033e-30
3.375054989265949823e-01 -2.153982652889731587e-31 -1.163638874500874268e-31 -1.163638874500874268e-31 -3.745179505126739432e-32
3.375054989265957595e-01 -1.140248206969660849e-30 -1.119515671258241628e-30 -1.119515671258241628e-30 -6.963515643872789198e-31
3.404247212084898777e-01 9.604422561727319534e-34 2.384152546911892350e-33 2.384152546911892350e-33 9.477715429336148124e-33
3.404247212084905994e-01 -1.830104522353923216e-31 -1.013985041738082289e-31 -1.013985041738082289e-31 -4.413230552294208844e-32
3.405003141147610601e-01 7.621103751889983089e-32 2.719348631252517004e-31 2.719348631252517004e-31 3.346755290085149010e-31
3.405003141147612267e-01 5.658446720948702453e-31 2.364869693882044387e-31 2.364869693882044387e-31 2.243230659726349132e-31
3.434260139592923977e-01 -3.332514704095064629e-31 -4.685337965588514763e-31 -4.685337965588514763e-31 -1.172794580388312744e-31
3.434260139592926198e-01 -3.418800660456915906e-31 -2.541529142460331100e-31 -2.541529142460331100e-31 2.443669057952931118e-31
3.441731632392346918e-01 2.237606883514904248e-31 3.120700003488762252e-31 3.120700003488762252e-31 -1.540591048812573698e-31
3.441731632392358020e-01 -6.635015953979689630e-32 -2.094392345045348410e-31 -2.094392345045348410e-31 -1.144833605145551554e-31
3.475214064759373223e-01 -6.287799000221185795e-31 -8.440264969934017974e-31 -8.440264969934017974e-31 -8.686180742305725823e-32
3.475214064759379329e-01 -8.564141966823236361e-32 -1.406930785411978528e-31 -1.406930785411978528e-31 -9.695073182619526544e-33
3.487471986432547633e-01 -2.303071814459576699e-31 7.710757931210186184e-32 7.710757931210186184e-32 2.305062775887717463e-32
3.487471986432548188e-01 7.112282364012906029e-31 6.644182832873868804e-31 6.644182832873868804e-31 2.686310769023886251e-31
3.520458317458166064e-01 3.323929224512314412e-31 7.397174751030671236e-31 7.397174751030671236e-31 3.581073290357038059e-31
3.520458317458181607e-01 -3.540115703497797083e-31 -1.916095413843904518e-31 -1.916095413843904518e-31 -7.518302694079852679e-32
3.541424023367042428e-01 -5.143186823797926619e-31 -4.751521323829734258e-31 -4.751521323829734258e-31 -3.364658262583459044e-31
3.541424023367042984e-01 -2.337384429062209243e-30 -2.721001133580999242e-30 -2.721001133580999242e-30 -1.301921168416121802e-30
3.553456462731298116e-01 -1.235903439636309860e-31 -8.191026893322819657e-32 -8.191026893322819657e-32 -9.461738981845963242e-32
3.553456462731303112e-01 -8.021892261559049927e-32 7.483626907710898457e-33 7.483626907710898457e-33 2.304245524902465635e-31
3.603535548084542128e-01 -2.734331704880259505e-30 -1.975300069258285687e-30 -1.975300069258285687e-30 -6.516497987501224564e-31
3.603535548084543239e-01 1.394722881718315366e-30 1.546969952116811709e-30 1.546969952116811709e-30 7.915048870842056013e-31
3.614528884046701585e-01 -5.170883788196559225e-31 -6.046865552101422150e-31 -6.046865552101422150e-31 -2.725970479012776592e-31
3.614528884046704915e-01 2.381710718636503431e-31 7.663312629220956451e-32 7.663312629220956451e-32 1.854672486895180578e-32
3.619328476420836105e-01 -3.052458834571424831e-31 -2.988191596508195468e-31 -2.988191596508195468e-31 -2.350551637642776423e-31
3.619328476420849983e-01 -3.616542814664819749e-31 -1.169341975395672231e-31 -1.169341975395672231e-31 4.831593822014152082e-32
3.631859628979558496e-01 -6.057831197818755490e-31 -7.688929601946314041e-31 -7.688929601946314041e-31 -3.315824851691463662e-31
3.631859628979564603e-01 -1.410981719682338879e-31 -2.261827377243259181e-31 -2.261827377243259181e-31 -1.522856644616764156e-31
3.639654640596555746e-01 -4.654745955499836323e-31 -2.808577634842488147e-31 -2.808577634842488147e-31 -1.115431897541543821e-31
3.639654640596564628e-01 9.247354318737340333e-32 3.355559950179097870e-31 3.355559950179097870e-31 -1.766936383468260621e-31
3.652731412719768533e-01 -1.239751714805963075e-30 -8.804249565215543557e-31 -8.804249565215543557e-31 -3.965812092173650029e-31
3.652731412719769089e-01 5.734190918360429734e-31 2.964176937459119658e-31 2.964176937459119658e-31 1.144494231759454293e-31
3.673746471696315297e-01 -1.539024992070715221e-30 -1.176826188184838329e-30 -1.176826188184838329e-30 -7.027998706198543546e-31
3.673746471696335836e-01 9.656520712242574982e-31 8.973927837075433485e-31 8.973927837075433485e-31 4.310331933602622236e-31
3.681923635538716932e-01 -7.796323916793758928e-32 -2.693894437805675991e-31 -2.693894437805675991e-31 -3.212373574886187753e-31
3.681923635538720818e-01 2.211176445750636228e-31 4.597353001394718845e-32 4.597353001394718845e-32 -2.609709528103543206e-32
3.716380832160769976e-01 -2.340461067387152155e-30 -1.336713319833324364e-30 -1.336713319833324364e-30 -6.797904932267916810e-31
3.716380832160773307e-01 -1.182881073094830178e-31 -1.015924779024162753e-31 -1.015924779024162753e-31 -3.431507299420927998e-32
3.719408055846161187e-01 2.918438830654623872e-30 1.866100084419979715e-30 1.866100084419979715e-30 1.120970759098210100e-30
3.719408055846172290e-01 -3.254025902965247367e-30 -2.262301265879723046e-30 -2.262301265879723046e-30 -9.856975731052147734e-31
3.733725207185066841e-01 -1.319402771911791661e-30 -1.557645347558021923e-30 -1.557645347558021923e-30 -4.327840698798687478e-32
3.733725207185071282e-01 -5.094293763960823622e-32 9.811873238031319504e-32 9.811873238031319504e-32 5.212987361779965266e-32
3.751988869668250182e-01 2.183122813688260901e-30 2.381832533531525436e-30 2.381832533531525436e-30 1.229468115065835283e-30
3.751988869668252402e-01 -3.596701580387968131e-30 -4.118812535182976910e-30 -4.118812535182976910e-30 -2.122209831037522883e-30
3.765148409886355241e-01 2.786353418893334789e-30 2.642903053127638881e-30 2.642903053127638881e-30 8.940627873577784290e-31
3.765148409886363567e-01 -2.346891698635316914e-30 -2.051994643520855738e-30 -2.051994643520855738e-30 -1.434754295860083463e-30
3.819100446820862249e-01 -5.608249024017904095e-31 -2.930967793280177328e-31 -2.930967793280177328e-31 -3.863324008859583926e-32
3.819100446820867800e-01 6.036375778201595350e-31 5.381694564864853917e-31 5.381694564864853917e-31 3.161748162052571404e-31
3.825915626618556220e-01 1.663808414782624157e-30 7.315285496642864370e-31 7.315285496642864370e-31 2.797077461649925655e-31
3.825915626618579535e-01 -5.485950376681287269e-31 -5.595178070299168860e-31 -5.595178070299168860e-31 3.238050978714373812e-34
3.835577155299144669e-01 -2.440496139717465128e-30 -8.475608777448028436e-31 -8.475608777448028436e-31 -2.835309726282254925e-31
3.835577155299152996e-01 7.747909619320401498e-31 7.088654413814589390e-31 7.088654413814589390e-31 1.267414505691400310e-30
3.838187047533509477e-01 2.083499251955682697e-30 1.653463701455321367e-30 1.653463701455321367e-30 9.374264410111950570e-31
3.838187047533519469e-01 -1.309345558389776154e-31 5.655522475060027257e-32 5.655522475060027257e-32 8.670559690352739917e-32
3.881211971538351957e-01 -3.189100919864645816e-31 -3.393015427858820971e-31 -3.393015427858820971e-31 -1.478763187517844584e-31
3.881211971538381933e-01 -6.931107264963385970e-31 -3.795571938510534730e-31 -3.795571938510534730e-31 -1.208735919080452126e-31
3.932257614122017242e-01 3.115137033892603576e-30 3.176236569136503750e-30 3.176236569136503750e-30 1.896720940341789749e-30
3.932257614122027789e-01 -1.139006335809730660e-31 1.181699824966513342e-31 1.181699824966513342e-31 4.805507723773109582e-32
3.943027299580677547e-01 -1.506362788830328376e-31 -4.508233704571293061e-31 -4.508233704571293061e-31 -1.455478420297595016e-31
3.943027299580684208e-01 -3.066027652072044817e-31 -1.530548673963326404e-31 -1.530548673963326404e-31 -7.337093520702291723e-32
3.945111949756949787e-01 -8.077853139052982794e-31 -3.214128185991331383e-30 -3.214128185991331383e-30 -1.505568242179265316e-30
3.945111949756962000e-01 -1.475216362690196152e-31 1.615402782472159835e-32 1.615402782472159835e-32 3.688839736160042198e-32
3.951422895150134007e-01 -4.463103450304409097e-32 5.024953103090197329e-31 5.024953103090197329e-31 8.228064404772105690e-31
3.951422895150147330e-01 -4.696701555658257199e-30 -4.339462339958714526e-30 -4.339462339958714526e-30 -2.248717177233441194e-30
3.975880282385287345e-01 -2.451348083876286870e-32 5.494255720639719782e-32 5.494255720639719782e-32 1.257557385081507720e-31
3.975880282385305664e-01 -7.777127226442745712e-30 -4.464258513229060167e-30 -4.464258513229060167e-30 -1.949158161532146332e-30
3.988411434943968104e-01 -1.402997700458841790e-31 -4.065978132720908482e-31 -4.065978132720908482e-31 2.356618545649695366e-31
3.988411434944009182e-01 7.896293965379134242e-30 3.151371345954749149e-30 3.151371345954749149e-30 1.621563760871777987e-30
4.009283218684208672e-01 -5.446324230283415721e-30 -4.077339357328065655e-30 -4.077339357328065655e-30 -1.516372612967155893e-30
4.009283218684208672e-01 5.589414902529943850e-30 -1.005232559017836648e-29 -1.005232559017836648e-29 -3.553147431585426212e-30
4.029665293122068892e-01 3.010830671126012119e-30 3.532086391275639710e-30 3.532086391275639710e-30 1.579370252212129319e-30
4.029665293122071112e-01 -8.410146474314340664e-30 2.242011848410819488e-29 2.242011848410819488e-29 1.265801633874533692e-29
4.034109562236091739e-01 5.556228650175552698e-31 -4.165486893291994455e-30 -4.165486893291994455e-30 -2.063848186101670697e-30
4.034109562236104507e-01 1.097046284456567428e-29 9.902509861612648042e-30 9.902509861612648042e-30 3.801898905177693502e-30
4.038475441503160956e-01 -4.040771275692135147e-30 -4.057693516326499807e-30 -4.057693516326499807e-30 -2.552672054849219851e-30
4.038475441503169283e-01 8.560735449992150500e-30 -1.974295039997875932e-29 -1.974295039997875932e-29 -3.577855013794063224e-30
4.062223622719046690e-01 -2.730605663942620830e-31 -8.798392983779839972e-31 -8.798392983779839972e-31 -3.467791924938743324e-31
4.062223622719079441e-01 -1.925521029172864370e-31 4.908709226847341939e-31 4.908709226847341939e-31 3.030819802983763776e-31
4.067602553067025672e-01 3.756783788627242435e-31 3.844257544697553206e-31 3.844257544697553206e-31 4.868613103280381393e-31
4.067602553067046767e-01 9.929439378946231400e-30 -2.730194704213536098e-29 -2.730194704213536098e-29 -1.700728887924541157e-29
4.075959861810608542e-01 3.259877687075620183e-31 2.497543758916103001e-31 2.497543758916103001e-31 1.080533068056295071e-31
4.075959861810614093e-01 -7.381864620957143037e-32 -2.663371330851651286e-30 -2.663371330851651286e-30 -1.783651520921062442e-30
4.115863470987324302e-01 1.874366890507039035e-29 2.556473643929758599e-29 2.556473643929758599e-29 1.329201829741740184e-29
4.115863470987336514e-01 -6.145865685485852596e-32 -8.026200894192208901e-32 -8.026200894192208901e-32 -5.299975289674957449e-32
4.121700215850795379e-01 1.420351705597374679e-31 -1.161001640615112601e-30 -1.161001640615112601e-30 -9.646713867662360196e-31
4.121700215850825355e-01 8.949635120414324669e-32 4.234151795671423620e-31 4.234151795671423620e-31 3.028684092058917068e-31
4.143644356693881869e-01 7.926533447740116149e-30 1.818327247075056621e-29 1.818327247075056621e-29 9.678789064383522032e-30
4.143644356693907960e-01 2.603867878691444570e-30 2.454796474797193557e-30 2.454796474797193557e-30 1.514170507944635806e-30
4.175652252785297391e-01 -1.234146630045606262e-29 -1.147780323942654054e-29 -1.147780323942654054e-29 -6.195583195085111285e-30
4.175652252785315710e-01 -3.686741175322814001e-30 -7.083756202202665964e-30 -7.083756202202665964e-30 -3.535383969518410511e-30
4.186798876205393150e-01 -1.184261163582366564e-30 -3.561152464463133446e-30 -3.561152464463133446e-30 -3.826149996050732870e-30
4.186798876205403142e-01 -1.793007484813010929e-31 -1.092686376266313446e-31 -1.092686376266313446e-31 -6.468903747342762417e-32
4.199520868565448373e-01 3.101311809480126862e-30 2.524747814260490206e-30 2.524747814260490206e-30 6.991129613377935292e-31
4.199520868565449483e-01 -2.159021003650702200e-30 -2.357092271123810247e-30 -2.357092271123810247e-30 -1.011023974053075145e-30
4.209934037575824850e-01 3.801520966731285988e-30 2.476229737190241783e-30 2.476229737190241783e-30 1.452359121656437912e-30
4.209934037575837618e-01 2.030034688516431283e-30 -2.025122911465314789e-29 -2.025122911465314789e-29 -1.060939859841592529e-29
4.237763777502808749e-01 -9.974079453704112247e-31 1.384129929744530496e-30 1.384129929744530496e-30 8.546578705747140429e-31
4.237763777502820961e-01 -6.511192943252521129e-31 -6.163728935342242896e-31 -6.163728935342242896e-31 -3.913419012333276332e-31
4.260756029656004862e-01 8.082376937396752952e-30 -4.913778988153527853e-29 -4.913778988153527853e-29 -2.714942198894693135e-29
4.260756029656016519e-01 3.339393309919866590e-30 3.444057600384695879e-30 3.444057600384695879e-30 1.805739195525111819e-30
4.307974701114576366e-01 -2.246701445538930351e-31 -1.534679428466570358e-31 -1.534679428466570358e-31 -1.402704212888785620e-32
4.307974701114580807e-01 -3.774143786259166641e-30 1.270989120024008014e-30 1.270989120024008014e-30 1.192501017732607497e-30
4.311785985689922107e-01 5.913439807994800202e-30 2.294552913949334940e-29 2.294552913949334940e-29 1.150244202459450143e-29
4.311785985689922107e-01 3.123535848779693107e-30 2.948685917179317842e-30 2.948685917179317842e-30 1.115670143510435355e-30
4.318717191703819736e-01 6.839709653975587108e-32 9.364936295568111260e-32 9.364936295568111260e-32 2.468835985446776320e-32
4.318717191703840275e-01 -2.333108756932604095e-31 1.008805423705774045e-30 1.008805423705774045e-30 1.054764012525788287e-30
4.338654623625469720e-01 1.905627268751639870e-31 4.229510062627949816e-32 4.229510062627949816e-32 -1.257960547574822911e-31
4.338654623625501361e-01 -2.896456941113342576e-30 6.574553532622457357e-31 6.574553532622457357e-31 5.733530049191844521e-31
4.385331283142355208e-01 1.555481032491052836e-31 -2.121112525233962003e-32 -2.121112525233962003e-32 -5.140476876852267529e-32
4.385331283142356318e-01 1.906317423284889767e-29 1.803593494576301302e-29 1.803593494576301302e-29 1.090999814273891922e-29
4.386217099086509030e-01 5.008508768176019055e-31 6.230027477890791392e-31 6.230027477890791392e-31 2.643460243702228909e-31
4.386217099086510696e-01 -7.900060145375841658e-30 -2.001056742695312567e-30 -2.001056742695312567e-30 -5.150306216718966455e-31
4.410962530015608563e-01 5.237509918932285175e-30 3.982345889035109100e-30 3.982345889035109100e-30 2.302049963554318070e-30
4.410962530015617999e-01 4.589691705613191343e-30 1.892179064972825959e-29 1.892179064972825959e-29 1.218852900453945139e-29
4.421320780147708351e-01 -2.140639091405601433e-30 -3.050660627507994447e-29 -3.050660627507994447e-29 -1.704888077472954159e-29
4.421320780147715013e-01 -1.645977515978436880e-31 4.101153125303276670e-30 4.101153125303276670e-30 2.938216544840864243e-30
4.423493682574324848e-01 -6.722463563999364298e-32 8.398506342210500461e-31 8.398506342210500461e-31 8.740190968739678875e-31
4.423493682574355379e-01 1.601519397403189605e-29 1.043537874930576890e-29 1.043537874930576890e-29 3.239279277092773037e-30
4.444365466314545987e-01 1.910653778049882169e-30 2.598322096637193821e-30 2.598322096637193821e-30 1.679774705723637596e-30
4.444365466314566526e-01 -5.344700037876344274e-31 5.643032329029954086e-30 5.643032329029954086e-30 2.776736186286086600e-30
4.457850946763859401e-01 3.448224131905095753e-31 -6.151909051897600839e-31 -6.151909051897600839e-31 -7.028084554302240738e-31
4.457850946763872724e-01 2.848831686232088944e-30 2.584198987170188968e-31 2.584198987170188968e-31 -5.160725706015058103e-31
4.472415276951761109e-01 -2.036645377529723531e-30 -3.914088570274683967e-29 -3.914088570274683967e-29 -2.208504381715363887e-29
4.472415276951767771e-01 -1.893414578277067040e-30 -4.099093298705173581e-30 -4.099093298705173581e-30 -2.286088978805466092e-30
4.473557689133484949e-01 -1.128927043217075175e-29 -1.317793392267037230e-29 -1.317793392267037230e-29 -6.253597264240582299e-30
4.473557689133487170e-01 1.782524575187481868e-29 -1.306183647966198111e-29 -1.306183647966198111e-29 -9.077114868297281554e-30
4.484869215324955860e-01 -2.601803012821819967e-30 -1.083422129595082710e-30 -1.083422129595082710e-30 -5.644607056403453356e-31
4.484869215324964742e-01 6.182712553900337981e-30 2.049268777959591654e-29 2.049268777959591654e-29 1.100840264704021632e-29
4.511042109440943082e-01 -1.589356822468871820e-29 3.467411261926775607e-29 3.467411261926775607e-29 1.970654918866263255e-29
4.511042109440949188e-01 2.181635266086579544e-30 9.858676838738449101e-30 9.858676838738449101e-30 6.076232296844115528e-30
4.517249598640769026e-01 -1.797900877266389756e-31 3.935028192856961204e-29 3.935028192856961204e-29 2.236668482268992861e-29
4.517249598640779573e-01 -1.070855482738698127e-30 1.523910482047397374e-30 1.523910482047397374e-30 9.521299589424566030e-31
4.538432453109816356e-01 5.975186224912052086e-30 -6.920872809063130336e-30 -6.920872809063130336e-30 -4.344605127747543123e-30
4.538432453109828568e-01 -7.594506742025891413e-30 4.552235255626915066e-29 4.552235255626915066e-29 2.136205597284986852e-29
4.556782463481136580e-01 -2.451191471224968469e-30 1.730341343728970087e-29 1.730341343728970087e-29 8.386259372090659742e-30
4.556782463481143797e-01 3.989233629128453060e-31 -1.242201948018977606e-30 -1.242201948018977606e-30 8.372649303075059855e-32
4.566485843540286638e-01 7.043317778962243520e-30 -3.880509140339020586e-30 -3.880509140339020586e-30 -2.290808486115120383e-30
4.566485843540292189e-01 4.284582650491767298e-30 2.026051558849270770e-30 2.026051558849270770e-30 5.698718193018472986e-31
4.604065538463325558e-01 -5.390463232295029150e-30 -3.441663374774530540e-30 -3.441663374774530540e-30 -2.757538617187138437e-30
4.604065538463327778e-01 -3.435878606828109516e-29 1.198434969463202181e-28 1.198434969463202181e-28 6.213073139624244301e-29
4.610734500415627490e-01 -4.510031143846806060e-32 1.823536892429656640e-29 1.823536892429656640e-29 9.789430358897919247e-30
4.610734500415639703e-01 -1.017586250713804855e-29 3.488113644624101243e-30 3.488113644624101243e-30 3.438788016865136833e-30
4.638023190489489744e-01 1.432598407134454836e-29 2.531445487847802836e-29 2.531445487847802836e-29 1.450945891846023326e-29
4.638023190489494740e-01 2.722532648268514892e-30 -1.370675832627787393e-29 -1.370675832627787393e-29 -1.136400260497284733e-29
4.656383353700819794e-01 2.189353334873127180e-30 -3.195701450590979119e-30 -3.195701450590979119e-30 -3.007552184925791295e-30
4.656383353700821459e-01 6.629956092184552635e-32 4.950758747030621276e-32 4.950758747030621276e-32 -3.118058576735489731e-31
4.663007706596168367e-01 -5.674420026766869778e-30 1.718419969214587346e-29 1.718419969214587346e-29 1.050280486073953667e-29
4.663007706596187241e-01 2.200229602887685855e-32 -4.630824727221857080e-32 -4.630824727221857080e-32 4.120046366850480643e-31
4.668337791654335600e-01 -5.824244373051418559e-30 -9.101269683414364727e-30 -9.101269683414364727e-30 -4.761361416161529068e-30
4.668337791654351143e-01 -8.450286689378691680e-30 -6.934606577397969942e-30 -6.934606577397969942e-30 -3.552548022023871397e-30
4.672846025133131076e-01 -2.467446760240127667e-30 1.330059144864844107e-29 1.330059144864844107e-29 8.920132681121535976e-30
4.672846025133157721e-01 1.170994007459887320e-30 9.957698841843223741e-30 9.957698841843223741e-30 4.810800206320220176e-30
4.743056948744898138e-01 7.138375159298560997e-30 2.508844428760290464e-30 2.508844428760290464e-30 4.296364498361537045e-31
4.743056948744907020e-01 4.689630704299487398e-30 9.211093925990360773e-30 9.211093925990360773e-30 4.777938673264950694e-30
4.757219513627848340e-01 -8.072944790225605673e-31 1.022380339247420901e-30 1.022380339247420901e-30 -8.337303345785337463e-31
4.757219513627860552e-01 -1.576197481230775088e-30 1.343027123061198779e-29 1.343027123061198779e-29 8.090291218213737335e-30
4.777872586112141828e-01 3.742640724264006306e-29 -3.908539095915532092e-29 -3.908539095915532092e-29 -2.136975263724446504e-29
4.777872586112159592e-01 -2.983900223846182021e-30 1.527848358424238814e-30 1.527848358424238814e-30 1.423780554480590062e-31
4.794926022094566642e-01 6.641119901470027239e-30 2.738760188881387368e-30 2.738760188881387368e-30 5.642809716504357797e-31
4.794926022094594398e-01 -9.745517717195000706e-30 -3.635896751433252668e-29 -3.635896751433252668e-29 -1.958358187099553346e-29
4.797968382539407051e-01 1.183291309302366914e-30 -1.297243765262523715e-29 -1.297243765262523715e-29 -6.644852493060257634e-30
4.797968382539414822e-01 1.192809725325228929e-30 -1.616185860732077626e-29 -1.616185860732077626e-29 -8.821107781357255682e-30
4.802597945400264301e-01 -4.153067379643250491e-30 -6.011573308237279267e-30 -6.011573308237279267e-30 -3.433515828094750616e-30
4.802597945400279844e-01 -7.824912604936203062e-30 -2.229889326702660099e-30 -2.229889326702660099e-30 -3.285437754703815894e-31
