-3.868925337810553144e-01 7.241339809633744011e-04 9.967832104281948775e-11 9.967832104281948775e-11 7.242281998446444598e-04
-3.868925337810549814e-01 -2.517937432189853173e-04 9.967877702360619359e-11 9.967877702360619359e-11 -2.516995243371570028e-04
-3.859059071091766047e-01 -8.758358596502328067e-29 3.512489025895885313e-28 3.512489025895885313e-28 5.068740574324309580e-28
-3.859059071091763826e-01 6.255584879246267818e-29 -1.994875880183314433e-29 -1.994875880183314433e-29 -4.200322370742719238e-28
-3.851158322956417246e-01 -2.556383825799391874e-06 1.375324969980896532e-12 1.375324969980896532e-12 -2.555083864428426109e-06
-3.851158322956414470e-01 6.366329761557613011e-06 1.375308556804586935e-12 1.375308556804586935e-12 6.367629722850622522e-06
-3.850019863713867174e-01 2.873734023967396761e-28 3.477715496357110733e-28 3.477715496357110733e-28 -4.758438458707954717e-28
-3.850019863713864954e-01 7.971960449629554944e-29 9.036751742804073152e-29 9.036751742804073152e-29 1.059920698716232494e-28
-3.840951557679639361e-01 -3.892046063499653026e-28 3.900277284313415553e-28 3.900277284313415553e-28 -2.522326246705945462e-29
-3.840951557679638251e-01 3.389202707068757103e-29 2.829432327043563656e-28 2.829432327043563656e-28 1.823171040217738793e-28
-3.839618041984196872e-01 -7.090208145757551311e-29 2.669755648904816740e-28 2.669755648904816740e-28 3.359246608902383192e-29
-3.839618041984194097e-01 -4.265886457511729197e-27 2.290221833004615781e-27 2.290221833004615781e-27 -3.509467007645839548e-28
-3.837213326183709916e-01 -3.181913923966761906e-04 2.300606713082020529e-10 2.300606713082020529e-10 -3.179739325871346186e-04
-3.837213326183707696e-01 -3.746393305962542183e-04 2.300598834285507937e-10 2.300598834285507937e-10 -3.744218707878166894e-04
-3.833478187385250258e-01 -2.974828116627379837e-29 8.492276457650801037e-30 8.492276457650801037e-30 9.265668369881106425e-29
-3.833478187385245262e-01 1.136457914132079181e-27 -1.016034794802497363e-27 -1.016034794802497363e-27 5.414774004662977075e-28
-3.825681846884672610e-01 -4.240521344111874871e-04 1.148257030512658629e-10 1.148257030512658629e-10 -4.239435974714967324e-04
-3.825681846884670945e-01 -6.608174036996457192e-04 1.148255187626344590e-10 1.148255187626344590e-10 -6.607088667611041646e-04
-3.809347031026811825e-01 1.161736302363707821e-05 2.033983664402312447e-11 2.033983664402312447e-11 1.163658871294345095e-05
-3.809347031026811270e-01 7.539393453837308040e-05 2.033958734682802110e-11 2.033958734682802110e-11 7.541316022840106761e-05
-3.804039659842158860e-01 -8.606273940258892325e-28 1.261411265068680867e-27 1.261411265068680867e-27 -6.252134476713732495e-28
-3.804039659842156640e-01 -3.883839728119972252e-27 -2.437479152712390950e-27 -2.437479152712390950e-27 4.832592903863599149e-28
-3.803853350585339466e-01 -4.229353604195973133e-05 7.568406289113838197e-12 7.568406289113838197e-12 -4.228638231366874123e-05
-3.803853350585337245e-01 7.949171439765456370e-06 7.568254513341862632e-12 7.568254513341862632e-12 7.956325166787264161e-06
-3.801707337404037212e-01 -6.467380199502431452e-05 2.231299630064177848e-11 2.231299630064177848e-11 -6.465271168773679576e-05
-3.801707337404035547e-01 9.618625400344573524e-05 2.231233029674649456e-11 2.231233029674649456e-11 9.620734431089775457e-05
-3.795223875380383527e-01 -5.495636337131418375e-06 2.536147318316340587e-12 2.536147318316340587e-12 -5.493239060264532630e-06
-3.795223875380380196e-01 -3.610758633095204795e-06 2.536375738781741912e-12 2.536375738781741912e-12 -3.608361355525448568e-06
-3.787124174564855950e-01 3.724881060755749603e-07 6.109929715703463397e-14 6.109929715703463397e-14 3.725458757645197648e-07
-3.787124174564853729e-01 -3.341069153947745791e-07 6.105422032569951360e-14 6.105422032569951360e-14 -3.340491457854693475e-07
-3.784854492290911643e-01 8.490371398577132761e-29 -3.576786035192193224e-29 -3.576786035192193224e-29 -1.148157041263814629e-29
-3.784854492290907202e-01 -2.328677792484011880e-30 1.003355567018007091e-28 1.003355567018007091e-28 1.351943235385307118e-29
-3.780434888757813749e-01 2.296031043547762470e-28 -1.726243646515145264e-28 -1.726243646515145264e-28 -9.317911316004562182e-29
-3.780434888757810974e-01 5.163805828517571547e-28 9.190539164873970918e-29 9.190539164873970918e-29 4.365571197471570111e-28
-3.769092389440934499e-01 -1.232622981034464226e-03 4.670554796483211275e-10 4.670554796483211275e-10 -1.232181507824268692e-03
-3.769092389440932278e-01 1.807250022210551369e-03 4.670555251911799048e-10 4.670555251911799048e-10 1.807691495415268646e-03
-3.763034258102720964e-01 -4.371012106401244443e-04 1.902907195956619141e-10 1.902907195956619141e-10 -4.369213424619158132e-04
-3.763034258102715968e-01 3.172406209575903517e-04 1.902915127653172383e-10 1.902915127653172383e-10 3.174204891354235778e-04
-3.753947410199801049e-01 3.049544887173631753e-26 4.673277978443479392e-27 4.673277978443479392e-27 2.346200030456597263e-26
-3.753947410199795498e-01 -1.467536517091783758e-26 -6.873324311150431138e-28 -6.873324311150431138e-28 -9.505286896425157335e-27
-3.753746795062392061e-01 2.245990664350819592e-04 8.407110223488741181e-11 8.407110223488741181e-11 2.246785324061009422e-04
-3.753746795062389841e-01 2.347924427199066241e-05 8.407129263135544758e-11 8.407129263135544758e-11 2.355871023861902305e-05
-3.752265470760658972e-01 1.785876992981592307e-27 1.532465206516499947e-27 1.532465206516499947e-27 2.179088456258013035e-27
-3.752265470760657307e-01 -1.801750610038987336e-27 3.555043799468651348e-28 3.555043799468651348e-28 -1.286297565507201969e-27
-3.748273319015426042e-01 2.317028168370744416e-08 4.634984913038967810e-14 4.634984913038967810e-14 2.321408211451055118e-08
-3.748273319015423266e-01 2.887083013458496671e-07 4.635539602097172179e-14 4.635539602097172179e-14 2.887521018172517845e-07
-3.743598757619793771e-01 -4.720708440957329073e-28 9.675313960717577610e-29 9.675313960717577610e-29 2.308619308970237093e-28
-3.743598757619789885e-01 -8.860530731589247915e-29 1.558282037069354461e-28 1.558282037069354461e-28 -2.456654615764855313e-28
-3.736346915165761340e-01 -8.050173066707980163e-04 4.356752422454359856e-10 4.356752422454359856e-10 -8.046054908838626502e-04
-3.736346915165758009e-01 1.561860692720523506e-03 4.356793529558284224e-10 4.356793529558284224e-10 1.562272508506105245e-03
-3.733111259839098639e-01 -2.080543984967184697e-05 6.004718091243448262e-12 6.004718091243448262e-12 -2.079976327365070635e-05
-3.733111259839095863e-01 2.084596789908872553e-05 6.005569884351934929e-12 6.005569884351934929e-12 2.085164447476347033e-05
-3.730670486603137048e-01 1.835055783618610758e-27 3.280514283566904830e-28 3.280514283566904830e-28 -1.126360383578774035e-27
-3.730670486603132607e-01 -2.032997717327185093e-28 2.941670122659291762e-28 2.941670122659291762e-28 -1.156149286739387660e-27
-3.727552492371188908e-01 3.639821976529358360e-03 8.160285701131067773e-10 8.160285701131067773e-10 3.640593312943501535e-03
-3.727552492371188353e-01 -4.960176236930020043e-03 8.160291517911860611e-10 8.160291517911860611e-10 -4.959404900519773923e-03
-3.722968210432930358e-01 7.313644188503011219e-05 2.184259807475526475e-11 2.184259807475526475e-11 7.315708777999164038e-05
-3.722968210432928693e-01 -1.131970003753066453e-04 2.184204528008550107e-11 2.184204528008550107e-11 -1.131763544804592836e-04
-3.721306686306720124e-01 -3.721452825670239738e-04 1.110555240272742936e-10 1.110555240272742936e-10 -3.720403110505150117e-04
-3.721306686306719014e-01 7.417222652482559743e-04 1.110555823563677201e-10 1.110555823563677201e-10 7.418272367659244906e-04
-3.714151283829864592e-01 -9.351993911104874353e-29 -3.385785998731731646e-29 -3.385785998731731646e-29 1.028052095414796989e-28
-3.714151283829863481e-01 5.326565391139467031e-28 1.470832370091226460e-28 1.470832370091226460e-28 -2.945655831038293219e-28
-3.707757287558987591e-01 4.816276931647011772e-28 -2.389538931275072512e-28 -2.389538931275072512e-28 -1.664962860154331094e-29
-3.707757287558986481e-01 -1.116051812901909247e-28 -5.157743853681030554e-29 -5.157743853681030554e-29 -1.960546749024289647e-29
-3.697753250167007399e-01 1.731758128975138557e-07 2.269880556790071932e-13 2.269880556790071932e-13 1.733903781132403782e-07
-3.697753250167002959e-01 3.482862986627757213e-07 2.269952169613214947e-13 2.269952169613214947e-13 3.485008639440363624e-07
-3.684398951603229944e-01 3.529602841583828631e-28 1.123955265327690209e-28 1.123955265327690209e-28 -2.697471887654411332e-28
-3.684398951603227168e-01 4.690324346268440126e-28 -1.717013236275760395e-28 -1.717013236275760395e-28 -7.707228650683083941e-30
-3.672254022284944797e-01 -1.834859056152981903e-06 -2.874718560317095881e-12 -2.874718560317095881e-12 -1.837576071839299863e-06
-3.672254022284943131e-01 -3.315612289120091134e-06 -2.874858444537534347e-12 -2.874858444537534347e-12 -3.318329304346282374e-06
-3.670650265170986581e-01 -3.869512454640574614e-28 2.728879468514588129e-28 2.728879468514588129e-28 -2.327554371879290587e-28
-3.670650265170984361e-01 -2.897837985235547917e-29 -1.271170210479955086e-28 -1.271170210479955086e-28 -2.557828892972291105e-28
-3.656279887187339761e-01 -5.626847337934497331e-28 -2.042148036253930432e-28 -2.042148036253930432e-28 8.554606945921150943e-29
-3.656279887187338096e-01 -1.722682294644485221e-27 -3.880398777968825936e-31 -3.880398777968825936e-31 3.179423058509968836e-27
-3.654869564125320935e-01 7.044644280688132755e-05 -1.079495060648881721e-11 -1.079495060648881721e-11 7.043623890782162763e-05
-3.654869564125320380e-01 4.752287257499595842e-05 -1.079491788472039991e-11 -1.079491788472039991e-11 4.751266867562155526e-05
-3.653819578090564124e-01 1.714742234302836327e-28 2.001186258800968926e-29 2.001186258800968926e-29 1.074643208902238875e-28
-3.653819578090560793e-01 1.351363798263043277e-27 -2.086678054082287638e-27 -2.086678054082287638e-27 3.428071382936506748e-27
-3.648254950435527721e-01 5.094033277500897800e-28 1.365281266212888603e-28 1.365281266212888603e-28 6.830318678761920126e-28
-3.648254950435527166e-01 3.743209939466792955e-29 4.721111195514327657e-29 4.721111195514327657e-29 4.280254522086958195e-28
-3.640948920337055972e-01 1.167413702471781108e-28 3.572808424211115242e-28 3.572808424211115242e-28 7.453369447271195609e-28
-3.640948920337052641e-01 -1.136067088070914809e-28 -8.356465483937274302e-29 -8.356465483937274302e-29 3.018254172058892244e-29
-3.639221294587704492e-01 -3.376196288473755743e-05 -1.124365504959341947e-11 -1.124365504959341947e-11 -3.377259091586688505e-05
-3.639221294587703381e-01 1.226764059568374200e-05 -1.124381525863885150e-11 -1.124381525863885150e-11 1.225701256558689502e-05
-3.616191587163172239e-01 4.892433657541788550e-27 2.952413126352380347e-27 2.952413126352380347e-27 2.209656787006576020e-27
-3.616191587163170018e-01 -1.581665295452802715e-25 -3.207911371179304570e-27 -3.207911371179304570e-27 -4.937990690533179405e-26
-3.616087692499820316e-01 -1.322072548859809093e-04 -2.676361630286772219e-11 -2.676361630286772219e-11 -1.322325548547670349e-04
-3.616087692499820316e-01 1.020059705595476645e-05 -2.676614676365550988e-11 -2.676614676365550988e-11 1.017529708747099768e-05
-3.605683149418983935e-01 7.726349987014760604e-06 -1.192715814788632855e-12 -1.192715814788632855e-12 7.725222587153339268e-06
-3.605683149418982825e-01 1.956877595449061288e-06 -1.192728636674488217e-12 -1.192728636674488217e-12 1.955750195933501292e-06
-3.599116993228215766e-01 3.741731725908911062e-29 8.613018323436037905e-29 8.613018323436037905e-29 1.262889135745629705e-28
-3.599116993228212991e-01 5.183030412526015720e-28 3.881371860059824727e-28 3.881371860059824727e-28 -1.233354396856987291e-27
-3.596888581839922661e-01 2.250591278528275223e-28 4.446248759544603695e-28 4.446248759544603695e-28 -1.422332264882435503e-27
-3.596888581839920995e-01 6.989434381922055821e-28 7.546200904828893923e-29 7.546200904828893923e-29 -1.738634864174003469e-28
-3.592468114890579045e-01 -1.244808662444801459e-04 4.606075164365478127e-11 4.606075164365478127e-11 -1.244373283361605075e-04
-3.592468114890577935e-01 9.070829648501579131e-05 4.606057508573751884e-11 4.606057508573751884e-11 9.075183439622947705e-05
-3.590642293783986028e-01 -5.305398134074372064e-28 2.140378903743562042e-28 2.140378903743562042e-28 -8.249023624744080275e-29
-3.590642293783984917e-01 -5.616549097484864643e-29 4.798743740882969373e-28 4.798743740882969373e-28 -9.042212681049945275e-28
-3.588696993921381972e-01 -1.069393127935768917e-05 -1.099013269843656209e-11 -1.099013269843656209e-11 -1.070431897055827194e-05
-3.588696993921380862e-01 -4.716040194161995032e-05 -1.099038540276704209e-11 -1.099038540276704209e-11 -4.717078963505455877e-05
-3.576311587755321431e-01 3.637458880953070871e-05 7.100384804831784936e-12 7.100384804831784936e-12 3.638130056368749402e-05
-3.576311587755317545e-01 -2.359346537438945167e-05 7.100651578954204179e-12 7.100651578954204179e-12 -2.358675362076747956e-05
-3.571400834344704567e-01 1.086004443489419429e-05 -3.202493317667675079e-12 -3.202493317667675079e-12 1.085701737412151292e-05
-3.571400834344704012e-01 -1.736164511131034079e-05 -3.202468972208032383e-12 -3.202468972208032383e-12 -1.736467217195221147e-05
-3.560326898584838529e-01 1.104921079155899484e-28 -7.917737240180813100e-29 -7.917737240180813100e-29 -6.048088890835646687e-29
-3.560326898584836308e-01 -1.577327288726904044e-29 -3.947317775647502124e-29 -3.947317775647502124e-29 -4.885929662834492835e-29
-3.556646167200694930e-01 -7.909648108706908356e-05 1.601341342771568573e-11 1.601341342771568573e-11 -7.908134478772377307e-05
-3.556646167200693265e-01 -2.991099516050935714e-05 1.601341326444581030e-11 1.601341326444581030e-11 -2.989585886102681377e-05
-3.556253522082921115e-01 -6.861636394028949747e-28 9.797824449823056877e-28 9.797824449823056877e-28 -5.924084687052821578e-28
-3.556253522082921115e-01 -2.180929541011576931e-27 1.643149609901343297e-27 1.643149609901343297e-27 -1.681471671972090850e-27
-3.551737284092507108e-01 5.775857151796233140e-06 -1.165976152515252320e-12 -1.165976152515252320e-12 5.774755044668748755e-06
-3.551737284092507108e-01 -8.351454034487106113e-06 -1.166335286762765951e-12 -1.166335286762765951e-12 -8.352556140036055662e-06
-3.551487740125382486e-01 -9.766441300324752504e-28 4.870866252216430783e-28 4.870866252216430783e-28 -1.059362754154286876e-28
-3.551487740125382486e-01 -6.278431082926789655e-29 -2.456096568164429835e-28 -2.456096568164429835e-28 5.160173344777845330e-28
-3.542735221415189706e-01 -2.063680446308575523e-08 3.875163108654502560e-13 3.875163108654502560e-13 -2.027053500245385180e-08
-3.542735221415188596e-01 -1.307546461797664326e-06 3.875515083494559962e-13 3.875515083494559962e-13 -1.307180192389855481e-06
-3.539887621973080711e-01 3.160195893489055635e-28 1.072444086677661539e-28 1.072444086677661539e-28 2.796299055491412665e-29
-3.539887621973079046e-01 -7.723171012083731792e-29 1.232478548609569130e-28 1.232478548609569130e-28 1.462792199694028745e-28
-3.519767771265807643e-01 7.453844517258572670e-29 7.343245227512513555e-29 7.343245227512513555e-29 1.659225839257646054e-29
-3.519767771265807088e-01 4.411791360785658146e-29 3.694531844639827197e-29 3.694531844639827197e-29 1.811561716360686542e-29
-3.517346265114314474e-01 7.993511488925694322e-29 3.445360401487579901e-30 3.445360401487579901e-30 -1.510459985041897408e-30
-3.517346265114313919e-01 1.036892321185177282e-28 4.378161668593963933e-29 4.378161668593963933e-29 -3.282995017248775925e-29
-3.501672471829842537e-01 -2.730148375181750228e-05 3.835419934937895489e-12 3.835419934937895489e-12 -2.729785839438781365e-05
-3.501672471829841982e-01 1.452155950208806757e-05 3.835477451935817378e-12 3.835477451935817378e-12 1.452518485942880248e-05
-3.497720156761875421e-01 7.134664728921747478e-29 -7.773419090155183788e-29 -7.773419090155183788e-29 1.124541065967330079e-28
-3.497720156761874866e-01 1.164925530377513332e-28 -8.890512548415103563e-29 -8.890512548415103563e-29 5.940962876585082160e-29
-3.496323405322251388e-01 1.907406880847716071e-30 -2.729489121857693489e-29 -2.729489121857693489e-29 3.820894098648156200e-29
-3.496323405322251388e-01 -3.569593140970227227e-30 7.116780461275064029e-30 7.116780461275064029e-30 3.318340631149345760e-29
-3.480514474788971024e-01 -3.815033693321067404e-30 -1.807546830963499259e-29 -1.807546830963499259e-29 1.094236256097325861e-28
-3.480514474788969359e-01 -5.556420172084998317e-29 -1.614455207453190538e-29 -1.614455207453190538e-29 3.227980329497059989e-30
-3.475184740595626542e-01 -2.979193993533619825e-05 -8.287252718908801318e-12 -8.287252718908801318e-12 -2.979977297936927760e-05
-3.475184740595624322e-01 2.721423812619888489e-05 -8.287180718841792053e-12 -8.287180718841792053e-12 2.720640508274527094e-05
-3.471410074355499309e-01 -2.402324637059980409e-28 2.620624565253207215e-29 2.620624565253207215e-29 4.353851409919005241e-28
-3.471410074355499309e-01 -1.052023546574584918e-27 2.797987680250874681e-28 2.797987680250874681e-28 1.027412744755876970e-27
-3.470271794724160697e-01 -9.996898118445118466e-06 -3.284784235264391002e-12 -3.284784235264391002e-12 -1.000000316741014026e-05
-3.470271794724159586e-01 1.207745844528605649e-05 -3.284840015235414769e-12 -3.284840015235414769e-12 1.207435339471038969e-05
-3.466547242035503684e-01 5.309970715163301722e-28 -2.551115535426628260e-28 -2.551115535426628260e-28 -7.295053202419728214e-28
-3.466547242035503129e-01 5.630537033861074778e-28 -2.138348146350649273e-29 -2.138348146350649273e-29 -1.297311189404752673e-28
-3.450185471531375114e-01 1.973193746713313653e-28 1.120021021538827679e-28 1.120021021538827679e-28 1.816781746233541483e-29
-3.450185471531374004e-01 -6.871205573469283235e-29 -3.168760528600274236e-29 -3.168760528600274236e-29 1.059258712911542088e-29
-3.446060380729557560e-01 -2.006606078557639260e-04 -4.859880065548039755e-11 -4.859880065548039755e-11 -2.007065444541119886e-04
-3.446060380729555339e-01 1.421986406191073048e-04 -4.859840300243032239e-11 -4.859840300243032239e-11 1.421527040227105350e-04
-3.444832499609615239e-01 3.270740097573865819e-28 3.950576474701381084e-28 3.950576474701381084e-28 4.599144780911148965e-28
-3.444832499609614129e-01 3.015092648226228102e-29 2.622086505397819317e-28 2.622086505397819317e-28 5.632467269355995201e-28
-3.441236187468644792e-01 4.567053177646075892e-27 1.155962464846206327e-27 1.155962464846206327e-27 -4.013945823262116241e-27
-3.441236187468641461e-01 1.142260203231970325e-27 -3.679791085833095832e-28 -3.679791085833095832e-28 1.490613211866288556e-28
-3.439853739181674697e-01 -2.403176542220951276e-04 -4.960931988955184497e-11 -4.960931988955184497e-11 -2.403645464844056520e-04
-3.439853739181670811e-01 -1.536977422765717534e-04 -4.960863220021657519e-11 -4.960863220021657519e-11 -1.537446345369567347e-04
-3.437253922079405166e-01 5.238681889158103289e-05 -7.231385697088328171e-12 -7.231385697088328171e-12 5.237998370047354361e-05
-3.437253922079404611e-01 -4.971270529432312191e-05 -7.230762091696337908e-12 -7.230762091696337908e-12 -4.971954048676573840e-05
-3.426444430776945937e-01 2.003134108378124974e-07 6.010941583865875218e-13 6.010941583865875218e-13 2.008814740172969252e-07
-3.426444430776945937e-01 2.123133605409461955e-06 6.010332475230386272e-13 6.010332475230386272e-13 2.123701668919116517e-06
-3.419987067101141198e-01 -2.753049760887786559e-25 1.244663818693501965e-26 1.244663818693501965e-26 -3.830364221754553310e-25
-3.419987067101139533e-01 1.515326018953624249e-27 -4.970732312952677072e-27 -4.970732312952677072e-27 5.523272920700103305e-27
-3.419883397108649525e-01 -2.627472058657288716e-03 7.333417624216160717e-10 7.333417624216160717e-10 -2.626778882719019593e-03
-3.419883397108647305e-01 2.683387865248890083e-03 7.333350762347973869e-10 7.333350762347973869e-10 2.684081041198159521e-03
-3.412538516543874856e-01 1.392747253099254216e-27 -1.338395353195982669e-27 -1.338395353195982669e-27 1.088680022375019523e-27
-3.412538516543873746e-01 4.211461543587612675e-28 -1.314365915916125478e-27 -1.314365915916125478e-27 2.884782751398072609e-27
-3.408040533241620262e-01 6.733235622736279168e-06 -3.037129505569515429e-12 -3.037129505569515429e-12 6.730364550660069394e-06
-3.408040533241618042e-01 1.942612591308456153e-05 -3.037262091936200643e-12 -3.037262091936200643e-12 1.942325484212332578e-05
-3.405284755681479703e-01 5.686519939580089270e-29 -5.676564789498699008e-30 -5.676564789498699008e-30 4.176268740840086933e-28
-3.405284755681479147e-01 4.603432202148760336e-28 1.193521968239717268e-29 1.193521968239717268e-29 -2.404391514325785725e-28
-3.391396786950762743e-01 3.805884974595873889e-06 1.195597080757062561e-12 1.195597080757062561e-12 3.807014787710521407e-06
-3.391396786950762188e-01 3.823155221605700733e-06 1.195488782460015887e-12 1.195488782460015887e-12 3.824285034652299742e-06
-3.386859283801858522e-01 6.523188596945326400e-28 3.324111417706173442e-28 3.324111417706173442e-28 7.413558468597563334e-29
-3.386859283801857967e-01 -9.498385726293147961e-29 1.761923043755647578e-29 1.761923043755647578e-29 -5.630747084004159846e-29
-3.382075790075602661e-01 3.202096179796612739e-29 -3.088527055496845468e-29 -3.088527055496845468e-29 -1.082029501715607428e-28
-3.382075790075600441e-01 -2.194519535459947151e-28 3.518376875081896773e-29 3.518376875081896773e-29 1.805533522704073267e-29
-3.369342168991081854e-01 -1.768887881472855312e-05 -3.404667917706537589e-12 -3.404667917706537589e-12 -1.769209687491558997e-05
-3.369342168991080189e-01 -1.567491322699868060e-06 -3.404545840957235387e-12 -3.404545840957235387e-12 -1.570709383074863630e-06
-3.363771458344274601e-01 -2.058212563205161021e-04 -2.822867423828518498e-11 -2.822867423828518498e-11 -2.058479391224620023e-04
-3.363771458344272935e-01 6.304712941819764290e-05 -2.822950395378117373e-11 -2.822950395378117373e-11 6.302044661792946425e-05
-3.363428779233134103e-01 -3.904360783560433190e-27 -1.006058002767517847e-27 -1.006058002767517847e-27 1.752841285483403650e-26
-3.363428779233132992e-01 -6.796507393230303832e-28 -2.005559286317135600e-28 -2.005559286317135600e-28 -4.608444257416864991e-29
-3.361137798256937370e-01 9.909130913974864801e-05 -4.569118845067908825e-11 -4.569118845067908825e-11 9.904812051334659377e-05
-3.361137798256936260e-01 2.830376137056113211e-04 -4.569047234897615299e-11 -4.569047234897615299e-11 2.829944250802620678e-04
-3.358677910034414960e-01 2.026071443049263593e-05 -2.754487776013149148e-11 -2.754487776013149148e-11 2.023467855825501530e-05
-3.358677910034412739e-01 3.801078030835011734e-05 -2.754478334491414100e-11 -2.754478334491414100e-11 3.798474443716246858e-05
-3.348018021283804546e-01 1.372145553255960321e-05 -3.950757554365355431e-12 -3.950757554365355431e-12 1.371772125229478057e-05
-3.348018021283804546e-01 2.830372120039706743e-05 -3.950823598578794231e-12 -3.950823598578794231e-12 2.829998692016137595e-05
-3.347595482476397599e-01 1.906310533532817037e-27 1.973157284494259486e-28 1.973157284494259486e-28 1.148961936423856727e-28
-3.347595482476397044e-01 4.638972353053808203e-28 -1.094260234942976958e-28 -1.094260234942976958e-28 -3.138391885471252342e-29
-3.325969196326164501e-01 2.557100327179940885e-04 4.703848100657208758e-11 4.703848100657208758e-11 2.557544958611277842e-04
-3.325969196326163946e-01 -2.602656342599423940e-04 4.704021125226251736e-11 4.704021125226251736e-11 -2.602211711160152792e-04
-3.324516879099985722e-01 -2.989557375575783110e-27 1.967380462867236173e-27 1.967380462867236173e-27 -1.131539746461878517e-27
-3.324516879099983502e-01 -4.982317897201751474e-29 -1.426039269557349326e-28 -1.426039269557349326e-28 2.644946582661471030e-28
-3.321624549369678325e-01 1.805440254323023870e-05 2.689869709258795323e-12 2.689869709258795323e-12 1.805694489417062915e-05
-3.321624549369673329e-01 -3.673035057046826346e-06 2.689568840628147827e-12 2.689568840628147827e-12 -3.670492705888042424e-06
-3.316835325009332980e-01 4.855196635099330720e-29 4.003265629322683727e-29 4.003265629322683727e-29 -4.678767884299329861e-30
-3.316835325009327984e-01 -9.446599434144685649e-28 -7.825204542592766562e-28 -7.825204542592766562e-28 -1.644535554604494315e-27
-3.307788936973258820e-01 -2.465262330629951289e-07 -6.115403112045075203e-14 -6.115403112045075203e-14 -2.465840345811397732e-07
-3.307788936973253824e-01 1.079765568687973054e-07 -6.114478546305573019e-14 -6.114478546305573019e-14 1.079187553431684765e-07
-3.299408430202793174e-01 -1.262620244446815203e-05 4.682289025727984448e-12 4.682289025727984448e-12 -1.262177601036161786e-05
-3.299408430202792064e-01 1.827673238208177490e-05 4.683769831978655695e-12 4.683769831978655695e-12 1.828115881591148515e-05
-3.288755088684723327e-01 3.760966884043827997e-05 1.970527787807510957e-11 1.970527787807510957e-11 3.762829548637757355e-05
-3.288755088684719441e-01 -4.340107634474859753e-05 1.970783098958054605e-11 1.970783098958054605e-11 -4.338244969731061806e-05
-3.276747768056369470e-01 -6.983736364300175900e-04 -2.412048126815585842e-10 -2.412048126815585842e-10 -6.986016281971548598e-04
-3.276747768056367249e-01 -1.078229917424016956e-03 -2.412028192341057200e-10 -2.412028192341057200e-10 -1.078457909193419233e-03
-3.276253804670402059e-01 1.965444441078850449e-26 2.965034063284801462e-27 2.965034063284801462e-27 -7.526287706409052240e-27
-3.276253804670399838e-01 -1.077543203060943176e-26 -3.501907548628581161e-27 -3.501907548628581161e-27 -1.765982102674434845e-26
-3.274069663769261784e-01 -6.176996669800397341e-28 -9.630506631349793799e-28 -9.630506631349793799e-28 -7.593811503020700442e-28
-3.274069663769255123e-01 1.976585584792890469e-27 -1.379233554866032408e-28 -1.379233554866032408e-28 -1.135339471581820214e-27
-3.265009212064119426e-01 1.324350842666173131e-04 5.714437893926548847e-11 5.714437893926548847e-11 1.324890991241709599e-04
-3.265009212064117761e-01 1.938180874353939741e-04 5.714452515854326907e-11 5.714452515854326907e-11 1.938721022939570403e-04
-3.263540334434805734e-01 -6.568684673380810308e-28 2.999926462550645730e-28 2.999926462550645730e-28 2.121565284820524694e-28
-3.263540334434801293e-01 1.419045503607387417e-28 -3.039240443707399050e-28 -3.039240443707399050e-28 -7.916743190642167610e-29
-3.258407403599802299e-01 -3.138715468551927847e-28 -3.263107334546992824e-28 -3.263107334546992824e-28 -6.052687987353765858e-29
-3.258407403599801744e-01 -3.740065689701580644e-27 8.284896600846550874e-28 8.284896600846550874e-28 1.467572694509729000e-27
-3.251654459667590591e-01 -1.775547376263557963e-05 -3.172876695387914161e-12 -3.172876695387914161e-12 -1.775847257048271361e-05
-3.251654459667586705e-01 7.409095689001466912e-06 -3.172678390014616587e-12 -3.172678390014616587e-12 7.406096882299414748e-06
-3.246652123261456468e-01 -1.217861821607538612e-28 -1.769517151016032978e-28 -1.769517151016032978e-28 7.306869364543630800e-28
-3.246652123261452028e-01 1.238274835752587424e-28 1.515669277454156302e-28 1.515669277454156302e-28 1.586536437635609142e-28
-3.244170904489301899e-01 -6.132482599386215925e-06 4.586272385040675888e-12 4.586272385040675888e-12 -6.128147094012391860e-06
-3.244170904489299678e-01 1.478282188836879638e-06 4.586688841885007063e-12 4.586688841885007063e-12 1.482617693996864943e-06
-3.221014416801261659e-01 -8.920414148164199919e-07 -4.644691095857965887e-13 -4.644691095857965887e-13 -8.924807212849610244e-07
-3.221014416801258884e-01 1.273711082780151380e-06 -4.648012590923060967e-13 -4.648012590923060967e-13 1.273271775369835071e-06
-3.212630663203416836e-01 1.978262740015429327e-28 1.925297123681030715e-28 1.925297123681030715e-28 -6.803643451742021439e-28
-3.212630663203413506e-01 -1.055869907791245057e-28 -2.045958728989832789e-28 -2.045958728989832789e-28 4.013573039350656378e-28
-3.209810176590274233e-01 -3.693703840336791475e-04 5.132230140637576027e-11 5.132230140637576027e-11 -3.693218726917544561e-04
-3.209810176590268682e-01 3.539940702040198428e-04 5.132087992308991726e-11 5.132087992308991726e-11 3.540425815446517316e-04
-3.189282343189409064e-01 6.445550641223457544e-29 -1.050759252975161849e-28 -1.050759252975161849e-28 9.431885867151971667e-29
-3.189282343189407953e-01 1.775438094986964949e-28 -1.304176637379456583e-28 -1.304176637379456583e-28 -1.797130967891291931e-28
-3.184993771284771458e-01 1.855464642300470651e-04 2.677450441279558337e-11 2.677450441279558337e-11 1.855717711039402108e-04
-3.184993771284767572e-01 -1.194606794708047464e-04 2.677291590753968165e-11 2.677291590753968165e-11 -1.194353725980587679e-04
-3.183983489213072504e-01 -4.830776441876242334e-05 -7.694863711533730980e-12 -7.694863711533730980e-12 -4.831503690859219753e-05
-3.183983489213068618e-01 5.161351247521391922e-05 -7.694031344305598649e-12 -7.694031344305598649e-12 5.160623998497267676e-05
-3.178013611687316997e-01 -2.437777920558028458e-28 4.466257069089307374e-29 4.466257069089307374e-29 1.359834636048444450e-28
-3.178013611687312556e-01 -8.758664210516874858e-27 7.146131908597776941e-27 7.146131908597776941e-27 -8.199680691850131943e-27
-3.171536248543177505e-01 7.857345596262749632e-29 -3.461875369490119082e-29 -3.461875369490119082e-29 -8.930554888529337158e-29
-3.171536248543175840e-01 2.394570664840303934e-28 -8.136204749211006230e-29 -8.136204749211006230e-29 2.261923430387644084e-28
-3.165859095674535828e-01 -2.320589456605013022e-27 -1.434992282877563861e-28 -1.434992282877563861e-28 9.794165477899258725e-28
-3.165859095674530277e-01 2.157052724123092795e-29 -1.849087886344106931e-29 -1.849087886344106931e-29 1.457506079692756218e-28
-3.164307136759413885e-01 -3.154628518947933101e-28 -4.296659487437531550e-28 -4.296659487437531550e-28 9.829660084180097939e-28
-3.164307136759413330e-01 -4.325475925230493294e-27 -3.147831098628372570e-27 -3.147831098628372570e-27 2.650951147498967625e-27
-3.163854775194508417e-01 -1.442092638889814575e-06 2.729001566890498064e-13 2.729001566890498064e-13 -1.441835517025700134e-06
-3.163854775194505642e-01 1.797582888117775829e-06 2.723077046545668274e-13 2.723077046545668274e-13 1.797840009228231271e-06
-3.163752701226681951e-01 1.613296884330943607e-06 3.585358726699717272e-12 3.585358726699717272e-12 1.616685189726102342e-06
-3.163752701226676955e-01 6.496775443775624852e-06 3.584096222487551059e-12 3.584096222487551059e-12 6.500163750446449934e-06
-3.147465677881721713e-01 1.739983346860738008e-04 5.253208130735677109e-11 5.253208130735677109e-11 1.740479901078005522e-04
-3.147465677881721158e-01 -2.053617748922846305e-04 5.253254610138276621e-11 5.253254610138276621e-11 -2.053121194702004447e-04
-3.144480606261099154e-01 5.467231097464616098e-05 8.256952518079296586e-12 8.256952518079296586e-12 5.468011649499820298e-05
-3.144480606261095268e-01 4.047832303578571692e-05 8.258585275670782843e-12 8.258585275670782843e-12 4.048612855558674704e-05
-3.131179191171290510e-01 -1.896134166500659613e-29 -2.101497209202012695e-30 -2.101497209202012695e-30 -2.508170088617547053e-28
-3.131179191171287179e-01 1.225088018642693249e-27 9.448145064507546847e-28 9.448145064507546847e-28 7.218816937336203346e-29
-3.129331593707829207e-01 -7.212035375128403686e-29 1.657366571717675429e-28 1.657366571717675429e-28 -2.656767711599429556e-28
-3.129331593707829207e-01 -6.225680067613402902e-29 1.838301277759186153e-28 1.838301277759186153e-28 -5.018921922432080890e-29
-3.125070686135763554e-01 6.410490442371831651e-29 2.642088253943597963e-28 2.642088253943597963e-28 -2.641512397784661796e-28
-3.125070686135759668e-01 3.779123666137214413e-28 2.032615849843787224e-28 2.032615849843787224e-28 6.573287602518927784e-29
-3.124353009574668549e-01 6.668900531927939368e-30 -2.408648916602880516e-29 -2.408648916602880516e-29 3.921209915245425750e-29
-3.124353009574660778e-01 1.691431294731275886e-27 9.745605538814760650e-28 9.745605538814760650e-28 -1.462012586461038776e-27
-3.127042531881008697e-02 3.510083432869628289e-02 -1.551109056670946922e-08 -1.551109056670946922e-08 3.508617280688056117e-02
-3.127042531880996901e-02 -2.542627773737115779e-02 -1.551109264667177559e-08 -1.551109264667177559e-08 -2.544093925916305135e-02
-2.645584656163355031e-02 -1.103384747496695644e-29 -8.642493393883282869e-30 -8.642493393883282869e-30 7.894547591315820549e-30
-2.645584656163341500e-02 1.926643252104043030e-29 -3.776989370780441264e-29 -3.776989370780441264e-29 -1.183138493391472718e-29
-2.302842127286164331e-02 2.437568380858134668e-27 1.058327659249563829e-27 1.058327659249563829e-27 8.978523431639234843e-27
-2.302842127286143514e-02 3.468531002901016025e-27 1.040519832536132638e-27 1.040519832536132638e-27 -6.700903752388473005e-29
-2.287527676686160194e-02 -1.561978844618846715e-02 1.289656199867910071e-08 1.289656199867910071e-08 -1.560759824810563183e-02
-2.287527676686146663e-02 1.181608166370394508e-02 1.289656376413131405e-08 1.289656376413131405e-08 1.182827186178702326e-02
-2.085384609460276539e-02 2.619429508559560001e-29 1.420145050293771271e-28 1.420145050293771271e-28 -1.029409803648431217e-27
-2.085384609460250172e-02 2.869121317471396268e-27 -2.082268675519687181e-27 -2.082268675519687181e-27 -7.559685332215834953e-28
-2.001731430067172496e-02 -4.156805624641414232e-01 8.592506932630837158e-07 8.592506932630837158e-07 -4.148683742128220220e-01
-2.001731430067142312e-02 4.335727138515813595e-01 8.592506900561068632e-07 8.592506900561068632e-07 4.343849021027746393e-01
-1.639978855232052460e-02 2.410696841034688509e-01 -1.856973040615011460e-07 -1.856973040615011460e-07 2.408941577241080767e-01
-1.639978855232038235e-02 -2.547307043772563118e-01 -1.856973162481120769e-07 -1.856973162481120769e-07 -2.549062307566661301e-01
-1.142944957899865929e-02 9.538205052364405194e-28 3.571211207039867220e-28 3.571211207039867220e-28 -5.177856399805918520e-27
-1.142944957899842337e-02 4.125466758304423145e-26 -2.970020709177614733e-27 -2.970020709177614733e-27 -1.709528718859753527e-27
-8.048824077775733332e-03 -9.778672690244487598e+00 -8.006289658220824319e-06 -8.006289658220824319e-06 -9.786240463441105319e+00
-8.048824077775481797e-03 1.017959690969682462e+01 -8.006290159102958008e-06 -8.006290159102958008e-06 1.017202913649770402e+01
6.486554464646002716e-01 2.073543644725100803e-28 2.699621130822328902e-29 2.699621130822328902e-29 1.863020859497730808e-28
6.486554464646002716e-01 5.072714913984042780e-29 1.085579013342479988e-29 1.085579013342479988e-29 5.600847332865240102e-29
