0.000000000000000000e+00 -9.490882758357876652e-20 2.255427440096447627e-05 -2.255427440096447627e-05 8.351976827354938773e-20
0.000000000000000000e+00 1.195851227553093802e-19 2.255427440129948119e-05 -2.255427440129948119e-05 7.276343448074387668e-20
0.000000000000000000e+00 9.893726767988251073e-32 1.192747035397491107e-28 -1.192747035397491107e-28 -8.456801318214743378e-31
0.000000000000000000e+00 -2.538828178237731325e-31 5.063160545907966606e-29 -5.063160545907966606e-29 7.725427736954330772e-32
0.000000000000000000e+00 -1.414850451301158326e-19 -8.875470629376838239e-06 8.875470629376838239e-06 -4.737364432446579235e-20
0.000000000000000000e+00 -7.177584031039026352e-20 -8.875470629576948079e-06 8.875470629576948079e-06 6.994766276095624154e-21
0.000000000000000000e+00 3.638726532815313076e-29 2.138895882792520723e-29 -2.138895882792520723e-29 -4.568759005797395562e-30
0.000000000000000000e+00 -8.874377762261089949e-30 5.835585276600670455e-28 -5.835585276600670455e-28 -5.860191265233713106e-29
0.000000000000000000e+00 3.147929621341185521e-30 1.511116070810390407e-29 -1.511116070810390407e-29 4.100180784166527741e-30
0.000000000000000000e+00 3.991891957164457218e-30 1.981263449041578335e-29 -1.981263449041578335e-29 1.278382907977920348e-30
0.000000000000000000e+00 -7.425476211811974256e-20 2.528011642128297228e-05 -2.528011642128297228e-05 4.608916269400539419e-20
0.000000000000000000e+00 4.096814461689367369e-20 2.528011642109539176e-05 -2.528011642109539176e-05 5.121018077111713725e-21
0.000000000000000000e+00 -6.155587571288759690e-20 2.096120562938624191e-04 -2.096120562938624191e-04 -4.103725047525843324e-19
0.000000000000000000e+00 8.310043221239831178e-19 2.096120562936205607e-04 -2.096120562936205607e-04 1.231117514257753623e-18
0.000000000000000000e+00 2.829903885916012495e-31 3.891339758736460726e-27 -3.891339758736460726e-27 -1.046212600294403473e-30
0.000000000000000000e+00 -1.504528580900074724e-30 2.242847827192813624e-26 -2.242847827192813624e-26 -1.192037287786267093e-30
0.000000000000000000e+00 3.285600225763480938e-19 3.392768501423352816e-04 -3.392768501423352816e-04 -1.437450098771523903e-19
0.000000000000000000e+00 1.252635086072328368e-18 3.392768501425154760e-04 -3.392768501425154760e-04 -1.006215069140067719e-18
0.000000000000000000e+00 -4.726573759495954606e-19 2.045299688098467245e-04 -2.045299688098467245e-04 2.055032069346068979e-19
0.000000000000000000e+00 8.220128277384275914e-19 2.045299688113523019e-04 -2.045299688113523019e-04 4.932076966430569785e-19
0.000000000000000000e+00 -6.700515759855165873e-20 2.933538106586663222e-05 -2.933538106586663222e-05 -2.319409301488328361e-20
0.000000000000000000e+00 -2.190553229183422668e-20 2.933538106593213836e-05 -2.933538106593213836e-05 2.319409301488331972e-20
0.000000000000000000e+00 4.568130842944489339e-30 5.215325122402435146e-28 -5.215325122402435146e-28 -4.088876587904594188e-30
0.000000000000000000e+00 1.422551923530153562e-30 1.364972037569151201e-28 -1.364972037569151201e-28 4.342302097196086359e-30
0.000000000000000000e+00 -1.245372773635295774e-19 -3.492890815465759928e-04 3.492890815465759928e-04 -1.141591709165688695e-19
0.000000000000000000e+00 2.464800281153193088e-20 -3.492890815453878156e-04 3.492890815453878156e-04 2.296156051390082097e-19
0.000000000000000000e+00 -1.033233810864863668e-31 -3.801040232299665957e-28 3.801040232299665957e-28 9.521095773450126805e-31
0.000000000000000000e+00 -3.628078182824286787e-31 1.691838396514533489e-29 -1.691838396514533489e-29 1.619289202920853830e-30
0.000000000000000000e+00 -1.948488003807753114e-20 -1.997194260278368792e-05 1.997194260278368792e-05 -7.241880414152155073e-20
0.000000000000000000e+00 5.066068809900162671e-20 -1.997194260290743265e-05 1.997194260290743265e-05 -3.650167527133197198e-19
0.000000000000000000e+00 3.479034631394336229e-30 -1.053470709450207542e-28 1.053470709450207542e-28 9.101653373440686473e-30
0.000000000000000000e+00 2.223092753664412795e-29 -4.986870069098199977e-28 4.986870069098199977e-28 2.005555974981582554e-30
0.000000000000000000e+00 -1.011009121415648256e-20 4.540712807203444792e-07 -4.540712807203444792e-07 5.036700683504170770e-20
0.000000000000000000e+00 -8.766835143565952311e-20 4.540712807397909792e-07 -4.540712807397909792e-07 -3.410117459936259526e-20
0.000000000000000000e+00 1.307904107018183556e-21 -3.477273348877980342e-05 3.477273348877980342e-05 -4.741152387940919221e-20
0.000000000000000000e+00 -1.033244244544365101e-19 -3.477273348903854827e-05 3.477273348903854827e-05 1.307904107018184872e-20
0.000000000000000000e+00 -4.015397088452300351e-19 -1.463253202423718112e-04 1.463253202423718112e-04 -2.755664668545698529e-19
0.000000000000000000e+00 -5.616307038750283993e-19 -1.463253202432308246e-04 1.463253202432308246e-04 -1.716385422122751760e-18
0.000000000000000000e+00 -6.743661634238466232e-19 1.791034700637440151e-03 -1.791034700637440151e-03 2.697464653695388804e-18
0.000000000000000000e+00 -1.433028097275675061e-18 1.791034700638176325e-03 -1.791034700638176325e-03 -1.770211178987600203e-18
0.000000000000000000e+00 -2.275157239884435886e-29 5.787283527919764389e-26 -5.787283527919764389e-26 -7.050044144966357300e-29
0.000000000000000000e+00 -2.455656938283637960e-29 6.395010984243555464e-27 -6.395010984243555464e-27 7.194301348625061133e-30
0.000000000000000000e+00 3.183536832888370396e-31 -7.468889338212375663e-29 7.468889338212375663e-29 -5.656228602785674204e-31
0.000000000000000000e+00 -1.259544100125343658e-31 -7.603476979150330058e-29 7.603476979150330058e-29 9.732028122367283243e-31
0.000000000000000000e+00 1.670941488224332440e-18 -4.243244782505118501e-04 4.243244782505118501e-04 -4.526347828860853650e-18
0.000000000000000000e+00 6.028080052454870877e-19 -4.243244782500068830e-04 4.243244782500068830e-04 -1.967057701327380306e-18
0.000000000000000000e+00 7.234239261972045502e-30 -2.538266305419570902e-27 2.538266305419570902e-27 5.605730137324756605e-31
0.000000000000000000e+00 3.126245288243482932e-30 -4.145603188648542802e-27 4.145603188648542802e-27 6.332778840785648440e-30
0.000000000000000000e+00 3.867209724063283917e-31 -1.021020250257398059e-28 1.021020250257398059e-28 -1.642433836227288913e-32
0.000000000000000000e+00 -1.495285424242250573e-30 -4.156378998075886680e-27 4.156378998075886680e-27 1.037616451632681753e-30
0.000000000000000000e+00 1.699175658324494418e-19 2.355772287174244666e-05 -2.355772287174244666e-05 3.813189123857120787e-19
0.000000000000000000e+00 -7.102023259403169893e-20 2.355772287198056457e-05 -2.355772287198056457e-05 -1.732362682901148672e-19
0.000000000000000000e+00 -1.526002657760315042e-31 -5.706212482526651243e-29 5.706212482526651243e-29 1.176289010242200763e-30
0.000000000000000000e+00 -5.268377830243728370e-31 -9.342863764384506714e-30 9.342863764384506714e-30 -3.998078044900192628e-31
0.000000000000000000e+00 -6.952396127952409432e-19 -3.405842148708311469e-05 3.405842148708311469e-05 1.357214172346691519e-19
0.000000000000000000e+00 -9.846455760162271170e-20 -3.405842148725275845e-05 3.405842148725275845e-05 -1.476968364024341819e-19
0.000000000000000000e+00 -7.841068543978246892e-20 3.451059590063143800e-06 -3.451059590063143800e-06 1.511248680912047961e-19
0.000000000000000000e+00 -2.837779881701528959e-21 3.451059589905370785e-06 -3.451059589905370785e-06 -1.342447899756960607e-20
0.000000000000000000e+00 -4.359876891800172957e-31 -9.268339838930419871e-29 9.268339838930419871e-29 -9.667441463619768582e-31
0.000000000000000000e+00 -6.507313260142079042e-31 1.178179593619936962e-28 -1.178179593619936962e-28 1.227247995850663040e-30
0.000000000000000000e+00 2.367417052028400694e-19 -3.810904986484095632e-04 3.810904986484095632e-04 -1.506538124018074544e-18
0.000000000000000000e+00 9.469668208113606629e-19 -3.810904986481337964e-04 3.810904986481337964e-04 9.900107672118778709e-19
0.000000000000000000e+00 1.378594192518145526e-31 -5.208977466650576365e-29 5.208977466650576365e-29 4.955856976034480285e-31
0.000000000000000000e+00 -1.152531044711603269e-30 -7.473104486717513673e-30 7.473104486717513673e-30 4.789636018536870667e-31
0.000000000000000000e+00 5.097844378417154049e-19 -1.988031726848622056e-04 1.988031726848622056e-04 7.809463728639051753e-19
0.000000000000000000e+00 6.074027344497036722e-19 -1.988031726857619308e-04 1.988031726857619308e-04 -1.561892745727810736e-18
0.000000000000000000e+00 1.193498519116538881e-19 5.713049792544266833e-05 -5.713049792544266833e-05 1.518998115239232791e-19
0.000000000000000000e+00 -4.204369783251443648e-20 5.713049792545586171e-05 -5.713049792545586171e-05 2.169997307484618204e-19
0.000000000000000000e+00 -1.875960891912627014e-30 -1.903540727130488164e-28 1.903540727130488164e-28 -3.908755737979080676e-31
0.000000000000000000e+00 -1.116130628895996354e-30 4.864546374638197993e-31 -4.864546374638197993e-31 3.251319287005632550e-31
0.000000000000000000e+00 -1.400425665674341068e-31 -8.951256622819954043e-30 8.951256622819954043e-30 -8.752557610508180433e-31
0.000000000000000000e+00 -3.614398092653945733e-31 1.425906509470186069e-29 -1.425906509470186069e-29 -3.018980744842497677e-31
0.000000000000000000e+00 -4.227691296625608455e-31 9.777931912943043911e-30 -9.777931912943043911e-30 -7.089205158816850320e-32
0.000000000000000000e+00 6.722967927000820550e-31 9.514027496931166087e-29 -9.514027496931166087e-29 -1.871969383425675101e-31
0.000000000000000000e+00 8.553001602301392270e-31 -1.208691139898147116e-28 1.208691139898147116e-28 -1.453486589544677316e-30
0.000000000000000000e+00 -8.577527415615329484e-30 -6.889948774959692884e-28 6.889948774959692884e-28 -7.766507549411056258e-31
0.000000000000000000e+00 -1.603930581442064367e-20 -2.019856657324089343e-06 2.019856657324089343e-06 1.655119855317876414e-20
0.000000000000000000e+00 1.832149427471721007e-20 -2.019856657697328482e-06 2.019856657697328482e-06 -1.184178535660419544e-19
0.000000000000000000e+00 -3.480985147041544205e-19 -2.661750929479875350e-05 2.661750929479875350e-05 -1.460648669542923789e-19
0.000000000000000000e+00 -9.009608615872234551e-19 -2.661750929493637941e-05 2.661750929493637941e-05 5.269255948070736509e-19
0.000000000000000000e+00 -1.756539316001192654e-19 -3.900780530932386014e-04 3.900780530932386014e-04 -1.097837072500746432e-19
0.000000000000000000e+00 -3.403294924752310617e-19 -3.900780530944384338e-04 3.900780530944384338e-04 -3.293511217502238935e-20
0.000000000000000000e+00 4.203292377090683690e-19 -6.131781086355202605e-05 6.131781086355202605e-05 1.263734963046873355e-18
0.000000000000000000e+00 -7.019223544749476710e-19 -6.131781086389687010e-05 6.131781086389687010e-05 5.008236603553153912e-18
0.000000000000000000e+00 8.611456417616974329e-31 -9.348752716622370579e-29 9.348752716622370579e-29 -3.008370940310971131e-31
0.000000000000000000e+00 -7.901370858927678454e-31 1.691567039371636759e-28 -1.691567039371636759e-28 7.603590894759804682e-31
0.000000000000000000e+00 -2.922000618400508975e-31 -2.299578873048672740e-29 2.299578873048672740e-29 -7.588839346694479627e-31
0.000000000000000000e+00 -3.217594074902124045e-30 9.500077319351818959e-29 -9.500077319351818959e-29 -2.388570992874210727e-30
0.000000000000000000e+00 1.566864789361851361e-31 7.116282164013978794e-29 -7.116282164013978794e-29 -8.752247497839421553e-31
0.000000000000000000e+00 -5.144711878275428183e-30 1.308778886184862083e-28 -1.308778886184862083e-28 -2.251530576812582256e-30
0.000000000000000000e+00 -1.422581215698203514e-29 -4.625497005985006199e-28 4.625497005985006199e-28 5.938049197807183768e-30
0.000000000000000000e+00 -1.084754539260186111e-29 2.259154343130391181e-29 -2.259154343130391181e-29 -1.899351629627975709e-29
0.000000000000000000e+00 2.061430122686237920e-31 2.677712961699382679e-31 -2.677712961699382679e-31 7.430730577849562797e-31
0.000000000000000000e+00 1.744754514274926043e-31 -6.056376887011735762e-31 6.056376887011735762e-31 5.737392200543391234e-32
0.000000000000000000e+00 -1.809310070409307012e-31 -3.620223993950960588e-28 3.620223993950960588e-28 -1.083942918676422905e-30
0.000000000000000000e+00 1.546094230777985207e-30 2.015313273610297098e-28 -2.015313273610297098e-28 -4.331738243953007447e-31
0.000000000000000000e+00 -3.345155817471087330e-19 -2.725832635840264744e-04 2.725832635840264744e-04 1.672577908735545350e-19
0.000000000000000000e+00 -1.159654016723310968e-18 -2.725832635840391054e-04 2.725832635840391054e-04 -5.798270083616560616e-19
0.000000000000000000e+00 -1.129567503163260789e-29 -4.372557960379807123e-26 4.372557960379807123e-26 -6.372995323277793733e-30
0.000000000000000000e+00 1.633389203724644210e-30 -5.275116066430607237e-27 5.275116066430607237e-27 -1.994816442343062403e-32
0.000000000000000000e+00 3.136828492157043026e-21 3.795951695541064866e-05 -3.795951695541064866e-05 1.734404753788500052e-19
0.000000000000000000e+00 5.855413185359816055e-20 3.795951695555716503e-05 -3.795951695555716503e-05 4.321852589194154388e-20
0.000000000000000000e+00 -5.355154096351279860e-31 5.784978471447138614e-29 -5.784978471447138614e-29 1.612569168078596803e-30
0.000000000000000000e+00 -3.590816608571428528e-31 7.115773982200583755e-29 -7.115773982200583755e-29 -2.682379381389207842e-31
0.000000000000000000e+00 -1.162605302572327063e-20 1.899421048478182379e-06 -1.899421048478182379e-06 -6.451148220288558219e-20
0.000000000000000000e+00 -1.835692583008938624e-20 1.899421048571815307e-06 -1.899421048571815307e-06 5.139939232425032480e-20
0.000000000000000000e+00 -1.353429530396490729e-31 2.344417789400405418e-29 -2.344417789400405418e-29 -8.669359957139404977e-31
0.000000000000000000e+00 -3.523251645401866456e-31 -1.024844919812922817e-28 1.024844919812922817e-28 8.931464977530054080e-31
0.000000000000000000e+00 6.106217110373345507e-32 -6.689681965438454670e-28 6.689681965438454670e-28 5.923432142475236036e-31
0.000000000000000000e+00 7.802602348136114002e-32 3.181693773998004014e-30 -3.181693773998004014e-30 -1.716171126995803567e-31
0.000000000000000000e+00 6.145949034309632042e-18 -6.452943320209137898e-03 6.452943320209137898e-03 -2.892211310263358884e-18
0.000000000000000000e+00 -8.857397137681533403e-18 -6.452943320207685067e-03 6.452943320207685067e-03 4.338316965395040636e-18
0.000000000000000000e+00 -7.759444832067067374e-33 -3.121026712230942508e-27 3.121026712230942508e-27 -1.088533166171489598e-30
0.000000000000000000e+00 3.998133156539346075e-30 -4.436308713846757074e-27 4.436308713846757074e-27 1.476298372134919576e-30
0.000000000000000000e+00 4.901843464255805341e-31 -3.308829421520164150e-28 3.308829421520164150e-28 3.208699617286907776e-31
0.000000000000000000e+00 -1.412297486674619288e-30 -2.279735426998635655e-27 2.279735426998635655e-27 -1.731107539792977750e-31
0.000000000000000000e+00 -8.039058073204542812e-18 -2.563535712195971934e-03 2.563535712195971934e-03 -7.721129222851827700e-19
0.000000000000000000e+00 -2.906778060367744633e-18 -2.563535712197174965e-03 2.563535712197174965e-03 -2.634267617208271126e-18
0.000000000000000000e+00 -1.944028011129401491e-31 -3.567469703575885322e-28 3.567469703575885322e-28 2.242119894563389794e-31
0.000000000000000000e+00 3.395415103033053417e-32 -1.553483470978347067e-28 1.553483470978347067e-28 4.338521575617966790e-32
0.000000000000000000e+00 -3.312788261488341276e-19 -5.122147808269366222e-04 5.122147808269366222e-04 -9.709896628500318888e-19
0.000000000000000000e+00 1.770628208726527923e-18 -5.122147808253331956e-04 5.122147808253331956e-04 -1.119493964227096142e-18
0.000000000000000000e+00 2.931687472255379034e-31 -2.470647873317468459e-28 2.470647873317468459e-28 -1.784366329464013850e-32
0.000000000000000000e+00 3.389208326686923112e-31 -2.643877754002463684e-28 2.643877754002463684e-28 -8.826261674717497710e-31
0.000000000000000000e+00 1.442353204421626052e-18 -2.103983994465280765e-03 2.103983994465280765e-03 8.928853170229120716e-19
0.000000000000000000e+00 -8.287807301597279297e-18 -2.103983994465342348e-03 2.103983994465342348e-03 5.632045845836830286e-18
0.000000000000000000e+00 4.513958350159110907e-19 2.043876396637070463e-05 -2.043876396637070463e-05 6.798834795744041376e-20
0.000000000000000000e+00 7.487267438860407798e-20 2.043876396644388150e-05 -2.043876396644388150e-05 -3.232483730815698364e-19
0.000000000000000000e+00 4.477978610066082689e-19 -9.975025412135543786e-04 9.975025412135543786e-04 3.033469381012511200e-19
0.000000000000000000e+00 -1.710298927199433419e-18 -9.975025412134515962e-04 9.975025412134515962e-04 -1.664074631869720595e-18
0.000000000000000000e+00 2.665375411130675300e-19 -3.063922123498475617e-04 3.063922123498475617e-04 -1.854174199047427887e-19
0.000000000000000000e+00 -6.315780865505296365e-19 -3.063922123494189765e-04 3.063922123494189765e-04 1.622402424166499642e-19
0.000000000000000000e+00 -6.285741201927815161e-31 1.710515920935167562e-28 -1.710515920935167562e-28 1.383725788992912491e-30
0.000000000000000000e+00 1.612038948445140786e-30 1.175644859034387575e-28 -1.175644859034387575e-28 -1.671214853235303646e-30
0.000000000000000000e+00 3.168936125945575011e-18 -2.617383974030020738e-03 2.617383974030020738e-03 4.846608192622649164e-18
0.000000000000000000e+00 2.050488081494195708e-18 -2.617383974029447412e-03 2.617383974029447412e-03 3.541752140762705425e-18
0.000000000000000000e+00 6.849670941984492883e-31 -1.486208523088183278e-27 1.486208523088183278e-27 2.332830925048591676e-30
0.000000000000000000e+00 -4.758070605655780974e-31 -3.546343844567122608e-28 3.546343844567122608e-28 -1.803822132851267866e-30
0.000000000000000000e+00 -9.385988417586585161e-18 -3.554030377490043253e-03 3.554030377490043253e-03 3.754395367034636838e-18
0.000000000000000000e+00 -9.163071192668902746e-18 -3.554030377480993201e-03 3.554030377480993201e-03 -7.860765299728771890e-19
0.000000000000000000e+00 3.237156930770927516e-30 -3.649424554215571745e-25 3.649424554215571745e-25 -8.778523946931257871e-30
0.000000000000000000e+00 1.344981404055071919e-30 -6.616752762917665558e-26 6.616752762917665558e-26 -6.421789858849700978e-31
0.000000000000000000e+00 1.113985245039961032e-16 -5.392119263438160254e-02 5.392119263438160254e-02 1.083877535714557873e-16
0.000000000000000000e+00 -2.258078199405328183e-16 -5.392119263440470212e-02 5.392119263440470212e-02 -6.924773144843011440e-17
0.000000000000000000e+00 5.050291756384375132e-17 -2.075198617443746452e-02 2.075198617443746452e-02 -3.768874445062969437e-18
0.000000000000000000e+00 -7.386993912323417076e-17 -2.075198617443639940e-02 2.075198617443639940e-02 -8.593033734743574198e-17
0.000000000000000000e+00 -2.113831786334235714e-30 -2.151480638821997314e-26 2.151480638821997314e-26 7.082130886359457306e-30
0.000000000000000000e+00 1.861750141056420844e-30 -9.159937458549984246e-27 9.159937458549984246e-27 -3.612118502540346901e-30
0.000000000000000000e+00 -3.636692401966475628e-18 -2.640473164343803275e-03 2.640473164343803275e-03 -6.116255403307260139e-18
0.000000000000000000e+00 5.667572574493210072e-19 -2.640473164338480710e-03 2.640473164338480710e-03 4.156219887961692265e-18
0.000000000000000000e+00 -8.988390055019533450e-19 -5.160514056921958843e-04 5.160514056921958843e-04 8.042243733438538089e-19
0.000000000000000000e+00 1.040760953739104623e-18 -5.160514056930559819e-04 5.160514056930559819e-04 -9.934536376600552886e-19
0.000000000000000000e+00 1.191349698839802356e-19 -4.795351649125542161e-04 4.795351649125542161e-04 0.000000000000000000e+00
0.000000000000000000e+00 -5.956748494199017796e-20 -4.795351649103113813e-04 4.795351649103113813e-04 -1.370052153665775538e-19
0.000000000000000000e+00 -1.234399886548064884e-30 -1.928971814288630792e-27 1.928971814288630792e-27 -5.856270683785054490e-30
0.000000000000000000e+00 -2.017451934333173455e-31 3.165107246610779865e-28 -3.165107246610779865e-28 4.825193388403429662e-31
0.000000000000000000e+00 -7.839168168197263786e-18 -9.623075608152000795e-04 9.623075608152000795e-04 6.691972826509866328e-19
0.000000000000000000e+00 -4.779980590364185282e-19 -9.623075608169416335e-04 9.623075608169416335e-04 -2.103191459760243758e-18
0.000000000000000000e+00 4.638972760741464448e-30 -5.677822287712645615e-28 5.677822287712645615e-28 2.814212645952318888e-30
0.000000000000000000e+00 -4.540810100695402099e-30 -8.529109800457423125e-27 8.529109800457423125e-27 1.027717947035878696e-30
0.000000000000000000e+00 3.229476614180573337e-19 -5.615173034330524042e-05 5.615173034330524042e-05 -5.980512248482549458e-20
0.000000000000000000e+00 -3.259379175422990417e-19 -5.615173034337187142e-05 5.615173034337187142e-05 -7.116809575694242521e-19
0.000000000000000000e+00 -1.755405886139347402e-30 -7.834596028673904991e-29 7.834596028673904991e-29 3.743297106004080629e-30
0.000000000000000000e+00 3.371229000463820386e-30 1.720499928650423340e-27 -1.720499928650423340e-27 4.762659153217869566e-30
0.000000000000000000e+00 -1.654924953646468650e-17 -9.595527508661534297e-03 9.595527508661534297e-03 2.309197609739260659e-18
0.000000000000000000e+00 1.193085431698617596e-17 -9.595527508662509211e-03 9.595527508662509211e-03 2.578603997542176303e-17
0.000000000000000000e+00 4.664407660717533199e-30 -3.911146583261235516e-28 3.911146583261235516e-28 -1.092942345716957132e-29
0.000000000000000000e+00 -1.237773464325674448e-29 -1.164973946464958523e-28 1.164973946464958523e-28 -1.974371394393104407e-30
0.000000000000000000e+00 -1.831206939158270061e-29 -4.983107660676981013e-29 4.983107660676981013e-29 -1.222562969041963490e-30
0.000000000000000000e+00 6.673860065444305894e-30 3.721432606977689560e-28 -3.721432606977689560e-28 -1.074733998438408870e-30
0.000000000000000000e+00 -1.041925353095478875e-18 -2.870664243755244598e-04 2.870664243755244598e-04 5.330780876302455453e-19
0.000000000000000000e+00 6.784630206203120044e-19 -2.870664243764101445e-04 2.870664243764101445e-04 -9.086558311879187160e-19
0.000000000000000000e+00 -2.009959981266585850e-30 -6.948683595121853142e-29 6.948683595121853142e-29 -2.167854181884063292e-31
0.000000000000000000e+00 -3.765017033086488272e-30 7.013419137941071170e-29 -7.013419137941071170e-29 4.626130067245356784e-31
0.000000000000000000e+00 -3.896570729491974824e-19 -3.847068904071871982e-03 3.847068904071871982e-03 -2.727599510644385122e-18
0.000000000000000000e+00 -2.922428047118981720e-19 -3.847068904071346360e-03 3.847068904071346360e-03 6.721584508373664119e-18
0.000000000000000000e+00 2.915637054781292803e-20 -4.187111049514864593e-06 4.187111049514864593e-06 -2.267717709274340987e-20
0.000000000000000000e+00 1.838947554159446721e-20 -4.187111049481833697e-06 4.187111049481833697e-06 -7.193810380261055550e-20
0.000000000000000000e+00 -9.535726830179997181e-31 1.193722795484328508e-27 -1.193722795484328508e-27 3.070356772334289610e-30
0.000000000000000000e+00 3.305003249961140802e-30 1.143517020882489947e-28 -1.143517020882489947e-28 1.345929746636118642e-30
0.000000000000000000e+00 -1.108010957506874065e-20 1.970579737370717422e-05 -1.970579737370717422e-05 -2.472010653472235544e-19
0.000000000000000000e+00 8.420883277052244760e-19 1.970579737389850202e-05 -1.970579737389850202e-05 1.528290975871552385e-19
0.000000000000000000e+00 1.683078465795374252e-20 1.364464242904112371e-05 -1.364464242904112371e-05 2.295106998811875977e-20
0.000000000000000000e+00 -4.207696164488436682e-20 1.364464242901978356e-05 -1.364464242901978356e-05 -8.262385195722755683e-20
0.000000000000000000e+00 2.901014307431159380e-19 -3.609423641024186400e-05 3.609423641024186400e-05 7.981626665948171321e-20
0.000000000000000000e+00 -8.135119486447172208e-20 -3.609423641046498603e-05 3.609423641046498603e-05 1.918660256237542627e-19
0.000000000000000000e+00 -8.090684018492795484e-30 2.629628068335127412e-28 -2.629628068335127412e-28 -4.445408693276801465e-30
0.000000000000000000e+00 2.596577618658075135e-30 1.164084164905101336e-29 -1.164084164905101336e-29 -1.324225530271270813e-30
0.000000000000000000e+00 -6.772586935701524212e-31 3.772628290496007403e-28 -3.772628290496007403e-28 6.741491888257231327e-32
0.000000000000000000e+00 -9.582828492206293606e-31 6.637058310684095879e-28 -6.637058310684095879e-28 2.969212793003966907e-31
0.000000000000000000e+00 -1.231078945104245896e-30 -5.077742922718188715e-29 5.077742922718188715e-29 -3.557066149612861314e-30
0.000000000000000000e+00 9.438614840076015054e-31 4.336541891108658526e-29 -4.336541891108658526e-29 7.638162364243401983e-31
0.000000000000000000e+00 -4.340989045299241079e-20 -8.948530365263041226e-05 8.948530365263041226e-05 5.178179789749814297e-19
0.000000000000000000e+00 -1.240282584371213663e-19 -8.948530365310658030e-05 8.948530365310658030e-05 2.790635814835233149e-19
0.000000000000000000e+00 3.049723294336847371e-31 -3.414223995371613937e-28 3.414223995371613937e-28 -2.788673722622171601e-32
0.000000000000000000e+00 -3.449473770565381326e-31 8.013995637644911737e-29 -8.013995637644911737e-29 -3.435611266558977577e-31
0.000000000000000000e+00 1.485768327456011385e-18 1.365010227202244950e-05 -1.365010227202244950e-05 1.169333105438955306e-18
0.000000000000000000e+00 -1.289842833725549175e-18 1.365010227234763392e-05 -1.365010227234763392e-05 4.991435197418947834e-19
0.000000000000000000e+00 5.646766359952138386e-31 -1.839620326051654343e-28 1.839620326051654343e-28 -9.828858600937138633e-31
0.000000000000000000e+00 1.577212960818527935e-30 -7.213514875401031524e-28 7.213514875401031524e-28 4.314659449039540663e-31
0.000000000000000000e+00 -2.960959024904982449e-31 1.618102735984365624e-29 -1.618102735984365624e-29 2.289714934825950391e-31
0.000000000000000000e+00 -1.814425338652460230e-31 -5.909736554521509449e-28 5.909736554521509449e-28 1.732870177721952344e-31
0.000000000000000000e+00 4.155915973431941135e-31 -6.898468436385133259e-27 6.898468436385133259e-27 -2.408191259694608835e-30
0.000000000000000000e+00 6.293830863752481312e-31 -2.875960443961195957e-27 2.875960443961195957e-27 -1.289519871539623379e-30
0.000000000000000000e+00 5.021019256607935561e-20 -4.733990852570257217e-04 4.733990852570257217e-04 -4.644442812362345224e-19
0.000000000000000000e+00 -1.019894536498487477e-19 -4.733990852578947098e-04 4.733990852578947098e-04 8.786783699063900925e-20
0.000000000000000000e+00 3.844915018237939935e-19 -4.654195431246118102e-05 4.654195431246118102e-05 -5.515246952390493223e-19
0.000000000000000000e+00 -5.168574286811662044e-19 -4.654195431101148752e-05 4.654195431101148752e-05 5.956466708581739383e-19
0.000000000000000000e+00 -3.464484489682728677e-31 -6.830128094717022378e-29 6.830128094717022378e-29 1.175847086909328231e-30
0.000000000000000000e+00 1.244388283944265993e-30 1.287654358289023656e-29 -1.287654358289023656e-29 -1.676727265923740459e-30
0.000000000000000000e+00 3.116381371363873628e-31 -8.155203600163448684e-28 8.155203600163448684e-28 1.636160498264052862e-31
0.000000000000000000e+00 1.040786108023351492e-32 -8.138634018462294277e-28 8.138634018462294277e-28 -2.066693541253105963e-31
0.000000000000000000e+00 6.064923874109743967e-20 -3.056326834770495510e-04 3.056326834770495510e-04 5.426510834729776746e-20
0.000000000000000000e+00 -6.128765178047750800e-19 -3.056326834796332047e-04 3.056326834796332047e-04 3.064382589023878289e-19
0.000000000000000000e+00 2.082893191198643375e-31 -2.986540989359875481e-28 2.986540989359875481e-28 4.798867907914646698e-31
0.000000000000000000e+00 -2.447780054587219808e-30 -6.741652030471150152e-27 6.741652030471150152e-27 2.132123182788349586e-30
0.000000000000000000e+00 -6.815975085976933595e-31 -2.622201290423842513e-28 2.622201290423842513e-28 4.311823061218036396e-31
0.000000000000000000e+00 -2.353062278718838127e-30 -2.437717707163101885e-27 2.437717707163101885e-27 2.815685234865536350e-30
0.000000000000000000e+00 -1.176774255746474583e-30 4.785446606732231733e-27 -4.785446606732231733e-27 -6.161908460502347644e-30
0.000000000000000000e+00 -1.909761100319544311e-29 5.000208840608098242e-26 -5.000208840608098242e-26 2.517590629997275917e-30
0.000000000000000000e+00 -1.463490684439930716e-18 7.468332687945270789e-05 -7.468332687945270789e-05 -1.027011006624513862e-19
0.000000000000000000e+00 5.199243221036608358e-19 7.468332687819355614e-05 -7.468332687819355614e-05 -6.884183153779960292e-19
0.000000000000000000e+00 1.708150297150603384e-31 -1.106315793607117883e-28 1.106315793607117883e-28 3.478287388083883585e-31
0.000000000000000000e+00 -1.041500926391464699e-30 -1.227843178674323240e-27 1.227843178674323240e-27 -1.255865387393444578e-30
0.000000000000000000e+00 2.270461387965091736e-20 -7.152118099769925888e-05 7.152118099769925888e-05 7.135735790747437962e-20
0.000000000000000000e+00 -2.513725108104218270e-19 -7.152118099747938268e-05 7.152118099747938268e-05 7.784439044451780924e-20
0.000000000000000000e+00 1.357564795118577384e-19 -1.270241761466711073e-05 1.270241761466711073e-05 -3.519913510696674617e-19
0.000000000000000000e+00 -7.316217458722900872e-21 -1.270241761453268830e-05 1.270241761453268830e-05 -7.234926153625989214e-20
0.000000000000000000e+00 6.408037117910344029e-31 9.277889456445740928e-30 -9.277889456445740928e-30 -1.839257142236569034e-31
0.000000000000000000e+00 -3.721308725483282974e-31 2.440935850186718184e-28 -2.440935850186718184e-28 5.743876006423687548e-31
0.000000000000000000e+00 1.231696881645687963e-18 -4.589914625990825317e-04 4.589914625990825317e-04 1.310315831537967295e-18
0.000000000000000000e+00 -8.189473947112304739e-19 -4.589914625999650180e-04 4.589914625999650180e-04 -1.847545322468537818e-18
0.000000000000000000e+00 1.110161583774316573e-20 -1.144569551889138825e-05 1.144569551889138825e-05 3.289367655627607825e-21
0.000000000000000000e+00 -4.235060856620555235e-20 -1.144569551877837542e-05 1.144569551877837542e-05 2.343674454634678921e-20
0.000000000000000000e+00 -2.486189833434390392e-29 2.158767587775867290e-27 -2.158767587775867290e-27 -3.146295258216616387e-30
0.000000000000000000e+00 6.480883695180237060e-31 -1.826374229943392240e-29 1.826374229943392240e-29 8.037371717977481597e-31
0.000000000000000000e+00 -9.095624683180560281e-30 3.583103576420357535e-27 -3.583103576420357535e-27 5.760129355831307951e-31
0.000000000000000000e+00 -2.891569235944682737e-31 -4.939421574357884148e-30 4.939421574357884148e-30 -1.240875331162842090e-30
0.000000000000000000e+00 2.045705831844212084e-19 1.066851472959089490e-04 -1.066851472959089490e-04 3.728463854812841870e-19
0.000000000000000000e+00 -8.496278253223965493e-20 1.066851472961317525e-04 -1.066851472961317525e-04 -1.124313326130512272e-18
0.000000000000000000e+00 1.688631782321680719e-30 8.065003224199850914e-28 -8.065003224199850914e-28 -1.735476435910728565e-30
0.000000000000000000e+00 -2.847364313321673971e-30 -6.130750471901478560e-29 6.130750471901478560e-29 2.102246507021616403e-30
0.000000000000000000e+00 -3.236345132311837997e-19 1.811069573948010758e-05 -1.811069573948010758e-05 -1.078781710770613819e-20
0.000000000000000000e+00 -1.593277603599677961e-19 1.811069573941445914e-05 -1.811069573941445914e-05 1.975000362795436058e-19
0.000000000000000000e+00 5.909966512321039489e-19 -8.175180423910763958e-05 8.175180423910763958e-05 9.489242005698580948e-20
0.000000000000000000e+00 2.730238050762399852e-19 -8.175180423981378045e-05 8.175180423981378045e-05 1.531596955305738199e-19
0.000000000000000000e+00 1.669794480421488721e-20 -3.656565513135354433e-05 3.656565513135354433e-05 1.085366412273968602e-19
0.000000000000000000e+00 8.081805285240031098e-19 -3.656565513102657606e-05 3.656565513102657606e-05 -7.013136817770283324e-19
0.000000000000000000e+00 4.269852235431927133e-30 1.437138835661483122e-28 -1.437138835661483122e-28 -2.179553132426908790e-30
0.000000000000000000e+00 -2.514636297449711104e-30 -2.155248564787042009e-29 2.155248564787042009e-29 2.444040267793367448e-30
0.000000000000000000e+00 -1.724879599883103358e-17 1.151765014261754289e-01 -1.151765014261754289e-01 -2.156099499853901539e-18
0.000000000000000000e+00 2.371709449839278095e-17 1.151765014261747766e-01 -1.151765014261747766e-01 -2.156099499853911476e-17
0.000000000000000000e+00 2.047284208423157838e-30 -2.505333471620479089e-29 2.505333471620479089e-29 7.449110892666505051e-31
0.000000000000000000e+00 -1.964125662239638136e-30 2.201662294560252369e-29 -2.201662294560252369e-29 7.222987743053117988e-31
0.000000000000000000e+00 -5.597078519095695700e-31 -8.670704572834119133e-27 8.670704572834119133e-27 -3.009262950368724286e-29
0.000000000000000000e+00 1.105978041403787447e-29 -1.401390460143560167e-27 1.401390460143560167e-27 -4.754484225282663748e-31
0.000000000000000000e+00 5.745501826061384043e-17 -9.576252651738992316e-02 9.576252651738992316e-02 5.583656704200586007e-17
0.000000000000000000e+00 -1.173377133491418855e-17 -9.576252651739032562e-02 9.576252651739032562e-02 3.803360363730864672e-17
0.000000000000000000e+00 6.932852401403131043e-30 -6.072848884055239715e-28 6.072848884055239715e-28 -6.735348920467813149e-30
0.000000000000000000e+00 -9.272548319634332182e-30 -5.493396353749563018e-28 5.493396353749563018e-28 -2.511849883584521050e-29
0.000000000000000000e+00 -4.293231976019018311e-17 -6.380306390829296070e+00 6.380306390829296070e+00 -6.088583529627085314e-16
0.000000000000000000e+00 2.341762896010424407e-16 -6.380306390829759700e+00 6.380306390829759700e+00 7.649758793634196307e-16
0.000000000000000000e+00 2.110977716134070005e-17 1.378882398194378966e+00 -1.378882398194378966e+00 -1.477684401293886382e-16
0.000000000000000000e+00 8.021715321309577508e-16 1.378882398194384518e+00 -1.378882398194384518e+00 -3.694211003234767108e-17
0.000000000000000000e+00 -6.888051751809717100e-31 1.346601461683697504e-27 -1.346601461683697504e-27 -5.668618442371851177e-29
0.000000000000000000e+00 1.171274949207895049e-28 1.547635982601983565e-27 -1.547635982601983565e-27 -3.182129849032469825e-30
0.000000000000000000e+00 -2.528391292556514838e-14 5.945014794788438195e+01 -5.945014794788438195e+01 -2.401971727929015448e-13
0.000000000000000000e+00 1.029416454826715767e-13 5.945014794788450274e+01 -5.945014794788450274e+01 1.805993780397992255e-14
0.000000000000000000e+00 -0.000000000000000000e+00 -1.932222925664549167e-27 1.932222925664549167e-27 -0.000000000000000000e+00
0.000000000000000000e+00 2.568114400326358907e-44 -3.065478327177022448e-28 3.065478327177022448e-28 -1.712076266884238691e-44
