-5.813930242412280736e-01 -1.252288885737290152e-29 8.900229525700543240e-30 8.900229525700543240e-30 3.424609144525218217e-29
-5.813930242412277405e-01 3.529230041771117539e-28 1.553882015360982568e-28 1.553882015360982568e-28 5.509219357776335404e-29
-5.806898459157203707e-01 -1.595101772638249915e-29 -3.094271947656095662e-29 -3.094271947656095662e-29 -1.647626464235197528e-29
-5.806898459157201486e-01 -3.532564870665013879e-28 1.378457475106552875e-28 1.378457475106552875e-28 -8.343606786340480798e-30
-5.801317595714537978e-01 -5.354046255827401771e-06 -7.481007753532471738e-13 -7.481007753532471738e-13 -5.354753371090565088e-06
-5.801317595714535758e-01 2.850918276119525991e-06 -7.479353310711273146e-13 -7.479353310711273146e-13 2.850211160768478770e-06
-5.794820546222433366e-01 1.131837837869823127e-28 3.186102988057853040e-29 3.186102988057853040e-29 9.838640722772599142e-29
-5.794820546222431146e-01 -2.770227800658676358e-29 6.217734577373118525e-30 6.217734577373118525e-30 6.900223470938805385e-29
-5.789240966576617575e-01 -3.776318109130091130e-07 2.146834076497038209e-13 2.146834076497038209e-13 -3.774289095032957261e-07
-5.789240966576614245e-01 1.076397102021120607e-06 2.146691490899831330e-13 2.146691490899831330e-13 1.076600003434082260e-06
-5.784321788671199505e-01 -1.137374404049193649e-07 -1.934720388115273344e-14 -1.934720388115273344e-14 -1.137557025591323056e-07
-5.784321788671195064e-01 -4.612475198539971935e-09 -1.921630223999829830e-14 -1.921630223999829830e-14 -4.630737419744003070e-09
-5.780724179455051237e-01 2.338770354320798270e-29 -6.348967560464733977e-29 -6.348967560464733977e-29 1.133720588557924358e-29
-5.780724179455050127e-01 4.131357735693791253e-29 9.855100119137723077e-29 9.855100119137723077e-29 7.987317688504492432e-29
-5.778704086366511783e-01 1.041594337121849391e-28 -3.324864757963958838e-29 -3.324864757963958838e-29 -1.234662477287799310e-28
-5.778704086366505122e-01 -4.932624892695756216e-30 -2.252735141588380840e-29 -2.252735141588380840e-29 1.336297646914564758e-28
-5.777929951984427381e-01 4.232627866510626194e-06 -1.091116003295851686e-12 -1.091116003295851686e-12 4.231596522786514293e-06
-5.777929951984426271e-01 -3.303371316667195705e-06 -1.091164764733209626e-12 -1.091164764733209626e-12 -3.304402660120335837e-06
-5.769930037405202050e-01 -1.729330909986046288e-28 -2.580222325434143742e-29 -2.580222325434143742e-29 -3.648371425141004371e-28
-5.769930037405199830e-01 2.488839906891233337e-29 -2.034024649800501061e-29 -2.034024649800501061e-29 -6.923334524804057334e-30
-5.767970556270669569e-01 -2.894326199866071528e-06 -5.549359859666475258e-13 -5.549359859666475258e-13 -2.894850811113563813e-06
-5.767970556270665128e-01 1.884169400058669165e-06 -5.550612501406585435e-13 -5.550612501406585435e-13 1.883644789035604189e-06
-5.763534691362467433e-01 -2.611447916708802106e-05 -8.405085250783060310e-12 -8.405085250783060310e-12 -2.612242390876452419e-05
-5.763534691362462992e-01 3.602334478636731410e-05 -8.404985748025628612e-12 -8.404985748025628612e-12 3.601540004561537453e-05
-5.754781922045507647e-01 3.302661679915279003e-28 9.590081672288714329e-29 9.590081672288714329e-29 -4.242451833332026974e-28
-5.754781922045505427e-01 -5.254544987263133753e-30 6.888054093048410655e-29 6.888054093048410655e-29 -1.657337308962794350e-28
-5.742748491334562777e-01 2.155480067149016479e-26 3.535853867906874334e-28 3.535853867906874334e-28 1.782362259648773722e-26
-5.742748491334561667e-01 3.318139613866234280e-27 1.853356725867882455e-27 1.853356725867882455e-27 -1.376512673843827419e-27
-5.742463845167259384e-01 9.571776670269261799e-05 -3.778709207568497853e-11 -3.778709207568497853e-11 9.568204934652477396e-05
-5.742463845167257164e-01 -5.346976430107583069e-05 -3.778767523151000600e-11 -3.778767523151000600e-11 -5.350548165674687972e-05
-5.739133076044384829e-01 8.254384190220571692e-29 -1.884663630556445312e-28 -1.884663630556445312e-28 4.219093999797553809e-28
-5.739133076044380388e-01 -3.975004874645792898e-29 -5.392626537045985296e-30 -5.392626537045985296e-30 2.198511483550436384e-29
-5.735430007646962203e-01 1.070396467087265353e-28 -6.507667602509125622e-29 -6.507667602509125622e-29 6.826309063576618532e-29
-5.735430007646962203e-01 -3.199233210621451755e-28 4.536591551964154774e-29 4.536591551964154774e-29 6.399417799448278366e-29
-5.721524977655094713e-01 4.634164310809984000e-29 -6.802368188265928100e-29 -6.802368188265928100e-29 -6.248908587622355627e-29
-5.721524977655094713e-01 4.574906028006426711e-29 3.756220060079551863e-29 3.756220060079551863e-29 -3.209394925308767737e-29
-5.716362831927663812e-01 2.421942288058959503e-29 -1.048222987397756314e-28 -1.048222987397756314e-28 -8.139692351158596062e-29
-5.716362831927660482e-01 5.145916222678105403e-29 -6.085911982746996869e-29 -6.085911982746996869e-29 -4.982491756459761514e-29
-5.706505825802202780e-01 -7.738094278498834083e-06 1.487318885157860241e-12 1.487318885157860241e-12 -7.736688377744118078e-06
-5.706505825802199450e-01 -2.486127014685173589e-06 1.487520974876659479e-12 1.487520974876659479e-12 -2.484721113661621185e-06
-5.703400011697088434e-01 1.758440516168037596e-05 2.719067799400678149e-12 2.719067799400678149e-12 1.758697556658149152e-05
-5.703400011697085104e-01 -1.584508747175250926e-05 2.719305258944292792e-12 2.719305258944292792e-12 -1.584251706633181352e-05
-5.700406868193729215e-01 -2.306113136864736331e-29 -1.573276131841792300e-29 -1.573276131841792300e-29 -5.580515962169177300e-30
-5.700406868193724774e-01 2.473634636676003387e-29 8.971140397519647061e-30 8.971140397519647061e-30 -1.507947857853425395e-28
-5.682803668672827824e-01 1.196350684023710114e-28 2.613227553422807978e-29 2.613227553422807978e-29 2.681133443450181003e-29
-5.682803668672826714e-01 8.084684127127619384e-29 1.122239641322464325e-29 1.122239641322464325e-29 6.852180563385208560e-29
-5.680485962333395866e-01 -1.834812500331068803e-28 8.813870153378238761e-30 8.813870153378238761e-30 2.754345776207570048e-28
-5.680485962333395866e-01 -2.571093605311911525e-28 3.079583848448654386e-29 3.079583848448654386e-29 6.589528651550618403e-29
-5.676846484477947596e-01 3.913126483630393100e-28 8.973286498495089058e-29 8.973286498495089058e-29 -4.303840986523310299e-29
-5.676846484477943156e-01 -7.046190104625808140e-28 -6.303201950826378622e-28 -6.303201950826378622e-28 1.721127722559705370e-27
-5.675908709892807380e-01 1.790734402232805022e-05 -7.018876705854227594e-12 -7.018876705854227594e-12 1.790070968929747996e-05
-5.675908709892804049e-01 2.624684451189961612e-05 -7.018399565388581961e-12 -7.018399565388581961e-12 2.624021017850445577e-05
-5.668537596908821419e-01 -1.074039294504820659e-06 -3.419927418563183776e-13 -3.419927418563183776e-13 -1.074362555544180390e-06
-5.668537596908816978e-01 -1.350510243312701081e-06 -3.420286543987365075e-13 -3.420286543987365075e-13 -1.350833504242072102e-06
-5.668052124839384476e-01 1.402144626561502925e-29 1.203865337739623242e-29 1.203865337739623242e-29 4.444051138813744031e-29
-5.668052124839381145e-01 2.538739086598331004e-29 -1.252808463086610398e-29 -1.252808463086610398e-29 8.951713552487444040e-29
-5.658635965294093184e-01 -1.069142874213360538e-28 1.281286594077279887e-28 1.281286594077279887e-28 -1.158856025607516076e-28
-5.658635965294089853e-01 2.305268053947264004e-29 -1.017747243766048477e-29 -1.017747243766048477e-29 -4.788502846389445554e-29
-5.650377980320102633e-01 5.013464761282845173e-07 7.517321612816876659e-14 7.517321612816876659e-14 5.014175270009713633e-07
-5.650377980320099303e-01 -3.716338355268733278e-07 7.518495617108021915e-14 7.518495617108021915e-14 -3.715627846169927357e-07
-5.650048457507033106e-01 -8.284028035857812796e-30 -3.096949888545523201e-29 -3.096949888545523201e-29 2.449352261219913922e-28
-5.650048457507030886e-01 -5.674014658096819600e-29 -5.907498462283939352e-29 -5.907498462283939352e-29 3.216190797601251631e-29
-5.648680059180620772e-01 -1.713181859120099437e-05 -2.525238911217204055e-12 -2.525238911217204055e-12 -1.713420549773069141e-05
-5.648680059180617441e-01 7.798154527318391262e-06 -2.524854593349518685e-12 -2.524854593349518685e-12 7.795767621516515753e-06
-5.637119564377168768e-01 1.574623635415182248e-28 -2.801872799578803181e-28 -2.801872799578803181e-28 4.465740308235064515e-28
-5.637119564377168768e-01 -1.335705909851607262e-27 -1.704695321011128357e-28 -1.704695321011128357e-28 9.845460054808212022e-28
-5.636035584116266817e-01 -6.043027379419682694e-06 -9.702824273860575764e-13 -9.702824273860575764e-13 -6.043944742051229980e-06
-5.636035584116265706e-01 4.511020420156863353e-06 -9.703912164912776829e-13 -9.703912164912776829e-13 4.510103057484595805e-06
-5.631612969648492895e-01 6.726346926349435027e-07 1.129199173952674490e-13 1.129199173952674490e-13 6.727414394650267059e-07
-5.631612969648492895e-01 2.946967834008716719e-07 1.129643007645767637e-13 1.129643007645767637e-13 2.948035301128699590e-07
-5.626061673324711521e-01 -3.116542826752065259e-29 1.575195611233513218e-28 1.575195611233513218e-28 3.421134228865056512e-29
-5.626061673324711521e-01 -2.827261901888588602e-30 3.196275985385461310e-29 3.196275985385461310e-29 9.384043203164494293e-29
-5.619135658934826250e-01 4.896334535312328292e-29 -1.930795980787568511e-29 -1.930795980787568511e-29 4.875054727353817780e-31
-5.619135658934825139e-01 1.115216194246771757e-28 -4.157895094899661798e-29 -4.157895094899661798e-29 -8.414304189560853054e-29
-5.613337151762040067e-01 9.356001170529112004e-31 9.143769385286866978e-30 9.143769385286866978e-30 -1.277186860230623541e-28
-5.613337151762038957e-01 -7.171894883576227595e-29 -3.476825068346775080e-29 -3.476825068346775080e-29 -1.456529117429020721e-28
-5.611062187407630519e-01 4.326670822808281703e-05 -6.090990699306758104e-12 -6.090990699306758104e-12 4.326095088268384019e-05
-5.611062187407629409e-01 1.201385317054244115e-08 -6.090818025322956436e-12 -6.090818025322956436e-12 6.256507452995630816e-09
-5.602764718622728068e-01 3.943304508705764702e-27 -1.512874328877935009e-27 -1.512874328877935009e-27 1.303285999618134657e-27
-5.602764718622726958e-01 3.297754440221953303e-27 -3.142568125437768819e-27 -3.142568125437768819e-27 2.562156495694013555e-27
-5.602688179806782909e-01 -1.049059089794975125e-06 1.601334258479443942e-13 1.601334258479443942e-13 -1.048907911412835844e-06
-5.602688179806781799e-01 9.376787761399374892e-07 1.596779974343408146e-13 1.596779974343408146e-13 9.378299541809688732e-07
-5.597888019830935535e-01 -1.044363859322318383e-05 -2.002589878756144141e-12 -2.002589878756144141e-12 -1.044553130885454343e-05
-5.597888019830935535e-01 8.369892300747995022e-06 -2.002426854080756389e-12 -2.002426854080756389e-12 8.367999585138045034e-06
-5.595760071830579996e-01 -1.803482047608179582e-29 6.271361147524759305e-29 6.271361147524759305e-29 1.465536072578526873e-28
-5.595760071830578886e-01 6.934138691197009996e-28 1.490848640086782144e-27 1.490848640086782144e-27 1.530024360428659146e-27
-5.588324492423955014e-01 9.083364171335124224e-06 -1.762218769002606857e-11 -1.762218769002606857e-11 9.066706900458587013e-06
-5.588324492423952794e-01 -3.843657965422142781e-05 -1.762231561819268593e-11 -1.762231561819268593e-11 -3.845323692560454832e-05
-5.586834621054763694e-01 -1.995422507820568599e-28 1.211870089644717068e-28 1.211870089644717068e-28 2.785445910088260627e-28
-5.586834621054762584e-01 1.951063370393983846e-28 -5.792009877295125783e-28 -5.792009877295125783e-28 2.616348300674386506e-28
-5.585740526778483206e-01 -7.864139646514601320e-05 -1.332677702271940871e-11 -1.332677702271940871e-11 -7.865399270011456847e-05
-5.585740526778482096e-01 4.736757471418691459e-05 -1.332628026972014149e-11 -1.332628026972014149e-11 4.735497847971709910e-05
-5.575468502492404443e-01 6.993579495836642664e-29 5.400713944557974192e-29 5.400713944557974192e-29 9.211311390054843898e-30
-5.575468502492403333e-01 7.293650152402118304e-30 3.023097639966371268e-29 3.023097639966371268e-29 -7.666970679523713597e-29
-5.567902814042416937e-01 -8.779034464732091109e-28 5.057298191960168978e-28 5.057298191960168978e-28 -4.535815271244699123e-28
-5.567902814042414716e-01 -2.322484140418366488e-27 1.752279685278948581e-27 1.752279685278948581e-27 -1.551676071804763229e-27
-5.566712555151163144e-01 -1.738311265922508385e-04 -3.045989632907093848e-11 -3.045989632907093848e-11 -1.738599191037147433e-04
-5.566712555151162034e-01 -1.223080238738109230e-04 -3.046047218980211535e-11 -3.046047218980211535e-11 -1.223368163857660798e-04
-5.560768846195583981e-01 7.962278537522141988e-28 -1.508170842506621767e-28 -1.508170842506621767e-28 -1.330453887769947174e-28
-5.560768846195581760e-01 2.014779169976235139e-27 4.048810948860585570e-28 4.048810948860585570e-28 -2.843202122018614131e-27
-5.558195443377763612e-01 -1.789085885426649109e-06 -4.665630244480391314e-12 -4.665630244480391314e-12 -1.793496102739742362e-06
-5.558195443377762501e-01 -1.918049414581518772e-05 -4.666020347344642135e-12 -4.666020347344642135e-12 -1.918490436090551342e-05
-5.556412786649105318e-01 1.841700160332408092e-03 2.894483250597276121e-10 2.894483250597276121e-10 1.841973752140892108e-03
-5.556412786649105318e-01 -5.226037014510447714e-06 2.894565182269865489e-10 2.894565182269865489e-10 -4.952445222553194828e-06
-5.553808611835650000e-01 1.806017170920178535e-05 5.676068855400412418e-12 5.676068855400412418e-12 1.806553697945818010e-05
-5.553808611835648890e-01 -3.665134063315617465e-05 5.676234163912474224e-12 5.676234163912474224e-12 -3.664597536261002687e-05
-5.548907433821451685e-01 2.180217268956783148e-28 2.038216538476443747e-28 2.038216538476443747e-28 -1.026779917468979541e-28
-5.548907433821451685e-01 -4.788116920097361060e-28 1.078846309717970626e-28 1.078846309717970626e-28 1.416775539811895880e-29
-5.541516320421744357e-01 2.416202477211108640e-05 3.663982761294712104e-12 3.663982761294712104e-12 2.416548806826010649e-05
-5.541516320421744357e-01 -1.595112208226988492e-05 3.663967019224232463e-12 3.663967019224232463e-12 -1.594765878618805148e-05
-5.539469861106630644e-01 2.285201807277319713e-28 -2.978332330438825991e-28 -2.978332330438825991e-28 5.023099616799331277e-28
-5.539469861106628423e-01 3.030087926753933814e-28 4.576550048816379990e-29 4.576550048816379990e-29 6.760913030067029067e-29
-5.529837273699230726e-01 3.079965952145904485e-04 9.539244006951940524e-11 9.539244006951940524e-11 3.080867641370322457e-04
-5.529837273699230726e-01 4.991691119356817972e-04 9.539149820891575187e-11 9.539149820891575187e-11 4.992592808565530192e-04
-5.528424928951350958e-01 1.145540565284758713e-04 -1.418756817276020902e-10 -1.418756817276020902e-10 1.144199519254797431e-04
-5.528424928951350958e-01 1.261057270317064575e-04 -1.418741559908052335e-10 -1.418741559908052335e-10 1.259716224285896576e-04
-5.519297175287061208e-01 -1.183548781865325253e-28 1.011522673928571589e-28 1.011522673928571589e-28 -5.637698900525009330e-29
-5.519297175287060098e-01 3.071930120052789672e-29 1.133220434076282029e-28 1.133220434076282029e-28 -1.243168027776630636e-28
-5.516523737236167513e-01 -1.113583826223248667e-06 -2.755246894769838795e-13 -2.755246894769838795e-13 -1.113844266135035147e-06
-5.516523737236167513e-01 7.466519167596740397e-07 -2.755329411553513324e-13 -2.755329411553513324e-13 7.463914767982275003e-07
-5.512300868796496944e-01 1.545169471242710368e-28 5.511895306923298948e-30 5.511895306923298948e-30 -2.259573887148430496e-29
-5.512300868796496944e-01 1.213678900815768135e-29 6.177138673185232180e-30 6.177138673185232180e-30 -2.929811903401798223e-31
-5.510508333342296616e-01 -1.361544185882388976e-04 2.192522812184007272e-11 2.192522812184007272e-11 -1.361336931315674473e-04
-5.510508333342295506e-01 -4.324619722740574533e-05 2.192686365739938202e-11 2.192686365739938202e-11 -4.322547177203060103e-05
-5.508906551301588905e-01 2.702592753578190618e-28 -1.030142619745542415e-29 -1.030142619745542415e-29 5.069396632604792018e-29
-5.508906551301588905e-01 3.239019965671933285e-28 -6.421173092571552189e-29 -6.421173092571552189e-29 2.176459747825293618e-29
-5.503259582776542924e-01 1.982127043387793701e-06 -5.233221855440614526e-13 -5.233221855440614526e-13 1.981632399920244663e-06
-5.503259582776542924e-01 2.662029087154965781e-06 -5.233328409665573108e-13 -5.233328409665573108e-13 2.661534443648929683e-06
-5.497528655384171792e-01 -1.950829484355811095e-05 3.077484606204459388e-12 3.077484606204459388e-12 -1.950538593108330860e-05
-5.497528655384170682e-01 2.002118192716351974e-05 3.077494524025249471e-12 3.077494524025249471e-12 2.002409083956262106e-05
-5.494370954453963174e-01 9.108004458317204170e-29 4.835772755622025585e-29 4.835772755622025585e-29 -4.933028573142409072e-29
-5.494370954453963174e-01 4.388736407836714139e-29 -6.188766891792239564e-29 -6.188766891792239564e-29 1.110580780513018538e-28
-5.489817460553316764e-01 1.779831612231633664e-04 1.329475358149130030e-10 1.329475358149130030e-10 1.781088258517421453e-04
-5.489817460553315653e-01 -1.127417149891294496e-04 1.329461532578624789e-10 1.329461532578624789e-10 -1.126160503589840800e-04
-5.489106686769540389e-01 8.742353201661616962e-29 -1.373169847496917457e-28 -1.373169847496917457e-28 1.860260458024156057e-27
-5.489106686769539278e-01 1.404342947195174179e-28 -1.156166779481040378e-28 -1.156166779481040378e-28 6.554079073738072758e-28
-5.482638425054552345e-01 3.073811252766660382e-06 -3.389959286185863067e-12 -3.389959286185863067e-12 3.070606963359125280e-06
-5.482638425054551234e-01 1.734686378047752350e-05 -3.389973753763593923e-12 -3.389973753763593923e-12 1.734365949112364413e-05
-5.478878390554666744e-01 -8.205284312758535662e-06 -1.409230345086868506e-12 -1.409230345086868506e-12 -8.206616399251367405e-06
-5.478878390554666744e-01 6.222852602287351662e-07 -1.409229080131017410e-12 -1.409229080131017410e-12 6.209531740724036725e-07
-5.477842503341529001e-01 3.447450788863819757e-29 -3.526156874801052901e-30 -3.526156874801052901e-30 2.267964661743466415e-29
-5.477842503341529001e-01 -7.551566800904126177e-29 1.209401889931883236e-29 1.209401889931883236e-29 1.651232771415888693e-29
-5.475699930826214423e-01 2.992002557495453866e-29 -5.724005738317632389e-29 -5.724005738317632389e-29 2.453251551134912626e-29
-5.475699930826213313e-01 -2.007881095756747807e-29 4.495872112648607918e-31 4.495872112648607918e-31 2.769477674352743890e-28
-5.468337291312365123e-01 -3.262271115419332744e-29 3.725381628318959250e-29 3.725381628318959250e-29 -8.564004683184383018e-29
-5.468337291312364012e-01 -1.651877035974902529e-28 -6.315167414011216466e-30 -6.315167414011216466e-30 1.488901640025429290e-29
-5.467649638410869706e-01 -1.636162523311667172e-05 3.546817460337272247e-12 3.546817460337272247e-12 -1.635827269167546884e-05
-5.467649638410868596e-01 2.147823669456975327e-05 3.547162108984496544e-12 3.547162108984496544e-12 2.148158923582975548e-05
-5.459272378070400000e-01 8.533051471925489719e-30 -1.178376717715852360e-28 -1.178376717715852360e-28 -1.223404916953183155e-28
-5.459272378070400000e-01 -3.327870480427346840e-30 -3.528958737921503753e-29 -3.528958737921503753e-29 -1.631074956918967165e-29
-5.455996146629664700e-01 -2.100964220502105510e-08 -8.963068057909292940e-14 -8.963068057909292940e-14 -2.109434440809606078e-08
-5.455996146629664700e-01 2.646042595848014644e-07 -8.961682087711211797e-14 -8.961682087711211797e-14 2.645195573376657900e-07
-5.453856157658628634e-01 -1.029503062840937171e-28 2.926267759400466251e-29 2.926267759400466251e-29 8.454038429242068822e-30
-5.453856157658627524e-01 -1.488489324773345097e-28 1.829854861634268791e-29 1.829854861634268791e-29 -1.195269168375778267e-29
-5.451976649582074286e-01 -3.178381543026806579e-28 1.404508160325238449e-28 1.404508160325238449e-28 -1.944811402716262409e-28
-5.451976649582074286e-01 3.425427846653737216e-30 1.131349343373147562e-29 1.131349343373147562e-29 4.243686525990115642e-30
-5.449550950373621694e-01 6.434649330840393837e-29 3.074676633259193562e-29 3.074676633259193562e-29 -5.237951744929687376e-29
-5.449550950373619473e-01 -1.037013563145685003e-27 4.973534989079064372e-28 4.973534989079064372e-28 -2.612304052769421765e-28
-5.443787697007443915e-01 -9.825296855422063877e-05 -1.502597380525761593e-11 -1.502597380525761593e-11 -9.826717149712162484e-05
-5.443787697007441695e-01 6.633223423365837662e-05 -1.502578250777271617e-11 -1.502578250777271617e-11 6.631803129138896542e-05
-5.442581401423977061e-01 5.069751774641366062e-29 4.058370195318716311e-29 4.058370195318716311e-29 1.064740041256043907e-29
-5.442581401423975951e-01 1.574389125337178237e-28 3.087024350512830044e-28 3.087024350512830044e-28 1.275644998859449470e-28
-5.438400252910843280e-01 -2.108422321485858924e-06 4.948678755278774206e-13 4.948678755278774206e-13 -2.107954389506194948e-06
-5.438400252910842170e-01 3.479433949748034596e-06 4.951588975637512018e-13 4.951588975637512018e-13 3.479901881058806394e-06
-5.418885920230939179e-01 3.766668922815936601e-29 4.075847261482609251e-29 4.075847261482609251e-29 -7.529045968386999223e-30
-5.418885920230939179e-01 1.261671811894077260e-28 -3.700634973159234490e-29 -3.700634973159234490e-29 5.840201626925794709e-29
-5.399255363982651268e-01 9.984537475439079091e-04 -2.045328740885542940e-10 -2.045328740885542940e-10 9.982604177488330847e-04
-5.399255363982650158e-01 1.324894591338081871e-03 -2.045323980470815615e-10 -2.045323980470815615e-10 1.324701261542497038e-03
-5.398095328503429435e-01 1.353478876457635440e-27 -1.514890044973446644e-28 -1.514890044973446644e-28 3.675219216883954984e-27
-5.398095328503429435e-01 2.404995096990690165e-27 -6.684575462543031320e-30 -6.684575462543031320e-30 1.812789856390614941e-27
-5.388620318339218951e-01 5.458000080948525323e-05 -8.426516760875109178e-11 -8.426516760875109178e-11 5.450035279595474586e-05
-5.388620318339217841e-01 -4.804608392559253259e-04 -8.426372016103326340e-11 -8.426372016103326340e-11 -4.805404872690119270e-04
-5.386471981140926735e-01 6.773489469707804711e-06 7.248472604876770526e-12 7.248472604876770526e-12 6.780341118908168805e-06
-5.386471981140926735e-01 7.148699676315441785e-06 7.248605080614418264e-12 7.248605080614418264e-12 7.155551325979446302e-06
-5.382397519725212742e-01 2.120017198771744731e-27 1.357034828569434871e-27 1.357034828569434871e-27 8.073033295052432970e-28
-5.382397519725210522e-01 2.631212550621881588e-28 7.237502686207888199e-29 7.237502686207888199e-29 6.804703616024478591e-28
-5.380519279090250073e-01 1.731639764481312903e-05 -7.808020497747828773e-11 -7.808020497747828773e-11 1.724259386830778645e-05
-5.380519279090248963e-01 -7.152924110922638762e-05 -7.808025567771557890e-11 -7.808025567771557890e-11 -7.160304488541408268e-05
-5.376156188984181350e-01 6.944516742757204453e-04 -1.584142309330144149e-10 -1.584142309330144149e-10 6.943019379262758495e-04
-5.376156188984176909e-01 4.187318589673213565e-04 -1.584126425354766222e-10 -1.584126425354766222e-10 4.185821226233524695e-04
-5.370453474029976970e-01 -4.321413848479291603e-27 -1.653457984521823822e-27 -1.653457984521823822e-27 -6.454750718937199163e-27
-5.370453474029974750e-01 -4.465984881062498971e-27 -1.523780498236229335e-27 -1.523780498236229335e-27 -3.455222762077780987e-27
-5.369953544834530357e-01 -5.366880748365327281e-07 -3.548850731523172911e-11 -3.548850731523172911e-11 -5.702326281532661074e-07
-5.369953544834529247e-01 7.592127050685012178e-05 -3.548851390809993031e-11 -3.548851390809993031e-11 7.588772595269101403e-05
-5.360686716769224036e-01 -5.975387014485330172e-05 -1.929319356811292143e-11 -1.929319356811292143e-11 -5.977210664368641806e-05
-5.360686716769218485e-01 7.768302542596333140e-05 -1.929328272127647507e-11 -1.929328272127647507e-11 7.766478892641323216e-05
-5.354802953889001849e-01 -4.466620250671917218e-30 -4.281261242683406436e-29 -4.281261242683406436e-29 -4.976639275745451707e-29
-5.354802953888996297e-01 -8.278186990452606776e-28 1.117108687299036879e-27 1.117108687299036879e-27 4.756196381765522566e-28
-5.343132990176714392e-01 7.822470335408184721e-05 -2.006430291602001874e-11 -2.006430291602001874e-11 7.820573801123955086e-05
-5.343132990176713282e-01 2.984616821738972665e-05 -2.006405522587278268e-11 -2.006405522587278268e-11 2.982720287444681973e-05
-5.337922811970736703e-01 -5.481329264366126132e-28 1.991130120847120415e-28 1.991130120847120415e-28 -1.487163254029827814e-28
-5.337922811970734482e-01 -8.165480904942446886e-28 2.887282260120244580e-28 2.887282260120244580e-28 4.857913060072687841e-28
-5.332868261587914160e-01 5.068155486538269928e-04 -1.094748583909119453e-10 -1.094748583909119453e-10 5.067120699696871450e-04
-5.332868261587913050e-01 -3.796846636671457405e-04 -1.094746723899210307e-10 -1.094746723899210307e-10 -3.797881423532362306e-04
-5.328435910811877285e-01 7.280593877172323648e-29 2.284521224369178148e-28 2.284521224369178148e-28 3.574930795162449827e-30
-5.328435910811872844e-01 -1.246004856761627441e-28 1.127452273005896784e-28 1.127452273005896784e-28 -2.890958649796876193e-28
-5.322392126912034449e-01 5.213318834390719239e-05 -1.223909419812111751e-11 -1.223909419812111751e-11 5.212161973145124717e-05
-5.322392126912034449e-01 -3.536472012392387305e-05 -1.223891932086202266e-11 -1.223891932086202266e-11 -3.537628873576254809e-05
-5.309238502657852576e-01 -2.601028813858318580e-28 5.207992276902085466e-29 5.207992276902085466e-29 -1.265951824352701466e-28
-5.309238502657852576e-01 -7.390131178560673736e-29 -1.685870868001958838e-29 -1.685870868001958838e-29 1.904587395044945253e-28
-5.308063935741615946e-01 -5.413912077016314143e-05 -7.757984182201212688e-12 -7.757984182201212688e-12 -5.414645384147560354e-05
-5.308063935741612616e-01 2.153974164413057741e-05 -7.758007637590249755e-12 -7.758007637590249755e-12 2.153240857185846762e-05
-5.305567445653169845e-01 1.503388690080903471e-05 -8.413027124610966724e-12 -8.413027124610966724e-12 1.502593454326509171e-05
-5.305567445653166514e-01 -2.301411000390838395e-05 -8.412891570712072825e-12 -8.412891570712072825e-12 -2.302206236131835684e-05
-5.298985361377563930e-01 6.671240799177732977e-06 -1.110639665877695993e-11 -1.110639665877695993e-11 6.660742558654391431e-06
-5.298985361377561709e-01 -6.443828553495999708e-05 -1.110665060777461532e-11 -1.110665060777461532e-11 -6.444878377591976642e-05
-5.296600935588129389e-01 8.497565994027416036e-30 -2.004564156300895897e-29 -2.004564156300895897e-29 -4.153913438298675745e-29
-5.296600935588128278e-01 3.711721110270500270e-29 2.935801701825329545e-29 2.935801701825329545e-29 -3.414116662517985454e-28
-5.291354072395942909e-01 -8.967155235021572749e-28 -8.551344022249078341e-28 -8.551344022249078341e-28 6.854642360461846937e-29
-5.291354072395941799e-01 -1.887697468946108311e-28 -3.233244430851480449e-28 -3.233244430851480449e-28 -1.000548816586072257e-27
-5.289916305987506506e-01 -1.144635786230885474e-27 -1.153787081723947415e-27 -1.153787081723947415e-27 -2.350966534135519374e-27
-5.289916305987504286e-01 -3.710364346696315041e-28 -1.366579309506011934e-28 -1.366579309506011934e-28 -8.001598494492080187e-28
-5.286326114202272164e-01 2.497481005787557137e-04 -3.743138247295362920e-10 -3.743138247295362920e-10 2.493942870789621694e-04
-5.286326114202269943e-01 2.978996326656890045e-04 -3.743138257411032696e-10 -3.743138257411032696e-10 2.975458191658545315e-04
-5.276569972414303367e-01 -1.257375067206922835e-27 -2.530750124090522574e-28 -2.530750124090522574e-28 3.095264417711228430e-29
-5.276569972414303367e-01 5.219178430597769442e-28 -1.460758272065939725e-28 -1.460758272065939725e-28 1.002472523467489056e-27
-5.271630978146770730e-01 -2.583752954946062688e-03 -4.383845560806383312e-10 -4.383845560806383312e-10 -2.584167326740765581e-03
-5.271630978146768509e-01 2.505897900106702700e-03 -4.383826510263143743e-10 -4.383826510263143743e-10 2.505483528313063191e-03
-5.263414507581066770e-01 -8.917177120876235543e-05 -1.844928291425785815e-11 -1.844928291425785815e-11 -8.918920993747277712e-05
-5.263414507581065660e-01 5.908991808970484887e-05 -1.844915350334157461e-11 -1.844915350334157461e-11 5.907247936029833550e-05
-5.259801682488289831e-01 -1.836871077295488576e-28 7.689302543923078553e-28 7.689302543923078553e-28 1.395892449890487788e-27
-5.259801682488286501e-01 -5.110253661323152935e-28 9.118379501901942534e-28 9.118379501901942534e-28 1.738954688112237782e-27
-5.255684740859170034e-01 -3.433691307881592519e-28 -6.815789101833811714e-29 -6.815789101833811714e-29 -1.281571174455732808e-28
-5.255684740859165593e-01 7.953724777706924750e-29 2.033517479049064402e-28 2.033517479049064402e-28 8.594240962933125606e-29
-5.249438863125835963e-01 -7.070089243534482674e-28 -8.601277988310838995e-28 -8.601277988310838995e-28 9.745989137314243468e-29
-5.249438863125834853e-01 1.421420610602557916e-28 1.391598836789361556e-28 1.391598836789361556e-28 1.131406864574390234e-28
-5.246090767386802911e-01 -2.771218834197892718e-04 -4.338842926511843933e-11 -4.338842926511843933e-11 -2.771628953346534359e-04
-5.246090767386801801e-01 4.818272783549789928e-05 -4.338808790472375338e-11 -4.338808790472375338e-11 4.814171591851196507e-05
-5.240948228867932102e-01 7.616929063525429727e-06 -2.852192011456228664e-12 -2.852192011456228664e-12 7.614233490145889590e-06
-5.240948228867929881e-01 -1.591859251798483356e-05 -2.851821023928213887e-12 -2.851821023928213887e-12 -1.592128809317408162e-05
-5.234637256598142496e-01 -5.545486768745329189e-28 -8.249547675613472076e-29 -8.249547675613472076e-29 2.470465886438050752e-28
-5.234637256598141386e-01 -8.319741907782662851e-29 3.190709661914761707e-28 3.190709661914761707e-28 1.502539320757102615e-28
-5.233058935884200569e-01 2.446548925926322979e-06 -9.667333085262297447e-13 -9.667333085262297447e-13 2.445635095042436638e-06
-5.233058935884200569e-01 -9.529060023854569312e-07 -9.666621039723055222e-13 -9.666621039723055222e-13 -9.538198334513456652e-07
-5.232202821307080365e-01 9.428738110941234134e-29 4.227274733669183493e-29 4.227274733669183493e-29 -1.281341381708440549e-28
-5.232202821307079255e-01 3.435229129367981218e-28 -1.366169040565221703e-27 -1.366169040565221703e-27 -5.213842532262013808e-29
-5.221452066580050122e-01 -2.480114927874757774e-03 -1.627212349139839420e-09 -1.627212349139839420e-09 -2.481653015282256694e-03
-5.221452066580047902e-01 1.345062937442770713e-03 -1.627211037793347950e-09 -1.627211037793347950e-09 1.343524850031606755e-03
-5.215032710286294781e-01 -5.039533568448951225e-04 -1.016917518033192268e-10 -1.016917518033192268e-10 -5.040494793418892183e-04
-5.215032710286292561e-01 -5.564471651752020279e-04 -1.016919480665921622e-10 -1.016919480665921622e-10 -5.565432876698346229e-04
-5.213220572360964811e-01 4.240879097955209569e-28 8.008868838215025502e-28 8.008868838215025502e-28 -2.755207427697351478e-28
-5.213220572360961480e-01 3.671416079294985614e-27 2.561198069477225482e-29 2.561198069477225482e-29 1.082799824804444876e-27
-5.200262388251088996e-01 1.709108869273939517e-06 1.928305461298214103e-12 1.928305461298214103e-12 1.710931366935255519e-06
-5.200262388251086776e-01 7.369652991901266961e-06 1.927648889399395644e-12 1.927648889399395644e-12 7.371475489582852673e-06
-5.197323472236555775e-01 -3.969646133956099428e-04 -8.573158397963778034e-11 -8.573158397963778034e-11 -3.970456507410554466e-04
-5.197323472236551334e-01 -1.518369562730568351e-04 -8.573223528541235197e-11 -8.573223528541235197e-11 -1.519179936239184708e-04
-5.190820051498877818e-01 -2.051689121810271727e-27 6.729338721831830740e-28 6.729338721831830740e-28 1.219419267550458872e-29
-5.190820051498873378e-01 -1.735316279130567567e-29 1.091041829464902887e-29 1.091041829464902887e-29 2.333489172399718059e-28
-5.186832923301946119e-01 -4.984065202636844533e-27 -3.394079967309980859e-28 -3.394079967309980859e-28 -4.836042723643088360e-28
-5.186832923301942788e-01 -2.149112190311857189e-28 1.459106276895088331e-28 1.459106276895088331e-28 9.822287990975327314e-30
-3.127042531881008697e-02 3.510083432869628289e-02 -1.551109056670946922e-08 -1.551109056670946922e-08 3.508617280688056117e-02
-3.127042531880996901e-02 -2.542627773737115779e-02 -1.551109264667177559e-08 -1.551109264667177559e-08 -2.544093925916305135e-02
-2.645584656163355031e-02 -1.103384747496695644e-29 -8.642493393883282869e-30 -8.642493393883282869e-30 7.894547591315820549e-30
-2.645584656163341500e-02 1.926643252104043030e-29 -3.776989370780441264e-29 -3.776989370780441264e-29 -1.183138493391472718e-29
-2.302842127286164331e-02 2.437568380858134668e-27 1.058327659249563829e-27 1.058327659249563829e-27 8.978523431639234843e-27
-2.302842127286143514e-02 3.468531002901016025e-27 1.040519832536132638e-27 1.040519832536132638e-27 -6.700903752388473005e-29
-2.287527676686160194e-02 -1.561978844618846715e-02 1.289656199867910071e-08 1.289656199867910071e-08 -1.560759824810563183e-02
-2.287527676686146663e-02 1.181608166370394508e-02 1.289656376413131405e-08 1.289656376413131405e-08 1.182827186178702326e-02
-2.085384609460276539e-02 2.619429508559560001e-29 1.420145050293771271e-28 1.420145050293771271e-28 -1.029409803648431217e-27
-2.085384609460250172e-02 2.869121317471396268e-27 -2.082268675519687181e-27 -2.082268675519687181e-27 -7.559685332215834953e-28
-2.001731430067172496e-02 -4.156805624641414232e-01 8.592506932630837158e-07 8.592506932630837158e-07 -4.148683742128220220e-01
-2.001731430067142312e-02 4.335727138515813595e-01 8.592506900561068632e-07 8.592506900561068632e-07 4.343849021027746393e-01
-1.639978855232052460e-02 2.410696841034688509e-01 -1.856973040615011460e-07 -1.856973040615011460e-07 2.408941577241080767e-01
-1.639978855232038235e-02 -2.547307043772563118e-01 -1.856973162481120769e-07 -1.856973162481120769e-07 -2.549062307566661301e-01
-1.142944957899865929e-02 9.538205052364405194e-28 3.571211207039867220e-28 3.571211207039867220e-28 -5.177856399805918520e-27
-1.142944957899842337e-02 4.125466758304423145e-26 -2.970020709177614733e-27 -2.970020709177614733e-27 -1.709528718859753527e-27
-8.048824077775733332e-03 -9.778672690244487598e+00 -8.006289658220824319e-06 -8.006289658220824319e-06 -9.786240463441105319e+00
-8.048824077775481797e-03 1.017959690969682462e+01 -8.006290159102958008e-06 -8.006290159102958008e-06 1.017202913649770402e+01
6.486554464646002716e-01 2.073543644725100803e-28 2.699621130822328902e-29 2.699621130822328902e-29 1.863020859497730808e-28
6.486554464646002716e-01 5.072714913984042780e-29 1.085579013342479988e-29 1.085579013342479988e-29 5.600847332865240102e-29
