-8.048824077775481797e-03 1.189002961366070199e+00
-1.142944957899842337e-02 2.510911687335174141e-28
-1.639978855232038235e-02 2.757764801974745689e-02
-2.001731430067142312e-02 1.276061280750627469e-01
-2.085384609460250172e-02 3.631801057912947431e-29
-2.287527676686146663e-02 1.915250534227231965e-03
-2.302842127286143514e-02 1.181149689255039066e-28
-2.645584656163341500e-02 7.454244236166843369e-31
-3.127042531880996901e-02 2.303530033189410235e-03
-4.700846231346175741e-01 7.438542837652017239e-28
-4.705442773792847255e-01 6.176589825429318770e-06
-4.708746467165297878e-01 2.294338820223280627e-28
-4.713700604791938864e-01 7.415338091422822597e-05
-4.723737390948125614e-01 2.350997206836112853e-29
-4.728473917471711641e-01 1.178204122809257823e-05
-4.731391466070841156e-01 1.179318242558854622e-28
-4.734584828578436433e-01 3.309859195723794939e-29
-4.737601156957385040e-01 2.059570080140462071e-05
-4.745237248605203018e-01 9.990785597324915353e-06
-4.747456256692949572e-01 1.097600690583884796e-28
-4.748883976721367528e-01 1.758418286691635034e-06
-4.749615734865406114e-01 1.057694568975196933e-28
-4.751292765053157785e-01 5.095893600899692721e-29
-4.766521632227500582e-01 1.727550648451518358e-29
-4.774496879858625698e-01 1.310383865064381707e-06
-4.774853691221024321e-01 1.067979495172557927e-28
-4.777202524897080638e-01 2.066005391323434584e-05
-4.781231496367875922e-01 2.466398478142423926e-06
-4.788643965677090164e-01 3.823080454224882706e-07
-4.800366462172744320e-01 1.129047154822167463e-07
-4.806671363457309387e-01 5.366378893621388876e-30
-4.807354170793163295e-01 3.404767672294835781e-09
-4.810619140771724700e-01 1.491240881431310358e-29
-4.818314683098178230e-01 2.660863370304411394e-05
-4.821696154851878302e-01 3.621943899967988538e-29
-4.829373398389017469e-01 3.277398106081666540e-06
-4.834048221330514705e-01 1.026597181715737100e-29
-4.837276650592458593e-01 7.210572360411206489e-07
-4.841343725680262722e-01 3.068177583945371576e-07
-4.842029218478337560e-01 6.877585405573785034e-30
-4.849014624447717248e-01 1.680660267518268999e-06
-4.850987271413638169e-01 1.651048738747321393e-29
-4.852448842505576732e-01 6.110504232629963965e-30
-4.857391424673355718e-01 2.082903179684586203e-06
-4.862064213875202934e-01 1.741687452086925905e-06
-4.865672372323577854e-01 1.585431084013764065e-05
-4.878511350346406705e-01 6.078290240962951275e-28
-4.878741561249402281e-01 2.880617970742895250e-05
-4.881269234662626300e-01 1.539353526043898880e-29
-4.892289605663874275e-01 2.148468104918239464e-05
-4.899489817736738528e-01 6.829996084976875709e-07
-4.899841715431886291e-01 3.792797203284078835e-30
-4.904607416768075323e-01 1.789769781867698187e-06
-4.905892987790626547e-01 3.940220692951306779e-30
-4.910029208930427047e-01 1.304495652094354417e-05
-4.911234181422434730e-01 1.692886572060374505e-29
-4.924924979468133235e-01 2.351305924555236800e-30
-4.932450916580861100e-01 4.250614696599827155e-30
-4.939413840019877822e-01 1.837915769290285219e-07
-4.941928496284357930e-01 2.808262968647769288e-07
-4.944980908967229194e-01 2.573636909430137368e-30
-4.946675193114105085e-01 1.616523104899658189e-30
-4.955748248495798203e-01 2.235613439489158131e-30
-4.962907136390143359e-01 7.872179042789226959e-30
-4.966455287587712153e-01 9.477126948197717072e-08
-4.973454516872086173e-01 3.258654466058388049e-30
-4.981805985179930119e-01 1.895187116333185848e-06
-4.983418508014176851e-01 4.257402583579953394e-30
-4.984019988688170866e-01 4.582414032225057347e-08
-4.989342776536427881e-01 1.928882145066641726e-30
-4.993199540701123706e-01 2.776264695481907898e-06
-4.997779889951347587e-01 1.040832734980591649e-30
-5.002601988813319966e-01 1.340514541489122278e-30
-5.014372551051941018e-01 6.414248284863311619e-30
-5.020118909782953498e-01 1.444198268873528339e-29
-5.026318428360913027e-01 4.881050198203458293e-07
-5.035137656127167682e-01 3.481011529903185134e-05
-5.035973416566925653e-01 1.549342286985749705e-29
-5.049605411983119074e-01 2.420483047378212594e-30
-5.060079816876017489e-01 1.610500311808893301e-05
-5.061305933519467670e-01 9.860002664311176999e-06
-5.062040144559835086e-01 1.154680603276159734e-29
-5.068474598435785961e-01 3.157591128755335763e-06
-5.070513879520034406e-01 1.918775628265981379e-30
-5.072123630958527141e-01 1.276667923612736639e-06
-5.085227978989045328e-01 3.685824388944176498e-07
-5.090178113656290693e-01 9.492901629680610683e-30
-5.100212948551312575e-01 2.615304965307208987e-06
-5.100369155604088656e-01 4.567490281988107660e-06
-5.104403170950541080e-01 6.710139718413450104e-30
-5.110831889641735959e-01 7.017591834303635156e-30
-5.117261143336514495e-01 2.132125435460260265e-06
-5.126965274504969861e-01 8.703253861892470966e-30
-5.129131121608783150e-01 1.753298230052408623e-06
-5.131721215875628683e-01 5.845030263352751199e-29
-5.131864652839663865e-01 5.867335910298921270e-07
-5.135780726666111518e-01 1.661348215223878695e-04
-5.137166072452836740e-01 7.647378820230113049e-29
-5.139471863776846616e-01 4.353432168287343038e-29
-5.141071381610594626e-01 2.542567847093174087e-05
-5.145702964933775991e-01 1.393585046111301098e-29
-5.149655747571570963e-01 9.410047660775135726e-07
-5.157935832995326209e-01 1.616335669629960111e-29
-5.160207121766748894e-01 9.804449228471710903e-07
-5.162907530522516941e-01 4.195667545401902037e-05
-5.163445338790922934e-01 7.102231980384221210e-28
-5.170365254170311564e-01 5.734844150939288204e-05
-5.170495686752095699e-01 6.995484614866927550e-27
-5.176048263021165718e-01 3.697812351308730533e-30
-5.183805614852756705e-01 1.583557330949805211e-29
-5.184491469529184382e-01 1.124763630967803971e-05
-5.186832923301940568e-01 2.689986199514431068e-29
-5.190820051498873378e-01 1.392370673455347907e-29
-5.197323472236550224e-01 1.273210059434239514e-05
-5.200262388251084555e-01 2.863398635984716991e-07
-5.213220572360960370e-01 3.092541185400609212e-29
-5.215032710286292561e-01 1.510218763089320580e-05
-5.221452066580046791e-01 2.416550332006086742e-04
-5.232202821307082585e-01 6.438999720165863490e-30
-5.233058935884197238e-01 1.435756645919549178e-07
-5.234637256598143606e-01 1.060034016048368507e-29
-5.240948228867929881e-01 4.235124306119537615e-07
-5.246090767386801801e-01 6.443545522886516514e-06
-5.249438863125832633e-01 2.005892801939356828e-29
-5.255684740859163373e-01 5.254902385771061199e-30
-5.259801682488287611e-01 1.195530578903383488e-29
-5.263414507581065660e-01 2.739868131605086806e-06
-5.271630978146766289e-01 6.510360128799983566e-05
-5.276569972414300036e-01 4.094866654159280731e-29
-5.286326114202271054e-01 5.558904653273234454e-05
-5.289916305987503176e-01 2.155789138578696651e-29
-5.291354072395939578e-01 2.871808706559027644e-29
-5.296600935588127168e-01 7.123243371612462875e-30
-5.298985361377562819e-01 1.649420312239615697e-06
6.486554464646002716e-01 2.239191531878820801e-29
