-8.048824077775481797e-03 1.189002961366070199e+00
-1.142944957899842337e-02 2.510911687335174141e-28
-1.639978855232038235e-02 2.757764801974745689e-02
-2.001731430067142312e-02 1.276061280750627469e-01
-2.085384609460250172e-02 3.631801057912947431e-29
-2.287527676686146663e-02 1.915250534227231965e-03
-2.302842127286143514e-02 1.181149689255039066e-28
-2.645584656163341500e-02 7.454244236166843369e-31
-3.127042531880996901e-02 2.303530033189410235e-03
-9.958521070223839977e-02 4.002799844891558002e-04
3.945111949756958669e-01 1.114493018207163409e-31
3.951422895150151215e-01 2.408433818857100207e-31
3.975880282385316766e-01 1.088237627320952356e-31
3.988411434944005296e-01 1.523642585223932761e-31
4.009283218684224770e-01 1.115232498929659914e-32
4.029665293122077774e-01 2.355542908224063233e-32
4.034109562236101176e-01 2.265599346401964793e-31
4.038475441503170948e-01 1.003811462829302830e-31
4.062223622719062788e-01 1.461460630758825495e-32
4.067602553067041216e-01 8.296495835093992247e-32
4.075959861810621865e-01 1.638662026330228430e-32
4.115863470987327632e-01 3.202730888379523726e-32
4.121700215850809812e-01 6.090528136773115408e-32
4.143644356693907405e-01 1.104035344148593850e-31
4.175652252785308494e-01 5.753852812092705247e-32
4.186798876205416464e-01 3.498190308688481215e-32
4.199520868565453369e-01 3.700027756583531776e-32
4.209934037575857602e-01 3.488307717329909496e-32
4.237763777502832063e-01 1.681653125315328862e-32
4.260756029656008748e-01 2.329560310443683270e-32
4.307974701114594129e-01 3.033182630741498250e-32
4.311785985689908784e-01 1.012639096381731475e-31
4.318717191703831393e-01 5.076234159852154379e-33
4.338654623625501361e-01 2.561174345876370123e-32
4.385331283142361869e-01 5.784888687639805259e-32
4.386217099086517912e-01 8.284204603664432106e-32
4.410962530015634098e-01 1.743879928499948743e-33
4.421320780147721119e-01 4.425399079025941954e-32
4.423493682574334840e-01 5.934793320408428370e-33
4.444365466314549318e-01 1.118646625953936832e-32
4.457850946763874944e-01 4.472613932667059337e-33
4.472415276951774987e-01 7.560653100819436048e-33
4.473557689133499937e-01 4.183589061115508809e-33
4.484869215324961411e-01 2.917490456318961683e-32
4.511042109440949743e-01 3.495619023276037196e-33
4.517249598640784014e-01 1.631211127013210097e-32
4.538432453109831344e-01 2.852447774504437799e-33
4.556782463481148793e-01 5.753633266929131987e-32
4.566485843540298295e-01 1.076765824885273013e-32
4.604065538463342211e-01 4.726773092107690872e-33
4.610734500415645254e-01 4.410960610498436453e-33
4.638023190489499181e-01 1.794285683879587150e-33
4.656383353700827010e-01 7.308125618852975945e-34
4.663007706596181690e-01 1.824543709369350752e-32
4.668337791654356139e-01 9.004236052235006846e-33
4.672846025133152725e-01 3.561777290994875225e-33
4.743056948744919787e-01 2.938593409364123665e-33
4.757219513627874430e-01 1.587363323548781864e-33
4.777872586112164033e-01 2.190106233201975166e-33
4.794926022094599394e-01 3.566216033895840725e-34
4.797968382539417043e-01 6.838624228840387735e-33
4.802597945400288171e-01 1.662505766991757389e-33
4.821299346716850232e-01 9.684789700102636851e-33
4.894984259074268151e-01 7.425987832936951035e-34
4.907497524582103421e-01 6.530162295031076479e-34
4.917164705677796732e-01 9.609892770084670756e-34
4.924154305336609916e-01 7.016393662636107853e-34
4.934059777154641835e-01 2.365532621907307588e-34
4.936685457895313434e-01 7.678204879849059210e-34
4.955751920564820945e-01 1.817161996125598450e-33
4.957557241635529577e-01 2.539255160364801943e-34
4.964550054831318171e-01 9.826514533317188933e-34
4.986749464454475755e-01 6.690994793906892223e-35
5.001568091170622843e-01 5.715023435084553599e-35
5.019559512560621828e-01 1.006201782903337859e-33
5.024233884761922786e-01 1.141072053779010873e-33
5.069974238802117394e-01 1.492462160588841110e-33
5.080274368854102995e-01 3.726811555492776831e-34
5.083746377969696750e-01 7.141376244842781357e-34
5.103420039284682908e-01 6.009328145978019715e-34
5.115697112614742137e-01 2.412611593526885429e-34
5.123926275736617741e-01 8.849570432743392349e-34
5.137607050355759153e-01 1.997250407696781124e-33
5.151477828059034536e-01 2.813916757121260572e-33
5.186037800454127433e-01 7.547968805781176895e-34
5.212954833742489136e-01 5.969424583625602183e-33
5.233428344018633549e-01 6.520322689426165996e-33
5.256248724065893940e-01 3.136184969967125833e-33
5.256803373494137732e-01 4.253054192354026735e-33
5.282278784906644375e-01 3.366069571345428302e-33
5.290611583119076977e-01 1.086178254524639883e-32
5.316971947646285113e-01 1.996279603948388909e-32
5.330066506704592699e-01 8.274456456118796815e-33
5.334491122037819943e-01 7.689859098708984329e-33
5.393373536068551966e-01 4.927081170529087449e-33
5.420689299903073133e-01 1.069383834231124141e-32
5.436168270784663692e-01 7.037402605178729705e-32
5.436826174818540913e-01 2.033338574403908336e-33
5.454641760190946931e-01 4.250917731746765685e-33
5.455335780431084247e-01 1.085764179345313497e-32
5.502471222748860358e-01 7.608320221918687208e-33
5.514759866491596441e-01 7.902980127590512451e-33
5.514959128449570258e-01 2.081811558423595580e-32
5.527490281008270445e-01 6.841944649559358208e-32
5.548362064748488809e-01 5.050546713086844770e-32
5.559955208360456425e-01 2.721868945821219647e-32
5.577554287567431102e-01 3.977674530263971706e-32
5.586560075689364080e-01 1.069999206672528784e-32
5.589980149983072577e-01 2.729727946701943692e-32
5.615038707874888679e-01 6.838988018081780436e-32
5.616611814605655395e-01 1.856637457707260883e-32
5.621667545887238937e-01 3.001689800404906755e-32
5.634700677721607986e-01 3.070025243139020369e-32
5.660779061915077737e-01 1.282092776580430856e-32
5.693925417095108132e-01 1.386379870388625049e-31
5.714731098849585855e-01 1.001167691700743329e-32
5.725693830749412072e-01 5.718488231252398903e-32
5.726146609063460513e-01 2.196878748409194434e-32
5.733012203884901847e-01 6.308411093617809721e-32
5.749925342032993214e-01 2.783252063352218722e-32
5.776842623567093327e-01 1.291044637241657583e-31
5.813121740233477830e-01 9.305616185115366825e-32
5.820199952824187672e-01 7.111393372667068166e-33
5.843258282025562966e-01 7.198692423652992508e-32
5.847053547178849842e-01 1.216834550984059237e-31
5.871908422448873788e-01 3.042597348568110936e-31
5.891149311116868903e-01 1.047061683187567003e-31
5.912377101175416705e-01 5.024575388227655157e-32
5.916507014324892122e-01 1.349213756672606362e-31
5.925295945150773624e-01 2.521979429907549017e-32
5.967833535511918308e-01 3.221107105529769871e-31
6.010345634255237490e-01 5.959030397539182128e-32
6.011494123016034585e-01 5.110282734828631034e-31
6.011654147170426565e-01 2.632365281354857741e-31
6.025062397613395460e-01 2.928055054621821979e-31
