-8.048824077775481797e-03 1.189002961366070199e+00
-1.142944957899842337e-02 2.510911687335174141e-28
-1.639978855232038235e-02 2.757764801974745689e-02
-2.001731430067142312e-02 1.276061280750627469e-01
-2.085384609460250172e-02 3.631801057912947431e-29
-2.287527676686146663e-02 1.915250534227231965e-03
-2.302842127286143514e-02 1.181149689255039066e-28
-2.645584656163341500e-02 7.454244236166843369e-31
-3.127042531880996901e-02 2.303530033189410235e-03
-4.178122368873409265e-01 1.220363090247411484e-05
-4.178311562628962972e-01 2.978483141483485951e-27
-4.191512543555185322e-01 1.562707441156463585e-06
-4.192828082126260347e-01 4.145667580207673307e-29
-4.198521297604692615e-01 8.679791359283884564e-08
-4.203766174617711848e-01 8.913654190202971057e-07
-4.205656890597262443e-01 8.145578660008916586e-07
-4.209878387696917579e-01 1.184331487514483564e-29
-4.211808096089502684e-01 1.510025725522855842e-06
-4.215800040639579027e-01 6.843319213426302478e-07
-4.223512030330797140e-01 7.251775704590209834e-08
-4.231735554087919238e-01 3.785165065859455823e-30
-4.241169637357147804e-01 6.546338121874370436e-30
-4.245037478994198032e-01 2.190158482854739642e-07
-4.249805573403078185e-01 9.663493983068421395e-07
-4.265582369611977676e-01 2.019705506039323691e-06
-4.266110640142401489e-01 1.242531144182498535e-29
-4.269567954748883509e-01 9.440791082509665590e-07
-4.273003055373809644e-01 6.497225562975968305e-30
-4.280741219767171257e-01 1.553148987214664340e-06
-4.285953047280575134e-01 1.207050871726587532e-29
-4.289870690334794956e-01 2.080426241947933442e-05
-4.295423388018446142e-01 9.543251134943772299e-29
-4.305271678282062142e-01 1.517315259893981107e-29
-4.313824816793343508e-01 2.049179236871055592e-05
-4.324151449424820104e-01 6.720208734992198566e-29
-4.326161461112395523e-01 1.032580083465411070e-25
-4.326210240452706413e-01 2.667231846156383293e-05
-4.328077607377106006e-01 4.014853174144030390e-05
-4.346680698756411609e-01 1.208722417246473997e-05
-4.355212735115496225e-01 4.682455916581341354e-30
-4.358010988842135891e-01 2.094108560495278468e-29
-4.369271104398893546e-01 4.610755999843015596e-06
-4.371367355120595599e-01 5.089344104372703418e-06
-4.383134117808220043e-01 1.968979359493939108e-05
-4.386435448050261532e-01 2.195296830838567375e-29
-4.387598380458929692e-01 1.343088347235423912e-05
-4.392971601282674721e-01 3.739168595743980914e-29
-4.394904238343405600e-01 4.483603971951275607e-05
-4.396512267735008805e-01 6.205985085922439528e-29
-4.403589137610964266e-01 3.317475985523659764e-05
-4.409291305047755016e-01 3.866629253679260223e-04
-4.411672460160726006e-01 2.119455424049978328e-28
-4.414849544840632189e-01 2.129234960412654131e-08
-4.415231184640660000e-01 2.075790800926340487e-05
-4.423490174606254377e-01 1.237781854090029994e-29
-4.425227571002249838e-01 6.483004716541846866e-29
-4.434561678870755919e-01 2.787366447512155412e-28
-4.434818137859762865e-01 6.596386976019062732e-06
-4.445603051807030526e-01 1.411984653854951761e-03
-4.447120491651085361e-01 7.377672551554192427e-27
-4.449171377555700690e-01 1.356282083770615418e-02
-4.449523006730629615e-01 1.539374787527121212e-25
-4.470500471510081564e-01 2.977810182496640757e-28
-4.471901139287064453e-01 1.080824399781012309e-03
-4.472293183381932380e-01 2.467272824802295557e-27
-4.477652112620648661e-01 3.317188398921579714e-07
-4.479247404592480164e-01 1.585629811533769407e-29
-4.479710479871804041e-01 1.823653625447937938e-06
-4.485029131556307336e-01 5.422453172317906683e-30
-4.496233433992323225e-01 6.443899936894550672e-06
-4.498258181706917824e-01 1.167435883352238874e-09
-4.501544494603186841e-01 3.657191408512586047e-30
-4.505799396139590907e-01 6.511815000327369846e-30
-4.512872018732045354e-01 7.291345809643485750e-30
-4.518773290966155987e-01 8.400242629340173519e-06
-4.520440364191637972e-01 5.638019380415547737e-30
-4.525570988199267286e-01 2.171356787756523498e-29
-4.532166014783237107e-01 2.562005568604120646e-29
-4.532891106397534675e-01 5.827975174756569401e-30
-4.537022115869963623e-01 1.124237859735593563e-07
-4.542798632806988590e-01 1.325295587168077960e-29
-4.551772921651842663e-01 1.075335271965146075e-29
-4.556027713385973898e-01 7.834597388229658850e-30
-4.561639326110167314e-01 4.288806137935619938e-07
-4.572060025123930171e-01 1.493389413224950857e-29
-4.579094353339610568e-01 5.454178220378014494e-07
-4.589043891173206768e-01 4.392850699133185386e-29
-4.595767473134790282e-01 5.862671991458915527e-05
-4.597351119965716881e-01 8.686167031889662310e-07
-4.601257540285342285e-01 1.668347391215994816e-29
-4.608445587331877480e-01 2.019044523745383340e-29
-4.612547768260694681e-01 1.349857355212630999e-05
-4.620773680384354098e-01 1.793982050795343633e-28
-4.622711184440816967e-01 2.243572582209238169e-04
-4.626108215534919799e-01 1.357957309836783438e-28
-4.629350073510282160e-01 2.423740478339195720e-05
-4.637967256777928982e-01 1.273048895943466490e-05
-4.642190817778282796e-01 6.214759666723444070e-04
-4.645026921765795236e-01 8.870095984744107958e-29
-4.646625140232928941e-01 1.451204528533167098e-06
-4.655683478940847442e-01 2.296379834652964884e-05
-4.665157636512459183e-01 2.218194448667971579e-29
-4.674948729020763638e-01 3.814829680758454432e-04
-4.680882454158575290e-01 6.755235937873409419e-05
-4.681409349160554623e-01 1.288442985551241055e-27
-4.688143078376549311e-01 6.015052523686761776e-28
-4.691633457464498558e-01 1.451579740930874531e-03
-4.696134471774273678e-01 8.214305383016110235e-04
-4.700846231346172410e-01 1.795644368596944612e-28
-4.705442773792845590e-01 6.176589825397311089e-06
-4.708746467165296767e-01 2.859207303002290056e-29
-4.713700604791936644e-01 7.415338091424822950e-05
-4.723737390948116732e-01 2.344838800784351788e-29
-4.728473917471710530e-01 1.178204122806760601e-05
-4.731391466070840601e-01 5.128035880707825730e-29
-4.734584828578436433e-01 1.346471077544383963e-29
-4.737601156957382265e-01 2.059570080139644854e-05
-4.745237248605196356e-01 9.990785597324051379e-06
-4.747456256692945131e-01 7.109532912321994206e-29
-4.748883976721365308e-01 1.758418286706424441e-06
-4.749615734865402783e-01 4.699546737932263928e-29
-4.751292765053152789e-01 1.448959650885851296e-29
-4.766521632227498362e-01 1.633520395500823648e-29
-4.774496879858624587e-01 1.310383865069638393e-06
-4.774853691221020435e-01 2.487223864508767590e-28
-4.777202524897077862e-01 2.066005391321238736e-05
-4.781231496367874256e-01 2.466398478148775826e-06
-4.788643965677087944e-01 3.823080454213608168e-07
-4.800366462172740434e-01 1.129047154852742043e-07
-4.806671363457308277e-01 1.461426374585049398e-29
-4.807354170793159964e-01 3.404767672106602974e-09
-4.810619140771720814e-01 6.512698136179712525e-30
-4.818314683098177120e-01 2.660863370304832878e-05
-4.821696154851874416e-01 4.826617512163997442e-29
6.486554464646002716e-01 2.239191531878820801e-29
