# Energy    MatrixElement
-5.2989853614e-01 1.6494203122e-06
-5.2966009356e-01 7.1232433716e-30
-5.2913540724e-01 2.8718087066e-29
-5.2899163060e-01 2.1557891386e-29
-5.2863261142e-01 5.5589046533e-05
-5.2765699724e-01 4.0948666542e-29
-5.2716309781e-01 6.5103601288e-05
-5.2634145076e-01 2.7398681316e-06
-5.2598016825e-01 1.1955305789e-29
-5.2556847409e-01 5.2549023858e-30
-5.2494388631e-01 2.0058928019e-29
-5.2460907674e-01 6.4435455229e-06
-5.2409482289e-01 4.2351243061e-07
-5.2346372566e-01 1.0600340160e-29
-5.2330589359e-01 1.4357566459e-07
-5.2322028213e-01 6.4389997202e-30
-5.2214520666e-01 2.4165503320e-04
-5.2150327103e-01 1.5102187631e-05
-5.2132205724e-01 3.0925411854e-29
-5.2002623883e-01 2.8633986360e-07
-5.1973234722e-01 1.2732100594e-05
-5.1908200515e-01 1.3923706735e-29
-5.1868329233e-01 2.6899861995e-29
-5.1844914695e-01 1.1247636310e-05
-5.1838056149e-01 1.5835573309e-29
-5.1760482630e-01 3.6978123513e-30
-5.1704956868e-01 6.9954846149e-27
-5.1703652542e-01 5.7348441509e-05
-5.1634453388e-01 7.1022319804e-28
-5.1629075305e-01 4.1956675454e-05
-5.1602071218e-01 9.8044492285e-07
-5.1579358330e-01 1.6163356696e-29
-5.1496557476e-01 9.4100476608e-07
-5.1457029649e-01 1.3935850461e-29
-5.1410713816e-01 2.5425678471e-05
-5.1394718638e-01 4.3534321683e-29
-5.1371660725e-01 7.6473788202e-29
-5.1357807267e-01 1.6613482152e-04
-5.1318646528e-01 5.8673359103e-07
-5.1317212159e-01 5.8450302634e-29
-5.1291311216e-01 1.7532982301e-06
-5.1269652745e-01 8.7032538619e-30
-5.1172611433e-01 2.1321254355e-06
-5.1108318896e-01 7.0175918343e-30
-5.1044031710e-01 6.7101397184e-30
-5.1003691556e-01 4.5674902820e-06
-5.1002129486e-01 2.6153049653e-06
-5.0901781137e-01 9.4929016297e-30
-5.0852279790e-01 3.6858243889e-07
-5.0721236310e-01 1.2766679236e-06
-5.0705138795e-01 1.9187756283e-30
-5.0684745984e-01 3.1575911288e-06
-5.0620401446e-01 1.1546806033e-29
-5.0613059335e-01 9.8600026643e-06
-5.0600798169e-01 1.6105003118e-05
-5.0496054120e-01 2.4204830474e-30
-5.0359734166e-01 1.5493422870e-29
-5.0351376561e-01 3.4810115299e-05
-5.0263184284e-01 4.8810501982e-07
-5.0201189098e-01 1.4441982689e-29
-5.0143725511e-01 6.4142482849e-30
-5.0026019888e-01 1.3405145415e-30
-4.9977798900e-01 1.0408327350e-30
-4.9931995407e-01 2.7762646955e-06
-4.9893427765e-01 1.9288821451e-30
-4.9840199887e-01 4.5824140322e-08
-4.9834185080e-01 4.2574025836e-30
-4.9818059852e-01 1.8951871163e-06
-4.9734545169e-01 3.2586544661e-30
-4.9664552876e-01 9.4771269482e-08
-4.9629071364e-01 7.8721790428e-30
-4.9557482485e-01 2.2356134395e-30
-4.9466751931e-01 1.6165231049e-30
-4.9449809090e-01 2.5736369094e-30
-4.9419284963e-01 2.8082629686e-07
-4.9394138400e-01 1.8379157693e-07
-4.9324509166e-01 4.2506146966e-30
-4.9249249795e-01 2.3513059246e-30
-4.9112341814e-01 1.6928865721e-29
-4.9100292089e-01 1.3044956521e-05
-4.9058929878e-01 3.9402206930e-30
-4.9046074168e-01 1.7897697819e-06
-4.8998417154e-01 3.7927972033e-30
-4.8994898177e-01 6.8299960850e-07
-4.8922896057e-01 2.1484681049e-05
-4.8812692347e-01 1.5393535260e-29
-4.8787415612e-01 2.8806179707e-05
-4.8785113503e-01 6.0782902410e-28
-4.8656723723e-01 1.5854310840e-05
-4.8620642139e-01 1.7416874521e-06
-4.8573914247e-01 2.0829031797e-06
-4.8524488425e-01 6.1105042326e-30
-4.8509872714e-01 1.6510487387e-29
-4.8490146244e-01 1.6806602675e-06
-4.8420292185e-01 6.8775854056e-30
-4.8413437257e-01 3.0681775839e-07
-4.8372766506e-01 7.2105723604e-07
-4.8340482213e-01 1.0265971817e-29
-4.8293733984e-01 3.2773981061e-06
-4.8216961549e-01 3.6219439000e-29
-4.8183146831e-01 2.6608633703e-05
-4.8106191408e-01 1.4912408814e-29
-4.8073541708e-01 3.4047676723e-09
-4.8066713635e-01 5.3663788936e-30
-4.8003664622e-01 1.1290471548e-07
-4.7886439657e-01 3.8230804542e-07
-4.7812314964e-01 2.4663984781e-06
-4.7772025249e-01 2.0660053913e-05
-4.7748536912e-01 1.0679794952e-28
-4.7744968799e-01 1.3103838651e-06
-4.7665216322e-01 1.7275506485e-29
-4.7512927651e-01 5.0958936009e-29
-4.7496157349e-01 1.0576945690e-28
-4.7488839767e-01 1.7584182867e-06
-4.7474562567e-01 1.0976006906e-28
-4.7452372486e-01 9.9907855973e-06
-4.7376011570e-01 2.0595700801e-05
-4.7345848286e-01 1.3464710775e-29
-4.7313914661e-01 1.1793182426e-28
-4.7284739175e-01 1.1782041228e-05
-4.7237373909e-01 2.3509972068e-29
-4.7137006048e-01 7.4153380914e-05
-4.7087464672e-01 2.2943388202e-28
-4.7054427738e-01 6.1765898254e-06
-4.7008462313e-01 7.4385428377e-28
-4.6961344718e-01 8.2143053830e-04
-4.6916334575e-01 1.4515797409e-03
-4.6881430784e-01 6.0150525237e-28
-4.6814093492e-01 1.2884429856e-27
-4.6808824542e-01 6.7552359379e-05
-4.6749487290e-01 3.8148296808e-04
-4.6651576365e-01 2.2181944487e-29
-4.6556834789e-01 2.2963798347e-05
-4.6466251402e-01 1.4512045285e-06
-4.6450269218e-01 8.8700959847e-29
-4.6421908178e-01 6.2147596667e-04
-4.6379672568e-01 1.2730488959e-05
-4.6293500735e-01 2.4237404783e-05
-4.6261082155e-01 1.3579573098e-28
-4.6227111844e-01 2.2435725822e-04
-4.6207736804e-01 1.7939820508e-28
-4.6125477683e-01 1.3498573552e-05
-4.6084455873e-01 2.0190445237e-29
-4.6012575403e-01 1.6683473912e-29
-4.5973511200e-01 8.6861670319e-07
-4.5957674731e-01 5.8626719915e-05
-4.5890438912e-01 4.3928506991e-29
-4.5790943533e-01 5.4541782204e-07
-4.5720600251e-01 1.4933894132e-29
-4.5616393261e-01 4.2888061379e-07
-4.5560277134e-01 7.8345973882e-30
-4.5517729217e-01 1.0753352720e-29
-4.5427986328e-01 1.3252955872e-29
-4.5370221159e-01 1.1242378597e-07
-4.5328911064e-01 5.8279751748e-30
-4.5321660148e-01 2.5620055686e-29
-4.5255709882e-01 2.1713567878e-29
-4.5204403642e-01 5.6380193804e-30
-4.5187732910e-01 8.4002426293e-06
-4.5128720187e-01 7.2913458096e-30
-4.5057993961e-01 6.5118150003e-30
-4.5015444946e-01 3.6571914085e-30
-4.4982581817e-01 1.1674358834e-09
-4.4962334340e-01 6.4438999369e-06
-4.4850291316e-01 5.4224531723e-30
-4.4797104799e-01 1.8236536254e-06
-4.4792474046e-01 1.5856298115e-29
-4.4776521126e-01 3.3171883989e-07
-4.4722931834e-01 2.4672728248e-27
-4.4719011393e-01 1.0808243998e-03
-4.4705004715e-01 2.9778101825e-28
-4.4495230067e-01 1.5393747875e-25
-4.4491713776e-01 1.3562820838e-02
-4.4471204917e-01 7.3776725516e-27
-4.4456030518e-01 1.4119846539e-03
-4.4348181379e-01 6.5963869760e-06
-4.4345616789e-01 2.7873664475e-28
-4.4252275710e-01 6.4830047165e-29
-4.4234901746e-01 1.2377818541e-29
-4.4152311846e-01 2.0757908009e-05
-4.4148495448e-01 2.1292349604e-08
-4.4116724602e-01 2.1194554240e-28
-4.4092913050e-01 3.8666292537e-04
-4.4035891376e-01 3.3174759855e-05
-4.3965122677e-01 6.2059850859e-29
-4.3949042383e-01 4.4836039720e-05
-4.3929716013e-01 3.7391685957e-29
-4.3875983805e-01 1.3430883472e-05
-4.3864354481e-01 2.1952968308e-29
-4.3831341178e-01 1.9689793595e-05
-4.3713673551e-01 5.0893441044e-06
-4.3692711044e-01 4.6107559998e-06
-4.3580109888e-01 3.6546625519e-30
-4.3552127351e-01 3.5860632294e-30
-4.3466806988e-01 1.2087224172e-05
-4.3280776074e-01 4.0148531741e-05
-4.3262102405e-01 2.6672318462e-05
-4.3261614611e-01 1.0325800835e-25
-4.3241514494e-01 6.7202087350e-29
-4.3138248168e-01 2.0491792369e-05
-4.3052716783e-01 1.5173152599e-29
-4.2954233880e-01 8.6611402188e-30
-4.2898706903e-01 2.0804262419e-05
-4.2859530473e-01 1.2070508717e-29
-4.2807412198e-01 1.5531489872e-06
-4.2730030554e-01 2.5692339205e-30
-4.2695679547e-01 9.4407910826e-07
-4.2661106401e-01 7.3063239545e-29
-4.2655823696e-01 2.0197055060e-06
-4.2498055734e-01 9.6634939831e-07
-4.2450374790e-01 2.1901584829e-07
-4.2411696374e-01 6.5463381219e-30
-4.2317355541e-01 1.6959565710e-30
-4.2235120303e-01 7.2517757046e-08
-4.2158000406e-01 6.8433192136e-07
-4.2118080961e-01 1.5100257255e-06
-4.2098783877e-01 1.1843314875e-29
-4.2056568906e-01 8.1455786600e-07
-4.2037661746e-01 8.9136541902e-07
-4.1985212976e-01 8.6797913592e-08
-4.1928280821e-01 4.1456675802e-29
-4.1915125436e-01 1.5627074412e-06
-4.1783115626e-01 2.9784831415e-27
-4.1781223689e-01 1.2203630902e-05
-4.1756277423e-01 3.7974374641e-29
-4.1743064807e-01 5.7744772530e-06
-4.1577930551e-01 2.3476249364e-08
-4.1561776568e-01 6.6218437736e-30
-4.1514021520e-01 5.0628652226e-30
-4.1458592452e-01 4.2144328832e-30
-4.1347316085e-01 7.6114495553e-30
-4.1300113308e-01 1.4848944181e-30
-4.1257617359e-01 1.6855010779e-06
-4.1097272892e-01 2.3418615819e-09
-4.1041328205e-01 1.4456314028e-29
-4.0900324869e-01 9.5850635487e-06
-4.0889783795e-01 2.0790327617e-05
-4.0877635907e-01 1.6557589754e-28
-4.0863683201e-01 1.1470663398e-28
-4.0831445067e-01 3.3866105958e-06
-4.0765463316e-01 2.2070089854e-29
-4.0758845581e-01 1.4308557997e-06
-4.0702803432e-01 6.2946470803e-30
-4.0649194855e-01 8.2623108432e-29
-4.0597481897e-01 3.9365125142e-29
-4.0575629204e-01 4.7208453616e-05
-4.0570859939e-01 2.7898804437e-27
-4.0529296347e-01 1.0948261140e-27
-4.0515900399e-01 2.6965064900e-05
-4.0463810339e-01 9.0835505940e-29
-4.0341420495e-01 2.1036119364e-05
-4.0287356705e-01 6.0395190580e-29
-4.0248798580e-01 3.0104252701e-29
-4.0177563325e-01 3.2380884429e-29
-4.0058664413e-01 1.6191214299e-08
-3.9998205686e-01 7.4502429498e-31
-3.9908667766e-01 1.0250891383e-06
-3.9867515288e-01 3.6754833237e-09
-3.9714241952e-01 1.4151042481e-27
-3.9713394863e-01 2.1881606596e-05
-3.9678567236e-01 3.7483928238e-05
-3.9628478596e-01 1.6448348013e-29
-3.9572892748e-01 2.2427598146e-29
-3.9559619040e-01 3.1890428989e-07
-3.9466038854e-01 4.8209643375e-27
-3.9465053491e-01 1.2627845796e-06
-3.9336917581e-01 3.4687845601e-29
-3.9309328825e-01 4.0552895774e-07
-3.9209275327e-01 5.6045770590e-29
-3.9108577879e-01 1.4061992792e-06
-3.8956356227e-01 3.3563276447e-29
-3.8949116607e-01 1.4374541539e-08
-3.8923713575e-01 1.8696410963e-06
-3.8885139989e-01 4.6831216908e-06
-3.8844372320e-01 1.3159992290e-29
-3.8813489681e-01 6.6612366538e-30
-3.8689253378e-01 1.4803103348e-05
-3.8590590711e-01 7.8860531303e-30
-3.8511583230e-01 2.0424206523e-07
-3.8500198637e-01 6.1838462859e-30
-3.8409515577e-01 7.2846245766e-30
-3.8396180420e-01 3.4724946602e-29
-3.8372133262e-01 3.4165975943e-05
-3.8334781874e-01 1.2344710435e-29
-3.8256818469e-01 1.7052670534e-05
-3.8093470310e-01 3.0206245818e-06
-3.8040396598e-01 7.5510970826e-29
-3.8038533506e-01 1.1239505986e-06
-3.8017073374e-01 3.3135822117e-06
-3.7952238754e-01 3.7664580710e-07
-3.7871241746e-01 9.0764216765e-09
-3.7848544923e-01 1.8550294147e-30
-3.7804348888e-01 7.6594700937e-30
-3.7690923894e-01 6.9361611508e-05
-3.7630342581e-01 2.8259805594e-05
-3.7539474102e-01 9.4010266255e-28
-3.7537467951e-01 1.2485214990e-05
-3.7522654708e-01 5.3523579113e-28
-3.7482733190e-01 6.8816632975e-09
-3.7435987576e-01 8.3074433486e-30
-3.7363469152e-01 6.4702017399e-05
-3.7331112598e-01 8.9186949515e-07
-3.7306704866e-01 9.0706194666e-29
-3.7275524924e-01 1.2118773271e-04
-3.7229682104e-01 3.2437588296e-06
-3.7213066863e-01 1.6492492562e-05
-3.7141512838e-01 7.0334762539e-30
-3.7077572876e-01 4.4438702791e-30
-3.6977532502e-01 3.3711202574e-08
-3.6843989516e-01 6.9426648698e-30
-3.6722540223e-01 4.2688112118e-07
-3.6706502652e-01 5.7523833458e-30
-3.6562798872e-01 2.8381521689e-29
-3.6548695641e-01 1.6031752512e-06
-3.6538195781e-01 3.0780622589e-29
-3.6482549504e-01 9.0377093290e-30
-3.6409489203e-01 6.7581901948e-30
-3.6392212946e-01 1.6698122093e-06
-3.6161915872e-01 1.4036743941e-27
-3.6160876925e-01 3.9749785866e-06
-3.6056831494e-01 1.7713027533e-07
-3.5991169932e-01 1.0682985283e-29
-3.5968885818e-01 1.4197231441e-29
-3.5924681149e-01 6.8404140993e-06
-3.5906422938e-01 9.8196354857e-30
-3.5886969939e-01 1.6320516989e-06
-3.5763115878e-01 1.0545103006e-06
-3.5714008343e-01 4.7559354641e-07
-3.5603268986e-01 1.8816274581e-30
-3.5566461672e-01 2.3781242085e-06
-3.5562535221e-01 3.9414980819e-29
-3.5517372841e-01 1.7315643166e-07
-3.5514877401e-01 1.1574274962e-29
-3.5427352214e-01 5.7546053320e-08
-3.5398876220e-01 4.8289238754e-30
-3.5197677713e-01 1.2217828103e-30
-3.5173462651e-01 1.5479779116e-30
-3.5016724718e-01 5.6959434150e-07
-3.4977201568e-01 1.9263598850e-30
-3.4963234053e-01 6.0590042239e-31
-3.4805144748e-01 1.1658282646e-30
-3.4751847406e-01 1.2306806672e-06
-3.4714100744e-01 2.6913399426e-29
-3.4702717947e-01 4.8784669468e-07
-3.4665472420e-01 1.0434211729e-29
-3.4501854715e-01 4.1178295038e-30
-3.4460603807e-01 7.2172815954e-06
-3.4448324996e-01 8.9595546102e-30
-3.4412361875e-01 5.4573457658e-29
-3.4398537392e-01 7.3674298916e-06
-3.4372539221e-01 1.0739041247e-06
-3.4264444308e-01 8.9250692647e-08
-3.4199870671e-01 5.1949661437e-27
-3.4198833971e-01 1.0890763000e-04
-3.4125385165e-01 3.5064775381e-29
-3.4080405332e-01 4.5108548894e-07
-3.4052847557e-01 8.3445483011e-30
-3.3913967870e-01 1.7750941295e-07
-3.3868592838e-01 5.2507282818e-30
-3.3820757901e-01 2.2813239051e-30
-3.3693421690e-01 5.0560232945e-07
-3.3637714583e-01 4.1922411344e-06
-3.3634287792e-01 1.3107212431e-28
-3.3611377983e-01 6.7855370166e-06
-3.3586779100e-01 4.0905993845e-06
-3.3480180213e-01 5.8670762251e-07
-3.3475954825e-01 1.8685344159e-29
-3.3259691963e-01 6.9857816451e-06
-3.3245168791e-01 3.0215567287e-29
-3.3216245494e-01 3.9943885287e-07
-3.3168353250e-01 1.4000266897e-29
-3.3077889370e-01 9.0814256330e-09
-3.2994084302e-01 6.9545467119e-07
-3.2887550887e-01 2.9265064108e-06
-3.2767477681e-01 3.5820694085e-05
-3.2762538047e-01 7.0346578843e-28
-3.2740696638e-01 6.4078292505e-30
-3.2650092121e-01 8.4864895822e-06
-3.2635403344e-01 2.6135150709e-29
-3.2584074036e-01 5.5019665462e-29
-3.2516544597e-01 4.7115445839e-07
-3.2466521233e-01 6.8435056866e-30
-3.2441709045e-01 6.8116843112e-07
-3.2210144168e-01 6.9021191939e-08
-3.2126306632e-01 8.1831817746e-30
-3.2098101766e-01 7.6218099884e-06
-3.1892823432e-01 4.9182282290e-30
-3.1849937713e-01 3.9760634618e-06
-3.1839834892e-01 1.1426099608e-06
-3.1780136117e-01 3.7700594716e-30
-3.1715362485e-01 3.4317842947e-30
-3.1658590957e-01 1.1874961769e-30
-3.1643071368e-01 7.1095320391e-29
-3.1638547752e-01 4.0397133219e-08
-3.1637527012e-01 5.3235018698e-07
-3.1474656779e-01 7.8015610777e-06
-3.1444806063e-01 1.2263562198e-06
-3.1311791912e-01 1.0094069009e-29
-3.1293315937e-01 2.1681366112e-30
-3.1250706861e-01 6.1763863286e-30
-3.1243530096e-01 1.1037601950e-29
-3.1079016144e-01 2.1169913564e-30
-3.1020233639e-01 8.8780709176e-30
-3.0998191818e-01 5.4516652827e-06
-3.0996708243e-01 5.0226886746e-28
-3.0990976090e-01 7.5919034065e-07
-3.0906212507e-01 1.6668844807e-30
-3.0893736948e-01 3.7988421047e-08
-3.0884246910e-01 4.4183147575e-30
-3.0788678878e-01 7.9384688275e-30
-3.0602345137e-01 1.2905886667e-04
-3.0591237572e-01 8.4412839340e-29
-3.0468232295e-01 2.7196109152e-29
-3.0452058268e-01 5.1270714348e-05
-3.0354893218e-01 6.1199556218e-30
-3.0272328913e-01 1.0244295637e-05
-3.0246015832e-01 5.1286618621e-30
-3.0210560398e-01 4.2079679975e-05
-3.0026518859e-01 4.0877528016e-07
-2.9931831314e-01 1.9950050865e-05
-2.9849568794e-01 6.1278442594e-06
-2.9843013901e-01 4.9498846453e-30
-2.9694202064e-01 5.2347679587e-05
-2.9544903300e-01 2.6326282611e-29
-2.9490984893e-01 7.1080607694e-05
-2.9489557474e-01 4.3233401260e-27
-2.9421401059e-01 1.0784238549e-03
-2.9380041995e-01 4.1503972433e-04
-2.9367917410e-01 3.0916897340e-28
-2.9307656982e-01 5.2809463394e-05
-2.9260621258e-01 1.0321028135e-05
-2.9052214722e-01 9.5907033177e-06
-2.8990414968e-01 3.1620045163e-29
-2.8965457450e-01 1.9246151255e-05
-2.8947456605e-01 1.0275904919e-28
-2.8939209711e-01 1.1230346091e-06
-2.8874473413e-01 2.7164053760e-29
-2.8783655737e-01 1.9191055056e-04
-2.8682691310e-01 1.2241167063e-29
-2.8583103680e-01 5.3063337663e-29
-2.8578246183e-01 5.7413284991e-06
-2.8490956443e-01 1.0766121399e-29
-2.8437296859e-01 7.6941378237e-05
-2.8393161997e-01 8.3742221160e-08
-2.8382691729e-01 1.9002118157e-29
-2.8324544621e-01 3.9411594827e-07
-2.8292299828e-01 2.7289284913e-07
-2.8204715327e-01 7.2188472967e-07
-2.8162522128e-01 5.5692043540e-30
-2.8076847821e-01 1.1192156436e-29
-2.7962213580e-01 5.9108616768e-30
-2.7930193125e-01 1.7897060767e-06
-2.7883388139e-01 4.6310399581e-30
-2.7849187555e-01 2.7300204600e-07
-2.7751243477e-01 1.3351503695e-29
-2.7710132890e-01 7.3353976867e-30
-2.7611722179e-01 1.3407280821e-28
-2.7604360748e-01 9.4679817243e-06
-2.7489316943e-01 9.3083908812e-07
-2.7238097464e-01 9.2769198819e-30
-2.7183051677e-01 1.8223904421e-29
-2.7148352959e-01 6.1126536819e-06
-2.7132486094e-01 9.0728516729e-29
-2.7113343491e-01 3.7785894908e-29
-2.7007241155e-01 6.5175833296e-28
-2.7004950145e-01 1.4936665406e-06
-2.6900626977e-01 1.8223224998e-29
-2.6727425852e-01 1.4304236228e-06
-2.6662084574e-01 2.5404835281e-07
-2.6598420369e-01 1.0158983467e-29
-2.6470142467e-01 9.1798292706e-06
-2.6363406658e-01 2.2891391084e-07
-2.6337094126e-01 3.7212661124e-29
-2.6295835561e-01 5.1155146847e-29
-2.6284131073e-01 2.1337029502e-06
-2.6183209574e-01 1.6220448734e-29
-2.6130978139e-01 3.6221391552e-07
-2.6052572013e-01 1.6350360881e-06
-2.5976164292e-01 7.3131310411e-07
-2.5926288296e-01 1.0002065582e-29
-2.5007552855e-01 9.5513328482e-29
-2.4985050126e-01 1.3808158243e-05
-2.4881160795e-01 1.1748467509e-29
-2.4804774772e-01 8.5026213112e-07
-2.4722646867e-01 4.9259422651e-30
-2.4677149034e-01 1.0734021352e-06
-2.4664314116e-01 8.8543963411e-30
-2.4535519148e-01 4.1574940118e-05
-2.4530740772e-01 1.0448018866e-27
-2.4404610701e-01 5.0051336278e-07
-2.4385054196e-01 1.9764112900e-06
-2.4322867398e-01 2.1931447990e-06
-2.4172417570e-01 1.9559746293e-05
-2.4043501086e-01 6.8355956427e-30
-2.4020220924e-01 3.5047557284e-29
-2.3974341866e-01 1.3914751633e-05
-2.3925524383e-01 1.0727377880e-29
-2.3832056371e-01 2.6812317635e-29
-2.3714030084e-01 7.9665420976e-07
-2.3701942417e-01 1.3201851983e-06
-2.3627675645e-01 2.7840440463e-30
-2.3559053636e-01 1.2142474496e-29
-2.3486146934e-01 4.5112817181e-06
-2.3447532970e-01 1.1252527817e-29
-2.3389231711e-01 1.4810277169e-28
-2.3301829418e-01 1.0905404722e-27
-2.3284226196e-01 3.8889922892e-04
-2.3040828797e-01 7.9776724794e-06
-2.3030062901e-01 5.0874010175e-29
-2.2969557475e-01 2.4837722793e-07
-2.2855555896e-01 3.9099155610e-29
-2.2808490977e-01 2.7561928762e-07
-2.2693765909e-01 1.3954708230e-29
-2.2593709767e-01 1.2272768041e-29
-2.2569063161e-01 2.0596232430e-29
-2.2553632243e-01 2.2348540768e-06
-2.2517845978e-01 1.4119074655e-29
-2.2424910880e-01 1.6467355254e-29
-2.2265038210e-01 1.5708443927e-05
-2.2255843085e-01 5.5071823427e-29
-2.2033587548e-01 2.4985183150e-05
-2.1880744482e-01 9.5185842285e-08
-2.1831611578e-01 2.8092225444e-05
-2.1830848238e-01 5.0306765486e-27
-2.1777372398e-01 8.3192182428e-08
-2.1594137266e-01 1.4530863043e-29
-2.1557871870e-01 4.3704640610e-07
-2.1443176927e-01 4.4649774804e-08
-2.1376751956e-01 2.3485882525e-30
-2.1311341550e-01 1.5066284273e-07
-2.1311243133e-01 9.8858544200e-28
-2.1179658678e-01 1.4715276179e-06
-2.1139858390e-01 6.4489057329e-05
-2.1077136388e-01 2.8847410137e-05
-2.0984828521e-01 4.1450956210e-05
-2.0949249960e-01 1.8404362749e-29
-2.0858773880e-01 1.1056628623e-04
-2.0782493678e-01 1.4317067024e-08
-2.0775927307e-01 9.0111758840e-30
-2.0585705518e-01 1.3946783783e-29
-2.0545557432e-01 2.0741529780e-29
-2.0486477314e-01 6.6593243410e-30
-2.0464291493e-01 1.9297095578e-29
-2.0432202913e-01 1.0343870096e-29
-2.0300452704e-01 2.7307009047e-04
-2.0210956453e-01 1.3699755440e-02
-2.0120567033e-01 1.4432681665e-05
-2.0102463928e-01 2.1443239005e-29
-2.0076532792e-01 4.4263918472e-05
-1.9877181918e-01 1.0346428858e-29
-1.9864159316e-01 9.0363058121e-30
-1.9764974511e-01 2.3915394914e-29
-1.9563742721e-01 7.0328640705e-30
-1.9528329572e-01 9.2886457977e-05
-1.9423214875e-01 1.2687954961e-29
-1.9299441705e-01 8.3560525051e-06
-1.9294959013e-01 6.4386506911e-29
-1.9245250535e-01 9.2438565777e-07
-1.9084704477e-01 1.0140558109e-28
-1.9051255615e-01 5.5422247874e-05
-1.8959086557e-01 2.2836970249e-05
-1.8913870194e-01 3.2549674883e-29
-1.8738324541e-01 3.3724373518e-04
-1.8696654038e-01 1.9276009830e-28
-1.8665915403e-01 2.1579895677e-05
-1.8547095393e-01 3.2103378588e-06
-1.8493643091e-01 1.3973206456e-06
-1.8413890478e-01 1.5580096659e-05
-1.8270429524e-01 1.4202473603e-29
-1.8103405271e-01 2.8865400720e-08
-1.8062841309e-01 2.6350555270e-29
-1.8051774449e-01 1.3631028132e-06
-1.7968450148e-01 2.1403579186e-29
-1.7754598801e-01 2.7447124315e-06
-1.7753043551e-01 1.0940948986e-27
-1.7610670869e-01 3.3305102881e-29
-1.7504737598e-01 2.9986798170e-07
-1.7460956285e-01 9.9626556401e-07
-1.7366233117e-01 3.7581964524e-29
-1.7337450941e-01 3.7801265740e-29
-1.7319194233e-01 5.9478803528e-06
-1.7274013018e-01 6.9914464174e-29
-1.7206419004e-01 7.5049173275e-05
-1.7052496584e-01 1.1435428595e-28
-1.6834316623e-01 2.1505051480e-05
-1.6737317689e-01 4.1739044129e-30
-1.6671203273e-01 8.9899468041e-29
-1.6598724906e-01 1.0279917856e-29
-1.6566166289e-01 9.7919758508e-30
-1.6520662615e-01 3.5076431598e-05
-1.6503680370e-01 9.0131507522e-29
-1.6332444849e-01 5.1073162776e-08
-1.6194021106e-01 3.9415525692e-04
-1.6175494551e-01 7.8986517013e-28
-1.5990131531e-01 1.1256077757e-04
-1.5961897460e-01 3.0558553010e-06
-1.5901036026e-01 4.4514441946e-29
-1.5887436469e-01 1.6284288135e-29
-1.5567883816e-01 2.2064062943e-28
-1.5511044187e-01 1.5688135162e-04
-1.5495583515e-01 1.0855383568e-06
-1.5395484398e-01 6.8785917852e-29
-1.5384183850e-01 4.4842606262e-06
-1.5174813392e-01 4.5732740802e-05
-1.4978265324e-01 5.1672303252e-28
-1.4964803342e-01 4.6268984538e-06
-1.4848265571e-01 4.2794643758e-27
-1.4801411302e-01 4.2189616000e-03
-1.4779726816e-01 5.4423231892e-27
-1.4727500199e-01 2.5299364717e-05
-1.4678358478e-01 5.4989878597e-04
-1.4503657866e-01 1.2603375984e-28
-1.4469016146e-01 3.1309416230e-28
-1.4403537564e-01 2.7290796796e-06
-1.4125804149e-01 2.5850428664e-26
-1.4039923077e-01 2.0488170749e-01
-1.3836745327e-01 2.5738872928e-03
-1.3755761973e-01 1.1222785852e-03
-1.3735222833e-01 2.3355448873e-27
-1.3609552310e-01 1.8667436771e-27
-1.3579458696e-01 4.8217289127e-03
-1.3543504933e-01 6.3421028540e-03
-1.3432416490e-01 3.8367087274e-29
-1.3389767023e-01 1.7936359428e-28
-1.3246028042e-01 4.4976755996e-28
-1.3153954996e-01 7.1892997449e-04
-1.3040466704e-01 8.3919210015e-29
-1.3001685201e-01 9.0809498365e-29
-1.2903793332e-01 1.7207455989e-29
-1.2757923238e-01 4.3760965171e-05
-1.2660546574e-01 1.1195500977e-27
-1.2623853287e-01 2.9209078720e-04
-1.2375121998e-01 6.7287780192e-06
-1.2116960311e-01 4.6625809030e-05
-1.2049423242e-01 5.6722780426e-29
-1.1922697118e-01 7.6051950856e-29
-1.1915996268e-01 9.3345914947e-07
-1.1840340759e-01 3.8095301243e-30
-1.1708205436e-01 1.4858263991e-06
-1.1623657728e-01 5.4331704532e-05
-1.1508891551e-01 5.6060945519e-27
-1.1497820777e-01 8.2629320826e-05
-1.1409580563e-01 1.4332317516e-03
-1.1213359843e-01 1.5714149419e-05
-1.1101617149e-01 2.3218163907e-30
-1.0934311010e-01 7.1924122893e-30
-1.0704346304e-01 1.6427975957e-30
-1.0568006967e-01 1.6510140546e-30
-1.0417430588e-01 3.5408288830e-05
-1.0340227768e-01 1.2690096002e-29
-1.0200611407e-01 3.4756561489e-05
-1.0163394732e-01 1.9314761338e-06
-1.0117674047e-01 7.2258076202e-30
-9.9585210702e-02 4.0027998449e-04
-9.8888525033e-02 7.5572354701e-29
-9.7139460475e-02 2.0438012138e-30
-9.5763369050e-02 1.9931226726e-28
-9.5482364018e-02 2.8806390877e-05
-9.3888607342e-02 1.6252731714e-04
-9.1067184609e-02 3.3301104730e-08
-9.0825394974e-02 2.6914030365e-05
-8.8372570302e-02 4.8784028484e-30
-8.6143458763e-02 8.2393442926e-29
-8.5832503703e-02 2.3646936334e-04
-8.5825821747e-02 1.5272111657e-24
-8.4656598682e-02 1.0860379106e-27
-8.4355362791e-02 5.6023088046e-03
-8.1233095526e-02 7.2141421456e-29
-8.0834509254e-02 1.4530730823e-04
-7.9911862389e-02 4.7054681146e-06
-7.9523425367e-02 1.1945902961e-29
-7.5167395170e-02 2.3014526538e-30
-7.2856254571e-02 8.9566897488e-06
-7.1711543470e-02 5.9584447592e-05
-7.0993744547e-02 1.5922201752e-04
-7.0531572962e-02 9.4374469957e-30
-6.9787893975e-02 9.7867983691e-27
-6.9732113911e-02 5.7413348280e-04
-6.8208784029e-02 1.1381407789e-04
-6.6066047194e-02 6.0635552410e-31
-6.4659407519e-02 9.8122479137e-31
-5.9635408366e-02 6.0919509581e-04
-5.9273148075e-02 1.1985803098e-28
-5.8246692948e-02 4.0147703944e-30
-5.6271167320e-02 1.1246858555e-29
-5.4907307844e-02 1.1991502692e-02
-5.4193419640e-02 8.5433250102e-03
-5.4044738575e-02 3.0331412561e-27
-5.2883409132e-02 4.4693770964e-04
-5.0585157328e-02 5.4120470421e-05
-4.7995232082e-02 4.7308748694e-05
-4.4667384914e-02 4.5871625749e-31
-4.1303656581e-02 1.3092939235e-29
-4.0634031053e-02 2.5951522736e-04
-3.9075716793e-02 3.3446780458e-30
-3.8276345592e-02 3.6932939663e-30
-3.7420548261e-02 8.4746634124e-26
-3.7397645223e-02 9.7139177562e-04
-3.1851590242e-02 6.5281950621e-04
-3.1270425319e-02 2.3035300332e-03
-2.6455846562e-02 7.4542442362e-31
-2.3028421273e-02 1.1811496893e-28
-2.2875276767e-02 1.9152505342e-03
-2.0853846095e-02 3.6318010579e-29
-2.0017314301e-02 1.2760612808e-01
-1.6399788552e-02 2.7577648020e-02
-1.1429449579e-02 2.5109116873e-28
-8.0488240778e-03 1.1890029614e+00
3.0239233229e-01 2.4138454777e-33
3.0364544755e-01 1.1860536704e-32
3.0573262592e-01 1.7428796891e-32
3.0865184820e-01 8.7793484672e-33
3.1240029023e-01 3.2773098038e-32
3.1431196460e-01 2.9419318559e-33
3.1556507986e-01 1.6148211775e-33
3.1697432564e-01 1.9240040268e-32
3.1765225823e-01 1.7279331119e-32
3.2057148051e-01 6.9470127152e-33
3.2236952933e-01 1.8138999596e-32
3.2431992255e-01 9.1431407594e-33
3.2858068180e-01 3.3764763239e-33
3.2889395795e-01 9.0685812579e-33
3.3416520530e-01 3.2153408965e-32
3.3428916164e-01 2.5215200204e-32
3.3541832055e-01 7.7668245306e-33
3.3560177416e-01 7.9632928659e-33
3.3750549893e-01 1.6804112750e-32
3.4042472121e-01 1.5410710180e-32
3.4050031411e-01 2.1051487166e-32
3.4342601396e-01 2.9999875908e-32
3.4417316324e-01 3.5967472129e-32
3.4752140648e-01 2.2892404483e-32
3.4874719864e-01 3.0012411412e-33
3.5204583175e-01 1.1015967598e-32
3.5414240234e-01 6.3419357675e-33
3.5534564627e-01 2.3376410393e-32
3.6035355481e-01 4.9326179784e-32
3.6145288840e-01 6.0855795146e-33
3.6193284764e-01 1.6823613188e-32
3.6318596290e-01 2.2667055187e-32
3.6396546406e-01 8.7353413760e-32
3.6527314127e-01 1.3148720681e-31
3.6737464717e-01 2.4078570396e-32
3.6819236355e-01 2.5736879444e-32
3.7163808322e-01 6.0970998857e-32
3.7194080558e-01 5.2525747717e-32
3.7337252072e-01 7.6949956889e-32
3.7519888697e-01 1.9814705491e-32
3.7651484099e-01 3.3307267131e-32
3.8191004468e-01 2.0727340672e-32
3.8259156266e-01 8.2693091954e-32
3.8355771553e-01 4.6201550228e-32
3.8381870475e-01 8.4981266450e-32
3.8812119715e-01 1.8029092474e-32
3.9322576141e-01 6.3880788394e-32
3.9430272996e-01 9.7944465411e-32
3.9451119498e-01 9.5199565660e-33
3.9514228952e-01 2.7407358186e-32
3.9758802824e-01 6.9772920280e-32
3.9884114349e-01 1.9884649288e-32
4.0092832187e-01 3.7278126099e-32
4.0296652931e-01 2.6275532552e-32
4.0341095622e-01 1.9218209915e-31
4.0384754415e-01 1.5652080086e-31
4.0622236227e-01 1.5733124426e-31
4.0676025531e-01 2.4469279891e-32
4.0759598618e-01 1.0450572685e-31
4.1158634710e-01 3.2027308884e-32
4.1217002159e-01 2.7510820362e-31
4.1436443567e-01 5.2636987716e-32
4.1756522528e-01 2.3469891294e-32
4.1867988762e-01 1.0989180249e-31
4.1995208686e-01 3.5788350844e-31
4.2099340376e-01 1.0269076162e-31
4.2377637775e-01 5.3401897103e-32
4.2607560297e-01 1.0297633684e-32
4.3079747011e-01 4.9378680745e-32
4.3117859857e-01 7.9313833230e-32
4.3187171917e-01 9.9289697806e-32
4.3386546236e-01 1.5374000073e-31
4.3853312831e-01 1.1979437845e-31
4.3862170991e-01 6.8810182218e-31
4.4109625300e-01 4.7404400948e-31
4.4213207801e-01 1.7365939233e-31
4.4234936826e-01 6.2468126083e-32
4.4443654663e-01 3.3605935690e-31
4.4578509468e-01 5.2581372602e-32
4.4724152770e-01 1.0782168163e-30
4.4735576891e-01 1.7817023534e-30
4.4848692153e-01 2.7172537849e-31
4.5110421094e-01 8.3625790011e-31
4.5172495986e-01 9.9434368755e-32
4.5384324531e-01 4.7167229416e-31
4.5567824635e-01 2.2886020605e-31
4.5664858435e-01 1.8823085104e-31
4.6040655385e-01 2.2289156019e-30
4.6107345004e-01 1.6569953174e-30
4.6380231905e-01 5.4946435870e-31
4.6563833537e-01 4.3826808846e-31
4.6630077066e-01 8.6298135096e-31
4.6683377917e-01 3.1380593413e-31
4.6728460251e-01 5.3020604907e-31
4.7430569487e-01 5.3389229992e-31
4.7572195136e-01 7.8277924020e-32
4.7778725861e-01 1.0498804531e-30
4.7949260221e-01 7.2270723317e-31
4.7979683825e-01 4.7299526580e-31
4.8025979454e-01 1.5641606018e-30
4.8212993467e-01 1.0964047144e-30
4.8949842591e-01 9.3942438765e-31
4.9074975246e-01 3.9272106949e-31
4.9171647057e-01 7.3334123427e-31
4.9241543053e-01 2.5313980061e-31
4.9340597772e-01 1.0183711195e-30
4.9366854579e-01 1.1124085745e-30
4.9557519206e-01 3.1190234423e-31
4.9575572416e-01 2.6636029822e-31
4.9645500548e-01 5.9001855969e-31
4.9867494645e-01 9.2257965041e-31
5.0015680912e-01 3.6855874676e-30
5.0195595126e-01 1.0731326249e-30
5.0242338848e-01 9.6054416971e-31
5.0699742388e-01 1.9649922225e-30
5.0802743689e-01 2.1693853801e-30
5.0837463780e-01 2.0518633836e-30
5.1034200393e-01 1.5311034875e-30
5.1156971126e-01 3.7789658682e-30
5.1239262757e-01 2.1527879344e-30
5.1376070504e-01 1.7902656720e-30
5.1514778281e-01 9.9172552017e-31
5.1860378005e-01 1.9324771757e-31
5.2129548337e-01 8.8100423224e-31
5.2334283440e-01 1.3561317825e-30
5.2562487241e-01 3.1361849700e-33
5.2568033735e-01 4.2530541924e-33
5.2822787849e-01 3.3660695713e-33
5.2906115831e-01 1.0861782545e-32
5.3169719476e-01 1.9962796039e-32
5.3300665067e-01 8.2744564561e-33
5.3344911220e-01 7.6898590987e-33
5.3933735361e-01 4.9270811705e-33
5.4206892999e-01 1.0693838342e-32
5.4361682708e-01 7.0374026052e-32
5.4368261748e-01 2.0333385744e-33
5.4546417602e-01 4.2509177317e-33
5.4553357804e-01 1.0857641793e-32
5.5024712227e-01 7.6083202219e-33
5.5147598665e-01 7.9029801276e-33
5.5149591284e-01 2.0818115584e-32
5.5274902810e-01 6.8419446496e-32
5.5483620647e-01 5.0505467131e-32
5.5599552084e-01 2.7218689458e-32
5.5775542876e-01 3.9776745303e-32
5.5865600757e-01 1.1445468438e-32
5.5899801500e-01 4.0838125342e-32
5.6150387079e-01 4.8630442126e-32
5.6166118146e-01 4.8477140492e-32
5.6216675459e-01 5.6765077971e-33
5.6347006777e-01 3.0700252431e-32
5.6607790619e-01 2.7659843973e-32
5.6939254171e-01 6.4733532251e-33
5.7147310988e-01 6.4099015744e-33
5.7256938307e-01 1.9632116416e-32
5.7261466091e-01 1.8306399622e-32
5.7330122039e-01 2.3421340109e-32
5.7499253420e-01 2.7832520634e-32
5.7768426236e-01 3.9776023087e-32
5.8131217402e-01 2.0203018693e-31
5.8201999528e-01 4.0700124922e-32
5.8432582820e-01 7.1986924237e-32
5.8470535472e-01 1.2168345510e-31
5.8719084224e-01 4.2600480659e-32
5.8911493111e-01 3.5925639357e-32
5.9123771012e-01 5.0245753882e-32
5.9165070143e-01 1.3492137567e-31
5.9252959452e-01 2.5219794299e-32
5.9678335355e-01 3.2211071055e-31
6.0103456343e-01 5.9590303975e-32
6.0114941230e-01 6.7371233554e-33
6.0116541472e-01 2.6323652814e-31
6.0250623976e-01 2.1643680683e-32
6.0895640098e-01 2.1333172048e-32
6.0939521034e-01 2.5498388733e-32
6.0978763763e-01 3.6202375023e-32
6.0997518510e-01 4.7247796867e-32
6.1055646896e-01 5.5092766620e-33
6.1828054338e-01 2.3089408983e-32
6.1850075897e-01 4.4655717205e-32
6.1953365864e-01 1.8135438127e-32
6.2074166377e-01 3.1506965553e-32
6.2088780412e-01 1.4319532492e-32
6.2131484266e-01 9.9765170625e-33
6.2162083701e-01 1.3886234265e-32
6.2388856061e-01 7.5325815081e-33
6.2454005930e-01 9.8383713614e-33
6.2689289071e-01 2.0013933573e-32
6.2828850133e-01 1.2509349949e-32
6.2893305706e-01 2.0165696926e-32
6.3021375954e-01 1.6625560013e-32
6.3169514322e-01 2.8600271979e-32
6.3286253673e-01 2.5819210981e-32
6.3515892620e-01 3.7142100272e-32
6.3825774042e-01 1.6981503061e-32
6.3851001978e-01 7.1545084086e-33
6.4116808335e-01 3.3115456801e-32
6.4213339186e-01 1.2654262286e-32
6.4340631051e-01 3.1393896889e-32
6.4446889290e-01 2.9909879028e-32
6.4544281822e-01 8.3305069965e-33
6.4862763515e-01 2.2402531109e-02
6.4865544646e-01 2.2391915319e-29
6.5148998526e-01 1.6010742514e-32
6.5155043811e-01 4.6187025417e-32
6.5246462575e-01 2.1012121057e-32
6.5382541729e-01 1.4562455385e-32
6.5586383586e-01 1.7047799583e-32
6.5931422505e-01 1.1480484852e-32
6.6198663255e-01 1.3725820665e-32
6.6347007043e-01 2.7412681092e-32
6.6458823766e-01 2.6053413304e-32
6.6793404284e-01 2.0310799549e-32
6.6893572570e-01 2.7974008550e-33
6.6905566741e-01 8.9064823955e-33
6.6981993650e-01 8.2090819888e-33
6.7040111548e-01 2.5746891608e-33
6.7085329491e-01 3.6686866145e-30
6.7338460419e-01 3.9687821769e-33
6.7430480916e-01 1.1157376751e-29
6.7734109950e-01 1.4702805476e-32
6.8296904292e-01 7.8902893658e-33
6.8332331112e-01 2.0718765252e-32
6.8431062706e-01 5.6459359102e-33
6.8530423650e-01 5.8373857053e-32
6.8647810373e-01 2.1680363037e-32
6.8752629431e-01 1.6283375524e-32
6.8895104299e-01 2.7531371379e-32
6.8975427490e-01 1.1469360454e-31
6.9270471234e-01 1.1156939807e-30
6.9395782759e-01 1.6904587648e-30
6.9536282955e-01 1.0588218793e-03
6.9569513463e-01 8.9535421782e-30
6.9604500597e-01 7.6785887107e-30
6.9759050209e-01 8.8592034451e-31
6.9847977376e-01 3.7533416041e-31
6.9896422825e-01 2.6516000887e-31
7.0271267028e-01 3.6534211962e-31
7.0378380328e-01 1.5622411513e-32
7.0459090629e-01 2.2044380321e-31
7.0515747720e-01 1.5364583247e-30
7.0563790886e-01 2.3410142821e-05
7.0728670568e-01 4.3268214511e-31
7.0761476694e-01 7.6286136416e-31
7.0809646242e-01 1.2554218802e-30
7.1019094105e-01 2.1034190093e-30
7.1109095347e-01 2.8782922738e-30
7.1268190938e-01 3.4973057607e-30
7.1290589960e-01 2.4992983232e-30
7.1484761608e-01 5.8101852316e-05
7.1846044544e-01 1.4558358514e-31
7.1889306185e-01 1.8647783389e-31
7.2172029301e-01 1.1101640068e-31
7.2264846640e-01 4.2259761818e-31
7.2540945549e-01 1.1618789029e-31
7.2591415421e-01 3.2922576338e-32
7.2746800764e-01 3.7594191460e-31
7.2781885182e-01 3.9925023589e-32
7.2850633832e-01 1.0885318543e-30
7.2890041881e-01 1.4129203994e-31
7.3038007775e-01 9.9956392548e-32
7.3292511954e-01 7.0921382671e-32
7.3373839401e-01 2.9705709262e-32
7.3427230604e-01 9.7137822345e-31
7.3584029795e-01 2.0163652586e-31
7.4027022052e-01 1.0060284253e-31
7.4165851264e-01 6.0381167031e-32
7.4235821179e-01 4.7575456337e-32
