-8.048824077775481797e-03 1.189002961366070199e+00
-1.142944957899842337e-02 2.510911687335174141e-28
-1.639978855232038235e-02 2.757764801974745689e-02
-2.001731430067142312e-02 1.276061280750627469e-01
-2.085384609460250172e-02 3.631801057912947431e-29
-2.287527676686146663e-02 1.915250534227231965e-03
-2.302842127286143514e-02 1.181149689255039066e-28
-2.645584656163341500e-02 7.454244236166843369e-31
-3.127042531880996901e-02 2.303530033189410235e-03
-2.592628829599481488e-01 1.000206558182813371e-29
-2.597616429194182786e-01 7.313131041051097862e-07
-2.605257201298442071e-01 1.635036088101056383e-06
-2.613097813946170245e-01 3.622139155226273483e-07
-2.618320957390980475e-01 1.622044873416900781e-29
-2.628413107301774132e-01 2.133702950242322900e-06
-2.629583556089543084e-01 5.115514684679588371e-29
-2.633709412608451483e-01 3.721266112384807989e-29
-2.636340665759496216e-01 2.289139108403732023e-07
-2.647014246731941300e-01 9.179829270584650362e-06
-2.659842036913548924e-01 1.015898346738891293e-29
-2.666208457364928619e-01 2.540483528065848799e-07
-2.672742585169349816e-01 1.430423622849176182e-06
-2.690062697725316143e-01 1.822322499822597453e-29
-2.700495014474862954e-01 1.493666540601954078e-06
-2.700724115530335201e-01 6.517583329604645952e-28
-2.711334349078833306e-01 3.778589490796321997e-29
-2.713248609442212578e-01 9.072851672922630105e-29
-2.714835295873760379e-01 6.112653681948294834e-06
-2.718305167703053971e-01 1.822390442105064872e-29
-2.723809746394861842e-01 9.276919881884698640e-30
-2.748931694256415703e-01 9.308390881201850446e-07
-2.760436074788419902e-01 9.467981724327044512e-06
-2.761172217927995720e-01 1.340728082081107757e-28
-2.771013289034544580e-01 7.335397686723471347e-30
-2.775124347678037395e-01 1.335150369519644810e-29
-2.784918755504798282e-01 2.730020459966802461e-07
-2.788338813947474071e-01 4.631039958114005892e-30
-2.793019312537949883e-01 1.789706076682503371e-06
-2.796221358030675508e-01 5.910861676824498795e-30
-2.807684782138772928e-01 1.119215643603203429e-29
-2.816252212818832201e-01 5.569204354028162728e-30
-2.820471532670617565e-01 7.218847296692798058e-07
-2.829229982796003795e-01 2.728928491333663586e-07
-2.832454462121760663e-01 3.941159482743572044e-07
-2.838269172888446823e-01 1.900211815650789430e-29
-2.839316199676700792e-01 8.374222115959084477e-08
-2.843729685936767781e-01 7.694137823728054715e-05
-2.849095644288635598e-01 1.076612139906301857e-29
-2.857824618274142914e-01 5.741328499148676863e-06
-2.858310367955649856e-01 5.306333766287977186e-29
-2.868269131012964879e-01 1.224116706283024850e-29
-2.878365573702406088e-01 1.919105505619642343e-04
-2.887447341338005846e-01 2.716405376044420735e-29
-2.893920971077957871e-01 1.123034609141530479e-06
-2.894745660543295851e-01 1.027590491858396628e-28
-2.896545744978047954e-01 1.924615125530539810e-05
-2.899041496779387050e-01 3.162004516317972695e-29
-2.905221472243780245e-01 9.590703317655076217e-06
-2.926062125824830384e-01 1.032102813475824414e-05
-2.930765698214122805e-01 5.280946339379088430e-05
-2.936791740992039657e-01 3.091689734009518092e-28
-2.938004199534785532e-01 4.150397243294210630e-04
-2.942140105945829087e-01 1.078423854872261100e-03
-2.948955747371120317e-01 4.323340125999548747e-27
-2.949098489348691565e-01 7.108060769368747559e-05
-2.954490329987954356e-01 2.632628261067642396e-29
-2.969420206376462423e-01 5.234767958662736142e-05
-2.984301390101201101e-01 4.949884645288995867e-30
-2.984956879364867310e-01 6.127844259404900962e-06
-2.993183131449975165e-01 1.995005086467982553e-05
-3.002651885929576436e-01 4.087752801561393693e-07
-3.021056039775294466e-01 4.207967997454059681e-05
-3.024601583215126288e-01 5.128661862066400512e-30
-3.027232891291603001e-01 1.024429563727299921e-05
-3.035489321835972421e-01 6.119955621818218261e-30
-3.045205826821738015e-01 5.127071434778269728e-05
-3.046823229487795048e-01 2.719610915173840619e-29
-3.059123757171546831e-01 8.441283934013160344e-29
-3.060234513709397808e-01 1.290588666655829780e-04
-3.078867887807905657e-01 7.938468827450304604e-30
-3.088424691005032252e-01 4.418314757495570740e-30
-3.089373694751909039e-01 3.798842104744720662e-08
-3.090621250699518985e-01 1.666884480710294910e-30
-3.099097609003055309e-01 7.591903406474535353e-07
-3.099670824341703157e-01 5.022688674552757210e-28
-3.099819181778301624e-01 5.451665282723260143e-06
-3.102023363883298357e-01 8.878070917570045796e-30
-3.107901614400666035e-01 2.116991356401169457e-30
-3.124353009574667994e-01 1.103760195028285380e-29
-3.125070686135757447e-01 2.564273257864855567e-30
-3.129331593707829762e-01 2.168136611169807753e-30
-3.131179191171287735e-01 1.009406900866845630e-29
-3.144480606261098043e-01 1.226356219758529995e-06
-3.147465677881718937e-01 7.801561077679199433e-06
-3.163752701226679731e-01 5.323501869756517359e-07
-3.163854775194504532e-01 4.039713323203999777e-08
-3.164307136759412220e-01 2.066173848559155180e-29
-3.165859095674531387e-01 1.187496176916307699e-30
-3.171536248543175840e-01 2.023290671754638898e-30
-3.178013611687313666e-01 3.770059471582454143e-30
-3.183983489213067508e-01 1.142609960823395645e-06
-3.184993771284769792e-01 3.976063461759943823e-06
-3.189282343189407398e-01 8.947047011013533141e-31
-3.209810176590267572e-01 7.621809988403766039e-06
-3.212630663203411840e-01 1.033416480338441650e-29
-3.221014416801262215e-01 6.902119193949060142e-08
-3.244170904489297458e-01 6.811684311230972637e-07
-3.246652123261448142e-01 2.515898445661908720e-30
-3.251654459667585595e-01 4.711544583915755017e-07
-3.258407403599802299e-01 5.501966546194340282e-29
-3.263540334434800183e-01 7.511527186052978365e-29
-3.265009212064114985e-01 8.486489582194969711e-06
-3.274069663769259009e-01 6.407829250526026862e-30
-3.276253804670397618e-01 6.539620924472347572e-28
-3.276747768056368360e-01 3.582069408531265466e-05
-3.288755088684717776e-01 2.926506410783802803e-06
-3.299408430202788178e-01 6.954546711868598626e-07
-3.307788936973253269e-01 9.081425632996235030e-09
-3.316835325009326318e-01 1.360970740893262455e-29
-3.321624549369668333e-01 3.994388528659934092e-07
-3.324516879099976840e-01 4.868931098207331192e-29
-3.325969196326158395e-01 6.985781645069667939e-06
-3.347595482476393713e-01 1.441717694781162867e-29
-3.348018021283798440e-01 5.867076225063916003e-07
-3.358677910034407743e-01 4.090599384497690881e-06
-3.361137798256932929e-01 6.785537016592930792e-06
-3.363428779233127996e-01 2.989885278072971671e-28
-3.363771458344267384e-01 4.192241134366410989e-06
-3.369342168991079078e-01 5.056023294479050460e-07
-3.382075790075597110e-01 2.551644695485048305e-29
-3.386859283801856302e-01 9.595795023502612668e-30
-3.391396786950761078e-01 1.775094129490915671e-07
-3.405284755681475817e-01 3.543853292259791408e-30
-3.408040533241621373e-01 4.510854889363344553e-07
6.486554464646002716e-01 2.239191531878820801e-29
