# theta_deg  Ey_V_per_um  Ez_V_per_um  GS1_meV  GS2_meV  numerical_gap_microeV  alpha_eV_A  perturbative_gap_k1_microeV  
0.000000000000000000e+00 0.000000000000000000e+00 5.999999999999999112e+00 5.332589003374715020e+01 5.333606217318087062e+01 1.017213943371730878e+01 5.109234378653601354e-03 1.021846875731008453e+01
2.399999999999999911e+00 2.512539223751977246e-01 5.994736980593150300e+00 5.347413353173206474e+01 5.348603624749282659e+01 1.190271576075735460e+01 5.971281214842178928e-03 1.194256243024910447e+01
4.799999999999999822e+00 5.020670599938928946e-01 5.978957155497026221e+00 5.389330546332990224e+01 5.390915188923433732e+01 1.584642590442969556e+01 7.938293498755071009e-03 1.587658699730987166e+01
7.199999999999999289e+00 7.519994013858252169e-01 5.952688207886867033e+00 5.452144318584824134e+01 5.454192367916179762e+01 2.048049331355300495e+01 1.025177036503674075e-02 2.050354073042381842e+01
9.599999999999999645e+00 1.000612480296613427e+00 5.915976222423029895e+00 5.528840895636941610e+01 5.531357167440635436e+01 2.516271803693764753e+01 1.259026704959039129e-02 2.518053409925752462e+01
1.200000000000000000e+01 1.247470144906555944e+00 5.868885604402834133e+00 5.613355296021158836e+01 5.616323401405346516e+01 2.968105384187902374e+01 1.484730783860680609e-02 2.969461567656900414e+01
1.439999999999999858e+01 1.492139322989128214e+00 5.811498966771785568e+00 5.700983282944660147e+01 5.704380735701196414e+01 3.397452756536550567e+01 1.699217259682207076e-02 3.398434519428366940e+01
1.680000000000000071e+01 1.734190781666829606e+00 5.743916985192403679e+00 5.788188953840909790e+01 5.791992191691477387e+01 3.803237850567159484e+01 1.901936993723218200e-02 3.803873987434647574e+01
1.919999999999999929e+01 1.973199880431499187e+00 5.666258221424885555e+00 5.872303355697227545e+01 5.876489301254189002e+01 4.185945556961500813e+01 2.093126950296290978e-02 4.186253900478192946e+01
2.159999999999999787e+01 2.208747316108067515e+00 5.578658915329508083e+00 5.951275750321303093e+01 5.955822214796470604e+01 4.546464475167072550e+01 2.273228511140422056e-02 4.546457022200356590e+01
2.400000000000000000e+01 2.440419858454800917e+00 5.481272745855604533e+00 6.023497873194338581e+01 6.028383591607059344e+01 4.885718412720591175e+01 2.442701880421639660e-02 4.885403760936102202e+01
2.639999999999999858e+01 2.667811075109564722e+00 5.374270561436476967e+00 6.087685420601648190e+01 6.092889982921332148e+01 5.204562319684191607e+01 2.601973447727534000e-02 5.203946895462191691e+01
2.879999999999999716e+01 2.890522044610290830e+00 5.257840080263180838e+00 6.142798654508791856e+01 6.148302417773188466e+01 5.503763264396582855e+01 2.751425990792176826e-02 5.502851981503687284e+01
3.119999999999999929e+01 3.108162056238780391e+00 5.132185560963039350e+00 6.187988701376090006e+01 6.193772707382291287e+01 5.784006006201436634e+01 2.891401318365674489e-02 5.782802636720290934e+01
3.360000000000000142e+01 3.320349295460064631e+00 4.997527444260596141e+00 6.222560667035285320e+01 6.228606570460428316e+01 6.045903425143384169e+01 3.022205407507867758e-02 6.044410815091855227e+01
3.600000000000000000e+01 3.526711513754838379e+00 4.854101966249684708e+00 6.245947893872865109e+01 6.252237899727161619e+01 6.290005854296676091e+01 3.144113024313668209e-02 6.288226048543204882e+01
3.839999999999999858e+01 3.726886681669861368e+00 4.702160743955038136e+00 6.257693751315169806e+01 6.264210559213942275e+01 6.516807898772347585e+01 3.257371104683678964e-02 6.514742209356994351e+01
4.079999999999999716e+01 3.920523623940632252e+00 4.541970333910538393e+00 6.257438648693518246e+01 6.264165401396462585e+01 6.726752702944371265e+01 3.362200868001966048e-02 6.724401735994089790e+01
4.319999999999999574e+01 4.107282635572131468e+00 4.373811764528468871e+00 6.244910777953115399e+01 6.251831011891059831e+01 6.920233937944553304e+01 3.458798795832030565e-02 6.917597591601931128e+01
4.560000000000000142e+01 4.286836077796819744e+00 4.197980043080192125e+00 6.219919619354229923e+01 6.227017215100548952e+01 7.097595746319296950e+01 3.547336591745745005e-02 7.094673183429684116e+01
4.800000000000000000e+01 4.458868952864365021e+00 4.014783638153149425e+00 6.182351592334017454e+01 6.189610723069909426e+01 7.259130735891989161e+01 3.627960166700754108e-02 7.255920333611859974e+01
5.039999999999999858e+01 4.623079456654735075e+00 3.824543938492138473e+00 6.132167478048922504e+01 6.139572553974793578e+01 7.405075925871057052e+01 3.700787600601826433e-02 7.401575201123472425e+01
5.279999999999999716e+01 4.779179508145177557e+00 3.627594689174249432e+00 6.069401426261253363e+01 6.076937032580324427e+01 7.535606319070825521e+01 3.765905915786363356e-02 7.531811831658352219e+01
5.519999999999999574e+01 4.926895254802222901e+00 3.424281406106590708e+00 5.994161520198150583e+01 6.001812345669240045e+01 7.650825471089417817e+01 3.823366347002939841e-02 7.646732694054081492e+01
5.759999999999999432e+01 5.065967553012089120e+00 3.214960769873980162e+00 5.906632036899712546e+01 5.914382788892996956e+01 7.750751993284427499e+01 3.873177575000961992e-02 7.746355150050482052e+01
6.000000000000000000e+01 5.196152422706631135e+00 3.000000000000000444e+00 5.807077738166076131e+01 5.814913038419440028e+01 7.835300253363625700e+01 3.915296054104374507e-02 7.830592108213491542e+01
6.239999999999999858e+01 5.317221475387288621e+00 2.779776210719170582e+00 5.695850801430621857e+01 5.703755053865227609e+01 7.904252434605407984e+01 3.949612011876692252e-02 7.899224023805857087e+01
6.479999999999999716e+01 5.428962314796116573e+00 2.554675749390435957e+00 5.573401421635483644e+01 5.581358638849722809e+01 7.957217214239059899e+01 3.975928747989802836e-02 7.951857496130143943e+01
6.720000000000000284e+01 5.531178909531002219e+00 2.325093518712617602e+00 5.440293814680703832e+01 5.448287381572713173e+01 7.993566892009611990e+01 3.993931142552806929e-02 7.987862285077640934e+01
6.959999999999999432e+01 5.623691936951348502e+00 2.091432283930891423e+00 5.297230588288178410e+01 5.305242926570675621e+01 8.012338282496756392e+01 4.003136022934372651e-02 8.006272045844863783e+01
7.200000000000000000e+01 5.706339097770920965e+00 1.854101966249684486e+00 5.145090765149316070e+01 5.153102834709116564e+01 8.012069559800578133e+01 4.002810470920870056e-02 8.005620941873431207e+01
7.439999999999999147e+01 5.778975400785947514e+00 1.613518923691595219e+00 4.984991400718231347e+01 4.992981917614886811e+01 7.990516896655419998e+01 3.991829972043176716e-02 7.983659943920639535e+01
7.679999999999999716e+01 5.841473417238960408e+00 1.370105220663935253e+00 4.818392875528216024e+01 4.826337003544796289e+01 7.944128016580675933e+01 3.968414939475474468e-02 7.936829879027357038e+01
7.920000000000000284e+01 5.893723504372132105e+00 1.124287887514347162e+00 4.647292356730795149e+01 4.655159331257475941e+01 7.866974526681002544e+01 3.929596528050066651e-02 7.859193056055508464e+01
8.159999999999999432e+01 5.935633997777929771e+00 8.764981713744698366e-01 4.474617144712937744e+01 4.482365458173449468e+01 7.748313460511496942e+01 3.869997095095298323e-02 7.739994190129189633e+01
8.400000000000000000e+01 5.967131372209638407e+00 6.271707796059207141e-01 4.305153035753979651e+01 4.312719039622648154e+01 7.566003868668403243e+01 3.778539946465885035e-02 7.557079892950291367e+01
8.639999999999999147e+01 5.988160370569628910e+00 3.767431171758811592e-01 4.148328905672147471e+01 4.155593440161009511e+01 7.264534488862078376e+01 3.627488848839887509e-02 7.254977697739029452e+01
8.879999999999999716e+01 5.998684100849072998e+00 1.256545193001422922e-01 4.030472746080241109e+01 4.037188454954655015e+01 6.715708874414222862e+01 3.353176274600114248e-02 6.706352549250283346e+01
9.120000000000000284e+01 5.998684100849072998e+00 -1.256545193001415428e-01 4.030472746080225477e+01 4.037188454954705463e+01 6.715708874480141333e+01 3.353176274600094126e-02 6.706352549201710644e+01
9.359999999999999432e+01 5.988160370569628910e+00 -3.767431171758790498e-01 4.148328905672142497e+01 4.155593440160983931e+01 7.264534488841262316e+01 3.627488848839882651e-02 7.254977697648129720e+01
9.600000000000000000e+01 5.967131372209638407e+00 -6.271707796059212692e-01 4.305153035753974677e+01 4.312719039622660233e+01 7.566003868685750433e+01 3.778539946465869770e-02 7.557079892903107066e+01
9.839999999999999147e+01 5.935633997777929771e+00 -8.764981713744691705e-01 4.474617144712944850e+01 4.482365458173457284e+01 7.748313460512883921e+01 3.869997095095481510e-02 7.739994190133353413e+01
1.007999999999999972e+02 5.893723504372132105e+00 -1.124287887514347384e+00 4.647292356730795149e+01 4.655159331257475941e+01 7.866974526681002544e+01 3.929596528050102733e-02 7.859193056115182685e+01
1.032000000000000028e+02 5.841473417238961297e+00 -1.370105220663934364e+00 4.818392875528222419e+01 4.826337003544797710e+01 7.944128016575125173e+01 3.968414939475452263e-02 7.936829878949642136e+01
1.055999999999999943e+02 5.778975400785948402e+00 -1.613518923691593443e+00 4.984991400718234900e+01 4.992981917614883258e+01 7.990516896648480838e+01 3.991829972043153818e-02 7.983659944080234538e+01
1.080000000000000000e+02 5.706339097770921853e+00 -1.854101966249684041e+00 5.145090765149324596e+01 5.153102834709127222e+01 8.012069559802658603e+01 4.002810470920931118e-02 8.005620941908125587e+01
1.103999999999999915e+02 5.623691936951348502e+00 -2.091432283930890090e+00 5.297230588288174147e+01 5.305242926570676332e+01 8.012338282501613662e+01 4.003136022934573185e-02 8.006272045636697499e+01
1.127999999999999972e+02 5.531178909531003995e+00 -2.325093518712616714e+00 5.440293814680695306e+01 5.448287381572709620e+01 7.993566892014469261e+01 3.993931142552878399e-02 7.987862285180335675e+01
1.151999999999999886e+02 5.428962314796118349e+00 -2.554675749390433737e+00 5.573401421635482933e+01 5.581358638849731335e+01 7.957217214248774440e+01 3.975928747989823653e-02 7.951857495908792828e+01
1.175999999999999943e+02 5.317221475387288621e+00 -2.779776210719168805e+00 5.695850801430612620e+01 5.703755053865215530e+01 7.904252434603326094e+01 3.949612011876699191e-02 7.899224023778100445e+01
1.200000000000000000e+02 5.196152422706631135e+00 -2.999999999999998668e+00 5.807077738166081105e+01 5.814913038419438607e+01 7.835300253357380029e+01 3.915296054104307893e-02 7.830592108288431064e+01
1.223999999999999915e+02 5.065967553012090896e+00 -3.214960769873978386e+00 5.906632036899710414e+01 5.914382788892979192e+01 7.750751993269162199e+01 3.873177575000881501e-02 7.746355150006073131e+01
1.247999999999999972e+02 4.926895254802223789e+00 -3.424281406106589376e+00 5.994161520198147741e+01 6.001812345669241466e+01 7.650825471093580177e+01 3.823366347002953025e-02 7.646732694061020652e+01
1.271999999999999886e+02 4.779179508145177557e+00 -3.627594689174248543e+00 6.069401426261258337e+01 6.076937032580328690e+01 7.535606319070825521e+01 3.765905915786389030e-02 7.531811831525125456e+01
1.295999999999999943e+02 4.623079456654735075e+00 -3.824543938492138473e+00 6.132167478048918241e+01 6.139572553974787894e+01 7.405075925869670073e+01 3.700787600601967986e-02 7.401575201384375191e+01
1.320000000000000000e+02 4.458868952864365021e+00 -4.014783638153149425e+00 6.182351592334018875e+01 6.189610723069912268e+01 7.259130735893376141e+01 3.627960166700666678e-02 7.255920333330139727e+01
1.344000000000000057e+02 4.286836077796818856e+00 -4.197980043080193013e+00 6.219919619354218554e+01 6.227017215100543979e+01 7.097595746325541199e+01 3.547336591745774148e-02 7.094673183458132826e+01
1.367999999999999829e+02 4.107282635572133245e+00 -4.373811764528467982e+00 6.244910777953123926e+01 6.251831011891054146e+01 6.920233937929981494e+01 3.458798795832007666e-02 6.917597591603319529e+01
1.391999999999999886e+02 3.920523623940633140e+00 -4.541970333910537505e+00 6.257438648693515404e+01 6.264165401396456900e+01 6.726752702941595885e+01 3.362200868002090948e-02 6.724401735838658567e+01
1.415999999999999943e+02 3.726886681669862700e+00 -4.702160743955038136e+00 6.257693751315175490e+01 6.264210559213936591e+01 6.516807898761246065e+01 3.257371104683733087e-02 6.514742209372259651e+01
1.440000000000000000e+02 3.526711513754839267e+00 -4.854101966249683819e+00 6.245947893872867951e+01 6.252237899727154513e+01 6.290005854286961551e+01 3.144113024313553717e-02 6.288226048544592572e+01
1.464000000000000057e+02 3.320349295460064631e+00 -4.997527444260596141e+00 6.222560667035281767e+01 6.228606570460424763e+01 6.045903425142689969e+01 3.022205407507806696e-02 6.044410814973893764e+01
1.487999999999999829e+02 3.108162056238783499e+00 -5.132185560963037574e+00 6.187988701376083611e+01 6.193772707382281340e+01 5.784006006197967054e+01 2.891401318365635631e-02 5.782802636663392093e+01
1.511999999999999886e+02 2.890522044610293495e+00 -5.257840080263179949e+00 6.142798654508789014e+01 6.148302417773179229e+01 5.503763264390337895e+01 2.751425990792105009e-02 5.502851981466911013e+01
1.535999999999999943e+02 2.667811075109566499e+00 -5.374270561436476079e+00 6.087685420601648900e+01 6.092889982921333569e+01 5.204562319684885807e+01 2.601973447727613797e-02 5.203946895417782770e+01
1.560000000000000000e+02 2.440419858454802249e+00 -5.481272745855603645e+00 6.023497873194332186e+01 6.028383591607050818e+01 4.885718412718509285e+01 2.442701880421561597e-02 4.885403760867406930e+01
1.584000000000000057e+02 2.208747316108066183e+00 -5.578658915329508083e+00 5.951275750321300251e+01 5.955822214796460656e+01 4.546464475160133389e+01 2.273228511140347463e-02 4.546457022171907170e+01
1.607999999999999829e+02 1.973199880431500297e+00 -5.666258221424885555e+00 5.872303355697217597e+01 5.876489301254190423e+01 4.185945556972603754e+01 2.093126950296153241e-02 4.186253900621827739e+01
1.631999999999999886e+02 1.734190781666829828e+00 -5.743916985192403679e+00 5.788188953840911921e+01 5.791992191691472414e+01 3.803237850560220323e+01 1.901936993723185240e-02 3.803873987582445437e+01
1.655999999999999943e+02 1.492139322989128880e+00 -5.811498966771785568e+00 5.700983282944660147e+01 5.704380735701198546e+01 3.397452756538632457e+01 1.699217259682237260e-02 3.398434519254200836e+01
1.680000000000000000e+02 1.247470144906555944e+00 -5.868885604402834133e+00 5.613355296021154572e+01 5.616323401405347937e+01 2.968105384193453489e+01 1.484730783860698997e-02 2.969461567764453136e+01
1.704000000000000057e+02 1.000612480296612983e+00 -5.915976222423029895e+00 5.528840895636938768e+01 5.531357167440631173e+01 2.516271803692377063e+01 1.259026704959019353e-02 2.518053409954895727e+01
1.727999999999999829e+02 7.519994013858271042e-01 -5.952688207886866145e+00 5.452144318584810634e+01 5.454192367916191841e+01 2.048049331381668381e+01 1.025177036503708249e-02 2.050354072993115651e+01
1.751999999999999886e+02 5.020670599938943379e-01 -5.978957155497026221e+00 5.389330546333001593e+01 5.390915188923442969e+01 1.584642590441581689e+01 7.938293498755199379e-03 1.587658699751803937e+01
1.775999999999999943e+02 2.512539223751988349e-01 -5.994736980593150300e+00 5.347413353173214290e+01 5.348603624749279817e+01 1.190271576065327075e+01 5.971281214842197142e-03 1.194256242974950410e+01
1.800000000000000000e+02 0.000000000000000000e+00 -5.999999999999999112e+00 5.332589003374712178e+01 5.333606217318090614e+01 1.017213943377975838e+01 5.109234378653509413e-03 1.021846875731008453e+01
1.824000000000000057e+02 -2.512539223751973916e-01 -5.994736980593150300e+00 5.347413353173195816e+01 5.348603624749272001e+01 1.190271576076429305e+01 5.971281214842119080e-03 1.194256242971480830e+01
1.847999999999999829e+02 -5.020670599938901191e-01 -5.978957155497026221e+00 5.389330546332988803e+01 5.390915188923425205e+01 1.584642590436030574e+01 7.938293498754923558e-03 1.587658699689353803e+01
1.871999999999999886e+02 -7.519994013858229964e-01 -5.952688207886867033e+00 5.452144318584823424e+01 5.454192367916174788e+01 2.048049331351137070e+01 1.025177036503669391e-02 2.050354072960502805e+01
1.895999999999999943e+02 -1.000612480296611650e+00 -5.915976222423029895e+00 5.528840895636939479e+01 5.531357167440631173e+01 2.516271803691683218e+01 1.259026704958968873e-02 2.518053409942405807e+01
1.920000000000000000e+02 -1.247470144906557055e+00 -5.868885604402833245e+00 5.613355296021157415e+01 5.616323401405348648e+01 2.968105384191371954e+01 1.484730783860623710e-02 2.969461567699921289e+01
1.944000000000000057e+02 -1.492139322989129990e+00 -5.811498966771785568e+00 5.700983282944651620e+01 5.704380735701191441e+01 3.397452756540020147e+01 1.699217259682056155e-02 3.398434519319426528e+01
1.967999999999999829e+02 -1.734190781666828496e+00 -5.743916985192403679e+00 5.788188953840910500e+01 5.791992191691466729e+01 3.803237850556057253e+01 1.901936993723261915e-02 3.803873987452688255e+01
1.991999999999999886e+02 -1.973199880431498521e+00 -5.666258221424885555e+00 5.872303355697216176e+01 5.876489301254189712e+01 4.185945556973297244e+01 2.093126950296195221e-02 4.186253900567010788e+01
2.015999999999999943e+02 -2.208747316108067515e+00 -5.578658915329508083e+00 5.951275750321298119e+01 5.955822214796463498e+01 4.546464475165684860e+01 2.273228511140260727e-02 4.546457022263500392e+01
2.040000000000000000e+02 -2.440419858454800917e+00 -5.481272745855604533e+00 6.023497873194328633e+01 6.028383591607045133e+01 4.885718412716427395e+01 2.442701880421505045e-02 4.885403760862550371e+01
2.064000000000000057e+02 -2.667811075109565166e+00 -5.374270561436476079e+00 6.087685420601650321e+01 6.092889982921327885e+01 5.204562319677252447e+01 2.601973447727480571e-02 5.203946895444844500e+01
2.087999999999999829e+02 -2.890522044610289942e+00 -5.257840080263181726e+00 6.142798654508797540e+01 6.148302417773192730e+01 5.503763264395195165e+01 2.751425990792057824e-02 5.502851981582096386e+01
2.111999999999999886e+02 -3.108162056238779503e+00 -5.132185560963040238e+00 6.187988701376084322e+01 6.193772707382279208e+01 5.784006006195191674e+01 2.891401318365643264e-02 5.782802636689760334e+01
2.135999999999999943e+02 -3.320349295460062855e+00 -4.997527444260597917e+00 6.222560667035286031e+01 6.228606570460438263e+01 6.045903425152404509e+01 3.022205407507875738e-02 6.044410815005119275e+01
2.160000000000000000e+02 -3.526711513754837934e+00 -4.854101966249684708e+00 6.245947893872865109e+01 6.252237899727158776e+01 6.290005854293900711e+01 3.144113024313495430e-02 6.288226048600103724e+01
2.184000000000000057e+02 -3.726886681669861368e+00 -4.702160743955038136e+00 6.257693751315169806e+01 6.264210559213936591e+01 6.516807898766796825e+01 3.257371104683665086e-02 6.514742209351442170e+01
2.207999999999999829e+02 -3.920523623940630031e+00 -4.541970333910540170e+00 6.257438648693511141e+01 6.264165401396459743e+01 6.726752702948535045e+01 3.362200868001896659e-02 6.724401735970498351e+01
2.231999999999999886e+02 -4.107282635572130580e+00 -4.373811764528470647e+00 6.244910777953128189e+01 6.251831011891055567e+01 6.920233937927206114e+01 3.458798795831872358e-02 6.917597591636625509e+01
2.255999999999999943e+02 -4.286836077796818856e+00 -4.197980043080193902e+00 6.219919619354220686e+01 6.227017215100542558e+01 7.097595746321377419e+01 3.547336591745690881e-02 7.094673183458827737e+01
2.280000000000000000e+02 -4.458868952864365909e+00 -4.014783638153148537e+00 6.182351592334023849e+01 6.189610723069908715e+01 7.259130735885050001e+01 3.627960166700638228e-02 7.255920333475162920e+01
2.303999999999999773e+02 -4.623079456654732411e+00 -3.824543938492141137e+00 6.132167478048921083e+01 6.139572553974797842e+01 7.405075925877302723e+01 3.700787600601848637e-02 7.401575201122778935e+01
2.327999999999999829e+02 -4.779179508145174893e+00 -3.627594689174252096e+00 6.069401426261256205e+01 6.076937032580324427e+01 7.535606319068050141e+01 3.765905915786429276e-02 7.531811831606310648e+01
2.351999999999999886e+02 -4.926895254802222013e+00 -3.424281406106592929e+00 5.994161520198152715e+01 6.001812345669247861e+01 7.650825471095662067e+01 3.823366347002955801e-02 7.646732694010366060e+01
2.375999999999999943e+02 -5.065967553012088231e+00 -3.214960769873982382e+00 5.906632036899717519e+01 5.914382788892990561e+01 7.750751993272631069e+01 3.873177575000863460e-02 7.746355149967214970e+01
2.400000000000000000e+02 -5.196152422706630247e+00 -3.000000000000002665e+00 5.807077738166080394e+01 5.814913038419445712e+01 7.835300253365012679e+01 3.915296054104212831e-02 7.830592108232920623e+01
2.423999999999999773e+02 -5.317221475387285956e+00 -2.779776210719172358e+00 5.695850801430619015e+01 5.703755053865223346e+01 7.904252434604019584e+01 3.949612011876576373e-02 7.899224023794060656e+01
2.447999999999999829e+02 -5.428962314796115685e+00 -2.554675749390437289e+00 5.573401421635498565e+01 5.581358638849734177e+01 7.957217214235589609e+01 3.975928747989744549e-02 7.951857496079489351e+01
2.471999999999999886e+02 -5.531178909531002219e+00 -2.325093518712618934e+00 5.440293814680701701e+01 5.448287381572708910e+01 7.993566892007531521e+01 3.993931142552806235e-02 7.987862285104702664e+01
2.495999999999999943e+02 -5.623691936951348502e+00 -2.091432283930892755e+00 5.297230588288172726e+01 5.305242926570663542e+01 8.012338282490510721e+01 4.003136022934478122e-02 8.006272045912865565e+01
2.520000000000000000e+02 -5.706339097770920965e+00 -1.854101966249685374e+00 5.145090765149303280e+01 5.153102834709128643e+01 8.012069559825557974e+01 4.002810470920864505e-02 8.005620941786695255e+01
2.543999999999999773e+02 -5.778975400785947514e+00 -1.613518923691594775e+00 4.984991400718224952e+01 4.992981917614901022e+01 7.990516896676236058e+01 3.991829972043243330e-02 7.983659944060111968e+01
2.568000000000000114e+02 -5.841473417238961297e+00 -1.370105220663934809e+00 4.818392875528222419e+01 4.826337003544788473e+01 7.944128016566104122e+01 3.968414939475447406e-02 7.936829878941314576e+01
2.591999999999999886e+02 -5.893723504372132105e+00 -1.124287887514347828e+00 4.647292356730785912e+01 4.655159331257463151e+01 7.866974526676840185e+01 3.929596528050155468e-02 7.859193056074242634e+01
2.615999999999999659e+02 -5.935633997777928883e+00 -8.764981713744743885e-01 4.474617144712941297e+01 4.482365458173439521e+01 7.748313460498312111e+01 3.869997095095332323e-02 7.739994190186783385e+01
2.640000000000000000e+02 -5.967131372209640183e+00 -6.271707796059200479e-01 4.305153035753989599e+01 4.312719039622638917e+01 7.566003868648974162e+01 3.778539946465865607e-02 7.557079892898943285e+01
2.663999999999999773e+02 -5.988160370569628910e+00 -3.767431171758845454e-01 4.148328905672155997e+01 4.155593440160999563e+01 7.264534488844037696e+01 3.627488848839888896e-02 7.254977697667558800e+01
2.688000000000000114e+02 -5.998684100849072998e+00 -1.256545193001403493e-01 4.030472746080241109e+01 4.037188454954711858e+01 6.715708874471121703e+01 3.353176274600125351e-02 6.706352549219057835e+01
2.711999999999999886e+02 -5.998684100849072998e+00 1.256545193001381566e-01 4.030472746080192081e+01 4.037188454954702621e+01 6.715708874510673354e+01 3.353176274600201678e-02 6.706352549211425185e+01
2.735999999999999659e+02 -5.988160370569628910e+00 3.767431171758769404e-01 4.148328905672134681e+01 4.155593440160991747e+01 7.264534488856527616e+01 3.627488848839846569e-02 7.254977697663395020e+01
2.760000000000000000e+02 -5.967131372209640183e+00 6.271707796059178275e-01 4.305153035753976098e+01 4.312719039622652417e+01 7.566003868676729383e+01 3.778539946465843402e-02 7.557079892898249796e+01
2.783999999999999773e+02 -5.935633997777929771e+00 8.764981713744670611e-01 4.474617144712932770e+01 4.482365458173435968e+01 7.748313460503169381e+01 3.869997095095391304e-02 7.739994190163884014e+01
2.808000000000000114e+02 -5.893723504372131217e+00 1.124287887514350714e+00 4.647292356730797280e+01 4.655159331257477362e+01 7.866974526680309054e+01 3.929596528050058324e-02 7.859193056129059585e+01
2.831999999999999886e+02 -5.841473417238961297e+00 1.370105220663932588e+00 4.818392875528220287e+01 4.826337003544794868e+01 7.944128016574431683e+01 3.968414939475550796e-02 7.936829878926049275e+01
2.855999999999999659e+02 -5.778975400785948402e+00 1.613518923691592777e+00 4.984991400718235610e+01 4.992981917614896759e+01 7.990516896661664248e+01 3.991829972043300923e-02 7.983659944105909290e+01
2.880000000000000000e+02 -5.706339097770921853e+00 1.854101966249683153e+00 5.145090765149319623e+01 5.153102834709138591e+01 8.012069559818618814e+01 4.002810470920781238e-02 8.005620941912289368e+01
2.903999999999999773e+02 -5.623691936951348502e+00 2.091432283930890090e+00 5.297230588288183384e+01 5.305242926570663542e+01 8.012338282480102691e+01 4.003136022934528082e-02 8.006272045837926044e+01
2.928000000000000114e+02 -5.531178909531002219e+00 2.325093518712617158e+00 5.440293814680700279e+01 5.448287381572701804e+01 7.993566892001285851e+01 3.993931142552822888e-02 7.987862285083885183e+01
2.951999999999999886e+02 -5.428962314796116573e+00 2.554675749390435513e+00 5.573401421635487907e+01 5.581358638849723519e+01 7.957217214235589609e+01 3.975928747989755652e-02 7.951857495817893096e+01
2.975999999999999659e+02 -5.317221475387289509e+00 2.779776210719165697e+00 5.695850801430611199e+01 5.703755053865210556e+01 7.904252434599857224e+01 3.949612011876525719e-02 7.899224023755895985e+01
3.000000000000000000e+02 -5.196152422706631135e+00 3.000000000000000444e+00 5.807077738166083947e+01 5.814913038419445002e+01 7.835300253360848899e+01 3.915296054104233647e-02 7.830592108250961303e+01
3.023999999999999773e+02 -5.065967553012092672e+00 3.214960769873975721e+00 5.906632036899717519e+01 5.914382788892991272e+01 7.750751993273324558e+01 3.873177575000777417e-02 7.746355149997053502e+01
3.048000000000000114e+02 -4.926895254802222901e+00 3.424281406106590708e+00 5.994161520198159110e+01 6.001812345669244309e+01 7.650825471085254037e+01 3.823366347002862126e-02 7.646732694022855981e+01
3.071999999999999886e+02 -4.779179508145180222e+00 3.627594689174246323e+00 6.069401426261247678e+01 6.076937032580320874e+01 7.535606319072907411e+01 3.765905915786270375e-02 7.531811831568147397e+01
3.095999999999999659e+02 -4.623079456654737740e+00 3.824543938492135364e+00 6.132167478048921794e+01 6.139572553974795710e+01 7.405075925874527343e+01 3.700787600601777860e-02 7.401575201162330586e+01
3.120000000000000000e+02 -4.458868952864366797e+00 4.014783638153146761e+00 6.182351592334022428e+01 6.189610723069912979e+01 7.259130735890600761e+01 3.627960166700639616e-02 7.255920333299609126e+01
3.143999999999999773e+02 -4.286836077796821520e+00 4.197980043080190349e+00 6.219919619354222817e+01 6.227017215100546110e+01 7.097595746323459309e+01 3.547336591745552797e-02 7.094673183489358337e+01
3.168000000000000114e+02 -4.107282635572128804e+00 4.373811764528470647e+00 6.244910777953134584e+01 6.251831011891069778e+01 6.920233937934838764e+01 3.458798795831931339e-02 6.917597591614421049e+01
3.191999999999999886e+02 -3.920523623940633584e+00 4.541970333910536617e+00 6.257438648693516825e+01 6.264165401396459743e+01 6.726752702942984286e+01 3.362200868001828657e-02 6.724401735974660710e+01
3.215999999999999659e+02 -3.726886681669863588e+00 4.702160743955037248e+00 6.257693751315171227e+01 6.264210559213942275e+01 6.516807898770960605e+01 3.257371104683698393e-02 6.514742209270951889e+01
3.240000000000000000e+02 -3.526711513754839711e+00 4.854101966249683819e+00 6.245947893872865819e+01 6.252237899727164461e+01 6.290005854298757981e+01 3.144113024313432980e-02 6.288226048657003275e+01
3.263999999999999773e+02 -3.320349295460065076e+00 4.997527444260596141e+00 6.222560667035295268e+01 6.228606570460435421e+01 6.045903425140608789e+01 3.022205407507831676e-02 6.044410814984995994e+01
3.288000000000000114e+02 -3.108162056238781723e+00 5.132185560963039350e+00 6.187988701376089296e+01 6.193772707382287024e+01 5.784006006197967054e+01 2.891401318365588446e-02 5.782802636750822245e+01
3.311999999999999886e+02 -2.890522044610291275e+00 5.257840080263180838e+00 6.142798654508784040e+01 6.148302417773196993e+01 5.503763264413235845e+01 2.751425990792186194e-02 5.502851981634137957e+01
3.335999999999999659e+02 -2.667811075109569607e+00 5.374270561436474303e+00 6.087685420601649611e+01 6.092889982921321490e+01 5.204562319671701687e+01 2.601973447727592981e-02 5.203946895472599721e+01
3.360000000000000000e+02 -2.440419858454800917e+00 5.481272745855604533e+00 6.023497873194334318e+01 6.028383591607048686e+01 4.885718412714346215e+01 2.442701880421517535e-02 4.885403760820916830e+01
3.383999999999999773e+02 -2.208747316108071956e+00 5.578658915329506307e+00 5.951275750321310198e+01 5.955822214796457814e+01 4.546464475147643469e+01 2.273228511140383198e-02 4.546457022183009400e+01
3.408000000000000114e+02 -1.973199880431498077e+00 5.666258221424885555e+00 5.872303355697216176e+01 5.876489301254186870e+01 4.185945556970521864e+01 2.093126950296201813e-02 4.186253900628766900e+01
3.431999999999999886e+02 -1.734190781666833159e+00 5.743916985192401903e+00 5.788188953840910500e+01 5.791992191691485914e+01 3.803237850575486334e+01 1.901936993723203628e-02 3.803873987424238834e+01
3.455999999999999659e+02 -1.492139322989131989e+00 5.811498966771785568e+00 5.700983282944658015e+01 5.704380735701199967e+01 3.397452756542102037e+01 1.699217259682229281e-02 3.398434519372162299e+01
3.480000000000000000e+02 -1.247470144906559053e+00 5.868885604402833245e+00 5.613355296021163809e+01 5.616323401405350779e+01 2.968105384187208529e+01 1.484730783860614342e-02 2.969461567774167676e+01
3.503999999999999773e+02 -1.000612480296616313e+00 5.915976222423028119e+00 5.528840895636932373e+01 5.531357167440627620e+01 2.516271803695846643e+01 1.259026704959010853e-02 2.518053409891751926e+01
3.528000000000000114e+02 -7.519994013858226634e-01 5.952688207886867033e+00 5.452144318584826976e+01 5.454192367916184736e+01 2.048049331357382385e+01 1.025177036503664707e-02 2.050354072984789155e+01
3.551999999999999886e+02 -5.020670599938950041e-01 5.978957155497024445e+00 5.389330546332998040e+01 5.390915188923428758e+01 1.584642590430479459e+01 7.938293498754887129e-03 1.587658699711558263e+01
3.575999999999999659e+02 -2.512539223751995565e-01 5.994736980593150300e+00 5.347413353173205763e+01 5.348603624749277685e+01 1.190271576072266058e+01 5.971281214842210153e-03 1.194256242941643720e+01
3.600000000000000000e+02 0.000000000000000000e+00 5.999999999999999112e+00 5.332589003374712888e+01 5.333606217318082088e+01 1.017213943368955320e+01 5.109234378653518087e-03 1.021846875730314608e+01
