# theta_deg  Ey_V_per_um  Ez_V_per_um  GS1_meV  GS2_meV  numerical_gap_microeV  alpha_eV_A  perturbative_gap_k1_microeV  
0.000000000000000000e+00 0.000000000000000000e+00 5.000000000000000000e+00 4.193771196855301042e+01 4.194865944040293471e+01 1.094747184992445099e+01 5.496810746997067912e-03 1.099362149398902488e+01
2.571428571428571619e+00 2.243241517525746687e-01 4.994965332706573058e+00 4.200140759069985563e+01 4.201347288015788450e+01 1.206528945803253450e+01 6.054415926146189744e-03 1.210883185227828918e+01
5.142857142857143238e+00 4.481965445171675611e-01 4.979871469976195897e+00 4.218502347557681986e+01 4.219990786404341065e+01 1.488438846658501902e+01 7.461783742801089345e-03 1.492356748550999157e+01
7.714285714285715301e+00 6.711663290882774469e-01 4.954748808839672947e+00 4.246820634578031672e+01 4.248676804665195306e+01 1.856170087163877724e+01 9.298966319630220384e-03 1.859793263941228503e+01
1.028571428571428648e+01 8.927844739931833917e-01 4.919647942993147893e+00 4.282305478442747670e+01 4.284564138101336539e+01 2.258659658588985053e+01 1.131070902461305504e-02 2.262141804922068644e+01
1.285714285714285765e+01 1.112604669781571909e+00 4.874639560909118430e+00 4.321982103914986340e+01 4.324653721074955826e+01 2.671617159969580513e+01 1.337528666230435037e-02 2.675057332426206003e+01
1.542857142857143060e+01 1.330184227833375976e+00 4.819814303479266648e+00 4.363069735752212353e+01 4.366153602668543954e+01 3.083866916331334807e+01 1.543661562499372940e-02 3.087323125015861791e+01
1.800000000000000000e+01 1.545084971874737034e+00 4.755282581475768211e+00 4.403148917981786781e+01 4.406639182368250118e+01 3.490264386463159951e+01 1.746885322096872542e-02 3.493770644150129101e+01
2.057142857142857295e+01 1.756874120406713757e+00 4.681174353198686688e+00 4.440191578015839724e+01 4.444080044562306853e+01 3.888466546467239482e+01 1.946021694077369746e-02 3.892043388190741382e+01
2.314285714285714590e+01 1.965125158269618311e+00 4.597638862757253086e+00 4.472526846782842824e+01 4.476804288572659374e+01 4.277441789816288775e+01 2.140551023612262405e-02 4.281102047205831695e+01
2.571428571428571530e+01 2.169418695587790769e+00 4.504844339512096063e+00 4.498787171024115850e+01 4.503443940988004357e+01 4.656769963888584840e+01 2.330260948153656600e-02 4.660521896283215426e+01
2.828571428571428825e+01 2.369343312364993626e+00 4.402977659283689782e+00 4.517855434630571665e+01 4.522881746553206028e+01 5.026311922634585017e+01 2.515080476344996527e-02 5.030160952625151083e+01
3.085714285714286120e+01 2.564496387029531199e+00 4.292243968009330501e+00 4.528820348175574395e+01 4.534206402914051637e+01 5.386054738477225357e+01 2.695002226072623630e-02 5.390004452086177622e+01
3.342857142857143060e+01 2.754484907260513094e+00 4.172866268606512996e+00 4.530941259654137809e+01 4.536677300633992616e+01 5.736040979854861632e+01 2.870046865147041562e-02 5.740093730369905245e+01
3.600000000000000000e+01 2.938926261462365463e+00 4.045084971874737256e+00 4.523621298291004678e+01 4.529697636643543746e+01 6.076338352539040244e+01 3.040247822280389006e-02 6.080495644589234416e+01
3.857142857142857650e+01 3.117449009293667750e+00 3.909157412340149129e+00 4.506387233178990215e+01 4.512794262010377366e+01 6.407028831387218304e+01 3.205645790335089756e-02 6.411291580676881097e+01
4.114285714285714590e+01 3.289693629698563271e+00 3.765357330018054061e+00 4.478874544172115435e+01 4.485602751556120182e+01 6.728207384004703329e+01 3.366288051620313498e-02 6.732576103207765073e+01
4.371428571428571530e+01 3.455313244934323347e+00 3.613974319136957991e+00 4.440816503829933737e+01 4.447856489540900782e+01 7.039985710967367538e+01 3.522230326583193627e-02 7.044460653134187567e+01
4.628571428571429180e+01 3.613974319136957991e+00 3.455313244934323347e+00 4.392036382363664870e+01 4.399378881420535237e+01 7.342499056870593677e+01 3.673540166881599650e-02 7.347080333702793098e+01
4.885714285714286120e+01 3.765357330018054505e+00 3.289693629698562827e+00 4.332442161031441685e+01 4.340078076537592722e+01 7.635915506151030741e+01 3.820301597351730832e-02 7.640603194716821633e+01
5.142857142857143060e+01 3.909157412340149129e+00 3.117449009293667750e+00 4.262023370171974079e+01 4.269943818148718861e+01 7.920447976744738128e+01 3.962621111260311579e-02 7.925242222457661967e+01
5.400000000000000711e+01 4.045084971874737256e+00 2.938926261462365019e+00 4.180849871118418548e+01 4.189046240840684021e+01 8.196369722265201574e+01 4.100635423921292211e-02 8.201270847793540497e+01
5.657142857142857650e+01 4.172866268606512996e+00 2.754484907260512205e+00 4.089072599781913908e+01 4.097536634567268976e+01 8.464034785354846235e+01 4.234521705727156693e-02 8.469043411479803751e+01
5.914285714285714590e+01 4.292243968009330501e+00 2.564496387029530755e+00 3.986926514964705603e+01 3.995650420670871483e+01 8.723905706166380014e+01 4.364511447499128116e-02 8.729022894900934659e+01
6.171428571428572241e+01 4.402977659283690670e+00 2.369343312364992737e+00 3.874736292655830283e+01 3.883712884805650134e+01 8.976592149819579447e+01 4.490909791220272507e-02 8.981819582454947692e+01
6.428571428571429180e+01 4.504844339512096063e+00 2.169418695587789880e+00 3.752925756168506410e+01 3.762148662592995407e+01 9.222906424489335109e+01 4.614123313845328034e-02 9.228246627700914928e+01
6.685714285714286120e+01 4.597638862757253086e+00 1.965125158269618311e+00 3.622032775344745659e+01 3.631496721339129152e+01 9.463945994384049243e+01 4.734701320630341909e-02 9.469402641314877656e+01
6.942857142857143060e+01 4.681174353198686688e+00 1.756874120406713757e+00 3.482732698298601548e+01 3.492433919206028037e+01 9.701220907426532847e+01 4.853399612873465774e-02 9.706799225694257416e+01
7.200000000000000000e+01 4.755282581475768211e+00 1.545084971874737256e+00 3.335875935127656788e+01 3.345812794866044726e+01 9.936859738388092467e+01 4.971283540559745528e-02 9.942567081110826166e+01
7.457142857142858361e+01 4.819814303479266648e+00 1.330184227833374644e+00 3.182550613430690234e+01 3.192724574965406958e+01 1.017396153471655822e+02 5.089904098931198606e-02 1.017980819784935989e+02
7.714285714285715301e+01 4.874639560909118430e+00 1.112604669781571243e+00 3.024193261040885972e+01 3.034610502563374368e+01 1.041724152248818598e+02 5.211620972857967937e-02 1.042324194564583877e+02
7.971428571428572241e+01 4.919647942993147893e+00 8.927844739931823925e-01 2.862801151127615640e+01 2.873475483869472669e+01 1.067433274185708427e+02 5.340253646142838206e-02 1.068050729226346931e+02
8.228571428571429180e+01 4.954748808839673835e+00 6.711663290882766697e-01 2.701391462764476969e+01 2.712350243949662598e+01 1.095878118518578361e+02 5.482579338722276541e-02 1.096515867747248336e+02
8.485714285714286120e+01 4.979871469976195897e+00 4.481965445171677831e-01 2.545197025973518379e+01 2.556495500361718953e+01 1.129847438820080754e+02 5.652546458672780272e-02 1.130509291736060646e+02
8.742857142857143060e+01 4.994965332706573058e+00 2.243241517525749185e-01 2.406019475005533081e+01 2.417786434994994949e+01 1.176695998946208874e+02 5.886885430850070239e-02 1.177377086172375016e+02
9.000000000000000000e+01 5.000000000000000000e+00 0.000000000000000000e+00 2.330573238069587205e+01 2.342905089912778038e+01 1.233185184319057726e+02 6.168593437967227755e-02 1.233718687591277217e+02
9.257142857142858361e+01 4.994965332706573058e+00 -2.243241517525754181e-01 2.406019475005525976e+01 2.417786434994954803e+01 1.176695998942878276e+02 5.886885430849989054e-02 1.177377086168246478e+02
9.514285714285715301e+01 4.979871469976195897e+00 -4.481965445171682827e-01 2.545197025973530813e+01 2.556495500361756612e+01 1.129847438822578738e+02 5.652546458672713658e-02 1.130509291736130137e+02
9.771428571428572241e+01 4.954748808839672947e+00 -6.711663290882782240e-01 2.701391462764472706e+01 2.712350243949665440e+01 1.095878118519272277e+02 5.482579338722290418e-02 1.096515867744403465e+02
1.002857142857142918e+02 4.919647942993147893e+00 -8.927844739931839468e-01 2.862801151127600363e+01 2.873475483869477998e+01 1.067433274187790175e+02 5.340253646142830574e-02 1.068050729235089875e+02
1.028571428571428612e+02 4.874639560909118430e+00 -1.112604669781571687e+00 3.024193261040882064e+01 3.034610502563381118e+01 1.041724152249928750e+02 5.211620972857862466e-02 1.042324194571626919e+02
1.054285714285714306e+02 4.819814303479266648e+00 -1.330184227833375532e+00 3.182550613430693076e+01 3.192724574965394169e+01 1.017396153470129292e+02 5.089904098931271464e-02 1.017980819781882929e+02
1.080000000000000142e+02 4.755282581475768211e+00 -1.545084971874737922e+00 3.335875935127634051e+01 3.345812794866034778e+01 9.936859738400582387e+01 4.971283540559709446e-02 9.942567081151071307e+01
1.105714285714285836e+02 4.681174353198686688e+00 -1.756874120406714423e+00 3.482732698298617180e+01 3.492433919206024484e+01 9.701220907407103766e+01 4.853399612873510183e-02 9.706799225750461346e+01
1.131428571428571530e+02 4.597638862757253086e+00 -1.965125158269618755e+00 3.622032775344764843e+01 3.631496721339129152e+01 9.463945994364620162e+01 4.734701320630302357e-02 9.469402641243407004e+01
1.157142857142857224e+02 4.504844339512096063e+00 -2.169418695587790324e+00 3.752925756168517069e+01 3.762148662593001092e+01 9.222906424483784349e+01 4.614123313845210766e-02 9.228246627709241068e+01
1.182857142857142918e+02 4.402977659283689782e+00 -2.369343312364993182e+00 3.874736292655801151e+01 3.883712884805662924e+01 8.976592149861906478e+01 4.490909791220280833e-02 8.981819582398048851e+01
1.208571428571428612e+02 4.292243968009331390e+00 -2.564496387029529867e+00 3.986926514964732604e+01 3.995650420670884273e+01 8.723905706151808204e+01 4.364511447499190566e-02 8.729022895044569452e+01
1.234285714285714448e+02 4.172866268606512108e+00 -2.754484907260514426e+00 4.089072599781867012e+01 4.097536634567261160e+01 8.464034785394397886e+01 4.234521705727291307e-02 8.469043411520743803e+01
1.260000000000000142e+02 4.045084971874736368e+00 -2.938926261462367240e+00 4.180849871118441285e+01 4.189046240840716706e+01 8.196369722275609604e+01 4.100635423921258904e-02 8.201270847917746210e+01
1.285714285714285836e+02 3.909157412340147797e+00 -3.117449009293669082e+00 4.262023370171972658e+01 4.269943818148693992e+01 7.920447976721838756e+01 3.962621111260179046e-02 7.925242222520112989e+01
1.311428571428571388e+02 3.765357330018054505e+00 -3.289693629698562827e+00 4.332442161031471528e+01 4.340078076537617591e+01 7.635915506146173470e+01 3.820301597351715567e-02 7.640603194648821272e+01
1.337142857142857224e+02 3.613974319136957991e+00 -3.455313244934323347e+00 4.392036382363627922e+01 4.399378881420530973e+01 7.342499056902512677e+01 3.673540166881625324e-02 7.347080333877653402e+01
1.362857142857143060e+02 3.455313244934322459e+00 -3.613974319136958879e+00 4.440816503829929474e+01 4.447856489540905756e+01 7.039985710976387168e+01 3.522230326583285914e-02 7.044460653148065887e+01
1.388571428571428612e+02 3.289693629698563271e+00 -3.765357330018054061e+00 4.478874544172131777e+01 4.485602751556124446e+01 6.728207383992906898e+01 3.366288051620391214e-02 6.732576103297277825e+01
1.414285714285714448e+02 3.117449009293666418e+00 -3.909157412340150017e+00 4.506387233178973162e+01 4.512794262010371682e+01 6.407028831398319824e+01 3.205645790335098777e-02 6.411291580735168338e+01
1.440000000000000000e+02 2.938926261462365908e+00 -4.045084971874737256e+00 4.523621298290991888e+01 4.529697636643543746e+01 6.076338352552224364e+01 3.040247822280278678e-02 6.080495644543437805e+01
1.465714285714285836e+02 2.754484907260511317e+00 -4.172866268606514772e+00 4.530941259654137809e+01 4.536677300633984089e+01 5.736040979845841292e+01 2.870046865147055093e-02 5.740093730406681516e+01
1.491428571428571672e+02 2.564496387029528979e+00 -4.292243968009331390e+00 4.528820348175567290e+01 4.534206402914050216e+01 5.386054738482776116e+01 2.695002226072644794e-02 5.390004452170832394e+01
1.517142857142857224e+02 2.369343312364994070e+00 -4.402977659283689782e+00 4.517855434630570244e+01 4.522881746553217397e+01 5.026311922647075647e+01 2.515080476344946567e-02 5.030160952719520395e+01
1.542857142857143060e+02 2.169418695587788992e+00 -4.504844339512096063e+00 4.498787171024115850e+01 4.503443940988007199e+01 4.656769963891360931e+01 2.330260948153656253e-02 4.660521896281133536e+01
1.568571428571428612e+02 1.965125158269618533e+00 -4.597638862757253086e+00 4.472526846782830745e+01 4.476804288572655111e+01 4.277441789823921425e+01 2.140551023612236731e-02 4.281102047295343027e+01
1.594285714285714448e+02 1.756874120406711981e+00 -4.681174353198686688e+00 4.440191578015839724e+01 4.444080044562301168e+01 3.888466546461688722e+01 1.946021694077313888e-02 3.892043388169230411e+01
1.620000000000000000e+02 1.545084971874737700e+00 -4.755282581475768211e+00 4.403148917981805255e+01 4.406639182368252250e+01 3.490264386447200451e+01 1.746885322096888155e-02 3.493770644259763714e+01
1.645714285714285836e+02 1.330184227833373756e+00 -4.819814303479266648e+00 4.363069735752225853e+01 4.366153602668563849e+01 3.083866916338273612e+01 1.543661562499373807e-02 3.087323124972840560e+01
1.671428571428571672e+02 1.112604669781570355e+00 -4.874639560909119318e+00 4.321982103914986340e+01 4.324653721074972168e+01 2.671617159986233858e+01 1.337528666230425670e-02 2.675057332447716618e+01
1.697142857142857224e+02 8.927844739931838358e-01 -4.919647942993147893e+00 4.282305478442774671e+01 4.284564138101336539e+01 2.258659658561923322e+01 1.131070902461367260e-02 2.262141804953293800e+01
1.722857142857143060e+02 6.711663290882757815e-01 -4.954748808839673835e+00 4.246820634577988329e+01 4.248676804665192464e+01 1.856170087204123220e+01 9.298966319630137117e-03 1.859793263930126272e+01
1.748571428571428612e+02 4.481965445171681162e-01 -4.979871469976195897e+00 4.218502347557724619e+01 4.219990786404337513e+01 1.488438846612705291e+01 7.461783742801450167e-03 1.492356748551693002e+01
1.774285714285714448e+02 2.243241517525730311e-01 -4.994965332706573058e+00 4.200140759069995511e+01 4.201347288015802661e+01 1.206528945807416875e+01 6.054415926146068314e-03 1.210883185207706170e+01
1.800000000000000000e+02 0.000000000000000000e+00 -5.000000000000000000e+00 4.193771196855271910e+01 4.194865944040275707e+01 1.094747185003547330e+01 5.496810746997177199e-03 1.099362149399596333e+01
1.825714285714285836e+02 -2.243241517525762230e-01 -4.994965332706573058e+00 4.200140759070008301e+01 4.201347288015807635e+01 1.206528945799090202e+01 6.054415926146103008e-03 1.210883185249339533e+01
1.851428571428571672e+02 -4.481965445171690599e-01 -4.979871469976194120e+00 4.218502347557679855e+01 4.219990786404324723e+01 1.488438846645317959e+01 7.461783742801574200e-03 1.492356748555856427e+01
1.877142857142857224e+02 -6.711663290882767807e-01 -4.954748808839673835e+00 4.246820634577998987e+01 4.248676804665198858e+01 1.856170087199959795e+01 9.298966319630022626e-03 1.859793263901676852e+01
1.902857142857143060e+02 -8.927844739931847240e-01 -4.919647942993147893e+00 4.282305478442743407e+01 4.284564138101345065e+01 2.258659658602169173e+01 1.131070902461279483e-02 2.262141804918599419e+01
1.928571428571428612e+02 -1.112604669781571465e+00 -4.874639560909118430e+00 4.321982103915007656e+01 4.324653721074965773e+01 2.671617159957784082e+01 1.337528666230416476e-02 2.675057332454655779e+01
1.954285714285714448e+02 -1.330184227833377086e+00 -4.819814303479266648e+00 4.363069735752228695e+01 4.366153602668562428e+01 3.083866916334110186e+01 1.543661562499410236e-02 3.087323124990881595e+01
1.980000000000000284e+02 -1.545084971874738589e+00 -4.755282581475768211e+00 4.403148917981782517e+01 4.406639182368228091e+01 3.490264386445118561e+01 1.746885322096852766e-02 3.493770644199395292e+01
2.005714285714285836e+02 -1.756874120406715312e+00 -4.681174353198685800e+00 4.440191578015844698e+01 4.444080044562294773e+01 3.888466546450586492e+01 1.946021694077262193e-02 3.892043388177557262e+01
2.031428571428571672e+02 -1.965125158269619421e+00 -4.597638862757253086e+00 4.472526846782835008e+01 4.476804288572656532e+01 4.277441789821146045e+01 2.140551023612175668e-02 4.281102047217627415e+01
2.057142857142857224e+02 -2.169418695587790324e+00 -4.504844339512096063e+00 4.498787171024109455e+01 4.503443940988007199e+01 4.656769963897605891e+01 2.330260948153558068e-02 4.660521896281827026e+01
2.082857142857143060e+02 -2.369343312364994514e+00 -4.402977659283689782e+00 4.517855434630555322e+01 4.522881746553214555e+01 5.026311922658871367e+01 2.515080476345159244e-02 5.030160952705642075e+01
2.108571428571428612e+02 -2.564496387029529867e+00 -4.292243968009331390e+00 4.528820348175583632e+01 4.534206402914055900e+01 5.386054738472368086e+01 2.695002226072566731e-02 5.390004452134750323e+01
2.134285714285714448e+02 -2.754484907260513982e+00 -4.172866268606512996e+00 4.530941259654120756e+01 4.536677300633971299e+01 5.736040979850698562e+01 2.870046865147095339e-02 5.740093730308842623e+01
2.160000000000000284e+02 -2.938926261462366796e+00 -4.045084971874736368e+00 4.523621298290989046e+01 4.529697636643551562e+01 6.076338352562632394e+01 3.040247822280310250e-02 6.080495644560090795e+01
2.185714285714285836e+02 -3.117449009293669082e+00 -3.909157412340147797e+00 4.506387233178961793e+01 4.512794262010372393e+01 6.407028831410116254e+01 3.205645790335019674e-02 6.411291580658840417e+01
2.211428571428571672e+02 -3.289693629698564159e+00 -3.765357330018053617e+00 4.478874544172121830e+01 4.485602751556109524e+01 6.728207383987356138e+01 3.366288051620364152e-02 6.732576103256337774e+01
2.237142857142857224e+02 -3.455313244934324235e+00 -3.613974319136956659e+00 4.440816503829923789e+01 4.447856489540890834e+01 7.039985710966672627e+01 3.522230326583286608e-02 7.044460653189699428e+01
2.262857142857143060e+02 -3.613974319136958879e+00 -3.455313244934322459e+00 4.392036382363632185e+01 4.399378881420506815e+01 7.342499056874757457e+01 3.673540166881515689e-02 7.347080333781896400e+01
2.288571428571428612e+02 -3.765357330018054061e+00 -3.289693629698563271e+00 4.332442161031463002e+01 4.340078076537617591e+01 7.635915506155194521e+01 3.820301597351676015e-02 7.640603194677963472e+01
2.314285714285714448e+02 -3.909157412340148685e+00 -3.117449009293668194e+00 4.262023370171984027e+01 4.269943818148713888e+01 7.920447976729472828e+01 3.962621111260125617e-02 7.925242222518724589e+01
2.340000000000000284e+02 -4.045084971874739921e+00 -2.938926261462362799e+00 4.180849871118417838e+01 4.189046240840696811e+01 8.196369722279078474e+01 4.100635423921335926e-02 8.201270847856683588e+01
2.365714285714285836e+02 -4.172866268606512996e+00 -2.754484907260513538e+00 4.089072599781899697e+01 4.097536634567246949e+01 8.464034785347213585e+01 4.234521705727109508e-02 8.469043411434007851e+01
2.391428571428571672e+02 -4.292243968009333166e+00 -2.564496387029528091e+00 3.986926514964719104e+01 3.995650420670892089e+01 8.723905706172624264e+01 4.364511447499173913e-02 8.729022895050120212e+01
2.417142857142857224e+02 -4.402977659283689782e+00 -2.369343312364994070e+00 3.874736292655806125e+01 3.883712884805651555e+01 8.976592149845252777e+01 4.490909791220161484e-02 8.981819582414701131e+01
2.442857142857143060e+02 -4.504844339512096951e+00 -2.169418695587787216e+00 3.752925756168518490e+01 3.762148662593011039e+01 9.222906424492110489e+01 4.614123313845183705e-02 9.228246627688425008e+01
2.468571428571428896e+02 -4.597638862757254863e+00 -1.965125158269614758e+00 3.622032775344759159e+01 3.631496721339129152e+01 9.463945994370170922e+01 4.734701320630205212e-02 9.469402641277407895e+01
2.494285714285714448e+02 -4.681174353198686688e+00 -1.756874120406714423e+00 3.482732698298605811e+01 3.492433919206020221e+01 9.701220907414042927e+01 4.853399612873386670e-02 9.706799225749767857e+01
2.520000000000000284e+02 -4.755282581475769099e+00 -1.545084971874733704e+00 3.335875935127664604e+01 3.345812794866043305e+01 9.936859738378377926e+01 4.971283540559769121e-02 9.942567081127478446e+01
2.545714285714285836e+02 -4.819814303479266648e+00 -1.330184227833376642e+00 3.182550613430705511e+01 3.192724574965413709e+01 1.017396153470823066e+02 5.089904098931222892e-02 1.017980819787017737e+02
2.571428571428571672e+02 -4.874639560909119318e+00 -1.112604669781568578e+00 3.024193261040885972e+01 3.034610502563380052e+01 1.041724152249373674e+02 5.211620972857808343e-02 1.042324194570828979e+02
2.597142857142857224e+02 -4.919647942993147893e+00 -8.927844739931840579e-01 2.862801151127608534e+01 2.873475483869465563e+01 1.067433274185708427e+02 5.340253646142768124e-02 1.068050729227595923e+02
2.622857142857142776e+02 -4.954748808839672947e+00 -6.711663290882783350e-01 2.701391462764438245e+01 2.712350243949661177e+01 1.095878118522325479e+02 5.482579338722248785e-02 1.096515867745687132e+02
2.648571428571428896e+02 -4.979871469976195897e+00 -4.481965445171639528e-01 2.545197025973519445e+01 2.556495500361742756e+01 1.129847438822301200e+02 5.652546458672710883e-02 1.130509291737032100e+02
2.674285714285714448e+02 -4.994965332706573058e+00 -2.243241517525755291e-01 2.406019475005517805e+01 2.417786434994974343e+01 1.176695998945653798e+02 5.886885430850026524e-02 1.177377086170154570e+02
2.700000000000000000e+02 -5.000000000000000000e+00 0.000000000000000000e+00 2.330573238069608166e+01 2.342905089912772354e+01 1.233185184316421044e+02 6.168593437967231918e-02 1.233718687596203836e+02
2.725714285714286120e+02 -4.994965332706573058e+00 2.243241517525781104e-01 2.406019475005524555e+01 2.417786434994971501e+01 1.176695998944682344e+02 5.886885430850084117e-02 1.177377086170085221e+02
2.751428571428571672e+02 -4.979871469976194120e+00 4.481965445171710027e-01 2.545197025973558524e+01 2.556495500361755191e+01 1.129847438819664376e+02 5.652546458672791374e-02 1.130509291731619754e+02
2.777142857142857224e+02 -4.954748808839673835e+00 6.711663290882765587e-01 2.701391462764487983e+01 2.712350243949660111e+01 1.095878118517190671e+02 5.482579338722255724e-02 1.096515867742252368e+02
2.802857142857143344e+02 -4.919647942993147893e+00 8.927844739931867224e-01 2.862801151127629495e+01 2.873475483869487945e+01 1.067433274185847267e+02 5.340253646142753552e-02 1.068050729228359188e+02
2.828571428571428896e+02 -4.874639560909117542e+00 1.112604669781575462e+00 3.024193261040880643e+01 3.034610502563378631e+01 1.041724152249790052e+02 5.211620972857936018e-02 1.042324194572633047e+02
2.854285714285714448e+02 -4.819814303479266648e+00 1.330184227833374422e+00 3.182550613430709774e+01 3.192724574965417972e+01 1.017396153470823066e+02 5.089904098931189586e-02 1.017980819788613616e+02
2.880000000000000000e+02 -4.755282581475768211e+00 1.545084971874736146e+00 3.335875935127664604e+01 3.345812794866040463e+01 9.936859738375602547e+01 4.971283540559742753e-02 9.942567081131642226e+01
2.905714285714286120e+02 -4.681174353198684912e+00 1.756874120406716866e+00 3.482732698298621443e+01 3.492433919206029458e+01 9.701220907408492167e+01 4.853399612873413038e-02 9.706799225776136097e+01
2.931428571428571672e+02 -4.597638862757252198e+00 1.965125158269621419e+00 3.622032775344763422e+01 3.631496721339130573e+01 9.463945994367395542e+01 4.734701320630235744e-02 9.469402641297530465e+01
2.957142857142857224e+02 -4.504844339512096063e+00 2.169418695587789880e+00 3.752925756168507831e+01 3.762148662593006776e+01 9.222906424499049649e+01 4.614123313845273217e-02 9.228246627680792358e+01
2.982857142857143344e+02 -4.402977659283688006e+00 2.369343312364996290e+00 3.874736292655801151e+01 3.883712884805657950e+01 8.976592149857049208e+01 4.490909791220177444e-02 8.981819582447315042e+01
3.008571428571428896e+02 -4.292243968009328725e+00 2.564496387029533420e+00 3.986926514964707025e+01 3.995650420670870062e+01 8.723905706162909723e+01 4.364511447498994889e-02 8.729022895005017801e+01
3.034285714285714448e+02 -4.172866268606513884e+00 2.754484907260511761e+00 4.089072599781858486e+01 4.097536634567276081e+01 8.464034785417295836e+01 4.234521705726997098e-02 8.469043411452742021e+01
3.060000000000000000e+02 -4.045084971874738144e+00 2.938926261462364575e+00 4.180849871118424943e+01 4.189046240840671942e+01 8.196369722247159473e+01 4.100635423921292211e-02 8.201270847843500178e+01
3.085714285714286120e+02 -3.909157412340146909e+00 3.117449009293669970e+00 4.262023370171975500e+01 4.269943818148692571e+01 7.920447976717676397e+01 3.962621111260082596e-02 7.925242222538847159e+01
3.111428571428571672e+02 -3.765357330018052284e+00 3.289693629698565491e+00 4.332442161031446659e+01 4.340078076537605511e+01 7.635915506158663391e+01 3.820301597351688505e-02 7.640603194707107093e+01
3.137142857142857224e+02 -3.613974319136958435e+00 3.455313244934322903e+00 4.392036382363653502e+01 4.399378881420527421e+01 7.342499056873369057e+01 3.673540166881539976e-02 7.347080333761080340e+01
3.162857142857143344e+02 -3.455313244934321126e+00 3.613974319136960212e+00 4.440816503829920237e+01 4.447856489540902913e+01 7.039985710982632838e+01 3.522230326583206811e-02 7.044460653169576858e+01
3.188571428571428896e+02 -3.289693629698560606e+00 3.765357330018057169e+00 4.478874544172144567e+01 4.485602751556122314e+01 6.728207383977641598e+01 3.366288051620310029e-02 6.732576103266052314e+01
3.214285714285714448e+02 -3.117449009293668194e+00 3.909157412340148685e+00 4.506387233178978136e+01 4.512794262010372393e+01 6.407028831394157464e+01 3.205645790334983591e-02 6.411291580651901256e+01
3.240000000000000000e+02 -2.938926261462366796e+00 4.045084971874737256e+00 4.523621298291001835e+01 4.529697636643558667e+01 6.076338352557081635e+01 3.040247822280321005e-02 6.080495644585071346e+01
3.265714285714286120e+02 -2.754484907260509985e+00 4.172866268606514772e+00 4.530941259654112230e+01 4.536677300633968457e+01 5.736040979856249322e+01 2.870046865147076603e-02 5.740093730283862783e+01
3.291428571428571672e+02 -2.564496387029528091e+00 4.292243968009332278e+00 4.528820348175551658e+01 4.534206402914061584e+01 5.386054738509837847e+01 2.695002226072647916e-02 5.390004452134750323e+01
3.317142857142857224e+02 -2.369343312364994514e+00 4.402977659283689782e+00 4.517855434630534717e+01 4.522881746553194660e+01 5.026311922659565568e+01 2.515080476345060712e-02 5.030160952729234225e+01
3.342857142857143344e+02 -2.169418695587787660e+00 4.504844339512096951e+00 4.498787171024103770e+01 4.503443940988001515e+01 4.656769963897605891e+01 2.330260948153643416e-02 4.660521896313746026e+01
3.368571428571428896e+02 -1.965125158269614980e+00 4.597638862757254863e+00 4.472526846782832877e+01 4.476804288572660084e+01 4.277441789827391005e+01 2.140551023612144790e-02 4.281102047239831876e+01
3.394285714285714448e+02 -1.756874120406714646e+00 4.681174353198685800e+00 4.440191578015836171e+01 4.444080044562302589e+01 3.888466546466545992e+01 1.946021694077376685e-02 3.892043388142168681e+01
3.420000000000000000e+02 -1.545084971874738144e+00 4.755282581475768211e+00 4.403148917981805965e+01 4.406639182368257224e+01 3.490264386451363521e+01 1.746885322096878440e-02 3.493770644215354793e+01
3.445714285714286120e+02 -1.330184227833372201e+00 4.819814303479267537e+00 4.363069735752222300e+01 4.366153602668563849e+01 3.083866916341743192e+01 1.543661562499422206e-02 3.087323125024188286e+01
3.471428571428571672e+02 -1.112604669781569022e+00 4.874639560909119318e+00 4.321982103914986340e+01 4.324653721074969326e+01 2.671617159982764278e+01 1.337528666230401210e-02 2.675057332437308233e+01
3.497142857142857224e+02 -8.927844739931843909e-01 4.919647942993147893e+00 4.282305478442745539e+01 4.284564138101342223e+01 2.258659658596617703e+01 1.131070902461345229e-02 2.262141804959538760e+01
3.522857142857143344e+02 -6.711663290882741162e-01 4.954748808839673835e+00 4.246820634577988329e+01 4.248676804665196016e+01 1.856170087207592445e+01 9.298966319629526495e-03 1.859793263927350537e+01
3.548571428571428896e+02 -4.481965445171642859e-01 4.979871469976195897e+00 4.218502347557697618e+01 4.219990786404335381e+01 1.488438846637685131e+01 7.461783742801052915e-03 1.492356748591244830e+01
3.574285714285714448e+02 -2.243241517525758344e-01 4.994965332706573058e+00 4.200140759069991958e+01 4.201347288015787029e+01 1.206528945795620800e+01 6.054415926145933005e-03 1.210883185221583958e+01
3.600000000000000000e+02 0.000000000000000000e+00 5.000000000000000000e+00 4.193771196855279726e+01 4.194865944040280681e+01 1.094747185000771772e+01 5.496810746997034952e-03 1.099362149399596333e+01
