-2.00000000e-02 -4.15122218e-02 -4.15122218e-02 -4.13281114e-02 -4.13281114e-02 -4.02365113e-02 -4.02365113e-02 -3.47583182e-02 -3.47583182e-02 -3.34195464e-02 -3.34195464e-02 -3.12461248e-02 -3.12461248e-02 -2.94378998e-02 -2.94378998e-02 -2.88770114e-02 -2.88770114e-02 -2.72850449e-02 -2.72850449e-02 -2.31182185e-02 -2.31182185e-02 -2.07238668e-02 -2.07238668e-02 -1.97032536e-02 -1.97032536e-02
-1.92000000e-02 -4.08149709e-02 -4.08149709e-02 -4.05832699e-02 -4.05832699e-02 -3.95923558e-02 -3.95923558e-02 -3.40443196e-02 -3.40443196e-02 -3.27357477e-02 -3.27357477e-02 -3.04616536e-02 -3.04616536e-02 -2.85883474e-02 -2.85883474e-02 -2.79719074e-02 -2.79719074e-02 -2.65152733e-02 -2.65152733e-02 -2.22548710e-02 -2.22548710e-02 -1.97690513e-02 -1.97690513e-02 -1.86727595e-02 -1.86727595e-02
-1.84000000e-02 -4.01240119e-02 -4.01240119e-02 -3.98560450e-02 -3.98560450e-02 -3.89693649e-02 -3.89693649e-02 -3.33527113e-02 -3.33527113e-02 -3.20749301e-02 -3.20749301e-02 -2.96994445e-02 -2.96994445e-02 -2.77599046e-02 -2.77599046e-02 -2.70869264e-02 -2.70869264e-02 -2.57695343e-02 -2.57695343e-02 -2.14158156e-02 -2.14158156e-02 -1.88378866e-02 -1.88378866e-02 -1.76654121e-02 -1.76654121e-02
-1.76000000e-02 -3.94500964e-02 -3.94500964e-02 -3.91477786e-02 -3.91477786e-02 -3.83680771e-02 -3.83680771e-02 -3.26842665e-02 -3.26842665e-02 -3.14376445e-02 -3.14376445e-02 -2.89605397e-02 -2.89605397e-02 -2.69539767e-02 -2.69539767e-02 -2.62238016e-02 -2.62238016e-02 -2.50486522e-02 -2.50486522e-02 -2.06022301e-02 -2.06022301e-02 -1.79319848e-02 -1.79319848e-02 -1.66831830e-02 -1.66831830e-02
-1.68000000e-02 -3.87962514e-02 -3.87962514e-02 -3.84598158e-02 -3.84598158e-02 -3.77890089e-02 -3.77890089e-02 -3.20397429e-02 -3.20397429e-02 -3.08244269e-02 -3.08244269e-02 -2.82459720e-02 -2.82459720e-02 -2.61719704e-02 -2.61719704e-02 -2.53842727e-02 -2.53842727e-02 -2.43534346e-02 -2.43534346e-02 -1.98152804e-02 -1.98152804e-02 -1.70529527e-02 -1.70529527e-02 -1.57280424e-02 -1.57280424e-02
-1.60000000e-02 -3.81641628e-02 -3.81641628e-02 -3.77935009e-02 -3.77935009e-02 -3.72326485e-02 -3.72326485e-02 -3.14198801e-02 -3.14198801e-02 -3.02357981e-02 -3.02357981e-02 -2.75567615e-02 -2.75567615e-02 -2.54152860e-02 -2.54152860e-02 -2.45700757e-02 -2.45700757e-02 -2.36846694e-02 -2.36846694e-02 -1.90561165e-02 -1.90561165e-02 -1.62023839e-02 -1.62023839e-02 -1.48019480e-02 -1.48019480e-02
-1.52000000e-02 -3.75551770e-02 -3.75551770e-02 -3.71501754e-02 -3.71501754e-02 -3.66994453e-02 -3.66994453e-02 -3.08253977e-02 -3.08253977e-02 -2.96722634e-02 -2.96722634e-02 -2.68939121e-02 -2.68939121e-02 -2.46853101e-02 -2.46853101e-02 -2.37829338e-02 -2.37829338e-02 -2.30431231e-02 -2.30431231e-02 -1.83258679e-02 -1.83258679e-02 -1.53818509e-02 -1.53818509e-02 -1.39068361e-02 -1.39068361e-02
-1.44000000e-02 -3.69705227e-02 -3.69705227e-02 -3.65311880e-02 -3.65311880e-02 -3.61897871e-02 -3.61897871e-02 -3.02569933e-02 -3.02569933e-02 -2.91343120e-02 -2.91343120e-02 -2.62584072e-02 -2.62584072e-02 -2.39834088e-02 -2.39834088e-02 -2.30245494e-02 -2.30245494e-02 -2.24295363e-02 -2.24295363e-02 -1.76256396e-02 -1.76256396e-02 -1.45928987e-02 -1.45928987e-02 -1.30446116e-02 -1.30446116e-02
-1.36000000e-02 -3.64113791e-02 -3.64113791e-02 -3.59379503e-02 -3.59379503e-02 -3.57039294e-02 -3.57039294e-02 -2.97153399e-02 -2.97153399e-02 -2.86224169e-02 -2.86224169e-02 -2.56512066e-02 -2.56512066e-02 -2.33109203e-02 -2.33109203e-02 -2.22966003e-02 -2.22966003e-02 -2.18446174e-02 -2.18446174e-02 -1.69565077e-02 -1.69565077e-02 -1.38370366e-02 -1.38370366e-02 -1.22171386e-02 -1.22171386e-02
-1.28000000e-02 -3.58789034e-02 -3.58789034e-02 -3.53722850e-02 -3.53722850e-02 -3.52416324e-02 -3.52416324e-02 -2.92010839e-02 -2.92010839e-02 -2.81370343e-02 -2.81370343e-02 -2.50732418e-02 -2.50732418e-02 -2.26691484e-02 -2.26691484e-02 -2.16007495e-02 -2.16007495e-02 -2.12890216e-02 -2.12890216e-02 -1.63195158e-02 -1.63195158e-02 -1.31157325e-02 -1.31157325e-02 -1.14262323e-02 -1.14262323e-02
-1.20000000e-02 -3.53742481e-02 -3.53742481e-02 -3.48417849e-02 -3.48417849e-02 -3.47967832e-02 -3.47967832e-02 -2.87148431e-02 -2.87148431e-02 -2.76786034e-02 -2.76786034e-02 -2.45254130e-02 -2.45254130e-02 -2.20593562e-02 -2.20593562e-02 -2.09387387e-02 -2.09387387e-02 -2.07632477e-02 -2.07632477e-02 -1.57156707e-02 -1.57156707e-02 -1.24304056e-02 -1.24304056e-02 -1.06736497e-02 -1.06736497e-02
-1.12000000e-02 -3.48985758e-02 -3.48985758e-02 -3.44018816e-02 -3.44018816e-02 -3.43153070e-02 -3.43153070e-02 -2.82572037e-02 -2.82572037e-02 -2.72475460e-02 -2.72475460e-02 -2.40085849e-02 -2.40085849e-02 -2.14827598e-02 -2.14827598e-02 -2.03141509e-02 -2.03141509e-02 -2.02658654e-02 -2.02658654e-02 -1.51459386e-02 -1.51459386e-02 -1.17824208e-02 -1.17824208e-02 -9.96108199e-03 -9.96108199e-03
-1.04000000e-02 -3.44530730e-02 -3.44530730e-02 -3.40130827e-02 -3.40130827e-02 -3.38379082e-02 -3.38379082e-02 -2.78287190e-02 -2.78287190e-02 -2.68442658e-02 -2.68442658e-02 -2.35235833e-02 -2.35235833e-02 -2.09405232e-02 -2.09405232e-02 -1.98080585e-02 -1.98080585e-02 -1.97178590e-02 -1.97178590e-02 -1.46112416e-02 -1.46112416e-02 -1.11730826e-02 -1.11730826e-02 -9.29014711e-03 -9.29014711e-03
-9.60000000e-03 -3.40389597e-02 -3.40389597e-02 -3.36510803e-02 -3.36510803e-02 -3.33899446e-02 -3.33899446e-02 -2.74299074e-02 -2.74299074e-02 -2.64691482e-02 -2.64691482e-02 -2.30711921e-02 -2.30711921e-02 -2.04337525e-02 -2.04337525e-02 -1.93755583e-02 -1.93755583e-02 -1.91660831e-02 -1.91660831e-02 -1.41124543e-02 -1.41124543e-02 -1.06036294e-02 -1.06036294e-02 -8.66238227e-03 -8.66238227e-03
-8.80000000e-03 -3.36574786e-02 -3.36574786e-02 -3.33144374e-02 -3.33144374e-02 -3.29737443e-02 -3.29737443e-02 -2.70612501e-02 -2.70612501e-02 -2.61225591e-02 -2.61225591e-02 -2.26521495e-02 -2.26521495e-02 -1.99634911e-02 -1.99634911e-02 -1.89762891e-02 -1.89762891e-02 -1.86527381e-02 -1.86527381e-02 -1.36503999e-02 -1.36503999e-02 -1.00752289e-02 -1.00752289e-02 -8.07923755e-03 -8.07923755e-03
-8.00000000e-03 -3.33098313e-02 -3.33098313e-02 -3.30027877e-02 -3.30027877e-02 -3.25904623e-02 -3.25904623e-02 -2.67231905e-02 -2.67231905e-02 -2.58048444e-02 -2.58048444e-02 -2.22671458e-02 -2.22671458e-02 -1.95307154e-02 -1.95307154e-02 -1.86101168e-02 -1.86101168e-02 -1.81796763e-02 -1.81796763e-02 -1.32258480e-02 -1.32258480e-02 -9.58897291e-03 -9.58897291e-03 -7.54206965e-03 -7.54206965e-03
-7.20000000e-03 -3.29970249e-02 -3.29970249e-02 -3.27160454e-02 -3.27160454e-02 -3.22410172e-02 -3.22410172e-02 -2.64161324e-02 -2.64161324e-02 -2.55163284e-02 -2.55163284e-02 -2.19168198e-02 -2.19168198e-02 -1.91363307e-02 -1.91363307e-02 -1.82774120e-02 -1.82774120e-02 -1.77481191e-02 -1.77481191e-02 -1.28395110e-02 -1.28395110e-02 -9.14587312e-03 -9.14587312e-03 -7.05213627e-03 -7.05213627e-03
-6.40000000e-03 -3.27196355e-02 -3.27196355e-02 -3.24545161e-02 -3.24545161e-02 -3.19262111e-02 -3.19262111e-02 -2.61404400e-02 -2.61404400e-02 -2.52573131e-02 -2.52573131e-02 -2.16017573e-02 -2.16017573e-02 -1.87811671e-02 -1.87811671e-02 -1.79785734e-02 -1.79785734e-02 -1.73591263e-02 -1.73591263e-02 -1.24920418e-02 -1.24920418e-02 -8.74685704e-03 -8.74685704e-03 -6.61059088e-03 -6.61059088e-03
-5.60000000e-03 -3.24776145e-02 -3.24776145e-02 -3.22190582e-02 -3.22190582e-02 -3.16467557e-02 -3.16467557e-02 -2.58964367e-02 -2.58964367e-02 -2.50280758e-02 -2.50280758e-02 -2.13224880e-02 -2.13224880e-02 -1.84659766e-02 -1.84659766e-02 -1.77139758e-02 -1.77139758e-02 -1.70136430e-02 -1.70136430e-02 -1.21840311e-02 -1.21840311e-02 -8.39276436e-03 -8.39276436e-03 -6.21847810e-03 -6.21847810e-03
-4.80000000e-03 -3.22703208e-02 -3.22703208e-02 -3.20110389e-02 -3.20110389e-02 -3.14032795e-02 -3.14032795e-02 -2.56844060e-02 -2.56844060e-02 -2.48288681e-02 -2.48288681e-02 -2.10794841e-02 -2.10794841e-02 -1.81914298e-02 -1.81914298e-02 -1.74839577e-02 -1.74839577e-02 -1.67125070e-02 -1.67125070e-02 -1.19160055e-02 -1.19160055e-02 -8.08434369e-03 -8.08434369e-03 -5.87672947e-03 -5.87672947e-03
-4.00000000e-03 -3.20967909e-02 -3.20967909e-02 -3.18320577e-02 -3.18320577e-02 -3.11963288e-02 -3.11963288e-02 -2.55045911e-02 -2.55045911e-02 -2.46599135e-02 -2.46599135e-02 -2.08731582e-02 -2.08731582e-02 -1.79581134e-02 -1.79581134e-02 -1.72888163e-02 -1.72888163e-02 -1.64564491e-02 -1.64564491e-02 -1.16884254e-02 -1.16884254e-02 -7.82224967e-03 -7.82224967e-03 -5.58615978e-03 -5.58615978e-03
-3.20000000e-03 -3.19560524e-02 -3.19560524e-02 -3.16836304e-02 -3.16836304e-02 -3.10263681e-02 -3.10263681e-02 -2.53571961e-02 -2.53571961e-02 -2.45214053e-02 -2.45214053e-02 -2.07038622e-02 -2.07038622e-02 -1.77665280e-02 -1.77665280e-02 -1.71288056e-02 -1.71288056e-02 -1.62460914e-02 -1.62460914e-02 -1.15016831e-02 -1.15016831e-02 -7.60704046e-03 -7.60704046e-03 -5.34746387e-03 -5.34746387e-03
-2.40000000e-03 -3.18473097e-02 -3.18473097e-02 -3.15669996e-02 -3.15669996e-02 -3.08937788e-02 -3.08937788e-02 -2.52423861e-02 -2.52423861e-02 -2.44135053e-02 -2.44135053e-02 -2.05718853e-02 -2.05718853e-02 -1.76170861e-02 -1.76170861e-02 -1.70041347e-02 -1.70041347e-02 -1.60819458e-02 -1.60819458e-02 -1.13561019e-02 -1.13561019e-02 -7.43917563e-03 -7.43917563e-03 -5.16121392e-03 -5.16121392e-03
-1.60000000e-03 -3.17699928e-02 -3.17699928e-02 -3.14830846e-02 -3.14830846e-02 -3.07988588e-02 -3.07988588e-02 -2.51602888e-02 -2.51602888e-02 -2.43363410e-02 -2.43363410e-02 -2.04774539e-02 -2.04774539e-02 -1.75101103e-02 -1.75101103e-02 -1.69149669e-02 -1.69149669e-02 -1.59644121e-02 -1.59644121e-02 -1.12519341e-02 -1.12519341e-02 -7.31901441e-03 -7.31901441e-03 -5.02785725e-03 -5.02785725e-03
-8.00000000e-04 -3.17237358e-02 -3.17237358e-02 -3.14325021e-02 -3.14325021e-02 -3.07418213e-02 -3.07418213e-02 -2.51109944e-02 -2.51109944e-02 -2.42900051e-02 -2.42900051e-02 -2.04207301e-02 -2.04207301e-02 -1.74458319e-02 -1.74458319e-02 -1.68614194e-02 -1.68614194e-02 -1.58937769e-02 -1.58937769e-02 -1.11893608e-02 -1.11893608e-02 -7.24681439e-03 -7.24681439e-03 -4.94771461e-03 -4.94771461e-03
0.00000000e+00 -3.17083380e-02 -3.17083380e-02 -3.14156033e-02 -3.14156033e-02 -3.07227946e-02 -3.07227946e-02 -2.50945569e-02 -2.50945569e-02 -2.42745536e-02 -2.42745536e-02 -2.04018113e-02 -2.04018113e-02 -1.74243903e-02 -1.74243903e-02 -1.68435624e-02 -1.68435624e-02 -1.58702127e-02 -1.58702127e-02 -1.11684909e-02 -1.11684909e-02 -7.22273048e-03 -7.22273048e-03 -4.92097893e-03 -4.92097893e-03
8.00000000e-04 -3.17237358e-02 -3.17237358e-02 -3.14325021e-02 -3.14325021e-02 -3.07418213e-02 -3.07418213e-02 -2.51109944e-02 -2.51109944e-02 -2.42900051e-02 -2.42900051e-02 -2.04207301e-02 -2.04207301e-02 -1.74458319e-02 -1.74458319e-02 -1.68614194e-02 -1.68614194e-02 -1.58937769e-02 -1.58937769e-02 -1.11893608e-02 -1.11893608e-02 -7.24681439e-03 -7.24681439e-03 -4.94771461e-03 -4.94771461e-03
1.60000000e-03 -3.17699928e-02 -3.17699928e-02 -3.14830846e-02 -3.14830846e-02 -3.07988588e-02 -3.07988588e-02 -2.51602888e-02 -2.51602888e-02 -2.43363410e-02 -2.43363410e-02 -2.04774539e-02 -2.04774539e-02 -1.75101103e-02 -1.75101103e-02 -1.69149669e-02 -1.69149669e-02 -1.59644121e-02 -1.59644121e-02 -1.12519341e-02 -1.12519341e-02 -7.31901441e-03 -7.31901441e-03 -5.02785725e-03 -5.02785725e-03
2.40000000e-03 -3.18473097e-02 -3.18473097e-02 -3.15669996e-02 -3.15669996e-02 -3.08937788e-02 -3.08937788e-02 -2.52423861e-02 -2.52423861e-02 -2.44135053e-02 -2.44135053e-02 -2.05718853e-02 -2.05718853e-02 -1.76170861e-02 -1.76170861e-02 -1.70041347e-02 -1.70041347e-02 -1.60819458e-02 -1.60819458e-02 -1.13561019e-02 -1.13561019e-02 -7.43917563e-03 -7.43917563e-03 -5.16121392e-03 -5.16121392e-03
3.20000000e-03 -3.19560524e-02 -3.19560524e-02 -3.16836304e-02 -3.16836304e-02 -3.10263681e-02 -3.10263681e-02 -2.53571961e-02 -2.53571961e-02 -2.45214053e-02 -2.45214053e-02 -2.07038622e-02 -2.07038622e-02 -1.77665280e-02 -1.77665280e-02 -1.71288056e-02 -1.71288056e-02 -1.62460914e-02 -1.62460914e-02 -1.15016831e-02 -1.15016831e-02 -7.60704046e-03 -7.60704046e-03 -5.34746387e-03 -5.34746387e-03
4.00000000e-03 -3.20967909e-02 -3.20967909e-02 -3.18320577e-02 -3.18320577e-02 -3.11963288e-02 -3.11963288e-02 -2.55045911e-02 -2.55045911e-02 -2.46599135e-02 -2.46599135e-02 -2.08731582e-02 -2.08731582e-02 -1.79581134e-02 -1.79581134e-02 -1.72888163e-02 -1.72888163e-02 -1.64564491e-02 -1.64564491e-02 -1.16884254e-02 -1.16884254e-02 -7.82224967e-03 -7.82224967e-03 -5.58615978e-03 -5.58615978e-03
4.80000000e-03 -3.22703208e-02 -3.22703208e-02 -3.20110389e-02 -3.20110389e-02 -3.14032795e-02 -3.14032795e-02 -2.56844060e-02 -2.56844060e-02 -2.48288681e-02 -2.48288681e-02 -2.10794841e-02 -2.10794841e-02 -1.81914298e-02 -1.81914298e-02 -1.74839577e-02 -1.74839577e-02 -1.67125070e-02 -1.67125070e-02 -1.19160055e-02 -1.19160055e-02 -8.08434369e-03 -8.08434369e-03 -5.87672947e-03 -5.87672947e-03
5.60000000e-03 -3.24776145e-02 -3.24776145e-02 -3.22190582e-02 -3.22190582e-02 -3.16467557e-02 -3.16467557e-02 -2.58964367e-02 -2.58964367e-02 -2.50280758e-02 -2.50280758e-02 -2.13224880e-02 -2.13224880e-02 -1.84659766e-02 -1.84659766e-02 -1.77139758e-02 -1.77139758e-02 -1.70136430e-02 -1.70136430e-02 -1.21840311e-02 -1.21840311e-02 -8.39276436e-03 -8.39276436e-03 -6.21847810e-03 -6.21847810e-03
6.40000000e-03 -3.27196355e-02 -3.27196355e-02 -3.24545161e-02 -3.24545161e-02 -3.19262111e-02 -3.19262111e-02 -2.61404400e-02 -2.61404400e-02 -2.52573131e-02 -2.52573131e-02 -2.16017573e-02 -2.16017573e-02 -1.87811671e-02 -1.87811671e-02 -1.79785734e-02 -1.79785734e-02 -1.73591263e-02 -1.73591263e-02 -1.24920418e-02 -1.24920418e-02 -8.74685704e-03 -8.74685704e-03 -6.61059088e-03 -6.61059088e-03
7.20000000e-03 -3.29970249e-02 -3.29970249e-02 -3.27160454e-02 -3.27160454e-02 -3.22410172e-02 -3.22410172e-02 -2.64161324e-02 -2.64161324e-02 -2.55163284e-02 -2.55163284e-02 -2.19168198e-02 -2.19168198e-02 -1.91363307e-02 -1.91363307e-02 -1.82774120e-02 -1.82774120e-02 -1.77481191e-02 -1.77481191e-02 -1.28395110e-02 -1.28395110e-02 -9.14587312e-03 -9.14587312e-03 -7.05213627e-03 -7.05213627e-03
8.00000000e-03 -3.33098313e-02 -3.33098313e-02 -3.30027877e-02 -3.30027877e-02 -3.25904623e-02 -3.25904623e-02 -2.67231905e-02 -2.67231905e-02 -2.58048444e-02 -2.58048444e-02 -2.22671458e-02 -2.22671458e-02 -1.95307154e-02 -1.95307154e-02 -1.86101168e-02 -1.86101168e-02 -1.81796763e-02 -1.81796763e-02 -1.32258480e-02 -1.32258480e-02 -9.58897291e-03 -9.58897291e-03 -7.54206965e-03 -7.54206965e-03
8.80000000e-03 -3.36574786e-02 -3.36574786e-02 -3.33144374e-02 -3.33144374e-02 -3.29737443e-02 -3.29737443e-02 -2.70612501e-02 -2.70612501e-02 -2.61225591e-02 -2.61225591e-02 -2.26521495e-02 -2.26521495e-02 -1.99634911e-02 -1.99634911e-02 -1.89762891e-02 -1.89762891e-02 -1.86527381e-02 -1.86527381e-02 -1.36503999e-02 -1.36503999e-02 -1.00752289e-02 -1.00752289e-02 -8.07923755e-03 -8.07923755e-03
9.60000000e-03 -3.40389597e-02 -3.40389597e-02 -3.36510803e-02 -3.36510803e-02 -3.33899446e-02 -3.33899446e-02 -2.74299074e-02 -2.74299074e-02 -2.64691482e-02 -2.64691482e-02 -2.30711921e-02 -2.30711921e-02 -2.04337525e-02 -2.04337525e-02 -1.93755583e-02 -1.93755583e-02 -1.91660831e-02 -1.91660831e-02 -1.41124543e-02 -1.41124543e-02 -1.06036294e-02 -1.06036294e-02 -8.66238227e-03 -8.66238227e-03
1.04000000e-02 -3.44530730e-02 -3.44530730e-02 -3.40130827e-02 -3.40130827e-02 -3.38379082e-02 -3.38379082e-02 -2.78287190e-02 -2.78287190e-02 -2.68442658e-02 -2.68442658e-02 -2.35235833e-02 -2.35235833e-02 -2.09405232e-02 -2.09405232e-02 -1.98080585e-02 -1.98080585e-02 -1.97178590e-02 -1.97178590e-02 -1.46112416e-02 -1.46112416e-02 -1.11730826e-02 -1.11730826e-02 -9.29014711e-03 -9.29014711e-03
1.12000000e-02 -3.48985758e-02 -3.48985758e-02 -3.44018816e-02 -3.44018816e-02 -3.43153070e-02 -3.43153070e-02 -2.82572037e-02 -2.82572037e-02 -2.72475460e-02 -2.72475460e-02 -2.40085849e-02 -2.40085849e-02 -2.14827598e-02 -2.14827598e-02 -2.03141509e-02 -2.03141509e-02 -2.02658654e-02 -2.02658654e-02 -1.51459386e-02 -1.51459386e-02 -1.17824208e-02 -1.17824208e-02 -9.96108199e-03 -9.96108199e-03
1.20000000e-02 -3.53742481e-02 -3.53742481e-02 -3.48417849e-02 -3.48417849e-02 -3.47967832e-02 -3.47967832e-02 -2.87148431e-02 -2.87148431e-02 -2.76786034e-02 -2.76786034e-02 -2.45254130e-02 -2.45254130e-02 -2.20593562e-02 -2.20593562e-02 -2.09387387e-02 -2.09387387e-02 -2.07632477e-02 -2.07632477e-02 -1.57156707e-02 -1.57156707e-02 -1.24304056e-02 -1.24304056e-02 -1.06736497e-02 -1.06736497e-02
1.28000000e-02 -3.58789034e-02 -3.58789034e-02 -3.53722850e-02 -3.53722850e-02 -3.52416324e-02 -3.52416324e-02 -2.92010839e-02 -2.92010839e-02 -2.81370343e-02 -2.81370343e-02 -2.50732418e-02 -2.50732418e-02 -2.26691484e-02 -2.26691484e-02 -2.16007495e-02 -2.16007495e-02 -2.12890216e-02 -2.12890216e-02 -1.63195158e-02 -1.63195158e-02 -1.31157325e-02 -1.31157325e-02 -1.14262323e-02 -1.14262323e-02
1.36000000e-02 -3.64113791e-02 -3.64113791e-02 -3.59379503e-02 -3.59379503e-02 -3.57039294e-02 -3.57039294e-02 -2.97153399e-02 -2.97153399e-02 -2.86224169e-02 -2.86224169e-02 -2.56512066e-02 -2.56512066e-02 -2.33109203e-02 -2.33109203e-02 -2.22966003e-02 -2.22966003e-02 -2.18446174e-02 -2.18446174e-02 -1.69565077e-02 -1.69565077e-02 -1.38370366e-02 -1.38370366e-02 -1.22171386e-02 -1.22171386e-02
1.44000000e-02 -3.69705227e-02 -3.69705227e-02 -3.65311880e-02 -3.65311880e-02 -3.61897871e-02 -3.61897871e-02 -3.02569933e-02 -3.02569933e-02 -2.91343120e-02 -2.91343120e-02 -2.62584072e-02 -2.62584072e-02 -2.39834088e-02 -2.39834088e-02 -2.30245494e-02 -2.30245494e-02 -2.24295363e-02 -2.24295363e-02 -1.76256396e-02 -1.76256396e-02 -1.45928987e-02 -1.45928987e-02 -1.30446116e-02 -1.30446116e-02
1.52000000e-02 -3.75551770e-02 -3.75551770e-02 -3.71501754e-02 -3.71501754e-02 -3.66994453e-02 -3.66994453e-02 -3.08253977e-02 -3.08253977e-02 -2.96722634e-02 -2.96722634e-02 -2.68939121e-02 -2.68939121e-02 -2.46853101e-02 -2.46853101e-02 -2.37829338e-02 -2.37829338e-02 -2.30431231e-02 -2.30431231e-02 -1.83258679e-02 -1.83258679e-02 -1.53818509e-02 -1.53818509e-02 -1.39068361e-02 -1.39068361e-02
1.60000000e-02 -3.81641628e-02 -3.81641628e-02 -3.77935009e-02 -3.77935009e-02 -3.72326485e-02 -3.72326485e-02 -3.14198801e-02 -3.14198801e-02 -3.02357981e-02 -3.02357981e-02 -2.75567615e-02 -2.75567615e-02 -2.54152860e-02 -2.54152860e-02 -2.45700757e-02 -2.45700757e-02 -2.36846694e-02 -2.36846694e-02 -1.90561165e-02 -1.90561165e-02 -1.62023839e-02 -1.62023839e-02 -1.48019480e-02 -1.48019480e-02
1.68000000e-02 -3.87962514e-02 -3.87962514e-02 -3.84598158e-02 -3.84598158e-02 -3.77890089e-02 -3.77890089e-02 -3.20397429e-02 -3.20397429e-02 -3.08244269e-02 -3.08244269e-02 -2.82459720e-02 -2.82459720e-02 -2.61719704e-02 -2.61719704e-02 -2.53842727e-02 -2.53842727e-02 -2.43534346e-02 -2.43534346e-02 -1.98152804e-02 -1.98152804e-02 -1.70529527e-02 -1.70529527e-02 -1.57280424e-02 -1.57280424e-02
1.76000000e-02 -3.94500964e-02 -3.94500964e-02 -3.91477786e-02 -3.91477786e-02 -3.83680771e-02 -3.83680771e-02 -3.26842665e-02 -3.26842665e-02 -3.14376445e-02 -3.14376445e-02 -2.89605397e-02 -2.89605397e-02 -2.69539767e-02 -2.69539767e-02 -2.62238016e-02 -2.62238016e-02 -2.50486522e-02 -2.50486522e-02 -2.06022301e-02 -2.06022301e-02 -1.79319848e-02 -1.79319848e-02 -1.66831830e-02 -1.66831830e-02
1.84000000e-02 -4.01240119e-02 -4.01240119e-02 -3.98560450e-02 -3.98560450e-02 -3.89693649e-02 -3.89693649e-02 -3.33527113e-02 -3.33527113e-02 -3.20749301e-02 -3.20749301e-02 -2.96994445e-02 -2.96994445e-02 -2.77599046e-02 -2.77599046e-02 -2.70869264e-02 -2.70869264e-02 -2.57695343e-02 -2.57695343e-02 -2.14158156e-02 -2.14158156e-02 -1.88378866e-02 -1.88378866e-02 -1.76654121e-02 -1.76654121e-02
1.92000000e-02 -4.08149709e-02 -4.08149709e-02 -4.05832699e-02 -4.05832699e-02 -3.95923558e-02 -3.95923558e-02 -3.40443196e-02 -3.40443196e-02 -3.27357477e-02 -3.27357477e-02 -3.04616536e-02 -3.04616536e-02 -2.85883474e-02 -2.85883474e-02 -2.79719074e-02 -2.79719074e-02 -2.65152733e-02 -2.65152733e-02 -2.22548710e-02 -2.22548710e-02 -1.97690513e-02 -1.97690513e-02 -1.86727595e-02 -1.86727595e-02
2.00000000e-02 -4.15122218e-02 -4.15122218e-02 -4.13281114e-02 -4.13281114e-02 -4.02365113e-02 -4.02365113e-02 -3.47583182e-02 -3.47583182e-02 -3.34195464e-02 -3.34195464e-02 -3.12461248e-02 -3.12461248e-02 -2.94378998e-02 -2.94378998e-02 -2.88770114e-02 -2.88770114e-02 -2.72850449e-02 -2.72850449e-02 -2.31182185e-02 -2.31182185e-02 -2.07238668e-02 -2.07238668e-02 -1.97032536e-02 -1.97032536e-02
