# theta_deg  Ey_V_per_um  Ez_V_per_um  GS1_meV  GS2_meV  numerical_gap_microeV  alpha_eV_A  perturbative_gap_k1_microeV  
0.000000000000000000e+00 0.000000000000000000e+00 5.000000000000000000e+00 4.194056374973412460e+01 4.195616911829785778e+01 1.560536856373695436e+01 7.835956246794525612e-03 1.567191249359639649e+01
1.800000000000000044e+00 1.570537953906414874e-01 4.997532801828657334e+00 4.197428409953795381e+01 4.199214231788451457e+01 1.785821834655865104e+01 8.959070131373198312e-03 1.791814026286947481e+01
3.600000000000000089e+00 3.139525976465668555e-01 4.990133642141358017e+00 4.207402162753996322e+01 4.209733393179210736e+01 2.331230425214880597e+01 1.168109908446354067e-02 2.336219816864715426e+01
5.400000000000000355e+00 4.705415665925716251e-01 4.977809823015399537e+00 4.223478895979248904e+01 4.226499807375758166e+01 3.020911396509062996e+01 1.512630112782637620e-02 3.025260225525405744e+01
7.200000000000000178e+00 6.266661678215212916e-01 4.960573506572389491e+00 4.244830303442700625e+01 4.248597882579100826e+01 3.767579136399606909e+01 1.885802617337945311e-02 3.771605234690472486e+01
9.000000000000000000e+00 7.821723252011544281e-01 4.938441702975689296e+00 4.270435663516427383e+01 4.274969853533634279e+01 4.534190017206618251e+01 2.269042973574553201e-02 4.538085947167896705e+01
1.080000000000000071e+01 9.369065729286231159e-01 4.911436253643444161e+00 4.299206010684068957e+01 4.304509866683879693e+01 5.303855999810869548e+01 2.653866439375355407e-02 5.307732878771786744e+01
1.259999999999999964e+01 1.090716206982712766e+00 4.879583809693737173e+00 4.330071223322740082e+01 4.336139413441274115e+01 6.068190118534155886e+01 3.036056030298087127e-02 6.072112060587914328e+01
1.440000000000000036e+01 1.243449435824273808e+00 4.842915805643155380e+00 4.362031988291037976e+01 4.368854769943548888e+01 6.822781652510850847e+01 3.413392764706985050e-02 6.826785529463752766e+01
1.619999999999999929e+01 1.394955530196146487e+00 4.801468428384715104e+00 4.394184511761976353e+01 4.401749748742362556e+01 7.565236980386357857e+01 3.784671739299612370e-02 7.569343478571605033e+01
1.800000000000000000e+01 1.545084971874737034e+00 4.755282581475768211e+00 4.425727158719922016e+01 4.434021398048988516e+01 8.294239329066644473e+01 4.149229640250313295e-02 8.298459280479258382e+01
1.980000000000000071e+01 1.693689601226457064e+00 4.704403844771126941e+00 4.455956766572272443e+01 4.464965830270940472e+01 9.009063698668661857e+01 4.506700906576543986e-02 9.013401813109250327e+01
2.160000000000000142e+01 1.840622763423389818e+00 4.648882429441257180e+00 4.484260032454047717e+01 4.493969347999505715e+01 9.709315545458619567e+01 4.856886335674732297e-02 9.713772671342269405e+01
2.340000000000000213e+01 1.985739453173903213e+00 4.588773128419905589e+00 4.510103258739585641e+01 4.520498045494025519e+01 1.039478675444044313e+02 5.199680640609326276e-02 1.039936128122767656e+02
2.519999999999999929e+01 2.128896457825363520e+00 4.524135262330097440e+00 4.533022227389754022e+01 4.544087602853194596e+01 1.106537546344058001e+02 5.535032105428707577e-02 1.107006421090031552e+02
2.700000000000000000e+01 2.269952498697733745e+00 4.455032620941839383e+00 4.552613027639242915e+01 4.564334068993336047e+01 1.172104135409302046e+02 5.862920073976782276e-02 1.172584014799346619e+02
2.880000000000000071e+01 2.408768370508576506e+00 4.381533400219318253e+00 4.568524126701595378e+01 4.580885907533225065e+01 1.236178083162953243e+02 6.183342442197798522e-02 1.236668488430667168e+02
3.060000000000000142e+01 2.545207078751856589e+00 4.303710135019717775e+00 4.580449698443969453e+01 4.593437311834528458e+01 1.298761339055890005e+02 6.496308779241267983e-02 1.299261755847505526e+02
3.239999999999999858e+01 2.679133974894983616e+00 4.221639627510075599e+00 4.588124100656946069e+01 4.601722674919372480e+01 1.359857426242588758e+02 6.801836611401435029e-02 1.360367322275277218e+02
3.420000000000000284e+01 2.810416889260652695e+00 4.135402871372809486e+00 4.591317348049851432e+01 4.605512058620976035e+01 1.419471057112417611e+02 7.099949473713862425e-02 1.419989894740694751e+02
3.600000000000000000e+01 2.938926261462365463e+00 4.045084971874737256e+00 4.589831424806972393e+01 4.604607504234179771e+01 1.477607942720684946e+02 7.390675939650859227e-02 1.478135187927900915e+02
3.780000000000000426e+01 3.064535268264882539e+00 3.950775061878451400e+00 4.583497295132924165e+01 4.598840042208654211e+01 1.534274707573057981e+02 7.674049183278741637e-02 1.534809836650011334e+02
3.960000000000000142e+01 3.187119948743448727e+00 3.852566213878946044e+00 4.572172491136786476e+01 4.588067279738169191e+01 1.589478860138312939e+02 7.950106823696156955e-02 1.590021364745036863e+02
4.139999999999999858e+01 3.306559326618259131e+00 3.750555348152297963e+00 4.555739179079571244e+01 4.572171466993600575e+01 1.643228791402967488e+02 8.218890912312812325e-02 1.643778182458324864e+02
4.320000000000000284e+01 3.422735529643443630e+00 3.644843137107057984e+00 4.534102625059934155e+01 4.551057962921406386e+01 1.695533786147257445e+02 8.480447985544552203e-02 1.696089597105418534e+02
4.500000000000000000e+01 3.535533905932737753e+00 3.535533905932738197e+00 4.507189998889953131e+01 4.524654039272812156e+01 1.746404038285922979e+02 8.734829139215852245e-02 1.746965827846419472e+02
4.680000000000000426e+01 3.644843137107057984e+00 3.422735529643443186e+00 4.474949470273674734e+01 4.492907976922909796e+01 1.795850664923562192e+02 8.982090097672922047e-02 1.796418019536852455e+02
4.860000000000000142e+01 3.750555348152297963e+00 3.306559326618259131e+00 4.437349564862235241e+01 4.455788422011197980e+01 1.843885714896339891e+02 9.222291256492640144e-02 1.844458251284430901e+02
5.039999999999999858e+01 3.852566213878946488e+00 3.187119948743448727e+00 4.394378759923003486e+01 4.413283981594546646e+01 1.890522167154323654e+02 9.455497675559956794e-02 1.891099535109991336e+02
5.220000000000000284e+01 3.950775061878451844e+00 3.064535268264882539e+00 4.346045310915752680e+01 4.365403050039555666e+01 1.935773912380284116e+02 9.681778989795652990e-02 1.936355797961600160e+02
5.400000000000000000e+01 4.045084971874737256e+00 2.938926261462365463e+00 4.292377312019385016e+01 4.312173869095312284e+01 1.979655707592675640e+02 9.901209186634449266e-02 1.980241837326868222e+02
5.580000000000000426e+01 4.135402871372809486e+00 2.810416889260652695e+00 4.233423006561991286e+01 4.253644837434952564e+01 2.022183087296153303e+02 1.011386616893411305e-01 2.022773233790256597e+02
5.760000000000000142e+01 4.221639627510075599e+00 2.679133974894982728e+00 4.169251378624802129e+01 4.189885100672771046e+01 2.063372204796909273e+02 1.031983097267027694e-01 2.063966194534930310e+02
5.939999999999999858e+01 4.303710135019717775e+00 2.545207078751857033e+00 4.099953076559295084e+01 4.120985472171039277e+01 2.103239561174405310e+02 1.051918642862341990e-01 2.103837285721832302e+02
6.120000000000000284e+01 4.381533400219319141e+00 2.408768370508576062e+00 4.025641745339308386e+01 4.047059760866088141e+01 2.141801552677999325e+02 1.071201492550419854e-01 2.142402985105679250e+02
6.300000000000000000e+01 4.455032620941839383e+00 2.269952498697734189e+00 3.946455881538966537e+01 3.968246618767248890e+01 2.179073722828259179e+02 1.089839471121514802e-01 2.179678942243259883e+02
6.479999999999999716e+01 4.524135262330097440e+00 2.128896457825363520e+00 3.862561378664086931e+01 3.884712073954698752e+01 2.215069529061183857e+02 1.107839379102479038e-01 2.215678758210603974e+02
6.660000000000000853e+01 4.588773128419905589e+00 1.985739453173902991e+00 3.774155012222286132e+01 3.796652995217861815e+01 2.249798299557570544e+02 1.125205981763174323e-01 2.250411963534565416e+02
6.840000000000000568e+01 4.648882429441257180e+00 1.840622763423389374e+00 3.681469241695435812e+01 3.704301859824554555e+01 2.283261812911913182e+02 1.141940316742420802e-01 2.283880633486418219e+02
7.020000000000000284e+01 4.704403844771127829e+00 1.693689601226456176e+00 3.584778913509660470e+01 3.607933398293450011e+01 2.315448478378972936e+02 1.158036815037598449e-01 2.316073630073273080e+02
7.200000000000000000e+01 4.755282581475768211e+00 1.545084971874737256e+00 3.484410797015384276e+01 3.507874029091462376e+01 2.346323207607775601e+02 1.173478292626142644e-01 2.346956585249498914e+02
7.379999999999999716e+01 4.801468428384715104e+00 1.394955530196146487e+00 3.380757495833645976e+01 3.404515588413022442e+01 2.375809257937622192e+02 1.188226977579082827e-01 2.376453955160451414e+02
7.560000000000000853e+01 4.842915805643155380e+00 1.243449435824273586e+00 3.274298401925541668e+01 3.298335946095502891e+01 2.403754416996084444e+02 1.202207813364256778e-01 2.404415626727704591e+02
7.740000000000000568e+01 4.879583809693737173e+00 1.090716206982712322e+00 3.165632559279771385e+01 3.189931207964853854e+01 2.429864868508241216e+02 1.215275843575085585e-01 2.430551687149715008e+02
7.920000000000000284e+01 4.911436253643444161e+00 9.369065729286225608e-01 3.055532925229094587e+01 3.080068599566331145e+01 2.453567433723657985e+02 1.227148385774270711e-01 2.454296771547542733e+02
8.100000000000000000e+01 4.938441702975689296e+00 7.821723252011546501e-01 2.945042142088068360e+01 2.969779121222884655e+01 2.473697913481648243e+02 1.237251939250356148e-01 2.474503878500018743e+02
8.279999999999999716e+01 4.960573506572389491e+00 6.266661678215212916e-01 2.835657385364501337e+01 2.860534520176380369e+01 2.487713481187925311e+02 1.244336604385767597e-01 2.488673208772759722e+02
8.460000000000000853e+01 4.977809823015399537e+00 4.705415665925714030e-01 2.729734853075162349e+01 2.754628624125067660e+01 2.489377104990531109e+02 1.245348541447907631e-01 2.490697082897855239e+02
8.640000000000000568e+01 4.990133642141358017e+00 3.139525976465665225e-01 2.631555471761187803e+01 2.656160121173017785e+01 2.460464941183016094e+02 1.231431503039885356e-01 2.462863006079153649e+02
8.820000000000000284e+01 4.997532801828657334e+00 1.570537953906408768e-01 2.550964056387010359e+01 2.574350673254677346e+01 2.338661686766691048e+02 1.172795515499855667e-01 2.345591030998815540e+02
9.000000000000000000e+01 5.000000000000000000e+00 0.000000000000000000e+00 2.514932509951432849e+01 2.536211908085889277e+01 2.127939813445639459e+02 1.072551800287916968e-01 2.145103600574745144e+02
9.179999999999999716e+01 4.997532801828657334e+00 -1.570537953906414042e-01 2.550964056387032386e+01 2.574350673254716071e+01 2.338661686768356276e+02 1.172795515499854002e-01 2.345591030996976940e+02
9.360000000000000853e+01 4.990133642141358017e+00 -3.139525976465670221e-01 2.631555471761189224e+01 2.656160121173030575e+01 2.460464941184126246e+02 1.231431503039882858e-01 2.462863006081339563e+02
9.540000000000000568e+01 4.977809823015399537e+00 -4.705415665925719026e-01 2.729734853075176204e+01 2.754628624125080094e+01 2.489377104990392411e+02 1.245348541447900692e-01 2.490697082897993937e+02
9.720000000000000284e+01 4.960573506572388602e+00 -6.266661678215218467e-01 2.835657385364508087e+01 2.860534520176380369e+01 2.487713481187231537e+02 1.244336604385771761e-01 2.488673208771129168e+02
9.900000000000000000e+01 4.938441702975689296e+00 -7.821723252011540950e-01 2.945042142088062675e+01 2.969779121222887497e+01 2.473697913482480999e+02 1.237251939250350458e-01 2.474503878499775738e+02
1.007999999999999972e+02 4.911436253643444161e+00 -9.369065729286230049e-01 3.055532925229090324e+01 3.080068599566347487e+01 2.453567433725739590e+02 1.227148385774275707e-01 2.454296771544732394e+02
1.026000000000000085e+02 4.879583809693737173e+00 -1.090716206982712988e+00 3.165632559279764280e+01 3.189931207964852433e+01 2.429864868508796576e+02 1.215275843575088499e-01 2.430551687150686462e+02
1.044000000000000057e+02 4.842915805643155380e+00 -1.243449435824274252e+00 3.274298401925538116e+01 3.298335946095517812e+01 2.403754416998027352e+02 1.202207813364261357e-01 2.404415626728676045e+02
1.062000000000000028e+02 4.801468428384715104e+00 -1.394955530196146709e+00 3.380757495833645976e+01 3.404515588413031679e+01 2.375809257938593646e+02 1.188226977579090876e-01 2.376453955158785902e+02
1.080000000000000000e+02 4.755282581475768211e+00 -1.545084971874736812e+00 3.484410797015387118e+01 3.507874029091458112e+01 2.346323207607081827e+02 1.173478292626138203e-01 2.346956585252204945e+02
1.097999999999999972e+02 4.704403844771126941e+00 -1.693689601226456842e+00 3.584778913509686760e+01 3.607933398293471328e+01 2.315448478378417860e+02 1.158036815037593592e-01 2.316073630076326140e+02
1.116000000000000085e+02 4.648882429441257180e+00 -1.840622763423389818e+00 3.681469241695447892e+01 3.704301859824579424e+01 2.283261812913162032e+02 1.141940316742411365e-01 2.283880633482463054e+02
1.134000000000000057e+02 4.588773128419905589e+00 -1.985739453173903435e+00 3.774155012222269789e+01 3.796652995217857551e+01 2.249798299558819394e+02 1.125205981763159613e-01 2.250411963522214194e+02
1.152000000000000028e+02 4.524135262330097440e+00 -2.128896457825363964e+00 3.862561378664091905e+01 3.884712073954711542e+01 2.215069529061946980e+02 1.107839379102471128e-01 2.215678758211645061e+02
1.170000000000000000e+02 4.455032620941839383e+00 -2.269952498697733745e+00 3.946455881539008459e+01 3.968246618767283707e+01 2.179073722827495772e+02 1.089839471121483438e-01 2.179678942247284397e+02
1.187999999999999972e+02 4.381533400219319141e+00 -2.408768370508575174e+00 4.025641745339306254e+01 4.047059760866094535e+01 2.141801552678832081e+02 1.071201492550415413e-01 2.142402985096242389e+02
1.206000000000000085e+02 4.303710135019717775e+00 -2.545207078751856589e+00 4.099953076559297216e+01 4.120985472171029329e+01 2.103239561173225809e+02 1.051918642862352538e-01 2.103837285719473016e+02
1.224000000000000057e+02 4.221639627510074710e+00 -2.679133974894984505e+00 4.169251378624814919e+01 4.189885100672793783e+01 2.063372204797880727e+02 1.031983097267020894e-01 2.063966194533473129e+02
1.242000000000000028e+02 4.135402871372808598e+00 -2.810416889260653139e+00 4.233423006561982760e+01 4.253644837434946879e+01 2.022183087296361350e+02 1.011386616893421575e-01 2.022773233781027784e+02
1.260000000000000000e+02 4.045084971874737256e+00 -2.938926261462365019e+00 4.292377312019358016e+01 4.312173869095318679e+01 1.979655707596075729e+02 9.901209186634471471e-02 1.980241837317292664e+02
1.277999999999999972e+02 3.950775061878452288e+00 -3.064535268264881207e+00 4.346045310915740600e+01 4.365403050039572008e+01 1.935773912383129129e+02 9.681778989795714052e-02 1.936355797964861551e+02
1.295999999999999943e+02 3.852566213878946488e+00 -3.187119948743448727e+00 4.394378759923016275e+01 4.413283981594543093e+01 1.890522167152658426e+02 9.455497675560156634e-02 1.891099535117554638e+02
1.314000000000000057e+02 3.750555348152297075e+00 -3.306559326618260464e+00 4.437349564862225293e+01 4.455788422011185190e+01 1.843885714895993146e+02 9.222291256492715084e-02 1.844458251297822926e+02
1.332000000000000171e+02 3.644843137107057096e+00 -3.422735529643443630e+00 4.474949470273678287e+01 4.492907976922921875e+01 1.795850664924325599e+02 8.982090097673128826e-02 1.796418019536574775e+02
1.350000000000000000e+02 3.535533905932738197e+00 -3.535533905932737753e+00 4.507189998889972316e+01 4.524654039272867578e+01 1.746404038289531400e+02 8.734829139215927185e-02 1.746965827839341898e+02
1.368000000000000114e+02 3.422735529643442742e+00 -3.644843137107058428e+00 4.534102625059950498e+01 4.551057962921413491e+01 1.695533786146285991e+02 8.480447985544474487e-02 1.696089597109720728e+02
1.385999999999999943e+02 3.306559326618259131e+00 -3.750555348152297963e+00 4.555739179079564849e+01 4.572171466993597022e+01 1.643228791403245168e+02 8.218890912312631913e-02 1.643778182447708218e+02
1.404000000000000057e+02 3.187119948743447395e+00 -3.852566213878946932e+00 4.572172491136768002e+01 4.588067279738147874e+01 1.589478860137966194e+02 7.950106823696229119e-02 1.590021364737334579e+02
1.422000000000000171e+02 3.064535268264881651e+00 -3.950775061878451844e+00 4.583497295132894322e+01 4.598840042208624368e+01 1.534274707573057981e+02 7.674049183278681963e-02 1.534809836650219381e+02
1.440000000000000000e+02 2.938926261462365908e+00 -4.045084971874737256e+00 4.589831424806966709e+01 4.604607504234162008e+01 1.477607942719574794e+02 7.390675939650925841e-02 1.478135187934423413e+02
1.458000000000000114e+02 2.810416889260652251e+00 -4.135402871372809486e+00 4.591317348049852143e+01 4.605512058621009430e+01 1.419471057115678718e+02 7.099949473713790260e-02 1.419989894747355947e+02
1.475999999999999943e+02 2.679133974894983616e+00 -4.221639627510075599e+00 4.588124100656927595e+01 4.601722674919353295e+01 1.359857426242588758e+02 6.801836611401365640e-02 1.360367322281869065e+02
1.494000000000000057e+02 2.545207078751855256e+00 -4.303710135019718663e+00 4.580449698443977979e+01 4.593437311834537695e+01 1.298761339055959354e+02 6.496308779241219411e-02 1.299261755842509558e+02
1.512000000000000171e+02 2.408768370508576062e+00 -4.381533400219318253e+00 4.568524126701591115e+01 4.580885907533226487e+01 1.236178083163508319e+02 6.183342442197661132e-02 1.236668488435316249e+02
1.530000000000000000e+02 2.269952498697734189e+00 -4.455032620941839383e+00 4.552613027639231547e+01 4.564334068993344573e+01 1.172104135411314303e+02 5.862920073976777419e-02 1.172584014807534487e+02
1.548000000000000114e+02 2.128896457825362187e+00 -4.524135262330097440e+00 4.533022227389755443e+01 4.544087602853198149e+01 1.106537546344266190e+02 5.535032105428704108e-02 1.107006421087394727e+02
1.565999999999999943e+02 1.985739453173903213e+00 -4.588773128419905589e+00 4.510103258739565035e+01 4.520498045494021255e+01 1.039478675445570985e+02 5.199680640609220111e-02 1.039936128119991992e+02
1.584000000000000057e+02 1.840622763423388708e+00 -4.648882429441257180e+00 4.484260032454031375e+01 4.493969347999503583e+01 9.709315545471802977e+01 4.856886335674754501e-02 9.713772671238186263e+01
1.602000000000000171e+02 1.693689601226456398e+00 -4.704403844771126941e+00 4.455956766572245442e+01 4.464965830270935498e+01 9.009063698689479338e+01 4.506700906576566190e-02 9.013401813089127756e+01
1.620000000000000000e+02 1.545084971874737700e+00 -4.755282581475768211e+00 4.425727158719935517e+01 4.434021398048988516e+01 8.294239329053459642e+01 4.149229640250233497e-02 8.298459280468156862e+01
1.638000000000000114e+02 1.394955530196145599e+00 -4.801468428384715104e+00 4.394184511761963563e+01 4.401749748742349766e+01 7.565236980386357857e+01 3.784671739299592941e-02 7.569343478630585764e+01
1.655999999999999943e+02 1.243449435824274252e+00 -4.842915805643155380e+00 4.362031988291036555e+01 4.368854769943553151e+01 6.822781652516401607e+01 3.413392764706896232e-02 6.826785529474160796e+01
1.674000000000000057e+02 1.090716206982711656e+00 -4.879583809693737173e+00 4.330071223322759266e+01 4.336139413441269141e+01 6.068190118509869535e+01 3.036056030298083311e-02 6.072112060619139129e+01
1.692000000000000171e+02 9.369065729286228938e-01 -4.911436253643444161e+00 4.299206010684071089e+01 4.304509866683886798e+01 5.303855999815726108e+01 2.653866439375377959e-02 5.307732878726684334e+01
1.710000000000000000e+02 7.821723252011549832e-01 -4.938441702975688408e+00 4.270435663516424540e+01 4.274969853533652753e+01 4.534190017228129221e+01 2.269042973574503935e-02 4.538085947172753976e+01
1.728000000000000114e+02 6.266661678215204034e-01 -4.960573506572389491e+00 4.244830303442709862e+01 4.248597882579094431e+01 3.767579136384341609e+01 1.885802617337977230e-02 3.771605234705044296e+01
1.745999999999999943e+02 4.705415665925717361e-01 -4.977809823015399537e+00 4.223478895979241088e+01 4.226499807375773088e+01 3.020911396532655147e+01 1.512630112782701111e-02 3.025260225571896200e+01
1.764000000000000057e+02 3.139525976465656898e-01 -4.990133642141358017e+00 4.207402162753979269e+01 4.209733393179194394e+01 2.331230425214880597e+01 1.168109908446305842e-02 2.336219816853613196e+01
1.782000000000000171e+02 1.570537953906411821e-01 -4.997532801828657334e+00 4.197428409953791828e+01 4.199214231788451457e+01 1.785821834659334684e+01 8.959070131372809734e-03 1.791814026298743556e+01
1.800000000000000000e+02 0.000000000000000000e+00 -5.000000000000000000e+00 4.194056374973386170e+01 4.195616911829764462e+01 1.560536856378552706e+01 7.835956246794501326e-03 1.567191249359639649e+01
1.818000000000000114e+02 -1.570537953906421813e-01 -4.997532801828657334e+00 4.197428409953793960e+01 4.199214231788450746e+01 1.785821834656558948e+01 8.959070131372705650e-03 1.791814026253640790e+01
1.835999999999999943e+02 -3.139525976465666890e-01 -4.990133642141358017e+00 4.207402162753987795e+01 4.209733393179199368e+01 2.331230425211411372e+01 1.168109908446334638e-02 2.336219816921614267e+01
1.854000000000000057e+02 -4.705415665925727908e-01 -4.977809823015399537e+00 4.223478895979220482e+01 4.226499807375790141e+01 3.020911396569431062e+01 1.512630112782627385e-02 3.025260225521242319e+01
1.872000000000000171e+02 -6.266661678215214026e-01 -4.960573506572389491e+00 4.244830303442706310e+01 4.248597882579096563e+01 3.767579136389892369e+01 1.885802617338000822e-02 3.771605234677289076e+01
1.890000000000000000e+02 -7.821723252011537619e-01 -4.938441702975689296e+00 4.270435663516408908e+01 4.274969853533645647e+01 4.534190017237149561e+01 2.269042973574443220e-02 4.538085947169978596e+01
1.908000000000000114e+02 -9.369065729286237820e-01 -4.911436253643442384e+00 4.299206010684065404e+01 4.304509866683882535e+01 5.303855999817114508e+01 2.653866439375321060e-02 5.307732878728072023e+01
1.925999999999999943e+02 -1.090716206982712544e+00 -4.879583809693737173e+00 4.330071223322767793e+01 4.336139413441283352e+01 6.068190118515421005e+01 3.036056030298082617e-02 6.072112060558077218e+01
1.944000000000000057e+02 -1.243449435824274918e+00 -4.842915805643155380e+00 4.362031988291045792e+01 4.368854769943568073e+01 6.822781652522647278e+01 3.413392764706932314e-02 6.826785529381874085e+01
1.962000000000000171e+02 -1.394955530196146487e+00 -4.801468428384715104e+00 4.394184511761959300e+01 4.401749748742349055e+01 7.565236980389828148e+01 3.784671739299622084e-02 7.569343478588258733e+01
1.980000000000000000e+02 -1.545084971874736590e+00 -4.755282581475768211e+00 4.425727158719929832e+01 4.434021398048979989e+01 8.294239329049990772e+01 4.149229640250230722e-02 8.298459280469543842e+01
1.998000000000000114e+02 -1.693689601226457286e+00 -4.704403844771126941e+00 4.455956766572245442e+01 4.464965830270930525e+01 9.009063698684622068e+01 4.506700906576534271e-02 9.013401813136312057e+01
2.015999999999999943e+02 -1.840622763423389596e+00 -4.648882429441257180e+00 4.484260032454045586e+01 4.493969347999506425e+01 9.709315545461394947e+01 4.856886335674666377e-02 9.713772671376268875e+01
2.034000000000000057e+02 -1.985739453173904101e+00 -4.588773128419905589e+00 4.510103258739572851e+01 4.520498045494015571e+01 1.039478675444252502e+02 5.199680640609343624e-02 1.039936128121657362e+02
2.052000000000000171e+02 -2.128896457825363520e+00 -4.524135262330097440e+00 4.533022227389742653e+01 4.544087602853188912e+01 1.106537546344613077e+02 5.535032105428691618e-02 1.107006421083994780e+02
2.070000000000000000e+02 -2.269952498697733745e+00 -4.455032620941839383e+00 4.552613027639240073e+01 4.564334068993348836e+01 1.172104135410897925e+02 5.862920073976474883e-02 1.172584014795044425e+02
2.088000000000000114e+02 -2.408768370508576950e+00 -4.381533400219317365e+00 4.568524126701593246e+01 4.580885907533217960e+01 1.236178083162467516e+02 6.183342442197786726e-02 1.236668488440312359e+02
2.105999999999999943e+02 -2.545207078751856145e+00 -4.303710135019717775e+00 4.580449698443965900e+01 4.593437311834527037e+01 1.298761339056098052e+02 6.496308779241125042e-02 1.299261755843828041e+02
2.124000000000000057e+02 -2.679133974894984060e+00 -4.221639627510074710e+00 4.588124100656919069e+01 4.601722674919358269e+01 1.359857426243907241e+02 6.801836611401256005e-02 1.360367322279371081e+02
2.142000000000000171e+02 -2.810416889260652695e+00 -4.135402871372809486e+00 4.591317348049850011e+01 4.605512058620977456e+01 1.419471057112695007e+02 7.099949473713752790e-02 1.419989894740556053e+02
2.160000000000000000e+02 -2.938926261462365019e+00 -4.045084971874738144e+00 4.589831424806980920e+01 4.604607504234170534e+01 1.477607942718950369e+02 7.390675939651070170e-02 1.478135187930606946e+02
2.178000000000000114e+02 -3.064535268264882983e+00 -3.950775061878451400e+00 4.583497295132942639e+01 4.598840042208662027e+01 1.534274707571947545e+02 7.674049183278493225e-02 1.534809836655076651e+02
2.195999999999999943e+02 -3.187119948743447839e+00 -3.852566213878946488e+00 4.572172491136767292e+01 4.588067279738146453e+01 1.589478860137896845e+02 7.950106823696004299e-02 1.590021364739624516e+02
2.214000000000000057e+02 -3.306559326618260464e+00 -3.750555348152297075e+00 4.555739179079588297e+01 4.572171466993627575e+01 1.643228791403938942e+02 8.218890912312565300e-02 1.643778182462835105e+02
2.232000000000000171e+02 -3.422735529643443630e+00 -3.644843137107057984e+00 4.534102625059946234e+01 4.551057962921411360e+01 1.695533786146494322e+02 8.480447985544252443e-02 1.696089597113259515e+02
2.250000000000000000e+02 -3.535533905932737753e+00 -3.535533905932738641e+00 4.507189998889943183e+01 4.524654039272822814e+01 1.746404038287935236e+02 8.734829139215885552e-02 1.746965827845100989e+02
2.268000000000000114e+02 -3.644843137107057984e+00 -3.422735529643443186e+00 4.474949470273685392e+01 4.492907976922915481e+01 1.795850664923007116e+02 8.982090097673156581e-02 1.796418019533244035e+02
2.285999999999999943e+02 -3.750555348152297519e+00 -3.306559326618260020e+00 4.437349564862235241e+01 4.455788422011201533e+01 1.843885714896686920e+02 9.222291256492717859e-02 1.844458251298655682e+02
2.304000000000000057e+02 -3.852566213878946932e+00 -3.187119948743447395e+00 4.394378759923007038e+01 4.413283981594540961e+01 1.890522167153352200e+02 9.455497675559958182e-02 1.891099535112975047e+02
2.322000000000000171e+02 -3.950775061878451844e+00 -3.064535268264882539e+00 4.346045310915756943e+01 4.365403050039558508e+01 1.935773912380145418e+02 9.681778989795808421e-02 1.936355797959934932e+02
2.340000000000000000e+02 -4.045084971874737256e+00 -2.938926261462365908e+00 4.292377312019362989e+01 4.312173869095320100e+01 1.979655707595728700e+02 9.901209186634205017e-02 1.980241837327145618e+02
2.358000000000000114e+02 -4.135402871372810374e+00 -2.810416889260650475e+00 4.233423006561987734e+01 4.253644837434951143e+01 2.022183087296361350e+02 1.011386616893403256e-01 2.022773233788938114e+02
2.375999999999999943e+02 -4.221639627510073822e+00 -2.679133974894985393e+00 4.169251378624802129e+01 4.189885100672760387e+01 2.063372204795868470e+02 1.031983097267001326e-01 2.063966194533750524e+02
2.394000000000000057e+02 -4.303710135019718663e+00 -2.545207078751855256e+00 4.099953076559290110e+01 4.120985472171046382e+01 2.103239561175654444e+02 1.051918642862333386e-01 2.103837285722942738e+02
2.412000000000000171e+02 -4.381533400219318253e+00 -2.408768370508576506e+00 4.025641745339328992e+01 4.047059760866113010e+01 2.141801552678415703e+02 1.071201492550419854e-01 2.142402985099434147e+02
2.430000000000000000e+02 -4.455032620941839383e+00 -2.269952498697734633e+00 3.946455881538977195e+01 3.968246618767260969e+01 2.179073722828397877e+02 1.089839471121480385e-01 2.179678942241872335e+02
2.448000000000000114e+02 -4.524135262330099216e+00 -2.128896457825360855e+00 3.862561378664091905e+01 3.884712073954711542e+01 2.215069529061946980e+02 1.107839379102470434e-01 2.215678758206579460e+02
2.465999999999999943e+02 -4.588773128419904701e+00 -1.985739453173905655e+00 3.774155012222284711e+01 3.796652995217868920e+01 2.249798299558403301e+02 1.125205981763165025e-01 2.250411963530193873e+02
2.484000000000000057e+02 -4.648882429441257180e+00 -1.840622763423389152e+00 3.681469241695438654e+01 3.704301859824560239e+01 2.283261812912190578e+02 1.141940316742414141e-01 2.283880633484058933e+02
2.502000000000000171e+02 -4.704403844771126941e+00 -1.693689601226456842e+00 3.584778913509666154e+01 3.607933398293461380e+01 2.315448478379528297e+02 1.158036815037583878e-01 2.316073630076465122e+02
2.520000000000000000e+02 -4.755282581475768211e+00 -1.545084971874737922e+00 3.484410797015392802e+01 3.507874029091473744e+01 2.346323207608052996e+02 1.173478292626140146e-01 2.346956585249637612e+02
2.538000000000000114e+02 -4.801468428384715992e+00 -1.394955530196143823e+00 3.380757495833643134e+01 3.404515588413028837e+01 2.375809257938593646e+02 1.188226977579106280e-01 2.376453955158855251e+02
2.555999999999999943e+02 -4.842915805643155380e+00 -1.243449435824276694e+00 3.274298401925532431e+01 3.298335946095501470e+01 2.403754416996917200e+02 1.202207813364271904e-01 2.404415626727288213e+02
2.574000000000000341e+02 -4.879583809693737173e+00 -1.090716206982711878e+00 3.165632559279779557e+01 3.189931207964860604e+01 2.429864868508102518e+02 1.215275843575091691e-01 2.430551687152837701e+02
2.591999999999999886e+02 -4.911436253643444161e+00 -9.369065729286231159e-01 3.055532925229070784e+01 3.080068599566331145e+01 2.453567433726017271e+02 1.227148385774262385e-01 2.454296771549416292e+02
2.610000000000000000e+02 -4.938441702975688408e+00 -7.821723252011552052e-01 2.945042142088072268e+01 2.969779121222878970e+01 2.473697913480676789e+02 1.237251939250353650e-01 2.474503878501857628e+02
2.628000000000000114e+02 -4.960573506572389491e+00 -6.266661678215186271e-01 2.835657385364510930e+01 2.860534520176381790e+01 2.487713481187092555e+02 1.244336604385757328e-01 2.488673208773141425e+02
2.646000000000000227e+02 -4.977809823015399537e+00 -4.705415665925698487e-01 2.729734853075160927e+01 2.754628624125064817e+01 2.489377104990392411e+02 1.245348541447908464e-01 2.490697082896918459e+02
2.664000000000000341e+02 -4.990133642141358017e+00 -3.139525976465660229e-01 2.631555471761193132e+01 2.656160121173017785e+01 2.460464941182460734e+02 1.231431503039885356e-01 2.462863006081165906e+02
2.681999999999999886e+02 -4.997532801828657334e+00 -1.570537953906415152e-01 2.550964056387042334e+01 2.574350673254675925e+01 2.338661686763360308e+02 1.172795515499857055e-01 2.345591030998434121e+02
2.700000000000000000e+02 -5.000000000000000000e+00 0.000000000000000000e+00 2.514932509951436757e+01 2.536211908085897448e+01 2.127939813446055837e+02 1.072551800287918633e-01 2.145103600576930774e+02
2.718000000000000114e+02 -4.997532801828657334e+00 1.570537953906440964e-01 2.550964056387040912e+01 2.574350673254700794e+01 2.338661686765996990e+02 1.172795515499864411e-01 2.345591030999891302e+02
2.736000000000000227e+02 -4.990133642141358017e+00 3.139525976465686319e-01 2.631555471761197396e+01 2.656160121173027733e+01 2.460464941183016094e+02 1.231431503039881192e-01 2.462863006079570027e+02
2.754000000000000341e+02 -4.977809823015399537e+00 4.705415665925725133e-01 2.729734853075176204e+01 2.754628624125071568e+01 2.489377104989559655e+02 1.245348541447909019e-01 2.490697082894177754e+02
2.771999999999999886e+02 -4.960573506572389491e+00 6.266661678215210696e-01 2.835657385364503824e+01 2.860534520176391382e+01 2.487713481188758067e+02 1.244336604385758993e-01 2.488673208770886163e+02
2.790000000000000000e+02 -4.938441702975689296e+00 7.821723252011534289e-01 2.945042142088068360e+01 2.969779121222878970e+01 2.473697913481093167e+02 1.237251939250348376e-01 2.474503878500955523e+02
2.808000000000000114e+02 -4.911436253643442384e+00 9.369065729286255584e-01 3.055532925229076469e+01 3.080068599566333631e+01 2.453567433725739590e+02 1.227148385774262940e-01 2.454296771548132483e+02
2.826000000000000227e+02 -4.879583809693736285e+00 1.090716206982714542e+00 3.165632559279771385e+01 3.189931207964849591e+01 2.429864868507825122e+02 1.215275843575097103e-01 2.430551687150200735e+02
2.844000000000000341e+02 -4.842915805643155380e+00 1.243449435824274696e+00 3.274298401925532431e+01 3.298335946095517812e+01 2.403754416998582428e+02 1.202207813364265937e-01 2.404415626728884092e+02
2.861999999999999886e+02 -4.801468428384715104e+00 1.394955530196146265e+00 3.380757495833651660e+01 3.404515588413027416e+01 2.375809257937622192e+02 1.188226977579114052e-01 2.376453955158577855e+02
2.880000000000000000e+02 -4.755282581475768211e+00 1.545084971874736146e+00 3.484410797015417671e+01 3.507874029091477297e+01 2.346323207605971390e+02 1.173478292626141672e-01 2.346956585252343928e+02
2.898000000000000114e+02 -4.704403844771126941e+00 1.693689601226459507e+00 3.584778913509668996e+01 3.607933398293457117e+01 2.315448478378834238e+02 1.158036815037580269e-01 2.316073630074244534e+02
2.916000000000000227e+02 -4.648882429441256292e+00 1.840622763423391151e+00 3.681469241695457839e+01 3.704301859824573029e+01 2.283261812911496804e+02 1.141940316742412059e-01 2.283880633485793510e+02
2.934000000000000341e+02 -4.588773128419905589e+00 1.985739453173903657e+00 3.774155012222286132e+01 3.796652995217867499e+01 2.249798299558125620e+02 1.125205981763161833e-01 2.250411963529708146e+02
2.951999999999999886e+02 -4.524135262330097440e+00 2.128896457825363076e+00 3.862561378664078404e+01 3.884712073954707279e+01 2.215069529062918434e+02 1.107839379102487920e-01 2.215678758206440762e+02
2.970000000000000000e+02 -4.455032620941840271e+00 2.269952498697733301e+00 3.946455881538984301e+01 3.968246618767262390e+01 2.179073722827842801e+02 1.089839471121487741e-01 2.179678942243884592e+02
2.988000000000000114e+02 -4.381533400219317365e+00 2.408768370508578727e+00 4.025641745339307676e+01 4.047059760866088141e+01 2.141801552678068674e+02 1.071201492550409307e-01 2.142402985101307706e+02
3.006000000000000227e+02 -4.303710135019716887e+00 2.545207078751857477e+00 4.099953076559290110e+01 4.120985472171051356e+01 2.103239561176140171e+02 1.051918642862340048e-01 2.103837285723913908e+02
3.024000000000000341e+02 -4.221639627510074710e+00 2.679133974894984060e+00 4.169251378624800708e+01 4.189885100672791651e+01 2.063372204799129861e+02 1.031983097267011595e-01 2.063966194532918053e+02
3.041999999999999886e+02 -4.135402871372809486e+00 2.810416889260652695e+00 4.233423006561979207e+01 4.253644837434957537e+01 2.022183087297818531e+02 1.011386616893401730e-01 2.022773233787133904e+02
3.060000000000000000e+02 -4.045084971874738144e+00 2.938926261462364575e+00 4.292377312019378621e+01 4.312173869095330758e+01 1.979655707595243257e+02 9.901209186634182813e-02 1.980241837330337660e+02
3.078000000000000114e+02 -3.950775061878450511e+00 3.064535268264884760e+00 4.346045310915767601e+01 4.365403050039562771e+01 1.935773912379520993e+02 9.681778989795794543e-02 1.936355797957922675e+02
3.096000000000000227e+02 -3.852566213878945156e+00 3.187119948743449616e+00 4.394378759923017697e+01 4.413283981594546646e+01 1.890522167152866473e+02 9.455497675559876303e-02 1.891099535110685110e+02
3.114000000000000341e+02 -3.750555348152297519e+00 3.306559326618260020e+00 4.437349564862235241e+01 4.455788422011200112e+01 1.843885714896548222e+02 9.222291256492712308e-02 1.844458251296921105e+02
3.131999999999999886e+02 -3.644843137107057984e+00 3.422735529643443186e+00 4.474949470273681840e+01 4.492907976922926849e+01 1.795850664924464297e+02 8.982090097673023354e-02 1.796418019532550261e+02
3.150000000000000000e+02 -3.535533905932738641e+00 3.535533905932736864e+00 4.507189998889968763e+01 4.524654039272817130e+01 1.746404038284812827e+02 8.734829139215954941e-02 1.746965827844337866e+02
3.168000000000000114e+02 -3.422735529643441410e+00 3.644843137107059317e+00 4.534102625059938418e+01 4.551057962921399991e+01 1.695533786146216642e+02 8.480447985544173339e-02 1.696089597107083762e+02
3.186000000000000227e+02 -3.306559326618258243e+00 3.750555348152298851e+00 4.555739179079570533e+01 4.572171466993601285e+01 1.643228791403106186e+02 8.218890912312601382e-02 1.643778182462349378e+02
3.204000000000000341e+02 -3.187119948743447839e+00 3.852566213878946932e+00 4.572172491136758055e+01 4.588067279738158533e+01 1.589478860140047800e+02 7.950106823696015401e-02 1.590021364742053152e+02
3.221999999999999886e+02 -3.064535268264882539e+00 3.950775061878451400e+00 4.583497295132949034e+01 4.598840042208662027e+01 1.534274707571323120e+02 7.674049183278593145e-02 1.534809836654660273e+02
3.240000000000000000e+02 -2.938926261462366796e+00 4.045084971874737256e+00 4.589831424806979498e+01 4.604607504234181903e+01 1.477607942720199219e+02 7.390675939651022985e-02 1.478135187930121219e+02
3.258000000000000114e+02 -2.810416889260651363e+00 4.135402871372810374e+00 4.591317348049855696e+01 4.605512058620980298e+01 1.419471057112417611e+02 7.099949473713695891e-02 1.419989894744233538e+02
3.276000000000000227e+02 -2.679133974894981840e+00 4.221639627510076487e+00 4.588124100656931148e+01 4.601722674919357559e+01 1.359857426242658391e+02 6.801836611401246291e-02 1.360367322273125978e+02
3.294000000000000341e+02 -2.545207078751856145e+00 4.303710135019718663e+00 4.580449698443967321e+01 4.593437311834519932e+01 1.298761339055265580e+02 6.496308779241125042e-02 1.299261755850697568e+02
3.311999999999999886e+02 -2.408768370508576506e+00 4.381533400219318253e+00 4.568524126701588273e+01 4.580885907533216539e+01 1.236178083162814403e+02 6.183342442197795052e-02 1.236668488436218354e+02
3.330000000000000000e+02 -2.269952498697735077e+00 4.455032620941839383e+00 4.552613027639235810e+01 4.564334068993340310e+01 1.172104135410481689e+02 5.862920073976451985e-02 1.172584014794142462e+02
3.348000000000000114e+02 -2.128896457825360855e+00 4.524135262330098328e+00 4.533022227389741232e+01 4.544087602853193175e+01 1.106537546345168153e+02 5.535032105428710353e-02 1.107006421085868197e+02
3.366000000000000227e+02 -1.985739453173901881e+00 4.588773128419906477e+00 4.510103258739562904e+01 4.520498045494005623e+01 1.039478675444252502e+02 5.199680640609401217e-02 1.039936128120894097e+02
3.384000000000000341e+02 -1.840622763423389374e+00 4.648882429441257180e+00 4.484260032454051270e+01 4.493969347999506425e+01 9.709315545455149277e+01 4.856886335674719807e-02 9.713772671332554864e+01
3.401999999999999886e+02 -1.693689601226457064e+00 4.704403844771126941e+00 4.455956766572259653e+01 4.464965830270940472e+01 9.009063698681151777e+01 4.506700906576523169e-02 9.013401813158516518e+01
3.420000000000000000e+02 -1.545084971874738144e+00 4.755282581475768211e+00 4.425727158719938359e+01 4.434021398048982832e+01 8.294239329044440012e+01 4.149229640250209905e-02 8.298459280514647673e+01
3.438000000000000114e+02 -1.394955530196144045e+00 4.801468428384715992e+00 4.394184511761969247e+01 4.401749748742349055e+01 7.565236980380113607e+01 3.784671739299574206e-02 7.569343478607687814e+01
3.456000000000000227e+02 -1.243449435824272475e+00 4.842915805643156268e+00 4.362031988291035844e+01 4.368854769943563809e+01 6.822781652527504548e+01 3.413392764706960070e-02 6.826785529435302635e+01
3.474000000000000341e+02 -1.090716206982712100e+00 4.879583809693737173e+00 4.330071223322755003e+01 4.336139413441271273e+01 6.068190118516114495e+01 3.036056030298011493e-02 6.072112060580975168e+01
3.491999999999999886e+02 -9.369065729286234490e-01 4.911436253643444161e+00 4.299206010684060431e+01 4.304509866683884667e+01 5.303855999824052958e+01 2.653866439375349162e-02 5.307732878751664174e+01
3.510000000000000000e+02 -7.821723252011556493e-01 4.938441702975688408e+00 4.270435663516435909e+01 4.274969853533639963e+01 4.534190017204537071e+01 2.269042973574425526e-02 4.538085947100589834e+01
3.528000000000000114e+02 -6.266661678215189601e-01 4.960573506572389491e+00 4.244830303442689967e+01 4.248597882579097984e+01 3.767579136407933760e+01 1.885802617337990067e-02 3.771605234703656606e+01
3.546000000000000227e+02 -4.705415665925701818e-01 4.977809823015399537e+00 4.223478895979226877e+01 4.226499807375758166e+01 3.020911396531267457e+01 1.512630112782597201e-02 3.025260225537895664e+01
3.564000000000000341e+02 -3.139525976465663004e-01 4.990133642141358017e+00 4.207402162753997032e+01 4.209733393179212158e+01 2.331230425215574797e+01 1.168109908446316597e-02 2.336219816899409807e+01
3.581999999999999886e+02 -1.570537953906418205e-01 4.997532801828657334e+00 4.197428409953785433e+01 4.199214231788437246e+01 1.785821834652395879e+01 8.959070131372832285e-03 1.791814026289723216e+01
3.600000000000000000e+02 0.000000000000000000e+00 5.000000000000000000e+00 4.194056374973398960e+01 4.195616911829774409e+01 1.560536856375083303e+01 7.835956246794636634e-03 1.567191249358945626e+01
