# theta_deg  Ey_V_per_um  Ez_V_per_um  GS1_meV  GS2_meV  numerical_gap_microeV  alpha_eV_A  perturbative_gap_k1_microeV  
0.000000000000000000e+00 0.000000000000000000e+00 7.000000000000000000e+00 6.490555519154878539e+01 6.492247847493459290e+01 1.692328338581683411e+01 8.497490980261876783e-03 1.699498196053306032e+01
1.800000000000000044e+00 2.198753135468980158e-01 6.996545922560120978e+00 6.498807070519505658e+01 6.500873108121268729e+01 2.066037601763937204e+01 1.036102904604984873e-02 2.072205809199034832e+01
3.600000000000000089e+00 4.395336367051936310e-01 6.986187098997901579e+00 6.522926259443909203e+01 6.525829133745280330e+01 2.902874301370650301e+01 1.453936482722958251e-02 2.907872965482449956e+01
5.400000000000000355e+00 6.587581932296002751e-01 6.968933752221559530e+00 6.560987938903210193e+01 6.564885313156170810e+01 3.897374252960494800e+01 1.950906479070111180e-02 3.901812958077843518e+01
7.200000000000000178e+00 8.773326349501298083e-01 6.944802909201344576e+00 6.610256048853976552e+01 6.615191126032701163e+01 4.935077178724878166e+01 2.469660199165397974e-02 4.939320398344992924e+01
9.000000000000000000e+00 1.095041255281615999e+00 6.913818384165964837e+00 6.667816339634188694e+01 6.673791940064373307e+01 5.975600430184469047e+01 2.989913892925429029e-02 5.979827785852764777e+01
1.080000000000000071e+01 1.311669202100072207e+00 6.876010755100820937e+00 6.730964940564545884e+01 6.737968074927616158e+01 7.003134363070540758e+01 3.503716624157407478e-02 7.007433248269745718e+01
1.259999999999999964e+01 1.527002689775797561e+00 6.831417333571232930e+00 6.797365502454798047e+01 6.805376677098745120e+01 8.011174643947349239e+01 4.007793382082462663e-02 8.015586764184567414e+01
1.440000000000000036e+01 1.740829210153983508e+00 6.780082127900417532e+00 6.865067530716397926e+01 6.874064627684589368e+01 8.997096968191287658e+01 4.500820285349535488e-02 9.001640570693858479e+01
1.619999999999999929e+01 1.952937742274604815e+00 6.722055799738600790e+00 6.932463657235091148e+01 6.942423619275767521e+01 9.959962040675951300e+01 4.982321443076327683e-02 9.964642886162167201e+01
1.800000000000000000e+01 2.163118960624631715e+00 6.657395614066074607e+00 6.998230387198302083e+01 7.009129953208029917e+01 1.089956600972691376e+02 5.452191504556365420e-02 1.090438300921786663e+02
1.980000000000000071e+01 2.371165441717040245e+00 6.586165382679578073e+00 7.061271963173467725e+01 7.073087982668002383e+01 1.181601949453436902e+02 5.910483860066299833e-02 1.182096772022883613e+02
2.160000000000000142e+01 2.576871868792745879e+00 6.508435401217759875e+00 7.120673666124096712e+01 7.133383227103703916e+01 1.270956097960684872e+02 6.357316668608953281e-02 1.271463333733235999e+02
2.340000000000000213e+01 2.780035234443464454e+00 6.424282379787867647e+00 7.175665109328524238e+01 7.189245585064550426e+01 1.358047573602611067e+02 6.792831965592330268e-02 1.358566393111215689e+02
2.519999999999999929e+01 2.980455040955508839e+00 6.333789367262137482e+00 7.225592100526084494e+01 7.240021162778489838e+01 1.442906225240514573e+02 7.217178685894146128e-02 1.443435737185638743e+02
2.700000000000000000e+01 3.177933498176827243e+00 6.237045669318575847e+00 7.269895267962893115e+01 7.285150887739435177e+01 1.525561977654132875e+02 7.630506326101844927e-02 1.526101265222901020e+02
2.880000000000000071e+01 3.372275718712007375e+00 6.134146760307044310e+00 7.308093834615122830e+01 7.324154279558553071e+01 1.606044494343039730e+02 8.032963194886859337e-02 1.606592638973280884e+02
3.060000000000000142e+01 3.563289910252598780e+00 6.025194189027605063e+00 7.339773252836947393e+01 7.356617084889168723e+01 1.684383205222128481e+02 8.424696512731874587e-02 1.684939302548371529e+02
3.239999999999999858e+01 3.750787564852976708e+00 5.910295478514106193e+00 7.364575723858958156e+01 7.382181798439819431e+01 1.760607458086149677e+02 8.805853144696107471e-02 1.761170628937075548e+02
3.420000000000000284e+01 3.934583644964913862e+00 5.789564019921932925e+00 7.382192879899933757e+01 7.400540346813059500e+01 1.834746691312672056e+02 9.176580447795412709e-02 1.835316089558586157e+02
3.600000000000000000e+01 4.114496766047311738e+00 5.663118960624631271e+00 7.392360099201448520e+01 7.411428405082148174e+01 1.906830588069979910e+02 9.537027031039210789e-02 1.907405406201268079e+02
3.780000000000000426e+01 4.290349375570834844e+00 5.531085086629832226e+00 7.394852066422231474e+01 7.414620958421573960e+01 1.976889199934161923e+02 9.887343365910020165e-02 1.977468673191179391e+02
3.960000000000000142e+01 4.461967928240827774e+00 5.393592699430524107e+00 7.389479294564304723e+01 7.409928824957343352e+01 2.044953039303798334e+02 1.022768224306918328e-01 2.045536448601475854e+02
4.139999999999999858e+01 4.629183057265562340e+00 5.250777487413217592e+00 7.376085400256063451e+01 7.397195931695824811e+01 2.111053143976082538e+02 1.055819909151685387e-01 2.111639818292293569e+02
4.320000000000000284e+01 4.791829741500820639e+00 5.102780391949880645e+00 7.354544979763164747e+01 7.376297190941316728e+01 2.175221117815123648e+02 1.087905217954831388e-01 2.175810435919023291e+02
4.500000000000000000e+01 4.949747468305831788e+00 4.949747468305832676e+00 7.324761974431656597e+01 7.347136865935621586e+01 2.237489150396509956e+02 1.119040271177184076e-01 2.238080542345255424e+02
4.680000000000000426e+01 5.102780391949880645e+00 4.791829741500820639e+00 7.286668445689960549e+01 7.309647345855685785e+01 2.297890016572517879e+02 1.149241482672954950e-01 2.298482965360088031e+02
4.860000000000000142e+01 5.250777487413217592e+00 4.629183057265562340e+00 7.240223704398043481e+01 7.263788274938757183e+01 2.356457054071281618e+02 1.178525548610233897e-01 2.357051097214013566e+02
5.039999999999999858e+01 5.393592699430524995e+00 4.461967928240827774e+00 7.185413759605633288e+01 7.209546000742221850e+01 2.413224113658879446e+02 1.206909422806789062e-01 2.413818845612980510e+02
5.220000000000000284e+01 5.531085086629833114e+00 4.290349375570834844e+00 7.122251069553288971e+01 7.146933324264171006e+01 2.468225471088242386e+02 1.234410273155980842e-01 2.468820546310951443e+02
5.400000000000000000e+01 5.663118960624631271e+00 4.114496766047311738e+00 7.050774594662061645e+01 7.075989551487153051e+01 2.521495682509255971e+02 1.261045410056603755e-01 2.522090820114425469e+02
5.580000000000000426e+01 5.789564019921932925e+00 3.934583644964913862e+00 6.971050169924120610e+01 6.996780863459913746e+01 2.573069353579426775e+02 1.286832172070619396e-01 2.573664344135556803e+02
5.760000000000000142e+01 5.910295478514106193e+00 3.750787564852975819e+00 6.883171234367991076e+01 6.909401042114699010e+01 2.622980774670824644e+02 1.311787745204362476e-01 2.623575490406232689e+02
5.939999999999999858e+01 6.025194189027605063e+00 3.563289910252600112e+00 6.787259980488077815e+01 6.813972613950667778e+01 2.671263346259028708e+02 1.335928878157595090e-01 2.671857756306739020e+02
6.120000000000000284e+01 6.134146760307046087e+00 3.372275718712006043e+00 6.683469020060917387e+01 6.710648506786110090e+01 2.717948672519287925e+02 1.359271433050183164e-01 2.718542866092382724e+02
6.300000000000000000e+01 6.237045669318574959e+00 3.177933498176827687e+00 6.571983709722356082e+01 6.599614360967554205e+01 2.763065124519736742e+02 1.381829673172725315e-01 2.763659346343011407e+02
6.479999999999999716e+01 6.333789367262137482e+00 2.980455040955508839e+00 6.453025348209001777e+01 6.481091703648880298e+01 2.806635543987911774e+02 1.403615124685841375e-01 2.807230249371184527e+02
6.660000000000000853e+01 6.424282379787867647e+00 2.780035234443464010e+00 6.326855560843032578e+01 6.355342296146401537e+01 2.848673530336936892e+02 1.424634736223500120e-01 2.849269472449122986e+02
6.840000000000000568e+01 6.508435401217759875e+00 2.576871868792744991e+00 6.193782349109410035e+01 6.222674122533035046e+01 2.889177342362547734e+02 1.444887856854540908e-01 2.889775713711267713e+02
7.020000000000000284e+01 6.586165382679578961e+00 2.371165441717038913e+00 6.054168546149003305e+01 6.083449742931998117e+01 2.928119678299520388e+02 1.464361173401909633e-01 2.928722346795878479e+02
7.200000000000000000e+01 6.657395614066074607e+00 2.163118960624632159e+00 5.908443861590595958e+01 5.938098162659145629e+01 2.965430106854974497e+02 1.483020011738060417e-01 2.966040023474405984e+02
7.379999999999999716e+01 6.722055799738600790e+00 1.952937742274604815e+00 5.757122476601447403e+01 5.787132115459321824e+01 3.000963885787452909e+02 1.500792909087599880e-01 3.001585818177207443e+02
7.560000000000000853e+01 6.780082127900417532e+00 1.740829210153983286e+00 5.600829585358688689e+01 5.631174029042229279e+01 3.034444368354011203e+02 1.517543144682495515e-01 3.035086289367924905e+02
7.740000000000000568e+01 6.831417333571232930e+00 1.527002689775797339e+00 5.440343090961719241e+01 5.470996602424604305e+01 3.065351146288517157e+02 1.533013514695422408e-01 3.066027029384188722e+02
7.920000000000000284e+01 6.876010755100820937e+00 1.311669202100071541e+00 5.276662586221068096e+01 5.307589470501864071e+01 3.092688428079567871e+02 1.546712164131787692e-01 3.093424328262165091e+02
8.100000000000000000e+01 6.913818384165964837e+00 1.095041255281616444e+00 5.111131413130816981e+01 5.142276049315974262e+01 3.114463618515694634e+02 1.557656143533397430e-01 3.115312287069460240e+02
8.279999999999999716e+01 6.944802909201344576e+00 8.773326349501298083e-01 4.945673087303813276e+01 4.976936822190030085e+01 3.126373488621658794e+02 1.563727254167714131e-01 3.127454508330407066e+02
8.460000000000000853e+01 6.968933752221559530e+00 6.587581932295999421e-01 4.783311830165343537e+01 4.814491035856733703e+01 3.117920569139023996e+02 1.559776712345086191e-01 3.119553424693194188e+02
8.640000000000000568e+01 6.986187098997901579e+00 4.395336367051931314e-01 4.629567693108336357e+01 4.660145623237991686e+01 3.057793012965493062e+02 1.530542878643493809e-01 3.061085757288320224e+02
8.820000000000000284e+01 6.996545922560120978e+00 2.198753135468972109e-01 4.497679183592815377e+01 4.525832992190584037e+01 2.815380859776880698e+02 1.413150647109293057e-01 2.826301294220068030e+02
9.000000000000000000e+01 7.000000000000000000e+00 0.000000000000000000e+00 4.433989473423890360e+01 4.455647137678517566e+01 2.165766425462692268e+02 1.101138045600685011e-01 2.202276091192861713e+02
9.179999999999999716e+01 6.996545922560120978e+00 -2.198753135468979603e-01 4.497679183592837404e+01 4.525832992190595405e+01 2.815380859775770546e+02 1.413150647109295277e-01 2.826301294222219553e+02
9.360000000000000853e+01 6.986187098997901579e+00 -4.395336367051938531e-01 4.629567693108321436e+01 4.660145623237986712e+01 3.057793012966533865e+02 1.530542878643494920e-01 3.061085757284851070e+02
9.540000000000000568e+01 6.968933752221559530e+00 -6.587581932296006082e-01 4.783311830165330036e+01 4.814491035856728018e+01 3.117920569139786835e+02 1.559776712345091465e-01 3.119553424694165642e+02
9.720000000000000284e+01 6.944802909201344576e+00 -8.773326349501305854e-01 4.945673087303811144e+01 4.976936822190021559e+01 3.126373488621034085e+02 1.563727254167719127e-01 3.127454508343938073e+02
9.900000000000000000e+01 6.913818384165964837e+00 -1.095041255281615777e+00 5.111131413130806322e+01 5.142276049315969289e+01 3.114463618516249994e+02 1.557656143533399651e-01 3.115312287059815617e+02
1.007999999999999972e+02 6.876010755100820937e+00 -1.311669202100072207e+00 5.276662586221079465e+01 5.307589470501864781e+01 3.092688428078527068e+02 1.546712164131787137e-01 3.093424328246760524e+02
1.026000000000000085e+02 6.831417333571232930e+00 -1.527002689775798006e+00 5.440343090961708583e+01 5.470996602424614252e+01 3.065351146290598763e+02 1.533013514695411028e-01 3.066027029387865923e+02
1.044000000000000057e+02 6.780082127900417532e+00 -1.740829210153983952e+00 5.600829585358693663e+01 5.631174029042252016e+01 3.034444368355815413e+02 1.517543144682502732e-01 3.035086289361957483e+02
1.062000000000000028e+02 6.722055799738600790e+00 -1.952937742274605259e+00 5.757122476601450956e+01 5.787132115459334614e+01 3.000963885788424363e+02 1.500792909087612648e-01 3.001585818177207443e+02
1.080000000000000000e+02 6.657395614066075495e+00 -2.163118960624631271e+00 5.908443861590588142e+01 5.938098162659147761e+01 2.965430106855945951e+02 1.483020011738070409e-01 2.966040023473781844e+02
1.097999999999999972e+02 6.586165382679578073e+00 -2.371165441717039357e+00 6.054168546149005437e+01 6.083449742932010906e+01 2.928119678300561191e+02 1.464361173401893812e-01 2.928722346795739782e+02
1.116000000000000085e+02 6.508435401217759875e+00 -2.576871868792745879e+00 6.193782349109415009e+01 6.222674122533042151e+01 2.889177342362755780e+02 1.444887856854538410e-01 2.889775713707243199e+02
1.134000000000000057e+02 6.424282379787867647e+00 -2.780035234443464898e+00 6.326855560843028314e+01 6.355342296146393721e+01 2.848673530336520798e+02 1.424634736223492903e-01 2.849269472442184110e+02
1.152000000000000028e+02 6.333789367262135706e+00 -2.980455040955508839e+00 6.453025348209001777e+01 6.481091703648876035e+01 2.806635543987495680e+02 1.403615124685835824e-01 2.807230249372849471e+02
1.170000000000000000e+02 6.237045669318575847e+00 -3.177933498176826799e+00 6.571983709722354661e+01 6.599614360967548521e+01 2.763065124519320648e+02 1.381829673172740858e-01 2.763659346366603700e+02
1.187999999999999972e+02 6.134146760307046087e+00 -3.372275718712005155e+00 6.683469020060917387e+01 6.710648506786084511e+01 2.717948672516790225e+02 1.359271433050186495e-01 2.718542866101264508e+02
1.206000000000000085e+02 6.025194189027605063e+00 -3.563289910252598780e+00 6.787259980488077815e+01 6.813972613950677726e+01 2.671263346260000162e+02 1.335928878157593425e-01 2.671857756308127136e+02
1.224000000000000057e+02 5.910295478514104417e+00 -3.750787564852978040e+00 6.883171234367993918e+01 6.909401042114708957e+01 2.622980774671518134e+02 1.311787745204351097e-01 2.623575490401652814e+02
1.242000000000000028e+02 5.789564019921931148e+00 -3.934583644964914750e+00 6.971050169924117768e+01 6.996780863459912325e+01 2.573069353579565473e+02 1.286832172070624947e-01 2.573664344143189737e+02
1.260000000000000000e+02 5.663118960624631271e+00 -4.114496766047310850e+00 7.050774594662057382e+01 7.075989551487138840e+01 2.521495682508145819e+02 1.261045410056605975e-01 2.522090820112898939e+02
1.277999999999999972e+02 5.531085086629833114e+00 -4.290349375570833956e+00 7.122251069553290392e+01 7.146933324264171006e+01 2.468225471088103404e+02 1.234410273155998050e-01 2.468820546323441363e+02
1.295999999999999943e+02 5.393592699430524995e+00 -4.461967928240827774e+00 7.185413759605621919e+01 7.209546000742220428e+01 2.413224113659850900e+02 1.206909422806775323e-01 2.413818845609511072e+02
1.314000000000000057e+02 5.250777487413214928e+00 -4.629183057265564116e+00 7.240223704398043481e+01 7.263788274938758605e+01 2.356457054071420316e+02 1.178525548610244444e-01 2.357051097206241934e+02
1.332000000000000171e+02 5.102780391949880645e+00 -4.791829741500820639e+00 7.286668445689961970e+01 7.309647345855684364e+01 2.297890016572240484e+02 1.149241482672924419e-01 2.298482965338716326e+02
1.350000000000000000e+02 4.949747468305832676e+00 -4.949747468305831788e+00 7.324761974431656597e+01 7.347136865935621586e+01 2.237489150396509956e+02 1.119040271177181856e-01 2.238080542347337030e+02
1.368000000000000114e+02 4.791829741500818862e+00 -5.102780391949881533e+00 7.354544979763171852e+01 7.376297190941313886e+01 2.175221117814152194e+02 1.087905217954838188e-01 2.175810435916802987e+02
1.385999999999999943e+02 4.629183057265562340e+00 -5.250777487413217592e+00 7.376085400256069136e+01 7.397195931695833337e+01 2.111053143976498916e+02 1.055819909151672481e-01 2.111639818296040403e+02
1.404000000000000057e+02 4.461967928240825998e+00 -5.393592699430524995e+00 7.389479294564301881e+01 7.409928824957349036e+01 2.044953039304631091e+02 1.022768224306913054e-01 2.045536448618406951e+02
1.422000000000000171e+02 4.290349375570834844e+00 -5.531085086629833114e+00 7.394852066422235737e+01 7.414620958421583907e+01 1.976889199934716999e+02 9.887343365910045145e-02 1.977468673183685439e+02
1.440000000000000000e+02 4.114496766047312626e+00 -5.663118960624631271e+00 7.392360099201444257e+01 7.411428405082148174e+01 1.906830588070396288e+02 9.537027031039305158e-02 1.907405406206957821e+02
1.458000000000000114e+02 3.934583644964913418e+00 -5.789564019921933813e+00 7.382192879899935178e+01 7.400540346813065185e+01 1.834746691313088434e+02 9.176580447795208706e-02 1.835316089552202357e+02
1.475999999999999943e+02 3.750787564852976708e+00 -5.910295478514106193e+00 7.364575723858959577e+01 7.382181798439810905e+01 1.760607458085039525e+02 8.805853144696200452e-02 1.761170628937352944e+02
1.494000000000000057e+02 3.563289910252597892e+00 -6.025194189027605951e+00 7.339773252836958761e+01 7.356617084889172986e+01 1.684383205221434707e+02 8.424696512731752462e-02 1.684939302547261377e+02
1.512000000000000171e+02 3.372275718712006043e+00 -6.134146760307044310e+00 7.308093834615129936e+01 7.324154279558558756e+01 1.606044494342900748e+02 8.032963194886855174e-02 1.606592638971615656e+02
1.530000000000000000e+02 3.177933498176828131e+00 -6.237045669318574959e+00 7.269895267962894536e+01 7.285150887739432335e+01 1.525561977653716497e+02 7.630506326102030890e-02 1.526101265223178700e+02
1.548000000000000114e+02 2.980455040955507506e+00 -6.333789367262137482e+00 7.225592100526088757e+01 7.240021162778488417e+01 1.442906225239959497e+02 7.217178685894287682e-02 1.443435737183140759e+02
1.565999999999999943e+02 2.780035234443464454e+00 -6.424282379787867647e+00 7.175665109328521396e+01 7.189245585064547583e+01 1.358047573602611067e+02 6.792831965592435739e-02 1.358566393113436277e+02
1.584000000000000057e+02 2.576871868792744102e+00 -6.508435401217759875e+00 7.120673666124099555e+01 7.133383227103702495e+01 1.270956097960268494e+02 6.357316668608878341e-02 1.271463333722550004e+02
1.602000000000000171e+02 2.371165441717039357e+00 -6.586165382679578073e+00 7.061271963173453514e+01 7.073087982667983908e+01 1.181601949453020524e+02 5.910483860066420569e-02 1.182096772014973283e+02
1.620000000000000000e+02 2.163118960624632603e+00 -6.657395614066074607e+00 6.998230387198297819e+01 7.009129953208022812e+01 1.089956600972413696e+02 5.452191504556459789e-02 1.090438300913043577e+02
1.638000000000000114e+02 1.952937742274603927e+00 -6.722055799738600790e+00 6.932463657235106780e+01 6.942423619275764679e+01 9.959962040657910620e+01 4.982321443076322132e-02 9.964642886120533660e+01
1.655999999999999943e+02 1.740829210153983730e+00 -6.780082127900417532e+00 6.865067530716403610e+01 6.874064627684602158e+01 8.997096968198225397e+01 4.500820285349607652e-02 9.001640570598101476e+01
1.674000000000000057e+02 1.527002689775796229e+00 -6.831417333571232930e+00 6.797365502454805153e+01 6.805376677098750804e+01 8.011174643945962259e+01 4.007793382082464051e-02 8.015586764287263577e+01
1.692000000000000171e+02 1.311669202100071985e+00 -6.876010755100820937e+00 6.730964940564543042e+01 6.737968074927616158e+01 7.003134363073316138e+01 3.503716624157417886e-02 7.007433248322480779e+01
1.710000000000000000e+02 1.095041255281616888e+00 -6.913818384165963948e+00 6.667816339634180167e+01 6.673791940064378991e+01 5.975600430198346658e+01 2.989913892925372824e-02 5.979827785801417406e+01
1.728000000000000114e+02 8.773326349501285870e-01 -6.944802909201344576e+00 6.610256048853980815e+01 6.615191126032701163e+01 4.935077178720715096e+01 2.469660199165433709e-02 4.939320398389401845e+01
1.745999999999999943e+02 6.587581932296004972e-01 -6.968933752221559530e+00 6.560987938903213035e+01 6.564885313156172231e+01 3.897374252959107110e+01 1.950906479070167038e-02 3.901812958170825141e+01
1.764000000000000057e+02 4.395336367051919102e-01 -6.986187098997901579e+00 6.522926259443900676e+01 6.525829133745276067e+01 2.902874301374813726e+01 1.453936482722973170e-02 2.907872965454694025e+01
1.782000000000000171e+02 2.198753135468976549e-01 -6.996545922560120978e+00 6.498807070519505658e+01 6.500873108121268729e+01 2.066037601763937204e+01 1.036102904604992159e-02 2.072205809271199328e+01
1.800000000000000000e+02 0.000000000000000000e+00 -7.000000000000000000e+00 6.490555519154882802e+01 6.492247847493460711e+01 1.692328338578907676e+01 8.497490980261732801e-03 1.699498196054694077e+01
1.818000000000000114e+02 -2.198753135468990705e-01 -6.996545922560120978e+00 6.498807070519508500e+01 6.500873108121268729e+01 2.066037601759773779e+01 1.036102904604985567e-02 2.072205809208749372e+01
1.835999999999999943e+02 -4.395336367051934090e-01 -6.986187098997901579e+00 6.522926259443909203e+01 6.525829133745284594e+01 2.902874301374813726e+01 1.453936482722981149e-02 2.907872965436652990e+01
1.854000000000000057e+02 -6.587581932296018294e-01 -6.968933752221559530e+00 6.560987938903211614e+01 6.564885313156170810e+01 3.897374252959107110e+01 1.950906479070127833e-02 3.901812958161110600e+01
1.872000000000000171e+02 -8.773326349501299193e-01 -6.944802909201344576e+00 6.610256048853979394e+01 6.615191126032696900e+01 4.935077178716551316e+01 2.469660199165380279e-02 4.939320398339441454e+01
1.890000000000000000e+02 -1.095041255281615111e+00 -6.913818384165964837e+00 6.667816339634180167e+01 6.673791940064371886e+01 5.975600430191407497e+01 2.989913892925331537e-02 5.979827785844437926e+01
1.908000000000000114e+02 -1.311669202100073317e+00 -6.876010755100820937e+00 6.730964940564548726e+01 6.737968074927610473e+01 7.003134363062213197e+01 3.503716624157370008e-02 7.007433248348849020e+01
1.925999999999999943e+02 -1.527002689775797561e+00 -6.831417333571232930e+00 6.797365502454796626e+01 6.805376677098745120e+01 8.011174643948737639e+01 4.007793382082450173e-02 8.015586764217874816e+01
1.944000000000000057e+02 -1.740829210153985063e+00 -6.780082127900417532e+00 6.865067530716397926e+01 6.874064627684600737e+01 8.997096968202389178e+01 4.500820285349416139e-02 9.001640570699409238e+01
1.962000000000000171e+02 -1.952937742274604815e+00 -6.722055799738600790e+00 6.932463657235098253e+01 6.942423619275768942e+01 9.959962040670400540e+01 4.982321443076276335e-02 9.964642886167717961e+01
1.980000000000000000e+02 -2.163118960624630827e+00 -6.657395614066075495e+00 6.998230387198302083e+01 7.009129953208022812e+01 1.089956600971997460e+02 5.452191504556311991e-02 1.090438300909990517e+02
1.998000000000000114e+02 -2.371165441717040245e+00 -6.586165382679578073e+00 7.061271963173462041e+01 7.073087982668003804e+01 1.181601949454269516e+02 5.910483860066314404e-02 1.182096772011781383e+02
2.015999999999999943e+02 -2.576871868792744991e+00 -6.508435401217759875e+00 7.120673666124093870e+01 7.133383227103706758e+01 1.270956097961239948e+02 6.357316668608981036e-02 1.271463333723382760e+02
2.034000000000000057e+02 -2.780035234443465342e+00 -6.424282379787867647e+00 7.175665109328517133e+01 7.189245585064551847e+01 1.358047573603443539e+02 6.792831965592310839e-02 1.358566393113158597e+02
2.052000000000000171e+02 -2.980455040955508839e+00 -6.333789367262135706e+00 7.225592100526084494e+01 7.240021162778494102e+01 1.442906225240930951e+02 7.217178685894193313e-02 1.443435737175091731e+02
2.070000000000000000e+02 -3.177933498176826799e+00 -6.237045669318575847e+00 7.269895267962897378e+01 7.285150887739432335e+01 1.525561977653439101e+02 7.630506326102037828e-02 1.526101265225260306e+02
2.088000000000000114e+02 -3.372275718712007819e+00 -6.134146760307044310e+00 7.308093834615132778e+01 7.324154279558560177e+01 1.606044494342762050e+02 8.032963194886708069e-02 1.606592638978554533e+02
2.105999999999999943e+02 -3.563289910252598336e+00 -6.025194189027605063e+00 7.339773252836945971e+01 7.356617084889165881e+01 1.684383205221989783e+02 8.424696512731666420e-02 1.684939302549759361e+02
2.124000000000000057e+02 -3.750787564852977152e+00 -5.910295478514104417e+00 7.364575723858963840e+01 7.382181798439813747e+01 1.760607458085039525e+02 8.805853144696083878e-02 1.761170628938047003e+02
2.142000000000000171e+02 -3.934583644964913862e+00 -5.789564019921932925e+00 7.382192879899938021e+01 7.400540346813063763e+01 1.834746691312672056e+02 9.176580447795103235e-02 1.835316089556504551e+02
2.160000000000000000e+02 -4.114496766047310850e+00 -5.663118960624633047e+00 7.392360099201442836e+01 7.411428405082153859e+01 1.906830588071090062e+02 9.537027031039244096e-02 1.907405406208345653e+02
2.178000000000000114e+02 -4.290349375570836621e+00 -5.531085086629832226e+00 7.394852066422237158e+01 7.414620958421576802e+01 1.976889199933884527e+02 9.887343365909992410e-02 1.977468673175913807e+02
2.195999999999999943e+02 -4.461967928240827774e+00 -5.393592699430524995e+00 7.389479294564299039e+01 7.409928824957349036e+01 2.044953039304908771e+02 1.022768224306917911e-01 2.045536448615353891e+02
2.214000000000000057e+02 -4.629183057265564116e+00 -5.250777487413214928e+00 7.376085400256057767e+01 7.397195931695819127e+01 2.111053143976082538e+02 1.055819909151656660e-01 2.111639818297983311e+02
2.232000000000000171e+02 -4.791829741500820639e+00 -5.102780391949880645e+00 7.354544979763169010e+01 7.376297190941305360e+01 2.175221117813597118e+02 1.087905217954814041e-01 2.175810435903341329e+02
2.250000000000000000e+02 -4.949747468305831788e+00 -4.949747468305833564e+00 7.324761974431652334e+01 7.347136865935632954e+01 2.237489150398036486e+02 1.119040271177182966e-01 2.238080542351500526e+02
2.268000000000000114e+02 -5.102780391949880645e+00 -4.791829741500820639e+00 7.286668445689961970e+01 7.309647345855680101e+01 2.297890016571824106e+02 1.149241482672930525e-01 2.298482965348153186e+02
2.285999999999999943e+02 -5.250777487413216704e+00 -4.629183057265563228e+00 7.240223704398052007e+01 7.263788274938758605e+01 2.356457054070587560e+02 1.178525548610237783e-01 2.357051097221507518e+02
2.304000000000000057e+02 -5.393592699430524995e+00 -4.461967928240825998e+00 7.185413759605637551e+01 7.209546000742219007e+01 2.413224113658185672e+02 1.206909422806757004e-01 2.413818845610621224e+02
2.322000000000000171e+02 -5.531085086629833114e+00 -4.290349375570834844e+00 7.122251069553288971e+01 7.146933324264165321e+01 2.468225471087687311e+02 1.234410273155984172e-01 2.468820546311090141e+02
2.340000000000000000e+02 -5.663118960624631271e+00 -4.114496766047312626e+00 7.050774594662057382e+01 7.075989551487144524e+01 2.521495682508700895e+02 1.261045410056590987e-01 2.522090820116923453e+02
2.358000000000000114e+02 -5.789564019921934701e+00 -3.934583644964911198e+00 6.971050169924120610e+01 6.996780863459920852e+01 2.573069353580120833e+02 1.286832172070640212e-01 2.573664344141246829e+02
2.375999999999999943e+02 -5.910295478514103529e+00 -3.750787564852979372e+00 6.883171234367998181e+01 6.909401042114703273e+01 2.622980774670546680e+02 1.311787745204369138e-01 2.623575490410673297e+02
2.394000000000000057e+02 -6.025194189027605951e+00 -3.563289910252597892e+00 6.787259980488077815e+01 6.813972613950673463e+01 2.671263346259583500e+02 1.335928878157600086e-01 2.671857756314649350e+02
2.412000000000000171e+02 -6.134146760307044310e+00 -3.372275718712006931e+00 6.683469020060917387e+01 6.710648506786097300e+01 2.717948672518039075e+02 1.359271433050152078e-01 2.718542866098627542e+02
2.430000000000000000e+02 -6.237045669318574959e+00 -3.177933498176828131e+00 6.571983709722367450e+01 6.599614360967554205e+01 2.763065124518626590e+02 1.381829673172708661e-01 2.763659346344676919e+02
2.448000000000000114e+02 -6.333789367262138370e+00 -2.980455040955504842e+00 6.453025348208996093e+01 6.481091703648871771e+01 2.806635543987634378e+02 1.403615124685836379e-01 2.807230249375069775e+02
2.465999999999999943e+02 -6.424282379787866759e+00 -2.780035234443467562e+00 6.326855560843033999e+01 6.355342296146401537e+01 2.848673530336798194e+02 1.424634736223520104e-01 2.849269472442600204e+02
2.484000000000000057e+02 -6.508435401217759875e+00 -2.576871868792744547e+00 6.193782349109422825e+01 6.222674122533044994e+01 2.889177342362200989e+02 1.444887856854534802e-01 2.889775713709880165e+02
2.502000000000000171e+02 -6.586165382679578073e+00 -2.371165441717039357e+00 6.054168546149008989e+01 6.083449742931997406e+01 2.928119678298896247e+02 1.464361173401884653e-01 2.928722346801429239e+02
2.520000000000000000e+02 -6.657395614066074607e+00 -2.163118960624632603e+00 5.908443861590589563e+01 5.938098162659146340e+01 2.965430106855667987e+02 1.483020011738055977e-01 2.966040023478499847e+02
2.538000000000000114e+02 -6.722055799738602566e+00 -1.952937742274601041e+00 5.757122476601450956e+01 5.787132115459319692e+01 3.000963885786828200e+02 1.500792909087589333e-01 3.001585818174015685e+02
2.555999999999999943e+02 -6.780082127900416644e+00 -1.740829210153987061e+00 5.600829585358695084e+01 5.631174029042244200e+01 3.034444368354913308e+02 1.517543144682491629e-01 3.035086289366190044e+02
2.574000000000000341e+02 -6.831417333571232930e+00 -1.527002689775796451e+00 5.440343090961713557e+01 5.470996602424609989e+01 3.065351146289627309e+02 1.533013514695417134e-01 3.066027029389670133e+02
2.591999999999999886e+02 -6.876010755100820937e+00 -1.311669202100072207e+00 5.276662586221065965e+01 5.307589470501862650e+01 3.092688428079637220e+02 1.546712164131757161e-01 3.093424328267161059e+02
2.610000000000000000e+02 -6.913818384165963948e+00 -1.095041255281617110e+00 5.111131413130821244e+01 5.142276049315974262e+01 3.114463618515278540e+02 1.557656143533407977e-01 3.115312287065158330e+02
2.628000000000000114e+02 -6.944802909201344576e+00 -8.773326349501261445e-01 4.945673087303805460e+01 4.976936822190024401e+01 3.126373488621866841e+02 1.563727254167726621e-01 3.127454508332141927e+02
2.646000000000000227e+02 -6.968933752221559530e+00 -6.587581932295978326e-01 4.783311830165325773e+01 4.814491035856723755e+01 3.117920569139786835e+02 1.559776712345069261e-01 3.119553424691875989e+02
2.664000000000000341e+02 -6.986187098997901579e+00 -4.395336367051924653e-01 4.629567693108323567e+01 4.660145623237993107e+01 3.057793012966949959e+02 1.530542878643514348e-01 3.061085757288459490e+02
2.681999999999999886e+02 -6.996545922560120978e+00 -2.198753135468980990e-01 4.497679183592806140e+01 4.525832992190585458e+01 2.815380859777990850e+02 1.413150647109275293e-01 2.826301294219582587e+02
2.700000000000000000e+02 -7.000000000000000000e+00 0.000000000000000000e+00 4.433989473423863359e+01 4.455647137678522540e+01 2.165766425465953660e+02 1.101138045600711102e-01 2.202276091201674149e+02
2.718000000000000114e+02 -6.996545922560120090e+00 2.198753135469017073e-01 4.497679183592829588e+01 4.525832992190586168e+01 2.815380859775701197e+02 1.413150647109257529e-01 2.826301294219582587e+02
2.736000000000000227e+02 -6.986187098997901579e+00 4.395336367051960735e-01 4.629567693108328541e+01 4.660145623238001633e+01 3.057793012967297273e+02 1.530542878643503801e-01 3.061085757287626734e+02
2.754000000000000341e+02 -6.968933752221559530e+00 6.587581932296014964e-01 4.783311830165337142e+01 4.814491035856730861e+01 3.117920569139370741e+02 1.559776712345062877e-01 3.119553424690002430e+02
2.771999999999999886e+02 -6.944802909201344576e+00 8.773326349501295862e-01 4.945673087303826776e+01 4.976936822190030796e+01 3.126373488620340595e+02 1.563727254167713576e-01 3.127454508332558589e+02
2.790000000000000000e+02 -6.913818384165964837e+00 1.095041255281614667e+00 5.111131413130812717e+01 5.142276049315967157e+01 3.114463618515417238e+02 1.557656143533396875e-01 3.115312287066407180e+02
2.808000000000000114e+02 -6.876010755100820937e+00 1.311669202100075760e+00 5.276662586221069517e+01 5.307589470501874018e+01 3.092688428080469976e+02 1.546712164131762157e-01 3.093424328263413940e+02
2.826000000000000227e+02 -6.831417333571231154e+00 1.527002689775800448e+00 5.440343090961714267e+01 5.470996602424616384e+01 3.065351146290251449e+02 1.533013514695412693e-01 3.066027029390225493e+02
2.844000000000000341e+02 -6.780082127900417532e+00 1.740829210153984619e+00 5.600829585358703611e+01 5.631174029042239226e+01 3.034444368353595110e+02 1.517543144682481082e-01 3.035086289362790239e+02
2.861999999999999886e+02 -6.722055799738600790e+00 1.952937742274604593e+00 5.757122476601450956e+01 5.787132115459306902e+01 3.000963885785579350e+02 1.500792909087604321e-01 3.001585818175056488e+02
2.880000000000000000e+02 -6.657395614066075495e+00 2.163118960624630827e+00 5.908443861590592405e+01 5.938098162659136392e+01 2.965430106854349788e+02 1.483020011738052646e-01 2.966040023480096011e+02
2.898000000000000114e+02 -6.586165382679578073e+00 2.371165441717042910e+00 6.054168546149024621e+01 6.083449742932004511e+01 2.928119678297994142e+02 1.464361173401882155e-01 2.928722346802053949e+02
2.916000000000000227e+02 -6.508435401217758987e+00 2.576871868792748099e+00 6.193782349109433483e+01 6.222674122533048546e+01 2.889177342361506931e+02 1.444887856854537300e-01 2.889775713705300291e+02
2.934000000000000341e+02 -6.424282379787867647e+00 2.780035234443464898e+00 6.326855560843032578e+01 6.355342296146404379e+01 2.848673530337214856e+02 1.424634736223530651e-01 2.849269472443710924e+02
2.951999999999999886e+02 -6.333789367262137482e+00 2.980455040955508395e+00 6.453025348208998935e+01 6.481091703648870350e+01 2.806635543987079586e+02 1.403615124685832771e-01 2.807230249372155981e+02
2.970000000000000000e+02 -6.237045669318575847e+00 3.177933498176826799e+00 6.571983709722347555e+01 6.599614360967542837e+01 2.763065124519459346e+02 1.381829673172705331e-01 2.763659346344399523e+02
2.988000000000000114e+02 -6.134146760307043422e+00 3.372275718712010040e+00 6.683469020060923071e+01 6.710648506786098721e+01 2.717948672517622981e+02 1.359271433050150968e-01 2.718542866103346114e+02
3.006000000000000227e+02 -6.025194189027604175e+00 3.563289910252600556e+00 6.787259980488073552e+01 6.813972613950674884e+01 2.671263346260138860e+02 1.335928878157598698e-01 2.671857756316453560e+02
3.024000000000000341e+02 -5.910295478514104417e+00 3.750787564852977152e+00 6.883171234367993918e+01 6.909401042114707536e+01 2.622980774671379436e+02 1.311787745204379130e-01 2.623575490416779417e+02
3.041999999999999886e+02 -5.789564019921932925e+00 3.934583644964913862e+00 6.971050169924124873e+01 6.996780863459910904e+01 2.573069353578733285e+02 1.286832172070645208e-01 2.573664344142495679e+02
3.060000000000000000e+02 -5.663118960624633047e+00 4.114496766047310850e+00 7.050774594662061645e+01 7.075989551487153051e+01 2.521495682509117273e+02 1.261045410056593208e-01 2.522090820109845879e+02
3.078000000000000114e+02 -5.531085086629830450e+00 4.290349375570838397e+00 7.122251069553293235e+01 7.146933324264173848e+01 2.468225471088103404e+02 1.234410273155980009e-01 2.468820546308869837e+02
3.096000000000000227e+02 -5.393592699430523218e+00 4.461967928240829551e+00 7.185413759605633288e+01 7.209546000742223271e+01 2.413224113659018144e+02 1.206909422806749788e-01 2.413818845608262222e+02
3.114000000000000341e+02 -5.250777487413216704e+00 4.629183057265563228e+00 7.240223704398052007e+01 7.263788274938761447e+01 2.356457054070865240e+02 1.178525548610236673e-01 2.357051097225809713e+02
3.131999999999999886e+02 -5.102780391949880645e+00 4.791829741500820639e+00 7.286668445689959128e+01 7.309647345855685785e+01 2.297890016572656862e+02 1.149241482672934966e-01 2.298482965345793900e+02
3.150000000000000000e+02 -4.949747468305833564e+00 4.949747468305831788e+00 7.324761974431659439e+01 7.347136865935631533e+01 2.237489150397203730e+02 1.119040271177185880e-01 2.238080542354414888e+02
3.168000000000000114e+02 -4.791829741500817974e+00 5.102780391949882421e+00 7.354544979763170431e+01 7.376297190941318149e+01 2.175221117814707270e+02 1.087905217954816955e-01 2.175810435914582399e+02
3.186000000000000227e+02 -4.629183057265560564e+00 5.250777487413217592e+00 7.376085400256074820e+01 7.397195931695827653e+01 2.111053143975388764e+02 1.055819909151655134e-01 2.111639818301730429e+02
3.204000000000000341e+02 -4.461967928240827774e+00 5.393592699430524995e+00 7.389479294564306144e+01 7.409928824957343352e+01 2.044953039303659637e+02 1.022768224306920826e-01 2.045536448609663864e+02
3.221999999999999886e+02 -4.290349375570834844e+00 5.531085086629832226e+00 7.394852066422227210e+01 7.414620958421579644e+01 1.976889199935133377e+02 9.887343365909956328e-02 1.977468673178689471e+02
3.240000000000000000e+02 -4.114496766047313514e+00 5.663118960624631271e+00 7.392360099201448520e+01 7.411428405082153859e+01 1.906830588070534986e+02 9.537027031039269076e-02 1.907405406208900729e+02
3.258000000000000114e+02 -3.934583644964911642e+00 5.789564019921934701e+00 7.382192879899930915e+01 7.400540346813063763e+01 1.834746691313365830e+02 9.176580447795031070e-02 1.835316089560390367e+02
3.276000000000000227e+02 -3.750787564852974043e+00 5.910295478514107081e+00 7.364575723858948209e+01 7.382181798439812326e+01 1.760607458086288375e+02 8.805853144695974244e-02 1.761170628938602079e+02
3.294000000000000341e+02 -3.563289910252598336e+00 6.025194189027605951e+00 7.339773252836953077e+01 7.356617084889175828e+01 1.684383205222267463e+02 8.424696512731691400e-02 1.684939302551008495e+02
3.311999999999999886e+02 -3.372275718712007375e+00 6.134146760307044310e+00 7.308093834615121409e+01 7.324154279558555913e+01 1.606044494343456108e+02 8.032963194886588720e-02 1.606592638974113640e+02
3.330000000000000000e+02 -3.177933498176828575e+00 6.237045669318574959e+00 7.269895267962895957e+01 7.285150887739439440e+01 1.525561977654271573e+02 7.630506326101960113e-02 1.526101265222207246e+02
3.348000000000000114e+02 -2.980455040955505286e+00 6.333789367262138370e+00 7.225592100526081651e+01 7.240021162778484154e+01 1.442906225240236893e+02 7.217178685894176660e-02 1.443435737177451017e+02
3.366000000000000227e+02 -2.780035234443462233e+00 6.424282379787868535e+00 7.175665109328514291e+01 7.189245585064541899e+01 1.358047573602749765e+02 6.792831965592245613e-02 1.358566393116072959e+02
3.384000000000000341e+02 -2.576871868792744991e+00 6.508435401217759875e+00 7.120673666124099555e+01 7.133383227103709601e+01 1.270956097960962410e+02 6.357316668609003241e-02 1.271463333720745936e+02
3.401999999999999886e+02 -2.371165441717040245e+00 6.586165382679578073e+00 7.061271963173467725e+01 7.073087982667996698e+01 1.181601949452881826e+02 5.910483860066316486e-02 1.182096772008034407e+02
3.420000000000000000e+02 -2.163118960624633491e+00 6.657395614066074607e+00 6.998230387198300662e+01 7.009129953208010022e+01 1.089956600970887166e+02 5.452191504556402890e-02 1.090438300900831194e+02
3.438000000000000114e+02 -1.952937742274601485e+00 6.722055799738602566e+00 6.932463657235105359e+01 6.942423619275770363e+01 9.959962040664849781e+01 4.982321443076323519e-02 9.964642886246821263e+01
3.456000000000000227e+02 -1.740829210153981288e+00 6.780082127900417532e+00 6.865067530716395083e+01 6.874064627684600737e+01 8.997096968205164558e+01 4.500820285349368954e-02 9.001640570685532339e+01
3.474000000000000341e+02 -1.527002689775797117e+00 6.831417333571232930e+00 6.797365502454796626e+01 6.805376677098736593e+01 8.011174643940410078e+01 4.007793382082430050e-02 8.015586764097137973e+01
3.491999999999999886e+02 -1.311669202100072873e+00 6.876010755100820937e+00 6.730964940564545884e+01 6.737968074927610473e+01 7.003134363064988577e+01 3.503716624157382498e-02 7.007433248326644559e+01
3.510000000000000000e+02 -1.095041255281617776e+00 6.913818384165963948e+00 6.667816339634183009e+01 6.673791940064369044e+01 5.975600430185856737e+01 2.989913892925330843e-02 5.979827785911051308e+01
3.528000000000000114e+02 -8.773326349501265886e-01 6.944802909201344576e+00 6.610256048853976552e+01 6.615191126032692637e+01 4.935077178715163626e+01 2.469660199165347320e-02 4.939320398339441454e+01
3.546000000000000227e+02 -6.587581932295981657e-01 6.968933752221559530e+00 6.560987938903204508e+01 6.564885313156166546e+01 3.897374252963270180e+01 1.950906479070105282e-02 3.901812958133354670e+01
3.564000000000000341e+02 -4.395336367051927984e-01 6.986187098997901579e+00 6.522926259443900676e+01 6.525829133745277488e+01 2.902874301376201416e+01 1.453936482722984272e-02 2.907872965524083142e+01
3.581999999999999886e+02 -2.198753135468985431e-01 6.996545922560120978e+00 6.498807070519512763e+01 6.500873108121280097e+01 2.066037601766712584e+01 1.036102904604958158e-02 2.072205809246219133e+01
3.600000000000000000e+02 0.000000000000000000e+00 7.000000000000000000e+00 6.490555519154881381e+01 6.492247847493456447e+01 1.692328338576132296e+01 8.497490980261769231e-03 1.699498196054694077e+01
