# theta_deg  Ey_V_per_um  Ez_V_per_um  GS1_meV  GS2_meV  numerical_gap_microeV  alpha_eV_A  perturbative_gap_k1_microeV  
0.000000000000000000e+00 0.000000000000000000e+00 1.000000000000000000e+00 2.381982808900284798e-01 2.459304332252248981e-01 7.732152335196418314e+00 3.882481807664383416e-03 7.764963615328754898e+00
1.800000000000000044e+00 3.141075907812829193e-02 9.995065603657316000e-01 2.361271116002178205e-01 2.440949218705523727e-01 7.967810270334552136e+00 3.999906780752440251e-03 7.999813561506916137e+00
3.600000000000000089e+00 6.279051952931337388e-02 9.980267284282716700e-01 2.299283299986298879e-01 2.385637685644453887e-01 8.635438565815501732e+00 4.332707366828737403e-03 8.665414733657774704e+00
5.400000000000000355e+00 9.410831331851433890e-02 9.955619646030799963e-01 2.196329830862625565e-01 2.292764623815085612e-01 9.643479295246004668e+00 4.835491885916042704e-03 9.670983771832315057e+00
7.200000000000000178e+00 1.253332335643042583e-01 9.921147013144778759e-01 2.052655723549928757e-01 2.161601076995367521e-01 1.089453534454387551e+01 5.459847053436153383e-03 1.091969410687605624e+01
9.000000000000000000e+00 1.564344650402308967e-01 9.876883405951378814e-01 1.868319374760674112e-01 1.991425942428626250e-01 1.231065676679521381e+01 6.166918881813894873e-03 1.233383776362974160e+01
1.080000000000000071e+01 1.873813145857246565e-01 9.822872507286887211e-01 1.643183406957043902e-01 1.781549589160852376e-01 1.383661822038084743e+01 6.929114771764607189e-03 1.385822954353050740e+01
1.259999999999999964e+01 2.181432413965425365e-01 9.759167619387474346e-01 1.376949074702454867e-01 1.531297564348471640e-01 1.543484896460167732e+01 7.727628479899713992e-03 1.545525695980116865e+01
1.440000000000000036e+01 2.486898871648547948e-01 9.685831611286310761e-01 1.069195266242412012e-01 1.239993022785351728e-01 1.707977565429397160e+01 8.549642076512618816e-03 1.709928415302437443e+01
1.619999999999999929e+01 2.789911060392293307e-01 9.602936856769430651e-01 7.194116232360492358e-02 9.069479822690351689e-02 1.875363590329859420e+01 9.386244487164293465e-03 1.877248897432716390e+01
1.800000000000000000e+01 3.090169943749473958e-01 9.510565162951535312e-01 3.270257337281701204e-02 5.314630469391290468e-02 2.044373132109589264e+01 1.023106137267084347e-02 2.046212274534295261e+01
1.980000000000000071e+01 3.387379202452914240e-01 9.408807689542254549e-01 -1.085736587436159084e-02 1.128332412067556412e-02 2.214068999503715673e+01 1.107938660752190094e-02 2.215877321504743591e+01
2.160000000000000142e+01 3.681245526846780303e-01 9.297764858882514583e-01 -5.880157991422496622e-02 -3.496420871892946813e-02 2.383737119529549631e+01 1.192763391867003933e-02 2.385526783733982725e+01
2.340000000000000213e+01 3.971478906347806204e-01 9.177546256839811400e-01 -1.111928388999872119e-01 -8.566467168903690865e-02 2.552816721095030417e+01 1.277298694214166162e-02 2.554597388428240734e+01
2.519999999999999929e+01 4.257792915650727150e-01 9.048270524660196878e-01 -1.680918800171238292e-01 -1.408833294598843544e-01 2.720855055723947657e+01 1.361317205791512039e-02 2.722634411582792779e+01
2.700000000000000000e+01 4.539904997395468045e-01 8.910065241883678988e-01 -2.295555732895054879e-01 -2.006807988382541819e-01 2.887477445125130515e+01 1.444630801726059371e-02 2.889261603451689098e+01
2.880000000000000071e+01 4.817536741017153235e-01 8.763066800438635839e-01 -2.956351171059801164e-01 -2.651114464747583721e-01 3.052367063122174429e+01 1.527080438132195905e-02 3.054160876264438329e+01
3.060000000000000142e+01 5.090414157503713177e-01 8.607420270039436438e-01 -3.663742564888050612e-01 -3.342217463502689112e-01 3.215251013853615092e+01 1.608529155765479543e-02 3.217058311530657022e+01
3.239999999999999858e+01 5.358267949789966567e-01 8.443279255020151863e-01 -4.418075201979981825e-01 -4.080486145800338305e-01 3.375890561796435207e+01 1.688857168158084537e-02 3.377714336316159205e+01
3.420000000000000284e+01 5.620833778521305835e-01 8.270805742745619416e-01 -5.219584729900528242e-01 -4.866177314851449776e-01 3.534074150490784660e+01 1.767958350896440406e-02 3.535916701794054262e+01
3.600000000000000000e+01 5.877852522924731371e-01 8.090169943749475623e-01 -6.068379778190330365e-01 -5.699418545151990756e-01 3.689612330383395999e+01 1.845737690244823176e-02 3.691475380489934111e+01
3.780000000000000426e+01 6.129070536529765967e-01 7.901550123756903021e-01 -6.964424600056084991e-01 -6.580191198325285873e-01 3.842334017307991445e+01 1.922109400627088072e-02 3.844218801254874762e+01
3.960000000000000142e+01 6.374239897486897455e-01 7.705132427757891422e-01 -7.907521617578072703e-01 -7.508313248056480704e-01 3.992083695215919903e+01 1.996995516945262311e-02 3.993991033889466280e+01
4.139999999999999858e+01 6.613118653236519373e-01 7.501110696304597036e-01 -8.897293709369674675e-01 -8.483421779235111870e-01 4.138719301345628310e+01 2.070324830219618870e-02 4.140649660440789148e+01
4.320000000000000284e+01 6.845471059286888371e-01 7.289686274214115524e-01 -9.933166026327572284e-01 -9.504954964830308883e-01 4.282110614972634011e+01 2.142032076234578336e-02 4.284064152468042863e+01
4.500000000000000000e+01 7.071067811865475727e-01 7.071067811865475727e-01 -1.101434705645304435e+00 -1.057213325408035143e+00 4.422138023726929390e+01 2.212057314409671821e-02 4.424114628819551598e+01
4.680000000000000426e+01 7.289686274214115524e-01 6.845471059286887261e-01 -1.213980858174521060e+00 -1.168393942362289106e+00 4.558691581223184386e+01 2.280345452795895164e-02 4.560690905592743860e+01
4.860000000000000142e+01 7.501110696304597036e-01 6.613118653236519373e-01 -1.330826407250560006e+00 -1.283909704326041679e+00 4.691670292451821922e+01 2.346845887878775891e-02 4.693691775757525875e+01
5.039999999999999858e+01 7.705132427757892533e-01 6.374239897486897455e-01 -1.451814494118630616e+00 -1.403604678284847695e+00 4.820981583378291901e+01 2.411512236634350687e-02 4.823024473269072843e+01
5.220000000000000284e+01 7.901550123756904132e-01 6.129070536529765967e-01 -1.576757391863595092e+00 -1.527291982657441594e+00 4.946540920615360903e+01 2.474302144145567456e-02 4.948604288293467590e+01
5.400000000000000000e+01 8.090169943749475623e-01 5.877852522924731371e-01 -1.705433460697472370e+00 -1.654750745133271028e+00 5.068271556420145174e+01 2.535177153666892669e-02 5.070354307331313493e+01
5.580000000000000426e+01 8.270805742745619416e-01 5.620833778521305835e-01 -1.837583598597605672e+00 -1.785722554852029020e+00 5.186104374557687180e+01 2.594102627444869885e-02 5.188205254890820584e+01
5.760000000000000142e+01 8.443279255020151863e-01 5.358267949789965456e-01 -1.972907027799716939e+00 -1.919907249667451854e+00 5.299977813226497148e+01 2.651047705535967969e-02 5.302095411071857711e+01
5.939999999999999858e+01 8.607420270039435328e-01 5.090414157503714288e-01 -2.111056207297942855e+00 -2.056957828998950966e+00 5.409837829899177564e+01 2.705985285270728208e-02 5.411970570541515713e+01
6.120000000000000284e+01 8.763066800438636950e-01 4.817536741017152124e-01 -2.251630592986789026e+00 -2.196474214445909290e+00 5.515637854087984948e+01 2.758891993836119771e-02 5.517783987674020807e+01
6.300000000000000000e+01 8.910065241883677878e-01 4.539904997395468600e-01 -2.394168873735877501e+00 -2.337995487385863491e+00 5.617338635001411973e+01 2.809748106856038014e-02 5.619496213714672450e+01
6.479999999999999716e+01 9.048270524660196878e-01 4.257792915650727150e-01 -2.538139184744436783e+00 -2.480990106558417452e+00 5.714907818601955114e+01 2.858537329992514447e-02 5.717074659984016449e+01
6.660000000000000853e+01 9.177546256839811400e-01 3.971478906347805649e-01 -2.682926629065940372e+00 -2.624843439435531334e+00 5.808318963040903782e+01 2.905246296569602427e-02 5.810492593137910688e+01
6.840000000000000568e+01 9.297764858882514583e-01 3.681245526846778637e-01 -2.827817214740874441e+00 -2.768841719995210227e+00 5.897549474566388028e+01 2.949863521603976468e-02 5.899727043206593180e+01
7.020000000000000284e+01 9.408807689542256769e-01 3.387379202452912574e-01 -2.971977037277473421e+00 -2.912151271706769684e+00 5.982576557070351697e+01 2.992377357733046195e-02 5.984754715464409713e+01
7.200000000000000000e+01 9.510565162951535312e-01 3.090169943749474513e-01 -3.114425229633427605e+00 -3.053791533537131286e+00 6.063369609629609869e+01 3.032772168952620195e-02 6.065544337900989547e+01
7.379999999999999716e+01 9.602936856769430651e-01 2.789911060392293307e-01 -3.253998957895146038e+00 -3.192600193626271565e+00 6.139876426887458649e+01 3.071021402346528484e-02 6.142042804691732272e+01
7.560000000000000853e+01 9.685831611286310761e-01 2.486898871648547393e-01 -3.389308817515798822e+00 -3.327188828231547824e+00 6.211998928425111188e+01 3.107075428421570903e-02 6.214150856846678295e+01
7.740000000000000568e+01 9.759167619387474346e-01 2.181432413965425088e-01 -3.518683993474589045e+00 -3.455888473328949662e+00 6.279552014563927287e+01 3.140840971654608460e-02 6.281681943307027183e+01
7.920000000000000284e+01 9.822872507286887211e-01 1.873813145857245455e-01 -3.640109782962627882e+00 -3.576687809259848638e+00 6.342197370277913393e+01 3.172148092616826343e-02 6.344296185234075836e+01
8.100000000000000000e+01 9.876883405951378814e-01 1.564344650402309245e-01 -3.751167909449653948e+00 -3.687174453383901263e+00 6.399345606575290901e+01 3.200701507516665739e-02 6.401403015032173016e+01
8.279999999999999716e+01 9.921147013144778759e-01 1.253332335643042583e-01 -3.849005756895840236e+00 -3.784505433648291284e+00 6.450032324754883462e+01 3.226019155060513843e-02 6.452038310120504150e+01
8.460000000000000853e+01 9.955619646030799963e-01 9.410831331851428339e-02 -3.930385633695326675e+00 -3.865457550912360318e+00 6.492808278296679703e+01 3.247378122243158027e-02 6.494756244483993157e+01
8.640000000000000568e+01 9.980267284282716700e-01 6.279051952931330449e-02 -3.991889923978877874e+00 -3.926632475745539530e+00 6.525744823333845090e+01 3.263818173686840185e-02 6.527636347370855674e+01
8.820000000000000284e+01 9.995065603657316000e-01 3.141075907812817397e-02 -4.030347842166451144e+00 -3.964880825527969499e+00 6.546701663848186570e+01 3.274275412624891302e-02 6.548550825248925378e+01
9.000000000000000000e+01 1.000000000000000000e+00 0.000000000000000000e+00 -4.043451441905002497e+00 -3.977912261088651036e+00 6.553918081635134740e+01 3.277875674811310536e-02 6.555751349620470592e+01
9.179999999999999716e+01 9.995065603657316000e-01 -3.141075907812827805e-02 -4.030347842166423611e+00 -3.964880825528191544e+00 6.546701663823206729e+01 3.274275412624921139e-02 6.548550825252047503e+01
9.360000000000000853e+01 9.980267284282716700e-01 -6.279051952931340164e-02 -3.991889923979294430e+00 -3.926632475745553297e+00 6.525744823374091652e+01 3.263818173686816593e-02 6.527636347366345149e+01
9.540000000000000568e+01 9.955619646030799963e-01 -9.410831331851438053e-02 -3.930385633695160585e+00 -3.865457550912901219e+00 6.492808278225903962e+01 3.247378122243176068e-02 6.494756244489848029e+01
9.720000000000000284e+01 9.921147013144777649e-01 -1.253332335643043693e-01 -3.849005756896104025e+00 -3.784505433648499562e+00 6.450032324760435642e+01 3.226019155060577681e-02 6.452038310122325981e+01
9.900000000000000000e+01 9.876883405951378814e-01 -1.564344650402308134e-01 -3.751167909449653948e+00 -3.687174453384151285e+00 6.399345606550311061e+01 3.200701507516763578e-02 6.401403015031088728e+01
1.007999999999999972e+02 9.822872507286887211e-01 -1.873813145857246010e-01 -3.640109782962724694e+00 -3.576687809259723849e+00 6.342197370300117854e+01 3.172148092616820098e-02 6.344296185230432883e+01
1.026000000000000085e+02 9.759167619387474346e-01 -2.181432413965425643e-01 -3.518683993474977623e+00 -3.455888473329615795e+00 6.279552014536171356e+01 3.140840971654627195e-02 6.281681943310496763e+01
1.044000000000000057e+02 9.685831611286310761e-01 -2.486898871648548781e-01 -3.389308817515743311e+00 -3.327188828231602891e+00 6.211998928414008958e+01 3.107075428421559801e-02 6.214150856842471882e+01
1.062000000000000028e+02 9.602936856769430651e-01 -2.789911060392293307e-01 -3.253998957895340549e+00 -3.192600193626590865e+00 6.139876426874968729e+01 3.071021402346498647e-02 6.142042804694377622e+01
1.080000000000000000e+02 9.510565162951536422e-01 -3.090169943749473402e-01 -3.114425229633316583e+00 -3.053791533536811986e+00 6.063369609650426639e+01 3.032772168952568848e-02 6.065544337906020189e+01
1.097999999999999972e+02 9.408807689542254549e-01 -3.387379202452913685e-01 -2.971977037277556910e+00 -2.912151271706742151e+00 5.982576557081453927e+01 2.992377357733004561e-02 5.984754715466058173e+01
1.116000000000000085e+02 9.297764858882514583e-01 -3.681245526846780303e-01 -2.827817214741012997e+00 -2.768841719995376760e+00 5.897549474563612648e+01 2.949863521603950101e-02 5.899727043207374066e+01
1.134000000000000057e+02 9.177546256839811400e-01 -3.971478906347806759e-01 -2.682926629065843116e+00 -2.624843439434989989e+00 5.808318963085312703e+01 2.905246296569553160e-02 5.810492593139125006e+01
1.152000000000000028e+02 9.048270524660195768e-01 -4.257792915650727150e-01 -2.538139184744603316e+00 -2.480990106558417452e+00 5.714907818618608815e+01 2.858537329992563020e-02 5.717074659983799023e+01
1.170000000000000000e+02 8.910065241883678988e-01 -4.539904997395467490e-01 -2.394168873735877501e+00 -2.337995487386057558e+00 5.617338634981982892e+01 2.809748106855983890e-02 5.619496213710509380e+01
1.187999999999999972e+02 8.763066800438636950e-01 -4.817536741017150459e-01 -2.251630592987274859e+00 -2.196474214446297868e+00 5.515637854097698778e+01 2.758891993836178058e-02 5.517783987673109891e+01
1.206000000000000085e+02 8.607420270039436438e-01 -5.090414157503713177e-01 -2.111056207297887344e+00 -2.056957828998784432e+00 5.409837829910279794e+01 2.705985285270749718e-02 5.411970570538912995e+01
1.224000000000000057e+02 8.443279255020149643e-01 -5.358267949789968787e-01 -1.972907027799994495e+00 -1.919907249667535121e+00 5.299977813245926228e+01 2.651047705535977683e-02 5.302095411068843589e+01
1.242000000000000028e+02 8.270805742745617195e-01 -5.620833778521306945e-01 -1.837583598597286594e+00 -1.785722554851654209e+00 5.186104374563238650e+01 2.594102627444922621e-02 5.188205254888826090e+01
1.260000000000000000e+02 8.090169943749475623e-01 -5.877852522924730261e-01 -1.705433460697181047e+00 -1.654750745133104495e+00 5.068271556407655254e+01 2.535177153666819116e-02 5.070354307334132216e+01
1.277999999999999972e+02 7.901550123756905242e-01 -6.129070536529762636e-01 -1.576757391863553570e+00 -1.527291982657399849e+00 4.946540920615360903e+01 2.474302144145597293e-02 4.948604288291168984e+01
1.295999999999999943e+02 7.705132427757892533e-01 -6.374239897486897455e-01 -1.451814494118047749e+00 -1.403604678285166774e+00 4.820981583288086370e+01 2.411512236634393708e-02 4.823024473268942813e+01
1.314000000000000057e+02 7.501110696304593706e-01 -6.613118653236520483e-01 -1.330826407250879084e+00 -1.283909704326222201e+00 4.691670292465699532e+01 2.346845887878783177e-02 4.693691775756246187e+01
1.332000000000000171e+02 7.289686274214114414e-01 -6.845471059286888371e-01 -1.213980858174798616e+00 -1.168393942362552895e+00 4.558691581224572076e+01 2.280345452795817796e-02 4.560690905591269484e+01
1.350000000000000000e+02 7.071067811865475727e-01 -7.071067811865475727e-01 -1.101434705645401468e+00 -1.057213325407840854e+00 4.422138023756072300e+01 2.212057314409673556e-02 4.424114628820441197e+01
1.368000000000000114e+02 6.845471059286885041e-01 -7.289686274214116635e-01 -9.933166026327572284e-01 -9.504954964830308883e-01 4.282110614972634011e+01 2.142032076234629684e-02 4.284064152469040465e+01
1.385999999999999943e+02 6.613118653236519373e-01 -7.501110696304597036e-01 -8.897293709368842007e-01 -8.483421779235250648e-01 4.138719301335913769e+01 2.070324830219631013e-02 4.140649660440062974e+01
1.404000000000000057e+02 6.374239897486896345e-01 -7.705132427757894753e-01 -7.907521617572799144e-01 -7.508313248053705147e-01 3.992083695190940063e+01 1.996995516945305332e-02 3.993991033890821996e+01
1.422000000000000171e+02 6.129070536529763746e-01 -7.901550123756904132e-01 -6.964424600054280878e-01 -6.580191198323204205e-01 3.842334017310766825e+01 1.922109400627118603e-02 3.844218801254159246e+01
1.440000000000000000e+02 5.877852522924732481e-01 -8.090169943749474513e-01 -6.068379778187971141e-01 -5.699418545150602977e-01 3.689612330373681459e+01 1.845737690244805135e-02 3.691475380489792713e+01
1.458000000000000114e+02 5.620833778521304724e-01 -8.270805742745620526e-01 -5.219584729899418019e-01 -4.866177314850755886e-01 3.534074150486621591e+01 1.767958350896516734e-02 3.535916701793051686e+01
1.475999999999999943e+02 5.358267949789966567e-01 -8.443279255020151863e-01 -4.418075201980398159e-01 -4.080486145798534192e-01 3.375890561818639668e+01 1.688857168158094252e-02 3.377714336316912380e+01
1.494000000000000057e+02 5.090414157503710957e-01 -8.607420270039438659e-01 -3.663742564888050612e-01 -3.342217463501162555e-01 3.215251013868880392e+01 1.608529155765476421e-02 3.217058311531459225e+01
1.512000000000000171e+02 4.817536741017152679e-01 -8.763066800438635839e-01 -2.956351171055082716e-01 -2.651114464743420385e-01 3.052367063116623314e+01 1.527080438132132761e-02 3.054160876264340985e+01
1.530000000000000000e+02 4.539904997395468600e-01 -8.910065241883677878e-01 -2.295555732890197653e-01 -2.006807988379211150e-01 2.887477445109865215e+01 1.444630801726096841e-02 2.889261603451764771e+01
1.548000000000000114e+02 4.257792915650724930e-01 -9.048270524660196878e-01 -1.680918800172764849e-01 -1.408833294598843544e-01 2.720855055739212958e+01 1.361317205791488967e-02 2.722634411582228964e+01
1.565999999999999943e+02 3.971478906347806204e-01 -9.177546256839811400e-01 -1.111928389002508899e-01 -8.566467168917568653e-02 2.552816721107520337e+01 1.277298694214220806e-02 2.554597388428906157e+01
1.584000000000000057e+02 3.681245526846777527e-01 -9.297764858882514583e-01 -5.880157991459966649e-02 -3.496420871926253504e-02 2.383737119533713056e+01 1.192763391867013474e-02 2.385526783733780576e+01
1.602000000000000171e+02 3.387379202452913129e-01 -9.408807689542254549e-01 -1.085736587480568005e-02 1.128332412086985315e-02 2.214068999567553320e+01 1.107938660752204839e-02 2.215877321505188746e+01
1.620000000000000000e+02 3.090169943749475068e-01 -9.510565162951535312e-01 3.270257337290027877e-02 5.314630469391290468e-02 2.044373132101262769e+01 1.023106137267051560e-02 2.046212274532792108e+01
1.638000000000000114e+02 2.789911060392291087e-01 -9.602936856769430651e-01 7.194116232382696818e-02 9.069479822693127247e-02 1.875363590310430340e+01 9.386244487164678574e-03 1.877248897433166164e+01
1.655999999999999943e+02 2.486898871648548504e-01 -9.685831611286310761e-01 1.069195266238942565e-01 1.239993022779384280e-01 1.707977565404416964e+01 8.549642076511303895e-03 1.709928415302808702e+01
1.674000000000000057e+02 2.181432413965423422e-01 -9.759167619387474346e-01 1.376949074703148757e-01 1.531297564348055307e-01 1.543484896449065502e+01 7.727628479900129459e-03 1.545525695981355518e+01
1.692000000000000171e+02 1.873813145857245732e-01 -9.822872507286887211e-01 1.643183406960790904e-01 1.781549589165848380e-01 1.383661822050574841e+01 6.929114771764396420e-03 1.385822954352597947e+01
1.710000000000000000e+02 1.564344650402309800e-01 -9.876883405951376593e-01 1.868319374757065887e-01 1.991425942424601692e-01 1.231065676675358134e+01 6.166918881815782252e-03 1.233383776363725026e+01
1.728000000000000114e+02 1.253332335643040918e-01 -9.921147013144778759e-01 2.052655723550067535e-01 2.161601076996894077e-01 1.089453534468265516e+01 5.459847053436020677e-03 1.091969410686635200e+01
1.745999999999999943e+02 9.410831331851435277e-02 -9.955619646030799963e-01 2.196329830862348009e-01 2.292764623816195835e-01 9.643479295384782546e+00 4.835491885916065255e-03 9.670983771831121345e+00
1.764000000000000057e+02 6.279051952931313796e-02 -9.980267284282716700e-01 2.299283299978804873e-01 2.385637685643482442e-01 8.635438566467756871e+00 4.332707366828284640e-03 8.665414733657613056e+00
1.782000000000000171e+02 3.141075907812823642e-02 -9.995065603657316000e-01 2.361271116003288428e-01 2.440949218706772728e-01 7.967810270348429924e+00 3.999906780752240758e-03 7.999813561503717807e+00
1.800000000000000000e+02 0.000000000000000000e+00 -1.000000000000000000e+00 2.381982808902088911e-01 2.459304332251693870e-01 7.732152334960495921e+00 3.882481807663680853e-03 7.764963615327291180e+00
1.818000000000000114e+02 -3.141075907812843765e-02 -9.995065603657316000e-01 2.361271116005786430e-01 2.440949218707189061e-01 7.967810270140263107e+00 3.999906780751599777e-03 7.999813561504584669e+00
1.835999999999999943e+02 -6.279051952931334613e-02 -9.980267284282716700e-01 2.299283299978110984e-01 2.385637685638347660e-01 8.635438566023667661e+00 4.332707366828626380e-03 8.665414733656527702e+00
1.854000000000000057e+02 -9.410831331851454706e-02 -9.955619646030799963e-01 2.196329830866650124e-01 2.292764623819526504e-01 9.643479295287637143e+00 4.835491885915919538e-03 9.670983771836651144e+00
1.872000000000000171e+02 -1.253332335643042861e-01 -9.921147013144778759e-01 2.052655723546875643e-01 2.161601076998698190e-01 1.089453534518225553e+01 5.459847053436191547e-03 1.091969410686933450e+01
1.890000000000000000e+02 -1.564344650402307579e-01 -9.876883405951378814e-01 1.868319374761784335e-01 1.991425942427793583e-01 1.231065676660092478e+01 6.166918881816287057e-03 1.233383776363071682e+01
1.908000000000000114e+02 -1.873813145857247675e-01 -9.822872507286886101e-01 1.643183406957599013e-01 1.781549589164460601e-01 1.383661822068615876e+01 6.929114771764559484e-03 1.385822954353289127e+01
1.925999999999999943e+02 -2.181432413965425365e-01 -9.759167619387474346e-01 1.376949074704397757e-01 1.531297564352634977e-01 1.543484896482372193e+01 7.727628479899430365e-03 1.545525695979628900e+01
1.944000000000000057e+02 -2.486898871648550446e-01 -9.685831611286310761e-01 1.069195266238387454e-01 1.239993022780910836e-01 1.707977565425233735e+01 8.549642076514093331e-03 1.709928415302475102e+01
1.962000000000000171e+02 -2.789911060392293307e-01 -9.602936856769430651e-01 7.194116232336900119e-02 9.069479822666759450e-02 1.875363590329859420e+01 9.386244487163235284e-03 1.877248897432382790e+01
1.980000000000000000e+02 -3.090169943749473402e-01 -9.510565162951536422e-01 3.270257337266435638e-02 5.314630469384351574e-02 2.044373132117915759e+01 1.023106137267100479e-02 2.046212274534391184e+01
1.998000000000000114e+02 -3.387379202452915350e-01 -9.408807689542254549e-01 -1.085736587456975766e-02 1.128332412170252042e-02 2.214068999627227896e+01 1.107938660752223921e-02 2.215877321504818909e+01
2.015999999999999943e+02 -3.681245526846779192e-01 -9.297764858882514583e-01 -5.880157991419721064e-02 -3.496420871913763495e-02 2.383737119505957480e+01 1.192763391866995260e-02 2.385526783734499290e+01
2.034000000000000057e+02 -3.971478906347808424e-01 -9.177546256839810290e-01 -1.111928389002370121e-01 -8.566467168925895326e-02 2.552816721097805797e+01 1.277298694214211265e-02 2.554597388428696192e+01
2.052000000000000171e+02 -4.257792915650727150e-01 -9.048270524660195768e-01 -1.680918800174707739e-01 -1.408833294599537433e-01 2.720855055751702878e+01 1.361317205791475957e-02 2.722634411583081615e+01
2.070000000000000000e+02 -4.539904997395467490e-01 -8.910065241883678988e-01 -2.295555732894638545e-01 -2.006807988380043817e-01 2.887477445145947286e+01 1.444630801726087647e-02 2.889261603451060267e+01
2.088000000000000114e+02 -4.817536741017153790e-01 -8.763066800438635839e-01 -2.956351171057719496e-01 -2.651114464747722499e-01 3.052367063099969968e+01 1.527080438132180987e-02 3.054160876264630886e+01
2.105999999999999943e+02 -5.090414157503712067e-01 -8.607420270039436438e-01 -3.663742564888050612e-01 -3.342217463500607444e-01 3.215251013874431862e+01 1.608529155765470176e-02 3.217058311531052794e+01
2.124000000000000057e+02 -5.358267949789967677e-01 -8.443279255020149643e-01 -4.418075201982063493e-01 -4.080486145798950526e-01 3.375890561831129588e+01 1.688857168158040822e-02 3.377714336316077492e+01
2.142000000000000171e+02 -5.620833778521305835e-01 -8.270805742745619416e-01 -5.219584729900111908e-01 -4.866177314848257884e-01 3.534074150518540591e+01 1.767958350896494529e-02 3.535916701793480144e+01
2.160000000000000000e+02 -5.877852522924730261e-01 -8.090169943749475623e-01 -6.068379778190607921e-01 -5.699418545150325421e-01 3.689612330402825080e+01 1.845737690244827339e-02 3.691475380488893165e+01
2.178000000000000114e+02 -6.129070536529767077e-01 -7.901550123756903021e-01 -6.964424600053725767e-01 -6.580191198329865543e-01 3.842334017238601973e+01 1.922109400627122766e-02 3.844218801254018558e+01
2.195999999999999943e+02 -6.374239897486897455e-01 -7.705132427757892533e-01 -7.907521617575991035e-01 -7.508313248056897038e-01 3.992083695190940063e+01 1.996995516945277924e-02 3.993991033890247166e+01
2.214000000000000057e+02 -6.613118653236520483e-01 -7.501110696304593706e-01 -8.897293709371756343e-01 -8.483421779238858873e-01 4.138719301328974609e+01 2.070324830219592502e-02 4.140649660439586199e+01
2.232000000000000171e+02 -6.845471059286888371e-01 -7.289686274214115524e-01 -9.933166026326462061e-01 -9.504954964831141551e-01 4.282110614953204930e+01 2.142032076234599847e-02 4.284064152469994013e+01
2.250000000000000000e+02 -7.071067811865475727e-01 -7.071067811865476838e-01 -1.101434705645359946e+00 -1.057213325408270954e+00 4.422138023708887999e+01 2.212057314409682229e-02 4.424114628820441197e+01
2.268000000000000114e+02 -7.289686274214115524e-01 -6.845471059286887261e-01 -1.213980858174715127e+00 -1.168393942362191851e+00 4.558691581252327296e+01 2.280345452795901062e-02 4.560690905592093713e+01
2.285999999999999943e+02 -7.501110696304595926e-01 -6.613118653236519373e-01 -1.330826407250851329e+00 -1.283909704326027690e+00 4.691670292482352522e+01 2.346845887878726278e-02 4.693691775756983731e+01
2.304000000000000057e+02 -7.705132427757894753e-01 -6.374239897486896345e-01 -1.451814494118436327e+00 -1.403604678284889218e+00 4.820981583354699751e+01 2.411512236634300727e-02 4.823024473267793155e+01
2.322000000000000171e+02 -7.901550123756904132e-01 -6.129070536529765967e-01 -1.576757391863442548e+00 -1.527291982657136282e+00 4.946540920630626204e+01 2.474302144145523741e-02 4.948604288290930953e+01
2.340000000000000000e+02 -8.090169943749474513e-01 -5.877852522924732481e-01 -1.705433460697292070e+00 -1.654750745133104495e+00 5.068271556418757484e+01 2.535177153666817729e-02 5.070354307335932020e+01
2.358000000000000114e+02 -8.270805742745621636e-01 -5.620833778521301394e-01 -1.837583598597272605e+00 -1.785722554851543187e+00 5.186104374572953191e+01 2.594102627444834497e-02 5.188205254889086149e+01
2.375999999999999943e+02 -8.443279255020148533e-01 -5.358267949789972118e-01 -1.972907027799813973e+00 -1.919907249667507365e+00 5.299977813230660928e+01 2.651047705536064419e-02 5.302095411072855313e+01
2.394000000000000057e+02 -8.607420270039438659e-01 -5.090414157503710957e-01 -2.111056207297720810e+00 -2.056957828998742688e+00 5.409837829897789874e+01 2.705985285270817026e-02 5.411970570544724524e+01
2.412000000000000171e+02 -8.763066800438635839e-01 -4.817536741017152679e-01 -2.251630592987163837e+00 -2.196474214446131334e+00 5.515637854103250248e+01 2.758891993836119771e-02 5.517783987670811285e+01
2.430000000000000000e+02 -8.910065241883677878e-01 -4.539904997395469155e-01 -2.394168873735877501e+00 -2.337995487385891025e+00 5.617338634998636593e+01 2.809748106856013380e-02 5.619496213712764643e+01
2.448000000000000114e+02 -9.048270524660197989e-01 -4.257792915650721599e-01 -2.538139184744756083e+00 -2.480990106558417452e+00 5.714907818633874115e+01 2.858537329992566489e-02 5.717074659986921858e+01
2.465999999999999943e+02 -9.177546256839809180e-01 -3.971478906347811200e-01 -2.682926629066259672e+00 -2.624843439435240011e+00 5.808318963101966403e+01 2.905246296569573283e-02 5.810492593138994977e+01
2.484000000000000057e+02 -9.297764858882514583e-01 -3.681245526846778082e-01 -2.827817214740901974e+00 -2.768841719995238204e+00 5.897549474566388028e+01 2.949863521603983407e-02 5.899727043207070665e+01
2.502000000000000171e+02 -9.408807689542254549e-01 -3.387379202452913685e-01 -2.971977037277029332e+00 -2.912151271706353572e+00 5.982576557067575607e+01 2.992377357732944193e-02 5.984754715467445862e+01
2.520000000000000000e+02 -9.510565162951535312e-01 -3.090169943749476178e-01 -3.114425229633538628e+00 -3.053791533536950986e+00 6.063369609658752779e+01 3.032772168952502928e-02 6.065544337903938299e+01
2.538000000000000114e+02 -9.602936856769431762e-01 -2.789911060392287201e-01 -3.253998957895118505e+00 -3.192600193626063287e+00 6.139876426905499329e+01 3.071021402346660323e-02 6.142042804691384816e+01
2.555999999999999943e+02 -9.685831611286309650e-01 -2.486898871648553222e-01 -3.389308817515687799e+00 -3.327188828231950168e+00 6.211998928373763107e+01 3.107075428421523372e-02 6.214150856842601911e+01
2.574000000000000341e+02 -9.759167619387474346e-01 -2.181432413965423700e-01 -3.518683993474949645e+00 -3.455888473329574051e+00 6.279552014537559046e+01 3.140840971654429437e-02 6.281681943307547300e+01
2.591999999999999886e+02 -9.822872507286887211e-01 -1.873813145857246565e-01 -3.640109782963182994e+00 -3.576687809260139961e+00 6.342197370304280923e+01 3.172148092616802750e-02 6.344296185232427376e+01
2.610000000000000000e+02 -9.876883405951376593e-01 -1.564344650402310632e-01 -3.751167909449695692e+00 -3.687174453384303607e+00 6.399345606539208120e+01 3.200701507516769129e-02 6.401403015033734789e+01
2.628000000000000114e+02 -9.921147013144778759e-01 -1.253332335643037310e-01 -3.849005756895618191e+00 -3.784505433648055472e+00 6.450032324756271862e+01 3.226019155060470822e-02 6.452038310122152609e+01
2.646000000000000227e+02 -9.955619646030799963e-01 -9.410831331851397807e-02 -3.930385633694993608e+00 -3.865457550912637430e+00 6.492808278235617081e+01 3.247378122243171905e-02 6.494756244485944308e+01
2.664000000000000341e+02 -9.980267284282716700e-01 -6.279051952931320735e-02 -3.991889923978725108e+00 -3.926632475745608808e+00 6.525744823311640630e+01 3.263818173686856838e-02 6.527636347373457681e+01
2.681999999999999886e+02 -9.995065603657316000e-01 -3.141075907812829887e-02 -4.030347842166618122e+00 -3.964880825528191544e+00 6.546701663842635810e+01 3.274275412624858689e-02 6.548550825248230467e+01
2.700000000000000000e+02 -1.000000000000000000e+00 0.000000000000000000e+00 -4.043451441905043353e+00 -3.977912261088720314e+00 6.553918081632359360e+01 3.277875674811005224e-02 6.555751349628449987e+01
2.718000000000000114e+02 -9.995065603657316000e-01 3.141075907812881929e-02 -4.030347842166326799e+00 -3.964880825528094288e+00 6.546701663823206729e+01 3.274275412624825382e-02 6.548550825253869334e+01
2.736000000000000227e+02 -9.980267284282716700e-01 6.279051952931373470e-02 -3.991889923978642063e+00 -3.926632475745345019e+00 6.525744823329682731e+01 3.263818173686763163e-02 6.527636347373197623e+01
2.754000000000000341e+02 -9.955619646030799963e-01 9.410831331851450543e-02 -3.930385633695007819e+00 -3.865457550912582363e+00 6.492808278242556241e+01 3.247378122243195497e-02 6.494756244486117680e+01
2.771999999999999886e+02 -9.921147013144778759e-01 1.253332335643042306e-01 -3.849005756895798491e+00 -3.784505433648166495e+00 6.450032324763211022e+01 3.226019155060430577e-02 6.452038310122108555e+01
2.790000000000000000e+02 -9.876883405951378814e-01 1.564344650402306747e-01 -3.751167909449695692e+00 -3.687174453384262307e+00 6.399345606543371900e+01 3.200701507516797578e-02 6.401403015033950794e+01
2.808000000000000114e+02 -9.822872507286886101e-01 1.873813145857251561e-01 -3.640109782962738905e+00 -3.576687809259959661e+00 6.342197370277913393e+01 3.172148092616788873e-02 6.344296185232774832e+01
2.826000000000000227e+02 -9.759167619387473236e-01 2.181432413965428974e-01 -3.518683993474977623e+00 -3.455888473329282728e+00 6.279552014569478047e+01 3.140840971654434988e-02 6.281681943310409366e+01
2.844000000000000341e+02 -9.685831611286310761e-01 2.486898871648549336e-01 -3.389308817516034633e+00 -3.327188828231491868e+00 6.211998928454254099e+01 3.107075428421502555e-02 6.214150856841084192e+01
2.861999999999999886e+02 -9.602936856769430651e-01 2.789911060392292197e-01 -3.253998957895243294e+00 -3.192600193626327076e+00 6.139876426891621719e+01 3.071021402346649568e-02 6.142042804693813451e+01
2.880000000000000000e+02 -9.510565162951536422e-01 3.090169943749472847e-01 -3.114425229633260628e+00 -3.053791533537478120e+00 6.063369609578261787e+01 3.032772168952427988e-02 6.065544337908492167e+01
2.898000000000000114e+02 -9.408807689542253438e-01 3.387379202452918681e-01 -2.971977037277431677e+00 -2.912151271706825639e+00 5.982576557060637157e+01 2.992377357732921989e-02 5.984754715466578290e+01
2.916000000000000227e+02 -9.297764858882513472e-01 3.681245526846783078e-01 -2.827817214740860230e+00 -2.768841719995474016e+00 5.897549474538632808e+01 2.949863521604047939e-02 5.899727043208371668e+01
2.934000000000000341e+02 -9.177546256839810290e-01 3.971478906347807869e-01 -2.682926629066315183e+00 -2.624843439435128989e+00 5.808318963118619394e+01 2.905246296569617692e-02 5.810492593139949236e+01
2.951999999999999886e+02 -9.048270524660196878e-01 4.257792915650726595e-01 -2.538139184744797383e+00 -2.480990106558264685e+00 5.714907818653303195e+01 2.858537329992516876e-02 5.717074659985707541e+01
2.970000000000000000e+02 -8.910065241883681209e-01 4.539904997395466379e-01 -2.394168873736002290e+00 -2.337995487385655213e+00 5.617338635034718664e+01 2.809748106855952665e-02 5.619496213712894672e+01
2.988000000000000114e+02 -8.763066800438634729e-01 4.817536741017157120e-01 -2.251630592987316604e+00 -2.196474214446491935e+00 5.515637854082433478e+01 2.758891993836189160e-02 5.517783987673760748e+01
3.006000000000000227e+02 -8.607420270039434218e-01 5.090414157503715398e-01 -2.111056207297831833e+00 -2.056957828998923432e+00 5.409837829890851424e+01 2.705985285270826393e-02 5.411970570539260450e+01
3.024000000000000341e+02 -8.443279255020149643e-01 5.358267949789967677e-01 -1.972907027799827961e+00 -1.919907249667618387e+00 5.299977813220946388e+01 2.651047705536156013e-02 5.302095411073093345e+01
3.041999999999999886e+02 -8.270805742745619416e-01 5.620833778521305835e-01 -1.837583598597272605e+00 -1.785722554851778998e+00 5.186104374549360330e+01 2.594102627444791476e-02 5.188205254886635487e+01
3.060000000000000000e+02 -8.090169943749475623e-01 5.877852522924729151e-01 -1.705433460698096981e+00 -1.654750745133770629e+00 5.068271556432635094e+01 2.535177153666863525e-02 5.070354307334002186e+01
3.078000000000000114e+02 -7.901550123756901911e-01 6.129070536529769297e-01 -1.576757391863414792e+00 -1.527291982657330571e+00 4.946540920608421743e+01 2.474302144145541435e-02 4.948604288289304520e+01
3.096000000000000227e+02 -7.705132427757890312e-01 6.374239897486899675e-01 -1.451814494118269794e+00 -1.403604678284833707e+00 4.820981583343597521e+01 2.411512236634314604e-02 4.823024473268400669e+01
3.114000000000000341e+02 -7.501110696304595926e-01 6.613118653236519373e-01 -1.330826407250365495e+00 -1.283909704326319234e+00 4.691670292404636911e+01 2.346845887878752299e-02 4.693691775755617357e+01
3.131999999999999886e+02 -7.289686274214115524e-01 6.845471059286887261e-01 -1.213980858174743105e+00 -1.168393942362372373e+00 4.558691581237061996e+01 2.280345452795834449e-02 4.560690905591898314e+01
3.150000000000000000e+02 -7.071067811865476838e-01 7.071067811865473507e-01 -1.101434705645262913e+00 -1.057213325407813098e+00 4.422138023744970070e+01 2.212057314409742598e-02 4.424114628818792738e+01
3.168000000000000114e+02 -6.845471059286882820e-01 7.289686274214119965e-01 -9.933166026326323284e-01 -9.504954964831696662e-01 4.282110614946266480e+01 2.142032076234570009e-02 4.284064152469202469e+01
3.186000000000000227e+02 -6.613118653236516042e-01 7.501110696304597036e-01 -8.897293709370646120e-01 -8.483421779235528204e-01 4.138719301351179070e+01 2.070324830219626849e-02 4.140649660438523227e+01
3.204000000000000341e+02 -6.374239897486897455e-01 7.705132427757894753e-01 -7.907521617569329697e-01 -7.508313248056758260e-01 3.992083695125714371e+01 1.996995516945229698e-02 3.993991033890561226e+01
3.221999999999999886e+02 -6.129070536529765967e-01 7.901550123756903021e-01 -6.964424600055946213e-01 -6.580191198325147095e-01 3.842334017307991445e+01 1.922109400627125542e-02 3.844218801253617102e+01
3.240000000000000000e+02 -5.877852522924733591e-01 8.090169943749474513e-01 -6.068379778185750695e-01 -5.699418545148104975e-01 3.689612330376456839e+01 1.845737690244816237e-02 3.691475380488513736e+01
3.258000000000000114e+02 -5.620833778521302504e-01 8.270805742745620526e-01 -5.219584729900944575e-01 -4.866177314850755886e-01 3.534074150501886891e+01 1.767958350896491407e-02 3.535916701793691175e+01
3.276000000000000227e+02 -5.358267949789963236e-01 8.443279255020152974e-01 -4.418075201980814493e-01 -4.080486145797007635e-01 3.375890561838068749e+01 1.688857168158078986e-02 3.377714336316088861e+01
3.294000000000000341e+02 -5.090414157503712067e-01 8.607420270039438659e-01 -3.663742564892075171e-01 -3.342217463501717667e-01 3.215251013903574773e+01 1.608529155765509727e-02 3.217058311531242509e+01
3.311999999999999886e+02 -4.817536741017153235e-01 8.763066800438635839e-01 -2.956351171058274607e-01 -2.651114464746612276e-01 3.052367063116623314e+01 1.527080438132139006e-02 3.054160876264923630e+01
3.330000000000000000e+02 -4.539904997395469710e-01 8.910065241883677878e-01 -2.295555732900467216e-01 -2.006807988379905039e-01 2.887477445205621862e+01 1.444630801726054514e-02 2.889261603452813887e+01
3.348000000000000114e+02 -4.257792915650722154e-01 9.048270524660196878e-01 -1.680918800172209737e-01 -1.408833294603423214e-01 2.720855055687865232e+01 1.361317205791471099e-02 2.722634411583030101e+01
3.366000000000000227e+02 -3.971478906347803428e-01 9.177546256839812511e-01 -1.111928388998068007e-01 -8.566467168884261962e-02 2.552816721096418107e+01 1.277298694214236419e-02 2.554597388427819382e+01
3.384000000000000341e+02 -3.681245526846778637e-01 9.297764858882514583e-01 -5.880157991389189931e-02 -3.496420871847150114e-02 2.383737119542039906e+01 1.192763391867013648e-02 2.385526783733873302e+01
3.401999999999999886e+02 -3.387379202452914240e-01 9.408807689542254549e-01 -1.085736587420893517e-02 1.128332412102250881e-02 2.214068999523144399e+01 1.107938660752264687e-02 2.215877321503229069e+01
3.420000000000000000e+02 -3.090169943749476178e-01 9.510565162951535312e-01 3.270257337290027877e-02 5.314630469359371556e-02 2.044373132069343768e+01 1.023106137267013049e-02 2.046212274535079700e+01
3.438000000000000114e+02 -2.789911060392287756e-01 9.602936856769431762e-01 7.194116232367431252e-02 9.069479822688963910e-02 1.875363590321532570e+01 9.386244487164800004e-03 1.877248897432423647e+01
3.456000000000000227e+02 -2.486898871648544895e-01 9.685831611286312981e-01 1.069195266240885456e-01 1.239993022784519061e-01 1.707977565436335965e+01 8.549642076512029010e-03 1.709928415301843785e+01
3.474000000000000341e+02 -2.181432413965424255e-01 9.759167619387474346e-01 1.376949074704258980e-01 1.531297564350830864e-01 1.543484896465718847e+01 7.727628479900171959e-03 1.545525695980238723e+01
3.491999999999999886e+02 -1.873813145857246842e-01 9.822872507286887211e-01 1.643183406964399129e-01 1.781549589160713598e-01 1.383661821963144689e+01 6.929114771764686986e-03 1.385822954353609049e+01
3.510000000000000000e+02 -1.564344650402311188e-01 9.876883405951376593e-01 1.868319374758592444e-01 1.991425942427793583e-01 1.231065676692011479e+01 6.166918881815619188e-03 1.233383776362545881e+01
3.528000000000000114e+02 -1.253332335643037865e-01 9.921147013144778759e-01 2.052655723549651201e-01 2.161601076996338966e-01 1.089453534466877649e+01 5.459847053436420530e-03 1.091969410686917108e+01
3.546000000000000227e+02 -9.410831331851404746e-02 9.955619646030799963e-01 2.196329830864568455e-01 2.292764623820081615e-01 9.643479295551316000e+00 4.835491885915935151e-03 9.670983771833345344e+00
3.564000000000000341e+02 -6.279051952931326286e-02 9.980267284282716700e-01 2.299283299982413098e-01 2.385637685644731443e-01 8.635438566231833590e+00 4.332707366828555257e-03 8.665414733655769197e+00
3.581999999999999886e+02 -3.141075907812836132e-02 9.995065603657316000e-01 2.361271116000235315e-01 2.440949218704829837e-01 7.967810270459452227e+00 3.999906780752094174e-03 7.999813561504367954e+00
3.600000000000000000e+02 0.000000000000000000e+00 1.000000000000000000e+00 2.381982808900423576e-01 2.459304332250167313e-01 7.732152334974373709e+00 3.882481807664067263e-03 7.764963615328158042e+00
