# Energy    MatrixElement
-5.8139302424e-01 1.0545524849e-30
-5.8068984592e-01 2.2735674483e-31
-5.8013175957e-01 3.3152824668e-07
-5.7948205462e-01 1.6004460131e-30
-5.7892409666e-01 3.1943009100e-08
-5.7843217887e-01 2.9750565386e-08
-5.7807241795e-01 5.7500009777e-31
-5.7787040864e-01 1.4674006459e-30
-5.7779299520e-01 1.5376713879e-07
-5.7699300374e-01 5.8312127827e-30
-5.7679705563e-01 1.9112078656e-07
-5.7635346914e-01 5.4134729659e-07
-5.7547819220e-01 5.2735350556e-30
-5.7427484913e-01 7.6665816479e-28
-5.7424638452e-01 7.4999124386e-06
-5.7391330760e-01 2.2144832850e-30
-5.7354300076e-01 4.1534047524e-30
-5.7215249777e-01 6.4302804629e-31
-5.7163628319e-01 2.4715255102e-30
-5.7065058258e-01 8.7197438118e-08
-5.7034000117e-01 1.7567717430e-06
-5.7004068682e-01 1.0763489427e-30
-5.6828036687e-01 4.7018472820e-31
-5.6804859623e-01 4.1939340610e-30
-5.6768464845e-01 4.9442383286e-30
-5.6759087099e-01 1.7971656564e-06
-5.6685375969e-01 1.0257808862e-08
-5.6680521248e-01 1.0387558829e-30
-5.6586359653e-01 6.8979998686e-31
-5.6503779803e-01 3.3849121699e-09
-5.6500484575e-01 3.3707516967e-30
-5.6486800592e-01 1.4358417189e-07
-5.6371195644e-01 1.2717918337e-29
-5.6360355841e-01 1.8557537559e-06
-5.6316129696e-01 4.2446256102e-09
-5.6260616733e-01 1.4864542459e-30
-5.6191356589e-01 3.8832135251e-31
-5.6133371518e-01 6.0940097525e-31
-5.6110621874e-01 9.5646731044e-07
-5.6027647186e-01 4.1368357766e-29
-5.6026881798e-01 9.2388503267e-07
-5.5978880198e-01 2.2254862662e-06
-5.5957600718e-01 7.4476293701e-31
-5.5883244924e-01 7.7719358747e-06
-5.5868346211e-01 6.4389538956e-30
-5.5857405268e-01 3.1379671267e-06
-5.5754685025e-01 6.3307763486e-31
-5.5679028140e-01 1.0785715363e-29
-5.5667125552e-01 7.9504189307e-06
-5.5607688462e-01 2.6474069184e-30
-5.5581954434e-01 6.6683439131e-06
-5.5564127866e-01 5.0170387694e-04
-5.5538086118e-01 1.1010197453e-05
-5.5489074338e-01 5.8443009676e-30
-5.5415163204e-01 3.3476648351e-07
-5.5394698611e-01 1.7280667891e-29
-5.5298372737e-01 1.4761761000e-05
-5.5284249290e-01 1.0254404132e-04
-5.5192971753e-01 1.7221847443e-30
-5.5165237372e-01 1.1477648352e-11
-5.5123008688e-01 4.6444665690e-31
-5.5105083333e-01 1.1309274716e-04
-5.5089065513e-01 2.2673137718e-30
-5.5032595828e-01 2.7037807054e-07
-5.4975286554e-01 1.1071067869e-07
-5.4943709545e-01 1.4115625359e-30
-5.4898174606e-01 6.7358750114e-06
-5.4891066868e-01 8.2346505242e-30
-5.4826384251e-01 1.3415831322e-07
-5.4788783906e-01 1.5143003327e-08
-5.4778425033e-01 2.2184746595e-31
-5.4756999308e-01 3.6004691953e-31
-5.4683372913e-01 8.1257521291e-31
-5.4676496384e-01 5.7532783562e-07
-5.4592723781e-01 1.2324535246e-30
-5.4559961466e-01 9.0743319150e-10
-5.4538561577e-01 7.7392491051e-31
-5.4519766496e-01 1.8778336472e-31
-5.4495509504e-01 9.7086959637e-31
-5.4437876970e-01 8.4731627364e-07
-5.4425814014e-01 1.6316407433e-30
-5.4384002529e-01 1.6273426705e-07
-5.4188859202e-01 7.2663823785e-31
-5.3992553640e-01 3.8409143251e-06
-5.3980953285e-01 2.2849846405e-29
-5.3886203183e-01 1.4183157719e-05
-5.3864719811e-01 8.9370740315e-07
-5.3823975197e-01 2.4684725168e-29
-5.3805192791e-01 3.0340008992e-06
-5.3761561890e-01 1.8175946356e-05
-5.3704534740e-01 2.1892037980e-29
-5.3699535448e-01 1.6185081825e-06
-5.3606867168e-01 1.3422208775e-06
-5.3548029539e-01 6.7784837557e-31
-5.3431329902e-01 2.8911685994e-06
-5.3379228120e-01 3.9620986514e-30
-5.3328682616e-01 1.7256165561e-05
-5.3284359108e-01 8.8379550417e-30
-5.3223921269e-01 3.2254721357e-06
-5.3092385027e-01 4.8777883469e-30
-5.3080639357e-01 6.7267205107e-07
-5.3055674457e-01 5.7657106014e-07
-5.2989853614e-01 1.5751696149e-06
-5.2966009356e-01 1.4234973684e-30
-5.2913540724e-01 8.4932918338e-30
-5.2899163060e-01 9.0607140530e-30
-5.2863261142e-01 4.5174251776e-05
-5.2765699724e-01 1.4107610025e-29
-5.2716309781e-01 3.4115502590e-05
-5.2634145076e-01 8.2650644127e-07
-5.2598016825e-01 1.1511405481e-29
-5.2556847409e-01 3.2422693168e-30
-5.2494388631e-01 8.4696822794e-30
-5.2460907674e-01 3.1555927973e-06
-5.2409482289e-01 1.3748669041e-06
-5.2346372566e-01 1.2832698509e-29
-5.2330589359e-01 4.2839312481e-08
-5.2322028213e-01 6.5307958163e-30
-5.2214520666e-01 1.6102350148e-04
-5.2150327103e-01 9.2592464472e-06
-5.2132205724e-01 2.1147803634e-29
-5.2002623883e-01 6.0100676837e-07
-5.1973234722e-01 8.6074249996e-06
-5.1908200515e-01 2.1812702866e-30
-5.1868329233e-01 1.6064922812e-29
-5.1844914695e-01 4.6398974524e-06
-5.1838056149e-01 7.5571055906e-30
-5.1760482630e-01 9.9269865966e-30
-5.1704956868e-01 5.4409375315e-27
-5.1703652542e-01 3.4181857392e-05
-5.1634453388e-01 1.1008949376e-27
-5.1629075305e-01 2.9818457261e-05
-5.1602071218e-01 3.6063079263e-07
-5.1579358330e-01 3.5697164975e-30
-5.1496557476e-01 5.8763055644e-07
-5.1457029649e-01 3.3471716417e-30
-5.1410713816e-01 2.2809341845e-05
-5.1394718638e-01 1.2749397877e-29
-5.1371660725e-01 1.2746825660e-29
-5.1357807267e-01 9.6287105592e-05
-5.1318646528e-01 2.8465431434e-07
-5.1317212159e-01 3.2488853172e-29
-5.1291311216e-01 1.9088288349e-06
-5.1269652745e-01 6.4158445276e-30
-5.1172611433e-01 5.3747930370e-08
-5.1108318896e-01 8.6938533760e-31
-5.1044031710e-01 1.6917895306e-30
-5.1003691556e-01 2.0160995637e-06
-5.1002129486e-01 2.7763379477e-07
-5.0901781137e-01 2.3760066513e-30
-5.0852279790e-01 2.7743415694e-07
-5.0721236310e-01 8.0201022251e-07
-5.0705138795e-01 5.0531084886e-31
-5.0684745984e-01 1.1955368046e-06
-5.0620401446e-01 2.6557709919e-30
-5.0613059335e-01 4.4338578500e-06
-5.0600798169e-01 8.1068087360e-06
-5.0496054120e-01 1.0794210507e-30
-5.0359734166e-01 2.4656312637e-30
-5.0351376561e-01 2.3111090579e-05
-5.0263184284e-01 1.1428346044e-07
-5.0201189098e-01 1.1367929147e-29
-5.0143725511e-01 3.4636969051e-30
-5.0026019888e-01 3.1168113071e-31
-4.9977798900e-01 1.2630560692e-30
-4.9931995407e-01 1.6434453376e-06
-4.9893427765e-01 3.3122272692e-31
-4.9840199887e-01 2.8846808402e-08
-4.9834185080e-01 3.2810415674e-30
-4.9818059852e-01 1.8039578545e-06
-4.9734545169e-01 2.2841908007e-30
-4.9664552876e-01 3.4444549900e-07
-4.9629071364e-01 4.4603239883e-30
-4.9557482485e-01 1.9336482425e-30
-4.9466751931e-01 6.2679312462e-31
-4.9449809090e-01 1.3874045997e-30
-4.9419284963e-01 1.7442694625e-07
-4.9394138400e-01 2.1968080809e-07
-4.9324509166e-01 1.7757248291e-30
-4.9249249795e-01 1.7789839024e-30
-4.9112341814e-01 3.1597982554e-30
-4.9100292089e-01 1.7165530411e-06
-4.9058929878e-01 8.1673606991e-31
-4.9046074168e-01 4.3559306910e-07
-4.8998417154e-01 1.4697366932e-30
-4.8994898177e-01 1.9313084925e-07
-4.8922896057e-01 6.5929891462e-06
-4.8812692347e-01 5.9373570169e-30
-4.8787415612e-01 8.5257017983e-06
-4.8785113503e-01 2.1061307450e-28
-4.8656723723e-01 4.5964241555e-06
-4.8620642139e-01 3.4757140206e-07
-4.8573914247e-01 5.9485655347e-07
-4.8524488425e-01 3.0021645704e-30
-4.8509872714e-01 3.9488195120e-30
-4.8490146244e-01 2.3792902789e-07
-4.8420292185e-01 1.6488950806e-30
-4.8413437257e-01 6.8186502482e-09
-4.8372766506e-01 2.4493921196e-07
-4.8340482213e-01 2.7947148225e-30
-4.8293733984e-01 7.4860456643e-07
-4.8216961549e-01 6.1864946765e-30
-4.8183146831e-01 9.7464301858e-06
-4.8106191408e-01 1.5126154899e-30
-4.8073541708e-01 7.2986144130e-10
-4.8066713635e-01 4.6002575167e-30
-4.8003664622e-01 3.0026042754e-08
-4.7886439657e-01 4.0728457803e-09
-4.7812314964e-01 1.6112506368e-07
-4.7772025249e-01 3.2910068412e-05
-4.7748536912e-01 8.0845906361e-29
-4.7744968799e-01 4.0821857137e-07
-4.7665216322e-01 1.5259853311e-29
-4.7512927651e-01 1.5670190922e-29
-4.7496157349e-01 5.6569414253e-29
-4.7488839767e-01 1.3345559650e-07
-4.7474562567e-01 1.5997984458e-28
-4.7452372486e-01 2.2585709997e-06
-4.7376011570e-01 7.4113608530e-06
-4.7345848286e-01 2.4017799534e-30
-4.7313914661e-01 2.4582454711e-28
-4.7284739175e-01 1.6624684054e-05
-4.7237373909e-01 1.2267555345e-29
-4.7137006048e-01 2.2232670352e-05
-4.7087464672e-01 4.4364207253e-29
-4.7054427738e-01 3.1949305205e-07
-4.7008462313e-01 9.1527749950e-28
-4.6961344718e-01 5.3759368410e-04
-4.6916334575e-01 7.9692530630e-04
-4.6881430784e-01 2.2960219661e-28
-4.6814093492e-01 7.4692220126e-28
-4.6808824542e-01 4.2912152039e-05
-4.6749487290e-01 2.0803090110e-04
-4.6651576365e-01 1.4325032333e-29
-4.6556834789e-01 1.2136086797e-05
-4.6466251402e-01 2.0827678779e-06
-4.6450269218e-01 2.7416294930e-28
-4.6421908178e-01 2.3775774651e-03
-4.6379672568e-01 7.2220554312e-07
-4.6293500735e-01 8.9858498670e-03
-4.6261082155e-01 1.0791488741e-27
-4.6227111844e-01 1.3395811360e-03
-4.6207736804e-01 5.2227155256e-28
-4.6125477683e-01 1.3231026122e-05
-4.6084455873e-01 9.0848124637e-29
-4.6012575403e-01 4.0004050523e-30
-4.5973511200e-01 3.8854594183e-07
-4.5957674731e-01 4.1825800831e-05
-4.5890438912e-01 5.2812039122e-29
-4.5790943533e-01 4.1744044390e-08
-4.5720600251e-01 1.2564482771e-29
-4.5616393261e-01 6.7037907858e-06
-4.5560277134e-01 8.8062274559e-30
-4.5517729217e-01 3.9568318283e-30
-4.5427986328e-01 6.1372308422e-30
-4.5370221159e-01 2.6966184607e-07
-4.5328911064e-01 9.1403269942e-30
-4.5321660148e-01 4.7371334424e-29
-4.5255709882e-01 7.6197631528e-29
-4.5204403642e-01 2.0545208127e-29
-4.5187732910e-01 3.3273330715e-05
-4.5128720187e-01 2.3811145949e-30
-4.5057993961e-01 1.6129429894e-30
-4.5015444946e-01 2.8525504099e-30
-4.4982581817e-01 5.8818110941e-10
-4.4962334340e-01 4.5185737438e-06
-4.4850291316e-01 5.2702266563e-30
-4.4797104799e-01 2.5826672383e-08
-4.4792474046e-01 1.0497697313e-29
-4.4776521126e-01 1.7519690649e-06
-4.4722931834e-01 1.3003873752e-27
-4.4719011393e-01 3.7388217077e-04
-4.4705004715e-01 1.7267144195e-28
-4.4495230067e-01 8.6810178918e-26
-4.4491713776e-01 4.3127476917e-03
-4.4471204917e-01 2.0635810864e-27
-4.4456030518e-01 4.8907856059e-04
-4.4348181379e-01 1.1270478703e-05
-4.4345616789e-01 8.8590522655e-29
-4.4252275710e-01 5.4248752461e-30
-4.4234901746e-01 2.6068375927e-29
-4.4152311846e-01 9.3926172521e-06
-4.4148495448e-01 5.7141819341e-09
-4.4116724602e-01 3.8089467360e-29
-4.4092913050e-01 1.0021233703e-04
-4.4035891376e-01 1.0645230764e-05
-4.3965122677e-01 2.0990107555e-29
-4.3949042383e-01 1.7392590626e-05
-4.3929716013e-01 1.5078851913e-29
-4.3875983805e-01 1.4275832420e-05
-4.3864354481e-01 4.7859692039e-29
-4.3831341178e-01 1.7918899466e-05
-4.3713673551e-01 2.2494536465e-05
-4.3692711044e-01 5.9661180904e-05
-4.3580109888e-01 3.2364050583e-30
-4.3552127351e-01 5.7090055666e-30
-4.3466806988e-01 5.2788995535e-05
-4.3280776074e-01 1.6466929840e-05
-4.3262102405e-01 1.7691811071e-05
-4.3261614611e-01 1.5919406383e-26
-4.3241514494e-01 4.6263055934e-29
-4.3138248168e-01 7.6173890201e-06
-4.3052716783e-01 1.0172549382e-30
-4.2954233880e-01 1.1742940894e-30
-4.2898706903e-01 2.2324730302e-05
-4.2859530473e-01 1.8291587462e-29
-4.2807412198e-01 1.6043029538e-07
-4.2730030554e-01 6.8127085746e-31
-4.2695679547e-01 4.1606085706e-08
-4.2661106401e-01 9.5257060182e-30
-4.2655823696e-01 2.4449831770e-07
-4.2498055734e-01 1.4993738759e-06
-4.2450374790e-01 2.0410263543e-07
-4.2411696374e-01 9.3252341469e-30
-4.2317355541e-01 1.5033019802e-30
-4.2235120303e-01 1.2086788881e-07
-4.2158000406e-01 3.0841412908e-06
-4.2118080961e-01 3.8611974036e-06
-4.2098783877e-01 1.7982788839e-29
-4.2056568906e-01 3.4239408916e-07
-4.2037661746e-01 4.3268023878e-07
-4.1985212976e-01 1.3418122523e-07
-4.1928280821e-01 2.4027752703e-29
-4.1915125436e-01 1.5406924798e-06
-4.1783115626e-01 1.2740131761e-27
-4.1781223689e-01 1.5225719392e-05
-4.1756277423e-01 2.7037390508e-29
-4.1743064807e-01 7.0328842422e-06
-4.1577930551e-01 4.5071637671e-08
-4.1561776568e-01 3.1066164654e-30
-4.1514021520e-01 6.0980325484e-31
-4.1458592452e-01 2.1372375343e-30
-4.1347316085e-01 9.4646799606e-30
-4.1300113308e-01 9.9788708732e-31
-4.1257617359e-01 7.5339252054e-07
-4.1097272892e-01 1.5400877896e-09
-4.1041328205e-01 2.1796369712e-29
-4.0900324869e-01 2.0462286027e-06
-4.0889783795e-01 8.8277529232e-06
-4.0877635907e-01 5.0991458206e-29
-4.0863683201e-01 9.5645551470e-29
-4.0831445067e-01 2.1516335114e-06
-4.0765463316e-01 5.9034128281e-30
-4.0758845581e-01 3.5381855621e-07
-4.0702803432e-01 1.3849657827e-30
-4.0649194855e-01 1.4248898915e-30
-4.0597481897e-01 3.0263239077e-29
-4.0575629204e-01 1.5248493346e-05
-4.0570859939e-01 1.5933228082e-27
-4.0529296347e-01 1.7362658596e-27
-4.0515900399e-01 1.2799118662e-06
-4.0463810339e-01 1.9001453044e-30
-4.0341420495e-01 5.1047230650e-06
-4.0287356705e-01 1.0118809757e-28
-4.0248798580e-01 4.9332631808e-30
-4.0177563325e-01 6.4659720265e-30
-4.0058664413e-01 1.5814307949e-08
-3.9998205686e-01 4.0039092353e-31
-3.9908667766e-01 2.1244534745e-07
-3.9867515288e-01 6.8274846257e-10
-3.9714241952e-01 3.0247808462e-28
-3.9713394863e-01 1.8804826903e-06
-3.9678567236e-01 4.7064203697e-06
-3.9628478596e-01 1.9473033936e-29
-3.9572892748e-01 4.0722743445e-29
-3.9559619040e-01 4.6021530391e-08
-3.9466038854e-01 5.0445295611e-27
-3.9465053491e-01 5.4165396137e-07
-3.9336917581e-01 8.9977423365e-31
-3.9309328825e-01 1.8174319850e-07
-3.9209275327e-01 2.1908262895e-30
-3.9108577879e-01 3.7156877062e-06
-3.8956356227e-01 4.3760276733e-29
-3.8949116607e-01 2.6314330143e-09
-3.8923713575e-01 1.7830991331e-06
-3.8885139989e-01 2.2333065303e-06
-3.8844372320e-01 1.7309042190e-30
-3.8813489681e-01 2.4234692442e-30
-3.8689253378e-01 7.0174384050e-06
-3.8590590711e-01 6.5278806189e-30
-3.8511583230e-01 3.6568165400e-07
-3.8500198637e-01 3.7032652274e-30
-3.8409515577e-01 6.5213961027e-30
-3.8396180420e-01 2.9328766777e-30
-3.8372133262e-01 1.6582623742e-05
-3.8334781874e-01 2.1691335257e-30
-3.8256818469e-01 8.4595245288e-06
-3.8093470310e-01 1.4059627286e-06
-3.8040396598e-01 1.9587830593e-29
-3.8038533506e-01 4.3370007647e-07
-3.8017073374e-01 6.5059188071e-06
-3.7952238754e-01 6.5735845767e-07
-3.7871241746e-01 3.3380698130e-09
-3.7848544923e-01 2.1059159230e-30
-3.7804348888e-01 1.4391305643e-30
-3.7690923894e-01 5.3134255515e-05
-3.7630342581e-01 2.0381375476e-05
-3.7539474102e-01 9.1165567535e-28
-3.7537467951e-01 1.3457372504e-05
-3.7522654708e-01 4.7632574749e-29
-3.7482733190e-01 2.1288182890e-09
-3.7435987576e-01 9.5181341506e-30
-3.7363469152e-01 6.4309916163e-05
-3.7331112598e-01 4.1708074660e-07
-3.7306704866e-01 9.8766586998e-29
-3.7275524924e-01 1.3504918708e-04
-3.7229682104e-01 6.6822847153e-06
-3.7213066863e-01 1.7079777711e-05
-3.7141512838e-01 5.4023482657e-30
-3.7077572876e-01 7.0753327426e-30
-3.6977532502e-01 4.2250655282e-08
-3.6843989516e-01 3.1632672541e-30
-3.6722540223e-01 2.3647879096e-06
-3.6706502652e-01 3.6274101459e-30
-3.6562798872e-01 5.6577226111e-30
-3.6548695641e-01 2.0798504426e-06
-3.6538195781e-01 6.9404734922e-31
-3.6482549504e-01 1.0266498518e-28
-3.6409489203e-01 9.1693640718e-30
-3.6392212946e-01 1.3610894849e-06
-3.6161915872e-01 1.9311782141e-28
-3.6160876925e-01 4.6580332452e-06
-3.6056831494e-01 1.1967686932e-07
-3.5991169932e-01 6.7890875270e-31
-3.5968885818e-01 1.0435055540e-29
-3.5924681149e-01 4.9625648897e-06
-3.5906422938e-01 7.5764048090e-30
-3.5886969939e-01 2.5112264864e-06
-3.5763115878e-01 2.4931302485e-07
-3.5714008343e-01 2.3928007838e-08
-3.5603268986e-01 3.2727527945e-30
-3.5566461672e-01 1.5382312471e-06
-3.5562535221e-01 1.1238793002e-29
-3.5517372841e-01 5.7805757085e-08
-3.5514877401e-01 2.9761217958e-30
-3.5427352214e-01 8.7680873138e-08
-3.5398876220e-01 1.5361743121e-30
-3.5197677713e-01 1.8812737207e-30
-3.5173462651e-01 6.1803596599e-31
-3.5016724718e-01 1.1688296041e-07
-3.4977201568e-01 8.4187755120e-31
-3.4963234053e-01 3.7078955975e-31
-3.4805144748e-01 1.6787857342e-30
-3.4751847406e-01 3.8091152529e-06
-3.4714100744e-01 7.3072679244e-30
-3.4702717947e-01 2.3567505837e-06
-3.4665472420e-01 2.9662232265e-30
-3.4501854715e-01 2.4906249162e-30
-3.4460603807e-01 1.1313053992e-05
-3.4448324996e-01 6.9106948019e-30
-3.4412361875e-01 9.0273698472e-29
-3.4398537392e-01 1.3883943216e-05
-3.4372539221e-01 1.4018842559e-06
-3.4264444308e-01 4.1483564388e-08
-3.4199870671e-01 4.2254969052e-27
-3.4198833971e-01 4.2966290238e-05
-3.4125385165e-01 1.3674733122e-29
-3.4080405332e-01 3.0113938719e-07
-3.4052847557e-01 1.8482504363e-30
-3.3913967870e-01 2.0301832523e-07
-3.3868592838e-01 3.7466143678e-31
-3.3820757901e-01 9.6934106198e-31
-3.3693421690e-01 8.5295278593e-08
-3.3637714583e-01 1.2041980961e-06
-3.3634287792e-01 1.3251203730e-28
-3.3611377983e-01 2.6561584269e-06
-3.3586779100e-01 1.3272830643e-06
-3.3480180213e-01 1.6114884153e-08
-3.3475954825e-01 1.1370596903e-29
-3.3259691963e-01 1.2897107347e-05
-3.3245168791e-01 1.1737580816e-29
-3.3216245494e-01 1.0090627781e-07
-3.3168353250e-01 2.7080068075e-30
-3.3077889370e-01 2.8713558482e-09
-3.2994084302e-01 4.6184288667e-07
-3.2887550887e-01 3.8779196692e-06
-3.2767477681e-01 5.6214774177e-07
-3.2762538047e-01 2.3536304114e-28
-3.2740696638e-01 3.2403934813e-30
-3.2650092121e-01 3.3715062531e-06
-3.2635403344e-01 3.1754023745e-29
-3.2584074036e-01 8.1866973731e-31
-3.2516544597e-01 3.3987612325e-07
-3.2466521233e-01 7.9284709022e-30
-3.2441709045e-01 1.2458349433e-06
-3.2210144168e-01 1.2524941192e-07
-3.2126306632e-01 1.2113481626e-29
-3.2098101766e-01 5.8493313802e-06
-3.1892823432e-01 2.8500914318e-30
-3.1849937713e-01 2.8543782272e-06
-3.1839834892e-01 6.5876348433e-08
-3.1780136117e-01 6.7792921045e-30
-3.1715362485e-01 6.7994457101e-31
-3.1658590957e-01 2.5883789406e-29
-3.1643071368e-01 8.0848388619e-30
-3.1638547752e-01 6.3593525999e-08
-3.1637527012e-01 3.7092482582e-07
-3.1474656779e-01 4.5918760411e-06
-3.1444806063e-01 2.6083705471e-06
-3.1311791912e-01 3.5812689155e-30
-3.1293315937e-01 3.4379541633e-30
-3.1250706861e-01 5.7126349091e-30
-3.1243530096e-01 1.9629227897e-29
-3.1079016144e-01 5.1406752832e-30
-3.1020233639e-01 1.0550880296e-29
-3.0998191818e-01 2.8567411369e-06
-3.0996708243e-01 3.5945498540e-28
-3.0990976090e-01 9.6685852779e-07
-3.0906212507e-01 1.4706851186e-30
-3.0893736948e-01 8.0639995113e-09
-3.0884246910e-01 1.4497670038e-30
-3.0788678878e-01 3.1251344323e-30
-3.0602345137e-01 9.9593421016e-05
-3.0591237572e-01 8.1881459258e-29
-3.0468232295e-01 6.9159880975e-30
-3.0452058268e-01 3.8138272490e-05
-3.0354893218e-01 2.9208126027e-30
-3.0272328913e-01 1.1222658510e-05
-3.0246015832e-01 3.7692565495e-30
-3.0210560398e-01 3.3928539292e-05
-3.0026518859e-01 3.4134937689e-08
-2.9931831314e-01 1.8751031298e-05
-2.9849568794e-01 4.4347340686e-06
-2.9843013901e-01 2.7966803317e-30
-2.9694202064e-01 6.6141864249e-05
-2.9544903300e-01 8.7072614018e-29
-2.9490984893e-01 7.4910730388e-05
-2.9489557474e-01 7.4237911331e-27
-2.9421401059e-01 1.1660108953e-03
-2.9380041995e-01 4.9313447697e-04
-2.9367917410e-01 6.5673440272e-28
-2.9307656982e-01 7.1816273328e-05
-2.9260621258e-01 2.0593861636e-05
-2.9052214722e-01 1.5137727491e-05
-2.8990414968e-01 1.4167390786e-28
-2.8965457450e-01 2.8566393540e-05
-2.8947456605e-01 1.3053567191e-29
-2.8939209711e-01 3.4797960685e-07
-2.8874473413e-01 9.3041931356e-30
-2.8783655737e-01 2.4704792611e-04
-2.8682691310e-01 5.8937769970e-30
-2.8583103680e-01 1.5359278288e-28
-2.8578246183e-01 7.9002127669e-06
-2.8490956443e-01 2.2409266594e-30
-2.8437296859e-01 1.5998147023e-04
-2.8393161997e-01 6.0818663556e-07
-2.8382691729e-01 2.5941118608e-29
-2.8324544621e-01 1.2346933931e-06
-2.8292299828e-01 1.7652632026e-07
-2.8204715327e-01 1.3898029494e-06
-2.8162522128e-01 5.5085392976e-30
-2.8076847821e-01 1.4450971573e-29
-2.7962213580e-01 1.4165320762e-29
-2.7930193125e-01 4.9677097562e-06
-2.7883388139e-01 3.0997917284e-30
-2.7849187555e-01 3.1593884943e-06
-2.7751243477e-01 1.3658361721e-29
-2.7710132890e-01 1.7123825031e-30
-2.7611722179e-01 1.0028448057e-28
-2.7604360748e-01 5.9139843755e-06
-2.7489316943e-01 3.0839011525e-06
-2.7238097464e-01 1.9282025428e-30
-2.7183051677e-01 6.7993208989e-30
-2.7148352959e-01 1.9270782917e-05
-2.7132486094e-01 1.0446791758e-29
-2.7113343491e-01 2.2734952333e-29
-2.7007241155e-01 1.2872109471e-27
-2.7004950145e-01 7.7092447796e-06
-2.6900626977e-01 5.1413450747e-30
-2.6727425852e-01 5.6645371165e-07
-2.6662084574e-01 1.7704487726e-07
-2.6598420369e-01 7.8239876647e-30
-2.6470142467e-01 1.2284529662e-05
-2.6363406658e-01 5.2018230292e-07
-2.6337094126e-01 5.7226404302e-29
-2.6295835561e-01 4.6528266997e-29
-2.6284131073e-01 1.2649439469e-06
-2.6183209574e-01 2.6060207077e-29
-2.6130978139e-01 7.6038218939e-07
-2.6052572013e-01 1.0983622561e-06
-2.5976164292e-01 1.5079337182e-06
-2.5926288296e-01 4.8175391832e-29
-2.5007552855e-01 1.2028305848e-29
-2.4985050126e-01 1.4707164089e-05
-2.4881160795e-01 6.8071582131e-30
-2.4804774772e-01 1.4799246085e-06
-2.4722646867e-01 7.0220828897e-30
-2.4677149034e-01 2.0032922804e-06
-2.4664314116e-01 2.6954100954e-29
-2.4535519148e-01 1.5141446260e-05
-2.4530740772e-01 2.6007474890e-28
-2.4404610701e-01 1.4864276224e-07
-2.4385054196e-01 5.1899583758e-07
-2.4322867398e-01 2.7801440261e-07
-2.4172417570e-01 1.2893495469e-05
-2.4043501086e-01 6.0375285439e-30
-2.4020220924e-01 4.9206386282e-30
-2.3974341866e-01 5.2518793347e-06
-2.3925524383e-01 1.8256044803e-29
-2.3832056371e-01 1.8527726772e-30
-2.3714030084e-01 1.8059236423e-06
-2.3701942417e-01 1.4743863850e-08
-2.3627675645e-01 2.3129074183e-30
-2.3559053636e-01 2.1569725437e-29
-2.3486146934e-01 1.3548076125e-07
-2.3447532970e-01 2.7316439086e-30
-2.3389231711e-01 1.5152022446e-28
-2.3301829418e-01 4.2424908929e-28
-2.3284226196e-01 1.6132707966e-04
-2.3040828797e-01 6.5187278837e-06
-2.3030062901e-01 3.1110671153e-30
-2.2969557475e-01 3.1642461869e-06
-2.2855555896e-01 2.0938373440e-30
-2.2808490977e-01 3.6469967920e-07
-2.2693765909e-01 1.4380237825e-29
-2.2593709767e-01 1.5183795546e-29
-2.2569063161e-01 2.6376497886e-29
-2.2553632243e-01 2.1164964504e-06
-2.2517845978e-01 1.2905934649e-29
-2.2424910880e-01 8.4199317171e-31
-2.2265038210e-01 1.1707950857e-05
-2.2255843085e-01 2.1298716203e-29
-2.2033587548e-01 8.1771949455e-05
-2.1880744482e-01 1.7573057548e-09
-2.1831611578e-01 2.8381859698e-05
-2.1830848238e-01 1.6547583388e-27
-2.1777372398e-01 4.6579230974e-07
-2.1594137266e-01 2.6133952389e-29
-2.1557871870e-01 4.3776108081e-07
-2.1443176927e-01 1.2479876102e-07
-2.1376751956e-01 1.6633775660e-30
-2.1311341550e-01 1.1857805497e-08
-2.1311243133e-01 8.4721307584e-29
-2.1179658678e-01 3.0030126880e-05
-2.1139858390e-01 4.8014013249e-05
-2.1077136388e-01 5.2260040146e-05
-2.0984828521e-01 4.2227443850e-05
-2.0949249960e-01 7.9521077435e-30
-2.0858773880e-01 1.3288204413e-04
-2.0782493678e-01 2.5616708138e-08
-2.0775927307e-01 1.3373342510e-29
-2.0585705518e-01 2.7374491403e-30
-2.0545557432e-01 8.5576893362e-30
-2.0486477314e-01 9.5603841208e-30
-2.0464291493e-01 4.9926161356e-30
-2.0432202913e-01 1.5916991575e-29
-2.0300452704e-01 4.1637879449e-04
-2.0210956453e-01 1.9472293927e-02
-2.0120567033e-01 1.9712238087e-05
-2.0102463928e-01 1.1769270669e-29
-2.0076532792e-01 6.8815032693e-05
-1.9877181918e-01 6.0727857559e-30
-1.9864159316e-01 5.1577093004e-30
-1.9764974511e-01 1.6137306021e-29
-1.9563742721e-01 5.1978827653e-30
-1.9528329572e-01 1.5398605986e-04
-1.9423214875e-01 1.0566659091e-29
-1.9299441705e-01 1.4856436476e-05
-1.9294959013e-01 4.0844659564e-29
-1.9245250535e-01 1.1581598467e-06
-1.9084704477e-01 2.0521417569e-28
-1.9051255615e-01 2.3930448288e-04
-1.8959086557e-01 1.1487654096e-04
-1.8913870194e-01 1.3094497840e-29
-1.8738324541e-01 6.3513091197e-04
-1.8696654038e-01 5.9009632238e-28
-1.8665915403e-01 7.7129732822e-06
-1.8547095393e-01 2.3736774107e-06
-1.8493643091e-01 5.8783087074e-07
-1.8413890478e-01 1.1544899957e-05
-1.8270429524e-01 8.3155717381e-30
-1.8103405271e-01 1.5212267437e-07
-1.8062841309e-01 2.0896192375e-29
-1.8051774449e-01 8.6060876900e-08
-1.7968450148e-01 5.1368057414e-29
-1.7754598801e-01 9.2595634098e-07
-1.7753043551e-01 3.9299419339e-28
-1.7610670869e-01 3.3326707338e-30
-1.7504737598e-01 6.5231922098e-07
-1.7460956285e-01 1.2356808368e-06
-1.7366233117e-01 2.3145990910e-29
-1.7337450941e-01 6.2713163827e-29
-1.7319194233e-01 1.1240207659e-05
-1.7274013018e-01 3.5938988511e-29
-1.7206419004e-01 7.1129273360e-05
-1.7052496584e-01 5.9284809094e-29
-1.6834316623e-01 4.3584093098e-06
-1.6737317689e-01 6.4929867001e-30
-1.6671203273e-01 1.2486271253e-28
-1.6598724906e-01 1.1247648194e-29
-1.6566166289e-01 8.7452760500e-30
-1.6520662615e-01 3.5651566171e-05
-1.6503680370e-01 7.7752131501e-29
-1.6332444849e-01 4.3393992340e-06
-1.6194021106e-01 2.2527213041e-03
-1.6175494551e-01 1.0747996614e-26
-1.5990131531e-01 1.1099525932e-04
-1.5961897460e-01 1.5350283435e-06
-1.5901036026e-01 3.9148769612e-29
-1.5887436469e-01 5.2105962316e-29
-1.5567883816e-01 4.6651654607e-30
-1.5511044187e-01 8.2866977844e-05
-1.5495583515e-01 8.1097312417e-06
-1.5395484398e-01 4.6162884959e-29
-1.5384183850e-01 4.5474983030e-07
-1.5174813392e-01 7.1637652282e-05
-1.4978265324e-01 3.7571247992e-29
-1.4964803342e-01 6.8965739281e-06
-1.4848265571e-01 1.1465064296e-27
-1.4801411302e-01 5.2450351855e-04
-1.4779726816e-01 3.1579121801e-28
-1.4727500199e-01 3.1922573593e-06
-1.4678358478e-01 7.6051829182e-04
-1.4503657866e-01 2.2962902674e-28
-1.4469016146e-01 6.6807244895e-28
-1.4403537564e-01 2.0674208159e-06
-1.4125804149e-01 7.2542557352e-26
-1.4039923077e-01 2.8743038853e-01
-1.3836745327e-01 4.8497117895e-03
-1.3755761973e-01 1.4319622466e-03
-1.3735222833e-01 9.1302558921e-28
-1.3609552310e-01 1.0204106647e-26
-1.3579458696e-01 1.6869853737e-02
-1.3543504933e-01 3.7917951720e-02
-1.3432416490e-01 1.6264780265e-28
-1.3389767023e-01 1.2215291073e-29
-1.3246028042e-01 2.4400592727e-28
-1.3153954996e-01 5.7792839045e-04
-1.3040466704e-01 1.0348341145e-28
-1.3001685201e-01 5.7994355724e-29
-1.2903793332e-01 4.2245036291e-29
-1.2757923238e-01 5.1440787959e-05
-1.2660546574e-01 6.8547748616e-29
-1.2623853287e-01 2.6334280712e-04
-1.2375121998e-01 3.1270550369e-05
-1.2116960311e-01 3.2353591362e-05
-1.2049423242e-01 7.8119762914e-30
-1.1922697118e-01 2.7970208270e-27
-1.1915996268e-01 4.5651118187e-05
-1.1840340759e-01 1.9625306956e-29
-1.1708205436e-01 2.3791345874e-06
-1.1623657728e-01 5.6634202057e-05
-1.1508891551e-01 2.2412110835e-27
-1.1497820777e-01 4.9432541782e-05
-1.1409580563e-01 3.7594020051e-03
-1.1213359843e-01 3.9835274856e-05
-1.1101617149e-01 1.3407647117e-29
-1.0934311010e-01 1.3742126802e-29
-1.0704346304e-01 7.5976168098e-31
-1.0568006967e-01 5.8379417571e-30
-1.0417430588e-01 6.2439092943e-05
-1.0340227768e-01 2.2901419084e-29
-1.0200611407e-01 4.6252892943e-05
-1.0163394732e-01 5.7555348753e-06
-1.0117674047e-01 6.1262926179e-30
-9.9585210702e-02 2.8690327945e-04
-9.8888525033e-02 1.0297796357e-28
-9.7139460475e-02 4.0657832911e-31
-9.5763369050e-02 4.0329209233e-28
-9.5482364018e-02 3.3034399097e-05
-9.3888607342e-02 4.9004645049e-05
-9.1067184609e-02 4.6562695047e-08
-9.0825394974e-02 5.4415635022e-05
-8.8372570302e-02 7.4411693449e-30
-8.6143458763e-02 6.5965963661e-30
-8.5832503703e-02 4.3137723354e-04
-8.5825821747e-02 8.1324185406e-25
-8.4656598682e-02 1.0092645477e-28
-8.4355362791e-02 1.3251258759e-02
-8.1233095526e-02 1.7293832432e-29
-8.0834509254e-02 4.4026989182e-05
-7.9911862389e-02 8.3843209770e-06
-7.9523425367e-02 9.5008969962e-30
-7.5167395170e-02 2.0202187806e-30
-7.2856254571e-02 2.1896909891e-05
-7.1711543470e-02 1.5053424754e-04
-7.0993744547e-02 1.6640196835e-04
-7.0531572962e-02 9.3249338984e-30
-6.9787893975e-02 4.9985811146e-27
-6.9732113911e-02 2.0004706014e-04
-6.8208784029e-02 3.5303856024e-05
-6.6066047194e-02 8.8340917368e-31
-6.4659407519e-02 2.2345425400e-30
-5.9635408366e-02 1.5081632736e-03
-5.9273148075e-02 4.8297105719e-28
-5.8246692948e-02 1.5860704288e-29
-5.6271167320e-02 4.5656240727e-29
-5.4907307844e-02 4.8108996583e-02
-5.4193419640e-02 4.0410381357e-02
-5.4044738575e-02 1.9105872429e-26
-5.2883409132e-02 7.8104846674e-05
-5.0585157328e-02 1.5315634328e-04
-4.7995232082e-02 3.7517969258e-04
-4.4667384914e-02 1.0744667128e-29
-4.1303656581e-02 1.9903291363e-30
-4.0634031053e-02 1.8864628450e-04
-3.9075716793e-02 1.8579472509e-30
-3.8276345592e-02 4.5424121502e-30
-3.7420548261e-02 3.0487488730e-27
-3.7397645223e-02 2.6349311917e-04
-3.1851590242e-02 1.2103898022e-03
-3.1270425319e-02 3.6333880780e-04
-2.6455846562e-02 8.0261048868e-31
-2.3028421273e-02 5.2482599351e-28
-2.2875276767e-02 1.7293812214e-02
-2.0853846095e-02 2.9356667864e-28
-2.0017314301e-02 2.9827996485e+00
-1.6399788552e-02 4.2202645017e-03
-1.1429449579e-02 3.9716988974e-29
-8.0488240778e-03 1.6707017995e-02
3.0239233229e-01 1.8618548377e-33
3.0364544755e-01 2.2757188630e-33
3.0573262592e-01 4.5141852952e-34
3.0865184820e-01 1.2029164695e-33
3.1240029023e-01 9.9819765747e-34
3.1431196460e-01 4.2326140434e-33
3.1556507986e-01 2.9476704472e-33
3.1697432564e-01 2.3733147507e-33
3.1765225823e-01 4.0085430707e-33
3.2057148051e-01 2.6604734318e-33
3.2236952933e-01 2.1344490181e-34
3.2431992255e-01 1.0213731222e-32
3.2858068180e-01 1.9832614610e-33
3.2889395795e-01 4.4550256560e-33
3.3416520530e-01 2.0105585665e-32
3.3428916164e-01 8.1000880762e-33
3.3541832055e-01 1.8009830928e-32
3.3560177416e-01 9.8116221444e-34
3.3750549893e-01 6.3623802809e-33
3.4042472121e-01 1.9451695923e-32
3.4050031411e-01 1.1990315229e-31
3.4342601396e-01 2.7761993395e-32
3.4417316324e-01 4.2700090524e-33
3.4752140648e-01 7.8815896042e-32
3.4874719864e-01 7.9262428598e-34
3.5204583175e-01 6.7643814640e-33
3.5414240234e-01 2.2119692331e-33
3.5534564627e-01 2.0951604832e-33
3.6035355481e-01 6.3617546657e-34
3.6145288840e-01 1.9945540676e-32
3.6193284764e-01 1.7462143029e-32
3.6318596290e-01 6.0862353421e-32
3.6396546406e-01 1.9506920170e-32
3.6527314127e-01 6.9174675660e-32
3.6737464717e-01 3.2518634704e-34
3.6819236355e-01 1.0062452443e-32
3.7163808322e-01 6.2392450506e-33
3.7194080558e-01 1.3511871198e-32
3.7337252072e-01 1.2457025118e-32
3.7519888697e-01 1.6738161863e-32
3.7651484099e-01 2.2749722750e-33
3.8191004468e-01 1.2742605226e-32
3.8259156266e-01 8.0529556049e-32
3.8355771553e-01 2.8787251348e-32
3.8381870475e-01 8.6146162707e-32
3.8812119715e-01 2.0645020522e-33
3.9322576141e-01 1.7431062310e-32
3.9430272996e-01 4.0520778553e-32
3.9451119498e-01 1.2936305279e-32
3.9514228952e-01 1.9812601945e-31
3.9758802824e-01 1.2029570829e-31
3.9884114349e-01 2.0986843101e-32
4.0092832187e-01 1.6221411053e-32
4.0296652931e-01 5.3482131658e-33
4.0341095622e-01 2.0344962569e-31
4.0384754415e-01 5.5106294927e-32
4.0622236227e-01 3.9689198673e-31
4.0676025531e-01 1.1054996059e-31
4.0759598618e-01 2.3916498371e-32
4.1158634710e-01 5.7852797947e-33
4.1217002159e-01 3.7223997485e-32
4.1436443567e-01 3.6024714119e-31
4.1756522528e-01 4.3551051034e-33
4.1867988762e-01 5.8329301782e-33
4.1995208686e-01 9.8997672224e-32
4.2099340376e-01 7.2191124679e-32
4.2377637775e-01 7.2862902131e-33
4.2607560297e-01 1.0714346323e-32
4.3079747011e-01 6.5449072747e-32
4.3117859857e-01 1.9165137443e-31
4.3187171917e-01 1.4193603272e-31
4.3386546236e-01 1.9674918440e-31
4.3853312831e-01 1.7455623257e-32
4.3862170991e-01 1.6353698252e-31
4.4109625300e-01 1.0257912577e-31
4.4213207801e-01 9.9990924042e-32
4.4234936826e-01 7.9076091743e-33
4.4443654663e-01 4.6888044352e-31
4.4578509468e-01 9.9065452092e-32
4.4724152770e-01 8.6512350411e-31
4.4735576891e-01 7.4903857771e-31
4.4848692153e-01 1.1392807469e-32
4.5110421094e-01 5.0081138398e-31
4.5172495986e-01 2.1189866610e-31
4.5384324531e-01 2.1446423279e-31
4.5567824635e-01 7.5831906420e-31
4.5664858435e-01 9.1681905281e-32
4.6040655385e-01 7.5177698565e-32
4.6107345004e-01 3.7087383770e-31
4.6380231905e-01 3.1013642997e-31
4.6563833537e-01 1.1347557313e-31
4.6630077066e-01 1.3857904643e-30
4.6683377917e-01 2.3130365922e-32
4.6728460251e-01 3.1561759349e-31
4.7430569487e-01 2.9223777077e-31
4.7572195136e-01 3.1288467123e-32
4.7778725861e-01 8.9510257185e-31
4.7949260221e-01 1.6753202251e-31
4.7979683825e-01 7.1021571041e-32
4.8025979454e-01 4.0921448571e-31
4.8212993467e-01 1.1470130696e-30
4.8949842591e-01 1.4896363147e-31
4.9074975246e-01 4.9660110061e-31
4.9171647057e-01 2.0710249503e-30
4.9241543053e-01 5.5154264592e-31
4.9340597772e-01 3.2838133422e-30
4.9366854579e-01 1.0427351773e-30
4.9557519206e-01 4.0998908074e-31
4.9575572416e-01 1.9908970944e-30
4.9645500548e-01 3.5242742934e-30
4.9867494645e-01 3.4052964821e-31
5.0015680912e-01 2.9567451527e-30
5.0195595126e-01 2.7423037507e-30
5.0242338848e-01 7.6076370093e-31
5.0699742388e-01 9.2694829425e-31
5.0802743689e-01 3.1241094799e-30
5.0837463780e-01 2.0597595802e-30
5.1034200393e-01 1.7637160032e-30
5.1156971126e-01 8.3490832308e-30
5.1239262757e-01 1.6884778747e-30
5.1376070504e-01 1.7057072291e-30
5.1514778281e-01 5.3869148964e-31
5.1860378005e-01 6.3382371600e-31
5.2129548337e-01 2.9315764433e-31
5.2334283440e-01 1.4549533587e-30
5.2562487241e-01 4.2906623185e-34
5.2568033735e-01 7.7553619043e-33
5.2822787849e-01 2.9601251777e-33
5.2906115831e-01 8.4626050833e-33
5.3169719476e-01 1.6704256162e-32
5.3300665067e-01 4.8054444980e-33
5.3344911220e-01 7.8212074701e-33
5.3933735361e-01 3.5580032390e-33
5.4206892999e-01 6.9702906192e-33
5.4361682708e-01 2.4985941691e-32
5.4368261748e-01 8.3507818268e-34
5.4546417602e-01 7.8057253129e-34
5.4553357804e-01 9.7816394330e-33
5.5024712227e-01 2.0493347411e-33
5.5147598665e-01 1.8124689704e-32
5.5149591284e-01 3.6993881858e-33
5.5274902810e-01 2.6700026921e-33
5.5483620647e-01 1.5198197135e-32
5.5599552084e-01 1.3777314884e-32
5.5775542876e-01 1.8864085946e-32
5.5865600757e-01 1.3983444892e-32
5.5899801500e-01 1.6780017157e-32
5.6150387079e-01 1.0798329872e-32
5.6166118146e-01 1.5790136459e-32
5.6216675459e-01 3.3441846725e-33
5.6347006777e-01 3.3753951217e-32
5.6607790619e-01 1.1516162744e-33
5.6939254171e-01 1.8341930085e-33
5.7147310988e-01 1.8056999521e-33
5.7256938307e-01 4.7004269589e-33
5.7261466091e-01 1.2506240212e-33
5.7330122039e-01 1.9950670562e-33
5.7499253420e-01 1.5251273904e-32
5.7768426236e-01 1.3661813159e-31
5.8131217402e-01 1.0826006115e-32
5.8201999528e-01 5.2733549110e-33
5.8432582820e-01 4.8970209694e-32
5.8470535472e-01 3.4956483671e-32
5.8719084224e-01 1.6671614808e-32
5.8911493111e-01 1.2768820383e-32
5.9123771012e-01 5.2910885349e-32
5.9165070143e-01 6.2693808934e-31
5.9252959452e-01 1.3044343037e-33
5.9678335355e-01 3.4660555294e-32
6.0103456343e-01 7.1679220262e-33
6.0114941230e-01 3.4140120043e-33
6.0116541472e-01 1.5845836661e-31
6.0250623976e-01 4.7632454909e-33
6.0895640098e-01 1.2247343476e-33
6.0939521034e-01 1.1870271139e-32
6.0978763763e-01 3.5227494822e-33
6.0997518510e-01 8.2534388134e-33
6.1055646896e-01 2.0853252627e-33
6.1828054338e-01 1.5579696763e-32
6.1850075897e-01 4.3459173671e-33
6.1953365864e-01 1.2363557597e-33
6.2074166377e-01 4.0250565586e-34
6.2088780412e-01 2.1514509905e-33
6.2131484266e-01 1.8471769546e-33
6.2162083701e-01 4.1488808913e-33
6.2388856061e-01 1.9738518209e-33
6.2454005930e-01 6.0643459539e-34
6.2689289071e-01 6.7188255832e-33
6.2828850133e-01 1.1672779368e-33
6.2893305706e-01 1.0513692608e-32
6.3021375954e-01 5.7606459291e-33
6.3169514322e-01 3.2982683607e-32
6.3286253673e-01 2.6692134789e-33
6.3515892620e-01 1.5736504977e-31
6.3825774042e-01 7.0536191011e-34
6.3851001978e-01 9.3170829479e-34
6.4116808335e-01 2.7189453397e-32
6.4213339186e-01 5.5749744534e-33
6.4340631051e-01 6.1491953828e-33
6.4446889290e-01 3.4324627279e-31
6.4544281822e-01 2.2694000114e-31
6.4862763515e-01 6.3924159884e-01
6.4865544646e-01 7.0525470390e-29
6.5148998526e-01 7.0143557500e-31
6.5155043811e-01 7.5471188186e-31
6.5246462575e-01 4.2783526253e-31
6.5382541729e-01 4.4023879782e-32
6.5586383586e-01 9.3866070842e-33
6.5931422505e-01 8.2280196716e-34
6.6198663255e-01 6.8630956261e-32
6.6347007043e-01 4.9931910291e-34
6.6458823766e-01 1.6082277369e-34
6.6793404284e-01 1.6518787250e-33
6.6893572570e-01 8.2577183212e-34
6.6905566741e-01 4.0931506421e-34
6.6981993650e-01 2.5364053178e-33
6.7040111548e-01 5.9203885844e-34
6.7085329491e-01 6.8503297400e-30
6.7338460419e-01 2.1136168320e-33
6.7430480916e-01 2.0760679387e-28
6.7734109950e-01 4.3383767325e-33
6.8296904292e-01 5.2428425958e-33
6.8332331112e-01 5.2691778374e-33
6.8431062706e-01 8.1243354028e-34
6.8530423650e-01 2.5637254525e-33
6.8647810373e-01 2.9044112803e-33
6.8752629431e-01 1.9227185492e-32
6.8895104299e-01 4.6635221878e-33
6.8975427490e-01 1.0618868041e-32
6.9270471234e-01 1.3358559096e-31
6.9395782759e-01 2.6916627104e-31
6.9536282955e-01 5.9748933967e-05
6.9569513463e-01 4.5278244431e-32
6.9604500597e-01 2.2131627532e-32
6.9759050209e-01 7.6038792405e-32
6.9847977376e-01 1.2799010228e-31
6.9896422825e-01 5.8293774747e-32
7.0271267028e-01 3.6152812512e-32
7.0378380328e-01 6.4550980284e-32
7.0459090629e-01 1.4954202851e-31
7.0515747720e-01 2.3616297103e-30
7.0563790886e-01 1.9500208290e-04
7.0728670568e-01 1.5618263722e-30
7.0761476694e-01 1.0340951804e-31
7.0809646242e-01 8.5466306290e-31
7.1019094105e-01 8.0713007525e-32
7.1109095347e-01 1.2738097497e-30
7.1268190938e-01 6.5495427193e-30
7.1290589960e-01 2.9814693930e-29
7.1484761608e-01 2.9340376249e-03
7.1846044544e-01 3.9720873852e-31
7.1889306185e-01 5.2059853846e-31
7.2172029301e-01 3.0548933855e-33
7.2264846640e-01 1.1513200930e-30
7.2540945549e-01 8.1201287997e-32
7.2591415421e-01 7.9944961485e-33
7.2746800764e-01 1.1622956909e-32
7.2781885182e-01 1.1754945479e-32
7.2850633832e-01 7.2959720422e-31
7.2890041881e-01 1.3073781263e-31
7.3038007775e-01 2.7853703707e-33
7.3292511954e-01 6.5617476162e-33
7.3373839401e-01 2.6368338235e-33
7.3427230604e-01 4.5810969874e-31
7.3584029795e-01 1.2709255407e-33
7.4027022052e-01 2.4098297946e-32
7.4165851264e-01 3.3696015131e-33
7.4235821179e-01 1.9867364930e-34
