-5.813930242412280736e-01 -7.235549076033612696e-29 8.975878438712351777e-29 8.975878438712351777e-29 2.451173030728259450e-29
-5.813930242412277405e-01 -9.609677034927309831e-28 4.070241915802402840e-28 4.070241915802402840e-28 6.223773243174456492e-29
-5.806898459157203707e-01 -1.850705472629059108e-29 1.105201830202632444e-29 1.105201830202632444e-29 -1.134334568230827662e-29
-5.806898459157201486e-01 -2.649243234781586433e-29 9.124767734050843402e-29 9.124767734050843402e-29 -5.467055304571043782e-30
-5.801317595714537978e-01 -4.138671004901430217e-05 7.014758909900698647e-08 7.014758909900698647e-08 2.491879072917992240e-05
-5.801317595714535758e-01 -2.225263341113245346e-05 7.014758912793208959e-08 7.014758912793208959e-08 4.405286736634248429e-05
-5.794820546222433366e-01 -1.729771083283298112e-28 -9.035833614518225598e-29 -9.035833614518225598e-29 6.229300690686829028e-30
-5.794820546222431146e-01 4.022339508494683962e-29 -5.389512533042307259e-29 -5.389512533042307259e-29 8.860405023835977255e-30
-5.789240966576617575e-01 -8.242174940790169705e-07 6.758775781065334514e-09 6.758775781065334514e-09 5.564370012074874847e-06
-5.789240966576614245e-01 -5.055831992739200521e-06 6.758775729713452543e-09 6.758775729713452543e-09 1.332755513471583747e-06
-5.784321788671199505e-01 -1.181001200283877917e-06 6.294879682046669314e-09 6.294879682046669314e-09 4.769098545665716140e-06
-5.784321788671195064e-01 -5.948222030231212619e-06 6.294879822012529298e-09 6.294879822012529298e-09 1.877715685073703979e-09
-5.780724179455051237e-01 1.636119093155117437e-29 -3.957346119488884067e-29 -3.957346119488884067e-29 -6.091187799841778399e-29
-5.780724179455050127e-01 -4.436937307479212421e-29 -2.713388077475383632e-29 -2.713388077475383632e-29 -7.045493831633295794e-30
-5.778704086366511783e-01 -9.864882471328525605e-29 -1.120878383514598775e-28 -1.120878383514598775e-28 -1.897051249772624782e-28
-5.778704086366505122e-01 1.048750063108876248e-28 1.399930804911032790e-29 1.399930804911032790e-29 6.044611499484152317e-28
-5.777929951984427381e-01 -3.967787390245574059e-06 3.253536976918228970e-08 3.253536976918228970e-08 2.678557146410405680e-05
-5.777929951984426271e-01 -1.425356880873091461e-05 3.253536964218482673e-08 3.253536964218482673e-08 1.649979004527159706e-05
-5.769930037405202050e-01 -3.952859952208770178e-28 -2.649464025869070869e-31 -2.649464025869070869e-31 -6.465854042167710893e-29
-5.769930037405199830e-01 -5.554464985181626456e-30 -3.648832937198992600e-29 -3.648832937198992600e-29 -2.242141812319591849e-29
-5.767970556270669569e-01 -6.694076492031445098e-06 4.043897479395444221e-08 4.043897479395444221e-08 3.152999517734641642e-05
-5.767970556270665128e-01 -3.553547172836219430e-05 4.043897477743740562e-08 4.043897477743740562e-08 2.688599940769774405e-06
-5.763534691362467433e-01 -1.032857207184374293e-04 1.145429028826485756e-07 1.145429028826485756e-07 4.983496020059177300e-06
-5.763534691362462992e-01 -9.937238629397185356e-06 1.145429025629096390e-07 1.145429025629096390e-07 9.833197810938949356e-05
-5.754781922045507647e-01 -5.441613930227065308e-28 -5.818530350239970405e-29 -5.818530350239970405e-29 4.472074922049017600e-28
-5.754781922045505427e-01 7.490795054553138639e-30 -6.258737738570564422e-29 -6.258737738570564422e-29 1.638879644298674460e-28
-5.742748491334562777e-01 -1.409877276049439428e-25 -1.028801654027220639e-26 -1.028801654027220639e-26 1.003832677627854862e-26
-5.742748491334561667e-01 -1.105117113792591716e-26 -4.044127891456165866e-27 -4.044127891456165866e-27 3.973718211675762942e-26
-5.742463845167259384e-01 -1.103055494936134532e-03 1.586895782344674171e-06 1.586895782344674171e-06 3.969236320540180996e-04
-5.742463845167257164e-01 -1.075863706397406101e-03 1.586895783110328428e-06 1.586895783110328428e-06 4.241154205932145811e-04
-5.739133076044384829e-01 -8.164980283264396612e-29 -2.331138775460060472e-29 -2.331138775460060472e-29 1.530828892851873154e-28
-5.739133076044380388e-01 -3.157246107945671222e-29 1.128004021697540370e-29 1.128004021697540370e-29 3.886610883389482926e-29
-5.735430007646962203e-01 1.365551928690897083e-28 1.010495358969160075e-28 1.010495358969160075e-28 8.362847214085149682e-29
-5.735430007646962203e-01 1.932134288629942663e-28 3.716492213554394032e-28 3.716492213554394032e-28 -1.774039126973463741e-28
-5.721524977655094713e-01 9.160273604658280839e-28 1.262218789535567183e-28 1.262218789535567183e-28 -4.972674901166257593e-28
-5.721524977655094713e-01 6.264709332119707323e-29 -3.618488100646076624e-29 -3.618488100646076624e-29 -2.966819418566342384e-29
-5.716362831927663812e-01 1.413868829180795095e-28 2.433777848835964766e-28 2.433777848835964766e-28 9.302348982633615370e-29
-5.716362831927660482e-01 -6.543656935677196196e-30 -1.564946127289504013e-29 -1.564946127289504013e-29 2.594219076384606555e-29
-5.706505825802202780e-01 -2.702001321069497944e-06 1.844998164909599884e-08 1.844998164909599884e-08 1.473744722913815090e-05
-5.706505825802199450e-01 -1.719186929242921328e-05 1.844998127518768067e-08 1.844998127518768067e-08 2.475792583947624108e-07
-5.703400011697088434e-01 -2.492672763330819699e-04 3.717128292314460649e-07 3.717128292314460649e-07 1.020862850610664382e-04
-5.703400011697085104e-01 -6.676920543421684909e-05 3.717128292558576603e-07 3.717128292558576603e-07 2.845843559625293616e-04
-5.700406868193729215e-01 -3.106331009143567023e-30 3.487125108807012576e-29 3.487125108807012576e-29 1.681182211701461449e-28
-5.700406868193724774e-01 4.921693255966641966e-28 -1.436940731040563723e-28 -1.436940731040563723e-28 -1.893861747297048469e-28
-5.682803668672827824e-01 -4.346032634109616426e-29 2.789476334956626448e-29 2.789476334956626448e-29 1.252224425870235980e-29
-5.682803668672826714e-01 -1.341583913248014123e-29 1.317912883209941598e-28 1.317912883209941598e-28 -3.703824150726035536e-29
-5.680485962333395866e-01 4.210953526081650297e-28 -2.941425822216989100e-28 -2.941425822216989100e-28 -1.262239328539630831e-28
-5.680485962333395866e-01 1.175454880144951219e-28 -8.296057905973713179e-29 -8.296057905973713179e-29 -1.376572396153106293e-28
-5.676846484477947596e-01 -1.023914739516923684e-30 -1.738063974995869913e-28 -1.738063974995869913e-28 3.886188998002554918e-28
-5.676846484477943156e-01 2.623744467997759169e-27 -1.431011497768015177e-27 -1.431011497768015177e-27 -2.233380801072752854e-28
-5.675908709892807380e-01 -3.480509952391877505e-04 3.802597200400329295e-07 3.802597200400329295e-07 1.138133072538692312e-05
-5.675908709892804049e-01 -1.508364046586639759e-04 3.802597194422753200e-07 3.802597194422753200e-07 2.085959213084189910e-04
-5.668537596908821419e-01 -3.346525873469983326e-07 2.170435157436839580e-09 2.170435157436839580e-09 1.716904588478587533e-06
-5.668537596908816978e-01 -8.422175626613388977e-07 2.170435119041202109e-09 2.170435119041202109e-09 1.209339613107870096e-06
-5.668052124839384476e-01 -1.701893533883648111e-28 -3.360807204580094809e-29 -3.360807204580094809e-29 -2.884793572904749789e-29
-5.668052124839381145e-01 -8.925737949640622224e-29 -7.267546630495074884e-29 -7.267546630495074884e-29 -3.310063201701493714e-29
-5.658635965294093184e-01 -1.343935683770184527e-29 -2.643991698866874983e-29 -2.643991698866874983e-29 1.083794389559844278e-28
-5.658635965294089853e-01 2.328819142750115384e-29 3.227436779533818377e-29 3.227436779533818377e-29 -3.385799922024471902e-29
-5.650377980320102633e-01 -3.969139973582378336e-07 7.162087437073280928e-10 7.162087437073280928e-10 2.800669198397924432e-07
-5.650377980320099303e-01 -5.298717651520259659e-07 7.162087439333405128e-10 7.162087439333405128e-10 1.471091520582265199e-07
-5.650048457507033106e-01 -9.513992565687631842e-29 -2.797415033192236864e-28 -2.797415033192236864e-28 -4.705514679857505137e-28
-5.650048457507030886e-01 3.569734814136644892e-28 -6.205427691024963455e-29 -6.205427691024963455e-29 2.150298536556072358e-29
-5.648680059180620772e-01 -8.892031136876574096e-06 3.038077018875362798e-08 3.038077018875362798e-08 1.982473890032449004e-05
-5.648680059180617441e-01 -2.331033605127239293e-05 3.038077018849763874e-08 3.038077018849763874e-08 5.406433986424010147e-06
-5.637119564377168768e-01 2.784856016513454133e-28 -3.465216365684344429e-28 -3.465216365684344429e-28 2.800744724794645404e-28
-5.637119564377168768e-01 -1.858711341069153305e-27 -7.278962855923914129e-28 -7.278962855923914129e-28 -2.818342167921363756e-28
-5.636035584116266817e-01 -1.273705286727035374e-04 3.926562922547589954e-07 3.926562922547589954e-07 2.437793909415866779e-04
-5.636035584116265706e-01 -9.835974733555097186e-05 3.926562921176720598e-07 3.926562921176720598e-07 2.727901722789482369e-04
-5.631612969648492895e-01 5.436045209071317964e-07 -8.981142999622711954e-10 -8.981142999622711954e-10 -3.053186990529961806e-07
-5.631612969648492895e-01 4.238866150813542014e-07 -8.981142691340580244e-10 -8.981142691340580244e-10 -4.250366049380184363e-07
-5.626061673324711521e-01 -1.504388067561966798e-29 7.405680497894954225e-29 7.405680497894954225e-29 2.397640395934911956e-28
-5.626061673324711521e-01 5.275108728757075243e-29 2.945599716193558346e-29 2.945599716193558346e-29 3.651129427690317052e-29
-5.619135658934826250e-01 -3.643911720818209678e-29 -4.551246540739676693e-30 -4.551246540739676693e-30 2.746846931362906465e-29
-5.619135658934825139e-01 -4.149671517391495904e-30 2.562540685638466377e-29 2.562540685638466377e-29 3.711354145866005204e-29
-5.613337151762040067e-01 1.326545012542827388e-30 -4.111982152106173852e-29 -4.111982152106173852e-29 -6.385181018928697604e-29
-5.613337151762038957e-01 -3.169684092774072880e-28 -2.414071921303283238e-28 -2.414071921303283238e-28 -2.163581874724101916e-28
-5.611062187407630519e-01 -1.067827721607986886e-04 2.023775549371089033e-07 2.023775549371089033e-07 8.451026133136570228e-05
-5.611062187407629409e-01 -1.110483103720172153e-05 2.023775549594348124e-07 2.023775549594348124e-07 1.801882024560624569e-04
-5.602764718622728068e-01 -6.888844607481692444e-27 1.965993863956077032e-27 1.965993863956077032e-27 1.376883704475926036e-28
-5.602764718622726958e-01 -9.181499257790402203e-27 -9.784443796408439091e-28 -9.784443796408439091e-28 1.606063932705472299e-26
-5.602688179806782909e-01 -4.920035151936297810e-05 1.954835168843954613e-07 1.954835168843954613e-07 1.355762410199538230e-04
-5.602688179806781799e-01 -1.389961684805901651e-04 1.954835174136406520e-07 1.954835174136406520e-07 4.578042405756937891e-05
-5.597888019830935535e-01 -3.801032906539294348e-04 4.708874668327234071e-07 4.708874668327234071e-07 6.499296534017244000e-05
-5.597888019830935535e-01 -4.003877447973854821e-04 4.708874669711435725e-07 4.708874669711435725e-07 4.470851119762986011e-05
-5.595760071830579996e-01 -3.320900886937979091e-29 -2.979689567134493084e-29 -2.979689567134493084e-29 -6.540687659332506749e-29
-5.595760071830578886e-01 -1.221079795572296005e-28 -8.646083358583920093e-28 -8.646083358583920093e-28 -2.146190213265813657e-27
-5.588324492423955014e-01 -1.142204635705557168e-03 1.644452833506553434e-06 1.644452833506553434e-06 4.121790566046439714e-04
-5.588324492423952794e-01 -1.490657987323316957e-04 1.644452833014209604e-06 1.644452833014209604e-06 1.405317893582245852e-03
-5.586834621054763694e-01 -1.792912167780790736e-28 -1.179966486274280890e-28 -1.179966486274280890e-28 1.054308175926016680e-27
-5.586834621054762584e-01 1.053072753260199383e-28 -1.477110455214009033e-28 -1.477110455214009033e-28 -1.731188785765840360e-27
-5.585740526778483206e-01 -2.057305822024325015e-04 6.639579910131195766e-07 6.639579910131195766e-07 4.218614370060725424e-04
-5.585740526778482096e-01 -5.043800971536801939e-04 6.639579916281576112e-07 6.639579916281576112e-07 1.232119220568082352e-04
-5.575468502492404443e-01 -4.751201839252651680e-30 -5.448951253230348907e-29 -5.448951253230348907e-29 -6.695154150331877904e-29
-5.575468502492403333e-01 -3.083908729696482256e-30 1.902168272705902552e-30 1.902168272705902552e-30 -1.036413014505082550e-29
-5.567902814042416937e-01 -8.475538265342220034e-28 -5.648503686644578164e-28 -5.648503686644578164e-28 9.014526075810791112e-28
-5.567902814042414716e-01 -6.337835646397753068e-28 -1.331000574296826164e-27 -1.331000574296826164e-27 3.632184142159574081e-27
-5.566712555151163144e-01 -6.042063729487348643e-04 1.682217809720198529e-06 1.682217809720198529e-06 9.858738505815992526e-04
-5.566712555151162034e-01 -1.081105504182155834e-03 1.682217810053803726e-06 1.682217810053803726e-06 5.089747193442580248e-04
-5.560768846195583981e-01 7.164442369845545153e-29 1.537818505547343096e-28 1.537818505547343096e-28 -1.935196243273635653e-28
-5.560768846195581760e-01 -6.551857991158332391e-29 9.618136223677513108e-28 9.618136223677513108e-28 4.677142157103926215e-27
-5.558195443377763612e-01 -1.053355992818914930e-03 1.410945383680178149e-06 1.410945383680178149e-06 2.803098016919481402e-04
-5.558195443377762501e-01 -5.049185234543090116e-04 1.410945382594332945e-06 1.410945382594332945e-06 8.287472710527834206e-04
-5.556412786649105318e-01 -7.140965273690205728e-02 1.061548081905029520e-04 1.061548081905029520e-04 2.893089783602995416e-02
-5.556412786649105318e-01 -3.537332922357841383e-03 1.061548082041752022e-04 1.061548082041752022e-04 9.680321765053441496e-02
-5.553808611835650000e-01 -1.452514679908639120e-04 2.329631985030540180e-06 2.329631985030540180e-06 2.056783088948586306e-03
-5.553808611835648890e-01 -1.464306341675096056e-03 2.329631985492224382e-06 2.329631985492224382e-06 7.377282152642109653e-04
-5.548907433821451685e-01 2.010369822110235060e-29 -3.284117692480863668e-28 -3.284117692480863668e-28 1.180399590936820884e-28
-5.548907433821451685e-01 -3.658475596291113150e-30 -2.423085788424782602e-28 -2.423085788424782602e-28 -1.941337112635863434e-28
-5.541516320421744357e-01 -3.109153490475381607e-05 7.083276296652847097e-08 7.083276296652847097e-08 3.586161178836643474e-05
-5.541516320421744357e-01 -3.428084378458709302e-05 7.083276316511040884e-08 7.083276316511040884e-08 3.267230290795728381e-05
-5.539469861106630644e-01 -2.330268027597987708e-28 4.256096288982251113e-28 4.256096288982251113e-28 2.848305078673217143e-27
-5.539469861106628423e-01 -2.579722313661294792e-28 -1.918504379338682859e-28 -1.918504379338682859e-28 6.896184187172572307e-29
-5.529837273699230726e-01 -1.053306668552507572e-03 3.123419967954371648e-06 3.123419967954371648e-06 1.899038916707357838e-03
-5.529837273699230726e-01 -2.344447892138607284e-03 3.123419967713930758e-06 3.123419967713930758e-06 6.078976931181004958e-04
-5.528424928951350958e-01 -3.581472339950360004e-03 2.169714753586243913e-05 2.169714753586243913e-05 1.692728997350420247e-02
-5.528424928951350958e-01 -3.048751869667193012e-03 2.169714753659857174e-05 2.169714753659857174e-05 1.746001044379010686e-02
-5.519297175287061208e-01 -2.737493593364557599e-28 -3.305952153815331453e-29 -3.305952153815331453e-29 5.456745408215085809e-29
-5.519297175287060098e-01 -6.299492443434073154e-29 -2.063345938810508685e-29 -2.063345938810508685e-29 1.348186738446217680e-29
-5.516523737236167513e-01 2.934951345848166058e-10 -2.428538634961859390e-12 -2.428538634961859390e-12 -2.002029384421906644e-09
-5.516523737236167513e-01 9.811054739507520930e-11 -2.428531073183235682e-12 -2.428531073183235682e-12 -2.197413979905247403e-09
-5.512300868796496944e-01 -9.365469378955943094e-29 -5.070375948849911889e-29 -5.070375948849911889e-29 1.251960944590454647e-28
-5.512300868796496944e-01 -5.504920642118116439e-29 -1.174264992161911603e-29 -1.174264992161911603e-29 -2.134679482549766370e-29
-5.510508333342296616e-01 -1.732551542608276596e-02 2.392913317137624387e-05 2.392913317137624387e-05 5.292983329489972001e-03
-5.510508333342295506e-01 -6.174105295658848360e-04 2.392913317032760692e-05 2.392913317032760692e-05 2.200108822600658695e-02
-5.508906551301588905e-01 -3.014587762415958884e-28 -3.049732529121186897e-29 -3.049732529121186897e-29 3.236329015461919943e-28
-5.508906551301588905e-01 -3.095431490543376793e-28 4.474859393689867249e-29 4.474859393689867249e-29 1.108193274600295579e-28
-5.503259582776542924e-01 -1.130641843709108795e-05 5.720891050554069319e-08 5.720891050554069319e-08 4.276907451293825591e-05
-5.503259582776542924e-01 -1.231062115074192991e-05 5.720891057289575392e-08 5.720891057289575392e-08 4.176487179936070433e-05
-5.497528655384171792e-01 -1.683669767985597151e-05 2.342511471571866981e-08 2.342511471571866981e-08 5.305388447451622906e-06
-5.497528655384170682e-01 -5.741715709899816372e-06 2.342511467928614162e-08 2.342511467928614162e-08 1.640037041725433633e-05
-5.494370954453963174e-01 -2.354530602498574029e-28 9.088124704785181089e-31 9.088124704785181089e-31 2.520740784117244686e-29
-5.494370954453963174e-01 -1.224475838748794545e-29 3.911749714779737361e-29 3.911749714779737361e-29 1.746440668028928334e-29
-5.489817460553316764e-01 1.334472722003453510e-03 -1.425234193369358009e-06 -1.425234193369358009e-06 -1.269926190534175057e-05
-5.489817460553315653e-01 4.920635972912083802e-06 -1.425234192925666481e-06 -1.425234192925666481e-06 -1.342251347937902482e-03
-5.489106686769540389e-01 2.450445979513707848e-28 -5.541250983365433275e-28 -5.541250983365433275e-28 -2.112339927064266597e-28
-5.489106686769539278e-01 4.108844532201462087e-28 -1.053849820262681067e-28 -1.053849820262681067e-28 -6.862305408965913738e-29
-5.482638425054552345e-01 1.085653474148940301e-07 -2.838636609126910146e-08 -2.838636609126910146e-08 -2.672303718061794735e-05
-5.482638425054551234e-01 2.312472487380050774e-05 -2.838636617804787837e-08 -2.838636617804787837e-08 -3.706877654405391316e-06
-5.478878390554666744e-01 1.007895787880421275e-06 -3.204086375876060709e-09 -3.204086375876060709e-09 -2.020698091992375694e-06
-5.478878390554666744e-01 2.701277243418164506e-06 -3.204086485324594567e-09 -3.204086485324594567e-09 -3.273166362834270925e-07
-5.477842503341529001e-01 3.322672630937127642e-29 4.245271872651198776e-30 4.245271872651198776e-30 2.265204534733859970e-30
-5.477842503341529001e-01 -9.491836850476564362e-29 1.043970661923231890e-29 1.043970661923231890e-29 6.944501778855259519e-29
-5.475699930826214423e-01 -2.955030495403082441e-30 -2.063437007405395584e-30 -2.063437007405395584e-30 -6.841280979556417243e-29
-5.475699930826213313e-01 -2.108923170384586931e-29 4.474334255244988213e-29 4.474334255244988213e-29 3.874167452694373280e-28
-5.468337291312365123e-01 1.378900681967108088e-29 -3.181431225718397582e-29 -3.181431225718397582e-29 -4.060154856704956269e-30
-5.468337291312364012e-01 -9.491851321213822338e-29 -7.964116568770854957e-29 -7.964116568770854957e-29 -9.442054739658934659e-29
-5.467649638410869706e-01 -1.367914956136516663e-05 1.217327966656111922e-07 1.217327966656111922e-07 1.013861597571417007e-04
-5.467649638410868596e-01 -7.665840880790053297e-05 1.217327963475993425e-07 1.217327963475993425e-07 3.840690051135149972e-05
-5.459272378070400000e-01 5.416961852358475213e-31 -7.667391174879283279e-30 -7.667391174879283279e-30 -2.453873768128973346e-28
-5.459272378070400000e-01 -9.122472250496315797e-30 -3.707601699955175226e-29 -3.707601699955175226e-29 4.031419081708877105e-29
-5.455996146629664700e-01 1.999863082874740724e-09 -1.920025060502425320e-10 -1.920025060502425320e-10 -1.794863686128510300e-07
-5.455996146629664700e-01 1.578747942255783434e-07 -1.920024965989037105e-10 -1.920024965989037105e-10 -2.361143745063264770e-08
-5.453856157658628634e-01 -6.349651575730087310e-29 3.938707486566110721e-29 3.938707486566110721e-29 -3.303330599600402593e-29
-5.453856157658627524e-01 -7.289076182578848301e-29 -2.095509928672933219e-30 -2.095509928672933219e-30 1.926074052402422796e-29
-5.451976649582074286e-01 -1.773195708912371090e-30 1.016012068438114777e-28 1.016012068438114777e-28 1.283291456707850900e-28
-5.451976649582074286e-01 2.412121114336710986e-29 -3.728795670397834388e-30 -3.728795670397834388e-30 -1.125704821705704575e-29
-5.449550950373621694e-01 3.848258497763421353e-29 5.143519607704757045e-29 5.143519607704757045e-29 1.532534556743799118e-28
-5.449550950373619473e-01 -4.447688125174344847e-28 6.500873827769454250e-29 6.500873827769454250e-29 8.233079844664099924e-29
-5.443787697007443915e-01 -4.763518773944911609e-05 1.792824426199807552e-07 1.792824426199807552e-07 1.218276873045230798e-04
-5.443787697007441695e-01 -1.310865718512068887e-04 1.792824429923992251e-07 1.792824429923992251e-07 3.837630319401831287e-05
-5.442581401423977061e-01 2.203275999076790616e-28 -4.668561769495319449e-29 -4.668561769495319449e-29 -9.178044660968507969e-29
-5.442581401423975951e-01 -3.011714547384310891e-28 1.776387906515826578e-28 1.776387906515826578e-28 -3.428036861460485098e-28
-5.438400252910843280e-01 2.933320314411106230e-05 -3.443271150197528120e-08 -3.443271150197528120e-08 -3.213577343800719413e-06
-5.438400252910842170e-01 1.163529238769456429e-05 -3.443271142461972598e-08 -3.443271142461972598e-08 -2.091148810084477312e-05
-5.418885920230939179e-01 7.878810739661733016e-29 1.531604992287127918e-29 1.531604992287127918e-29 -3.436857146183565689e-29
-5.418885920230939179e-01 1.485816081755052686e-28 3.737758735516815877e-29 3.737758735516815877e-29 -8.874520574552677063e-28
-5.399255363982651268e-01 4.726874609848836302e-04 -8.126935872020046477e-07 -8.126935872020046477e-07 -2.954936829055361276e-04
-5.399255363982650158e-01 3.780661357982380332e-04 -8.126935871369711521e-07 -8.126935871369711521e-07 -3.901150080915340222e-04
-5.398095328503429435e-01 6.428205663347604036e-28 6.606988569447071038e-28 6.606988569447071038e-28 -3.731926529939774321e-27
-5.398095328503429435e-01 6.423893800241994644e-29 2.734202104538752512e-28 2.734202104538752512e-28 -3.263032320529271649e-27
-5.388620318339218951e-01 -2.830181974129478226e-03 3.000994126659772405e-06 3.000994126659772405e-06 6.443214227858612348e-06
-5.388620318339217841e-01 -1.076817059009220782e-03 3.000994126106700548e-06 3.000994126106700548e-06 1.759808129354248091e-03
-5.386471981140926735e-01 -1.695998225433910790e-04 1.890982757776381404e-07 1.890982757776381404e-07 9.141257613375338426e-06
-5.386471981140926735e-01 -1.245112030608339093e-04 1.890982758088587161e-07 1.890982758088587161e-07 5.422987709584243296e-05
-5.382397519725212742e-01 -3.133171816781598409e-28 -1.929152761584771276e-27 -1.929152761584771276e-27 2.465583682075735102e-27
-5.382397519725210522e-01 7.193969348588719003e-29 -1.840126988245785841e-28 -1.840126988245785841e-28 2.238756932804087983e-28
-5.380519279090250073e-01 -5.756373303330161809e-05 6.419599252837565188e-07 6.419599252837565188e-07 5.492350872603583584e-04
-5.380519279090248963e-01 -3.975835809472486049e-04 6.419599257787492324e-07 6.419599257787492324e-07 2.092152393462166015e-04
-5.376156188984181350e-01 -1.539489736627350051e-03 3.845822584292125847e-06 3.845822584292125847e-06 2.095691389826446083e-03
-5.376156188984176909e-01 -2.827370998236123593e-03 3.845822580699593996e-06 3.845822580699593996e-06 8.078101282148039599e-04
-5.370453474029976970e-01 -1.003198646784224272e-27 6.881253560838134447e-28 6.881253560838134447e-28 3.047992380142740408e-27
-5.370453474029974750e-01 -2.500740182829905153e-27 1.553401782055070188e-28 1.553401782055070188e-28 2.437692893747087229e-27
-5.369953544834530357e-01 -7.895966867996612171e-05 3.424578391870533100e-07 3.424578391870533100e-07 2.447412425529490055e-04
-5.369953544834529247e-01 -1.186412576034260355e-04 3.424578403730293498e-07 3.424578403730293498e-07 2.050596536295674389e-04
-5.360686716769224036e-01 -1.260318120458178192e-05 2.839986013605001433e-07 2.839986013605001433e-07 2.558403928376922973e-04
-5.360686716769218485e-01 -2.426850187615096238e-04 2.839986021758677168e-07 2.839986021758677168e-07 2.575855527982973256e-05
-5.354802953889001849e-01 6.644404264762723439e-29 2.997026752271136516e-29 2.997026752271136516e-29 -3.925343614281638291e-29
-5.354802953888996297e-01 -1.614528770174253873e-27 -1.318195297157049517e-27 -1.318195297157049517e-27 -5.714914158662064020e-28
-5.343132990176714392e-01 -9.560898173981648607e-05 6.117382428522618133e-07 6.117382428522618133e-07 4.826234426054773919e-04
-5.343132990176713282e-01 -4.671421306631807222e-04 6.117382426651591174e-07 6.117382426651591174e-07 1.110902936820173665e-04
-5.337922811970736703e-01 3.922706504932628178e-28 -2.714651181155887366e-28 -2.714651181155887366e-28 -1.256936285461445055e-29
-5.337922811970734482e-01 3.637737203743868024e-28 -7.361930235177181878e-28 -7.361930235177181878e-28 -4.859456208966404069e-28
-5.332868261587914160e-01 -2.916458989158188329e-03 3.651207473786325442e-06 3.651207473786325442e-06 5.347663905556909736e-04
-5.332868261587913050e-01 -3.250573391698555626e-03 3.651207473735882512e-06 3.651207473735882512e-06 2.006519880140516360e-04
-5.328435910811877285e-01 -8.147504068314186825e-28 -4.068095762055962407e-28 -4.068095762055962407e-28 5.307985029026935403e-28
-5.328435910811872844e-01 2.701474519946634974e-28 5.939429358890999528e-29 5.939429358890999528e-29 7.382013359779065123e-28
-5.322392126912034449e-01 -3.869675776430664058e-04 6.824730517501264480e-07 6.824730517501264480e-07 2.581254041517567653e-04
-5.322392126912034449e-01 -4.908456296182102776e-04 6.824730514504884370e-07 6.824730514504884370e-07 1.542473521769544443e-04
-5.309238502657852576e-01 -1.997760887667662497e-28 -1.174209895586177176e-28 -1.174209895586177176e-28 2.464529262798031174e-28
-5.309238502657852576e-01 2.984651523457042049e-28 -3.680925494901952727e-28 -3.680925494901952727e-28 4.682214739880839407e-28
-5.308063935741615946e-01 -5.854681261302937493e-05 1.423297204951691030e-07 1.423297204951691030e-07 7.598729617471805433e-05
-5.308063935741612616e-01 -9.101138772122128540e-05 1.423297205274939978e-07 1.423297205274939978e-07 4.352272106658589695e-05
-5.305567445653169845e-01 -1.127137650326651776e-04 1.219958486641039604e-07 1.219958486641039604e-07 2.600188632824768216e-06
-5.305567445653166514e-01 -1.496696539665423497e-05 1.219958488303476759e-07 1.219958488303476759e-07 1.003469882687442152e-04
-5.298985361377563930e-01 -9.439821259876443919e-05 3.332878936912988678e-07 3.332878936912988678e-07 2.206350045362689342e-04
-5.298985361377561709e-01 -2.075243579792907151e-04 3.332878940820684654e-07 3.332878940820684654e-07 1.075088591544735590e-04
-5.296600935588129389e-01 3.990607900791011208e-29 1.084287134830116414e-28 1.084287134830116414e-28 2.143470749816456193e-28
-5.296600935588128278e-01 -1.502072170340728124e-28 6.305784315374922922e-29 6.305784315374922922e-29 4.984362299900075385e-28
-5.291354072395942909e-01 7.519735747557169780e-28 -2.077905813404150132e-28 -2.077905813404150132e-28 -1.169481886494981326e-28
-5.291354072395941799e-01 -8.711061685354858566e-28 -9.589812581124236543e-28 -9.589812581124236543e-28 -5.237574503895888231e-28
-5.289916305987506506e-01 -3.843579073095911438e-28 3.815966646820235096e-28 3.815966646820235096e-28 1.258151572325684561e-27
-5.289916305987504286e-01 -1.521738920120220913e-27 -1.277703528680997082e-28 -1.277703528680997082e-28 1.172766977317454695e-27
-5.286326114202272164e-01 -3.879058749281457958e-03 9.558355541911156113e-06 9.558355541911156113e-06 5.155771363263632681e-03
-5.286326114202269943e-01 -4.377313307002544777e-03 9.558355541540148906e-06 9.558355541540148906e-06 4.657516805543258399e-03
-5.276569972414303367e-01 -1.332953305464464333e-27 6.486321296431583390e-28 6.486321296431583390e-28 1.190638955621227641e-27
-5.276569972414303367e-01 -1.245460126561470524e-27 4.102158833422711689e-28 4.102158833422711689e-28 1.382569832041394389e-27
-5.271630978146770730e-01 -2.004419036279929053e-03 7.218450565741672782e-06 7.218450565741672782e-06 4.818666194438453280e-03
-5.271630978146768509e-01 -3.743094586919636351e-03 7.218450563991775558e-06 7.218450563991775558e-06 3.079990643811507042e-03
-5.263414507581066770e-01 -2.866028364238047747e-05 1.748793197632723005e-07 1.748793197632723005e-07 1.366406342509625610e-04
-5.263414507581065660e-01 -1.981778124836308064e-05 1.748793197905746606e-07 1.748793197905746606e-07 1.454831366433492128e-04
-5.259801682488289831e-01 -9.955278839573098048e-28 -5.750959870298991280e-29 -5.750959870298991280e-29 1.302285173623425091e-27
-5.259801682488286501e-01 -1.750067866793595634e-27 -6.524472530711763343e-28 -6.524472530711763343e-28 3.959039242125435371e-28
-5.255684740859170034e-01 -2.814286973597091641e-28 5.063668712008957334e-29 5.063668712008957334e-29 -1.930715153946527902e-28
-5.255684740859165593e-01 -4.258410936140810688e-28 -4.033532173834007970e-28 -4.033532173834007970e-28 -3.650491784822281551e-28
-5.249438863125835963e-01 -9.229423880951204351e-28 -5.123818812021992018e-28 -5.123818812021992018e-28 -1.418990170813838827e-28
-5.249438863125834853e-01 2.780516156186997558e-28 7.039809100431297811e-29 7.039809100431297811e-29 1.648222238779599038e-29
-5.246090767386802911e-01 -4.549943142609626451e-04 6.676873815932328067e-07 6.676873815932328067e-07 1.761228311620663834e-04
-5.246090767386801801e-01 -1.003791282064156942e-04 6.676873816829350781e-07 6.676873816829350781e-07 5.307380172150167382e-04
-5.240948228867932102e-01 -2.418889171288021007e-04 2.909061281990823215e-07 2.909061281990823215e-07 3.308384761818090642e-05
-5.240948228867929881e-01 -9.040181310216965070e-05 2.909061286819087832e-07 2.909061286819087832e-07 1.845709516447376520e-04
-5.234637256598142496e-01 -4.105984541209467685e-28 -1.801203562616725330e-28 -1.801203562616725330e-28 1.907847602875156482e-28
-5.234637256598141386e-01 -8.875386720331258162e-28 -2.946057784798688213e-28 -2.946057784798688213e-28 2.591221085659144265e-28
-5.233058935884200569e-01 -1.764565293732975517e-06 9.064309048211239511e-09 9.064309048211239511e-09 6.803278006120269139e-06
-5.233058935884200569e-01 -7.531312972295208180e-06 9.064309042747958065e-09 9.064309042747958065e-09 1.036530327412937191e-06
-5.232202821307080365e-01 -5.810245053233199562e-28 -4.358090606411648409e-28 -4.358090606411648409e-28 -1.762919275950542576e-28
-5.232202821307079255e-01 -9.651350762225654749e-28 -7.695140949606668841e-28 -7.695140949606668841e-28 9.678114735044605049e-29
-5.221452066580050122e-01 -2.601669950471833387e-02 3.407073315532011562e-05 3.407073315532011562e-05 6.187928636421437777e-03
-5.221452066580047902e-01 -2.200821838874573045e-03 3.407073315410485373e-05 3.407073315410485373e-05 3.000380630226050227e-02
-5.215032710286294781e-01 -1.064666827734865812e-03 1.959150757878043469e-06 1.959150757878043469e-06 7.871783126157897315e-04
-5.215032710286292561e-01 -6.890411191329590774e-04 1.959150757394979308e-06 1.959150757394979308e-06 1.162804021213502880e-03
-5.213220572360964811e-01 -2.998113318637086097e-28 -6.408645729672437840e-28 -6.408645729672437840e-28 3.728879915242739505e-27
-5.213220572360961480e-01 -2.965154023248803394e-27 -4.080583080586748032e-28 -4.080583080586748032e-28 2.653380155684690546e-27
-5.200262388251088996e-01 -1.178172067119267102e-04 1.271661652843344069e-07 1.271661652843344069e-07 2.383877649177457933e-06
-5.200262388251086776e-01 -1.017165708094394591e-05 1.271661659804982131e-07 1.271661659804982131e-07 1.100294272802518293e-04
-5.197323472236555775e-01 -6.069452843265372597e-04 1.821232786549599609e-06 1.821232786549599609e-06 1.114535858574773608e-03
-5.197323472236551334e-01 -5.199975455161293548e-04 1.821232786599684032e-06 1.821232786599684032e-06 1.201483597383466630e-03
-5.190820051498877818e-01 2.971299025081978338e-28 -1.954761181033514111e-28 -1.954761181033514111e-28 1.133601278944536907e-28
-5.190820051498873378e-01 1.297691959032225682e-28 2.518995113958910356e-28 2.518995113958910356e-28 3.774097224762450141e-28
-5.186832923301946119e-01 1.569142978152146341e-27 9.424853281005170236e-28 9.424853281005170236e-28 8.249869942223357091e-28
-5.186832923301942788e-01 2.847312414572705174e-28 7.773343189343219598e-29 7.773343189343219598e-29 2.097602875140065123e-29
-3.127042531881008697e-02 5.805538789987201714e-02 -6.406528369775376969e-05 -6.406528369775376969e-05 -2.500944389591828153e-03
-3.127042531880996901e-02 1.548724010840167977e-03 -6.406528369725547037e-05 -6.406528369725547037e-05 -5.900760827856443153e-02
-2.645584656163355031e-02 5.493878420746279717e-29 3.765457460237119164e-29 3.765457460237119164e-29 -2.985569449743052271e-29
-2.645584656163341500e-02 1.547753819203290195e-27 -2.143552345979478579e-28 -2.143552345979478579e-28 -1.437135114586392300e-28
-2.302842127286164331e-02 6.600112138872654822e-26 -3.010811302933918121e-27 -3.010811302933918121e-27 -2.107625470875742112e-26
-2.302842127286143514e-02 9.157686098655696404e-27 -1.555608335367825954e-27 -1.555608335367825954e-27 -4.363081275615966531e-27
-2.287527676686160194e-02 2.905530992305930052e-02 -3.659173075587803751e-03 -3.659173075587803751e-03 -3.429699383372665888e+00
-2.287527676686146663e-02 3.440639519655986689e+00 -3.659173075579572922e-03 -3.659173075579572922e-03 -1.811517363958272189e-02
-2.085384609460276539e-02 1.875195931257504996e-28 1.125261829274471854e-27 1.125261829274471854e-27 -4.827175977064655932e-26
-2.085384609460250172e-02 3.921923870709062986e-26 5.111390086609264264e-27 5.111390086609264264e-27 -7.293139640900230196e-26
-2.001731430067172496e-02 5.285553880072187960e-01 -5.259386049510170746e-01 -5.259386049510170746e-01 -4.966036055340060784e+02
-2.001731430067142312e-02 4.965365742686137196e+02 -5.259386049510584860e-01 -5.259386049510584860e-01 -5.955866534006495350e-01
-1.639978855232052460e-02 6.973454342779338289e-01 -7.441331252668701313e-04 -7.441331252668701313e-04 -6.030406737735785963e-03
-1.639978855232038235e-02 6.922712478414720302e-03 -7.441331252712368640e-04 -7.441331252712368640e-04 -6.964531285372687064e-01
-1.142944957899865929e-02 1.125951167810619646e-27 -1.735333805321334255e-28 -1.735333805321334255e-28 -6.087359627414151943e-27
-1.142944957899842337e-02 1.712298736286815139e-26 2.149574476092788370e-28 2.149574476092788370e-28 -2.938130531056726011e-29
-8.048824077775733332e-03 2.676382584605917714e+00 -2.945845102811148804e-03 -2.945845102811148804e-03 -1.081141758698962452e-01
-8.048824077775481797e-03 1.140962483026194824e-01 -2.945845102759555526e-03 -2.945845102759555526e-03 -2.670400512173554564e+00
6.486554464646002716e-01 -1.685424027117957161e-25 2.099781588005405778e-28 2.099781588005405778e-28 1.390395444691217462e-26
6.486554464646002716e-01 -2.521543907503871318e-26 3.962625400512129638e-29 3.962625400512129638e-29 1.711387133476418925e-27
