0.000000000000000000e+00 1.042279436147772382e-19 1.521739836115834357e-06 -1.521739836115834357e-06 1.740153493394546632e-17
0.000000000000000000e+00 -1.392122794715634163e-17 1.521739839346720408e-06 -1.521739839346720408e-06 -4.616618154676289323e-19
0.000000000000000000e+00 2.802929349810043073e-17 -1.927155171179703611e-06 1.927155171179703611e-06 1.280184078038254026e-18
0.000000000000000000e+00 5.558694023060807795e-19 -1.927155187497073361e-06 1.927155187497073361e-06 -1.724879599883129243e-17
0.000000000000000000e+00 -2.304087569334386854e-30 3.546976606924040495e-29 -3.546976606924040495e-29 -1.622239302807748478e-30
0.000000000000000000e+00 4.028248828612746452e-30 1.803940171088288025e-28 -1.803940171088288025e-28 7.016257151606200626e-30
0.000000000000000000e+00 6.726445326626486818e-29 -2.848082023464260639e-27 2.848082023464260639e-27 7.504979529402242497e-29
0.000000000000000000e+00 6.762648559230849348e-29 -1.381497417039095585e-29 1.381497417039095585e-29 8.124972685524358689e-31
0.000000000000000000e+00 -9.063326824209507015e-17 -1.100720063642645832e-04 1.100720063642645832e-04 5.904110045485141172e-15
0.000000000000000000e+00 -1.419058028476242772e-14 -1.100720063658709778e-04 1.100720063658709778e-04 -1.598220578376267615e-17
0.000000000000000000e+00 -1.233696859910423671e-29 3.184376721134121449e-27 -3.184376721134121449e-27 -2.633329339675207499e-28
0.000000000000000000e+00 6.733182819176645407e-28 4.785498103860970716e-27 -4.785498103860970716e-27 -2.787008095808407120e-28
0.000000000000000000e+00 -6.830141780030257020e-17 -1.582081969958815462e-02 1.582081969958815462e-02 -2.397965205514667525e-13
0.000000000000000000e+00 -8.792539086887140089e-14 -1.582081969936968702e-02 1.582081969936968702e-02 -1.545563511366909158e-15
0.000000000000000000e+00 2.744271030974290976e-16 -2.238435435565784819e-05 2.238435435565784819e-05 1.434805166434912061e-17
0.000000000000000000e+00 -2.440817984280052253e-17 -2.238435436314157063e-05 2.238435436314157063e-05 2.110977716134152589e-17
0.000000000000000000e+00 1.357039140259295507e-32 1.654181108708993251e-27 -1.654181108708993251e-27 -5.143421568759989223e-29
0.000000000000000000e+00 2.860340959014450056e-29 1.858431695986546697e-27 -1.858431695986546697e-27 -1.534925342731464792e-31
0.000000000000000000e+00 5.982354397566753675e-15 -8.861430540429244759e-05 8.861430540429244759e-05 -2.980595203976765100e-16
0.000000000000000000e+00 -4.109341316725342134e-16 -8.861430539260740447e-05 8.861430539260740447e-05 3.216926421333923802e-15
0.000000000000000000e+00 -2.629195497648104368e-46 1.585700805930029907e-31 -1.585700805930029907e-31 -1.188006854492846756e-45
0.000000000000000000e+00 9.737761102400381075e-47 -6.122098844389991762e-32 6.122098844389991762e-32 -9.348250658304362098e-46
0.000000000000000000e+00 2.863673871966819627e-46 -1.400385376728544295e-32 1.400385376728544295e-32 9.707369057514637564e-47
0.000000000000000000e+00 7.086379411985684896e-46 -6.228974301087079403e-32 6.228974301087079403e-32 -7.377600483711121359e-46
0.000000000000000000e+00 1.473167298671938092e-45 -3.964972088199293810e-31 3.964972088199293810e-31 5.853901634196383742e-45
0.000000000000000000e+00 3.755607422601149930e-47 -1.853931160398648783e-32 1.853931160398648783e-32 -1.056416023389742475e-45
0.000000000000000000e+00 -1.511019854068618996e-45 -4.778745958752502100e-31 4.778745958752502100e-31 3.622573239882456699e-45
0.000000000000000000e+00 3.390108646948818568e-46 -2.318260606088650998e-32 2.318260606088650998e-32 1.084834767023621537e-45
0.000000000000000000e+00 -4.821632482307485947e-45 -3.355816342877605644e-31 3.355816342877605644e-31 2.931552549242950401e-45
0.000000000000000000e+00 -1.297019137740712831e-45 -4.816872134407241142e-32 4.816872134407241142e-32 5.920964688273585813e-45
0.000000000000000000e+00 -1.928118643478374665e-47 6.899303919730431749e-31 -6.899303919730431749e-31 9.100719997217925111e-45
0.000000000000000000e+00 8.676533895652673594e-47 4.313216105358982779e-32 -4.313216105358982779e-32 9.158563556522264464e-47
0.000000000000000000e+00 -3.274885655765646828e-46 2.767186530661421505e-31 -2.767186530661421505e-31 1.136577962883371041e-45
0.000000000000000000e+00 -6.188570687733600402e-46 2.651185870252099388e-33 -2.651185870252099388e-33 -1.637442827882819719e-46
0.000000000000000000e+00 7.687981871803333481e-46 -1.011637807862900572e-30 1.011637807862900572e-30 4.612789123081997599e-45
0.000000000000000000e+00 -3.075192748721329970e-46 -4.969531604944116453e-32 4.969531604944116453e-32 2.921433111285262616e-45
0.000000000000000000e+00 1.411011502940505864e-46 -6.641555445531174264e-32 6.641555445531174264e-32 -1.817574139380989708e-46
0.000000000000000000e+00 6.696325776666802838e-46 3.555674438787580552e-31 -3.555674438787580552e-31 -6.505002183047749283e-46
0.000000000000000000e+00 -1.719128522024057531e-45 3.898158904359739313e-32 -3.898158904359739313e-32 1.331551828953626354e-46
0.000000000000000000e+00 2.853325347757771259e-46 2.737277712559861510e-31 -2.737277712559861510e-31 -9.035530267899605874e-47
0.000000000000000000e+00 9.476824744892726925e-48 8.207786246944630948e-32 -8.207786246944630948e-32 3.601193403059235138e-46
0.000000000000000000e+00 3.392703258671588118e-45 2.980909982113891829e-31 -2.980909982113891829e-31 1.098363987933064088e-44
0.000000000000000000e+00 -6.810387856317392983e-46 1.622508784158892700e-31 -1.622508784158892700e-31 6.621210415864129538e-46
0.000000000000000000e+00 -1.158711822776222164e-46 2.467152716812648474e-32 -2.467152716812648474e-32 -9.458872022663034141e-47
0.000000000000000000e+00 -2.979311582878047878e-46 5.417752430301011227e-32 -5.417752430301011227e-32 3.428572853312037740e-46
0.000000000000000000e+00 3.192119553083617934e-47 2.722804361996661829e-31 -2.722804361996661829e-31 -5.391135245207886121e-46
0.000000000000000000e+00 4.865166459931146977e-46 -9.300530229063946376e-32 9.300530229063946376e-32 1.341463373417907910e-45
0.000000000000000000e+00 -1.794915781333820448e-46 2.083379840795299507e-31 -2.083379840795299507e-31 1.058055618470462253e-45
0.000000000000000000e+00 -1.168009380391950835e-45 -2.922584438894742258e-32 2.922584438894742258e-32 -1.130331658443823048e-45
0.000000000000000000e+00 5.651658292219109016e-46 -8.656551853613079005e-32 8.656551853613079005e-32 -1.205687102340076134e-45
0.000000000000000000e+00 -1.050112133104586993e-45 -8.509683310745600759e-31 8.509683310745600759e-31 3.000320380298818912e-45
0.000000000000000000e+00 -2.062720261455437458e-46 -7.246590496568696254e-32 7.246590496568696254e-32 3.750400475373521306e-46
0.000000000000000000e+00 2.609067125674259963e-45 4.894249605738709004e-31 -4.894249605738709004e-31 -2.795429063222420000e-46
0.000000000000000000e+00 -7.454477501926447953e-47 -3.443333744700497312e-31 3.443333744700497312e-31 -4.174507401078809220e-45
0.000000000000000000e+00 -4.095028422487440008e-46 2.388994843772555990e-31 -2.388994843772555990e-31 3.871663235806305219e-45
0.000000000000000000e+00 -6.096008219839253430e-46 -2.052654038708706823e-32 2.052654038708706823e-32 -8.725202604731752320e-48
0.000000000000000000e+00 9.363243016965494851e-46 7.578295956929559945e-32 -7.578295956929559945e-32 -5.970226240520570724e-45
0.000000000000000000e+00 -1.223710968553905404e-45 -4.362068267070671014e-31 4.362068267070671014e-31 7.416430112447909797e-46
0.000000000000000000e+00 -6.670499496688830803e-46 -5.629580724085839413e-31 5.629580724085839413e-31 -1.778799865783687696e-45
0.000000000000000000e+00 1.297041568800604866e-46 -2.993127917162985455e-32 2.993127917162985455e-32 2.024311305592371710e-45
0.000000000000000000e+00 -2.287991483729192521e-45 9.924874165295901571e-31 -9.924874165295901571e-31 -0.000000000000000000e+00
0.000000000000000000e+00 -1.660638980126024948e-46 -1.732790054197406085e-33 1.732790054197406085e-33 1.476123537889799305e-46
0.000000000000000000e+00 -2.059892870897232163e-45 -2.372546204621086235e-31 2.372546204621086235e-31 3.512853020905099829e-45
0.000000000000000000e+00 -3.862299132932306028e-46 -1.760847496805435891e-31 1.760847496805435891e-31 3.126623107611865414e-46
0.000000000000000000e+00 -2.565716125933269319e-45 3.040791690183481961e-31 -3.040791690183481961e-31 4.728248289219880261e-45
0.000000000000000000e+00 -5.497963126999860520e-47 9.415750402971696921e-33 -9.415750402971696921e-33 -3.078859351119920569e-45
0.000000000000000000e+00 3.736032003724347099e-45 -1.730170018792194738e-31 1.730170018792194738e-31 2.490688002482897547e-45
0.000000000000000000e+00 -2.966848944134040288e-45 -1.065885229018328378e-31 1.065885229018328378e-31 9.816240950962007998e-45
0.000000000000000000e+00 3.223082979955287157e-46 4.160385926276676046e-32 -4.160385926276676046e-32 3.971706863597382403e-47
0.000000000000000000e+00 -2.925919300952316525e-46 6.387538845081170632e-31 -6.387538845081170632e-31 -1.682403598047581185e-45
0.000000000000000000e+00 9.972699874866991659e-47 4.355620135872262582e-32 -4.355620135872262582e-32 -0.000000000000000000e+00
0.000000000000000000e+00 -2.723696125141480448e-47 5.471658979747452774e-32 -5.471658979747452774e-32 -9.078987083804932235e-47
0.000000000000000000e+00 4.507709059684921805e-47 1.918558441590222299e-31 -1.918558441590222299e-31 -1.514590244054133151e-45
0.000000000000000000e+00 -2.884933798198344043e-46 -1.452278947089953248e-32 1.452278947089953248e-32 -1.172004355518076927e-46
0.000000000000000000e+00 -6.309599180013416043e-46 -1.649234056528409977e-31 1.649234056528409977e-31 9.013713114304878394e-47
0.000000000000000000e+00 1.261919836002681264e-46 -5.742137393480192167e-32 5.742137393480192167e-32 -3.064662458863653053e-46
0.000000000000000000e+00 -2.118166765857629282e-46 2.683640400111511582e-32 -2.683640400111511582e-32 3.244851215781898770e-46
0.000000000000000000e+00 -7.661454259485039518e-46 8.564399965148865761e-32 -8.564399965148865761e-32 5.047546335660730728e-46
0.000000000000000000e+00 3.777319916170096209e-46 -1.079996515168530818e-31 1.079996515168530818e-31 -7.194895078419228801e-46
0.000000000000000000e+00 -2.967894219847931569e-46 1.510569638381778821e-31 -1.510569638381778821e-31 7.914384586261146702e-46
0.000000000000000000e+00 -3.381736308756622826e-46 3.260900043793545104e-32 -3.260900043793545104e-32 -4.716632220107919806e-46
0.000000000000000000e+00 1.957847336648570537e-46 3.039218933469466149e-31 -3.039218933469466149e-31 1.922250112345868335e-45
0.000000000000000000e+00 -4.144120159854306230e-45 2.267703422103802296e-31 -2.267703422103802296e-31 3.201466217913197130e-46
0.000000000000000000e+00 2.756818132091918746e-46 -6.705108093512795816e-32 6.705108093512795816e-32 -2.378867259143832236e-46
0.000000000000000000e+00 -8.087439007052792723e-46 9.073843669170241135e-32 -9.073843669170241135e-32 -3.910410069344206197e-46
0.000000000000000000e+00 3.199426420372532449e-46 -8.029620342727267432e-32 8.029620342727267432e-32 1.990754217120686339e-45
0.000000000000000000e+00 -2.043455754410453927e-46 -2.591393218280611328e-31 2.591393218280611328e-31 1.066150828388062369e-46
0.000000000000000000e+00 3.376144289895530478e-46 1.213722158632361296e-31 -1.213722158632361296e-31 -1.421534437850749112e-46
0.000000000000000000e+00 3.883344351470964860e-47 4.495188201618413313e-33 -4.495188201618413313e-33 -3.772391655714650328e-47
0.000000000000000000e+00 3.550486264202023015e-46 -1.014721334698591617e-32 1.014721334698591617e-32 1.074022094921111639e-45
0.000000000000000000e+00 -1.236064490776251618e-45 -2.395230512187483697e-31 2.395230512187483697e-31 -8.415758235072347603e-46
0.000000000000000000e+00 -5.479009267625225494e-47 -5.864864195234811306e-33 5.864864195234811306e-33 -5.479009267625223063e-48
0.000000000000000000e+00 -5.082728029819393035e-46 -1.930291896511645699e-31 1.930291896511645699e-31 2.103197805442506980e-46
0.000000000000000000e+00 -7.886991770409403120e-47 1.554980130389421423e-31 -1.554980130389421423e-31 -1.051598902721253490e-46
0.000000000000000000e+00 2.252830647609140583e-46 5.274368609248568386e-33 -5.274368609248568386e-33 -7.130318360393975390e-46
0.000000000000000000e+00 -4.636894148477065216e-46 1.837555005373813349e-31 -1.837555005373813349e-31 -5.599268405708152139e-46
0.000000000000000000e+00 -1.746399489826071343e-47 -7.093942605461445467e-33 7.093942605461445467e-33 -1.528099553597811781e-46
0.000000000000000000e+00 -2.881559158213014823e-46 2.769364750158345038e-31 -2.769364750158345038e-31 -6.985597959304276425e-46
0.000000000000000000e+00 -1.047595470836557863e-46 7.426929675586903600e-34 -7.426929675586903600e-34 -5.412576599322214003e-46
0.000000000000000000e+00 3.928483015637090040e-47 7.311656512550354347e-32 -7.311656512550354347e-32 1.117435168892327350e-45
0.000000000000000000e+00 9.160221660688471162e-47 6.886680659668847003e-34 -6.886680659668847003e-34 3.489608251690845305e-46
0.000000000000000000e+00 -1.744804125845423090e-47 6.039045833366957844e-33 -6.039045833366957844e-33 -2.093764951014507028e-45
0.000000000000000000e+00 -1.046372175466068269e-46 4.347080701448434375e-32 -4.347080701448434375e-32 -1.818071654872293024e-45
0.000000000000000000e+00 6.539826096662924248e-48 4.928012759729403024e-32 -4.928012759729403024e-32 -6.975814503107117383e-46
0.000000000000000000e+00 6.081867121374428824e-47 -7.962824964076325549e-33 7.962824964076325549e-33 1.077359318643469999e-45
0.000000000000000000e+00 1.346699148304337304e-46 1.913222638437805763e-32 -1.913222638437805763e-32 3.040933560687211981e-47
0.000000000000000000e+00 2.864204060584759857e-46 -3.733141061566892469e-32 3.733141061566892469e-32 -2.603821873258871784e-46
0.000000000000000000e+00 1.267193311652651062e-45 5.782560072707241174e-33 -5.782560072707241174e-33 8.419024056870351337e-46
0.000000000000000000e+00 -3.458858539501230624e-46 -4.539719354634787712e-31 4.539719354634787712e-31 6.917717079002458913e-46
0.000000000000000000e+00 -6.744774152027397849e-46 -1.331848258586021416e-31 1.331848258586021416e-31 3.847980125195116463e-46
0.000000000000000000e+00 1.887402138095726361e-47 -1.479117683560836437e-32 1.479117683560836437e-32 -2.157031014966543544e-47
0.000000000000000000e+00 1.725624811973234641e-46 -3.041851633652618411e-31 3.041851633652618411e-31 -8.282999097471522543e-46
0.000000000000000000e+00 -4.826845483547626873e-46 6.986124288392158268e-31 -6.986124288392158268e-31 6.998925951144056827e-45
0.000000000000000000e+00 2.758197419170070110e-46 1.816892024032030891e-31 -1.816892024032030891e-31 -1.379098709585034666e-46
0.000000000000000000e+00 6.881615660719135565e-47 4.256519309975447054e-31 -4.256519309975447054e-31 2.752646264287653059e-46
0.000000000000000000e+00 -1.720403915179782433e-46 1.210509985071331448e-31 -1.210509985071331448e-31 9.634261925006776957e-46
0.000000000000000000e+00 -4.720122465265033225e-46 1.315124979278775408e-30 -1.315124979278775408e-30 4.394004913119447222e-45
0.000000000000000000e+00 -1.201485718431099214e-46 3.381160860436204222e-33 -3.381160860436204222e-33 -4.805942873724394524e-46
0.000000000000000000e+00 -5.139817210754271510e-46 -6.421129693421162173e-32 6.421129693421162173e-32 -1.370617922867805295e-46
0.000000000000000000e+00 -2.826899465914847619e-46 8.744387130735881058e-31 -8.744387130735881058e-31 -5.482471691471218069e-46
0.000000000000000000e+00 1.365709864315579783e-46 3.181998733776641169e-30 -3.181998733776641169e-30 1.092567891452463516e-45
0.000000000000000000e+00 -1.621780463874750750e-46 6.673953367196078587e-32 -6.673953367196078587e-32 -7.682117986775132879e-47
0.000000000000000000e+00 -2.229842739176763130e-46 -3.052480314516717408e-32 3.052480314516717408e-32 4.247319503193833642e-48
0.000000000000000000e+00 -1.529035021149780549e-46 3.810088950159836768e-31 -3.810088950159836768e-31 -3.695167967778635111e-46
0.000000000000000000e+00 -9.552728952735625722e-47 3.873311478008640047e-33 -3.873311478008640047e-33 -2.037915509916932709e-46
0.000000000000000000e+00 -1.358610339944622001e-46 3.287129614248395685e-32 -3.287129614248395685e-32 1.868089217423854789e-46
0.000000000000000000e+00 1.623637590880157264e-45 -8.047422863304852563e-31 8.047422863304852563e-31 5.682731568080548714e-45
0.000000000000000000e+00 1.860418072883513694e-46 -2.362807142106954412e-31 2.362807142106954412e-31 5.412125302933855474e-46
0.000000000000000000e+00 -2.364278984553239244e-46 2.600858721745209143e-31 -2.600858721745209143e-31 -3.377541406504626491e-46
0.000000000000000000e+00 3.799734082317705580e-47 -2.350097036204495769e-32 2.350097036204495769e-32 -4.221926758130782628e-47
0.000000000000000000e+00 -0.000000000000000000e+00 -3.774244635433227254e-32 3.774244635433227254e-32 -1.179822804817582153e-46
0.000000000000000000e+00 3.741723752421476017e-45 -1.183906320037291842e-30 1.183906320037291842e-30 1.968618622895622801e-44
0.000000000000000000e+00 2.692333411513310857e-45 -3.334835903482284466e-31 3.334835903482284466e-31 2.692333411513309612e-45
0.000000000000000000e+00 -0.000000000000000000e+00 6.757929979590176572e-32 -6.757929979590176572e-32 -8.413541910979092781e-48
0.000000000000000000e+00 -0.000000000000000000e+00 -2.817503687042423455e-31 2.817503687042423455e-31 -5.460627832067395573e-47
0.000000000000000000e+00 -5.880676126841813429e-46 1.249923549364885350e-31 -1.249923549364885350e-31 -1.575181105404056509e-47
0.000000000000000000e+00 1.899105856698819223e-14 3.390548233704020718e-03 -3.390548233704020718e-03 -5.961200024514985373e-18
0.000000000000000000e+00 1.059768893247108699e-17 3.390548233706648391e-03 -3.390548233706648391e-03 1.085203346685038835e-14
0.000000000000000000e+00 -1.369661013507391311e-42 2.743458756877123528e-30 -2.743458756877123528e-30 -2.465389824313303595e-42
0.000000000000000000e+00 -1.284057200163179454e-44 -7.294057099581205396e-31 7.294057099581205396e-31 -0.000000000000000000e+00
0.000000000000000000e+00 -1.491609595828741746e-44 6.231471868720515935e-31 -6.231471868720515935e-31 2.397229707581905577e-45
0.000000000000000000e+00 7.491342836193455900e-47 -3.275260824190132765e-32 3.275260824190132765e-32 3.329485704974868371e-47
0.000000000000000000e+00 1.704539987622918161e-44 4.593175350108962535e-31 -4.593175350108962535e-31 -1.997507797995606345e-46
0.000000000000000000e+00 -7.990031191982428490e-46 -4.561338096287667390e-31 4.561338096287667390e-31 -3.745327121241761653e-47
0.000000000000000000e+00 4.255434817907363430e-45 6.954590017394011108e-31 -6.954590017394011108e-31 -2.160962993468582336e-46
0.000000000000000000e+00 3.324558451490127680e-47 2.188364367154915096e-31 -2.188364367154915096e-31 -2.077849032181329192e-48
0.000000000000000000e+00 7.962488094224473420e-46 6.212054273731798162e-31 -6.212054273731798162e-31 -6.635406745187058915e-47
0.000000000000000000e+00 -3.184995237689789368e-45 1.405038618429868587e-30 -1.405038618429868587e-30 -2.654162698074823566e-46
0.000000000000000000e+00 5.291979887715466378e-46 -1.796352220807548099e-31 1.796352220807548099e-31 -9.095590432010955164e-47
0.000000000000000000e+00 -0.000000000000000000e+00 -6.269936958501381168e-31 6.269936958501381168e-31 -1.322994971928866206e-46
0.000000000000000000e+00 -2.796787084868594873e-46 -6.151094017900101086e-32 6.151094017900101086e-32 -0.000000000000000000e+00
0.000000000000000000e+00 2.961303972213805490e-46 1.585202572870871005e-31 -1.585202572870871005e-31 -3.948405296285072690e-46
0.000000000000000000e+00 5.571200291959411598e-46 7.774258664042665538e-31 -7.774258664042665538e-31 2.097393051090601410e-45
0.000000000000000000e+00 5.489270875901184385e-46 1.474118026831052453e-31 -1.474118026831052453e-31 -3.113317810212611151e-46
0.000000000000000000e+00 9.401009454596907422e-47 -3.510328508691261666e-32 3.510328508691261666e-32 1.267092578663061173e-46
0.000000000000000000e+00 -5.885849397660671255e-46 -9.603064812517054683e-31 9.603064812517054683e-31 -4.185492905003142759e-45
0.000000000000000000e+00 -4.590653869048220156e-46 3.999734755890067537e-33 -3.999734755890067537e-33 -1.958678984127240138e-46
0.000000000000000000e+00 -7.671492687831691223e-46 -1.586235134747804611e-30 1.586235134747804611e-30 -1.305785989418159874e-44
0.000000000000000000e+00 8.932718629761630835e-46 -1.173365904940420534e-32 1.173365904940420534e-32 5.392113791056110539e-45
0.000000000000000000e+00 1.916474178748858051e-45 -1.797198496102942219e-31 1.797198496102942219e-31 -7.406035809402363459e-45
0.000000000000000000e+00 -1.879979742269305517e-44 -3.160410782919474519e-32 3.160410782919474519e-32 2.636512457187252773e-44
0.000000000000000000e+00 3.138029589209492791e-45 -2.470413323648420150e-31 2.470413323648420150e-31 5.124637468683201286e-45
0.000000000000000000e+00 8.623994802645341882e-46 -3.322931446424652405e-33 3.322931446424652405e-33 -8.690878898647053800e-45
0.000000000000000000e+00 6.372230237254277325e-45 6.007659208589055338e-32 -6.007659208589055338e-32 9.015165424715971080e-45
0.000000000000000000e+00 -1.038163174600969889e-44 -1.378328291328998974e-31 1.378328291328998974e-31 8.843012376476278004e-45
0.000000000000000000e+00 2.027738369111409675e-44 -3.077153255894126520e-32 3.077153255894126520e-32 2.643186116924776037e-44
0.000000000000000000e+00 4.331740548371250909e-44 -4.539839504046949665e-32 4.539839504046949665e-32 6.646991648845558729e-44
0.000000000000000000e+00 -1.052563395634117874e-43 5.105957870501544461e-32 -5.105957870501544461e-32 -7.978574559418888197e-44
0.000000000000000000e+00 1.732873402735622219e-29 -7.905352987131838883e-29 7.905352987131838883e-29 -9.896769098759981785e-30
0.000000000000000000e+00 -9.347138251950617547e-30 8.752216913002504956e-29 -8.752216913002504956e-29 -1.382384167089068264e-29
0.000000000000000000e+00 -6.865312860005308786e-45 3.319027036095168102e-33 -3.319027036095168102e-33 9.569952100541276045e-45
0.000000000000000000e+00 3.393385793226442496e-46 3.103989761879355548e-32 -3.103989761879355548e-32 -8.861066759760438765e-47
0.000000000000000000e+00 1.613247816734065711e-30 8.395462951788510591e-28 -8.395462951788510591e-28 -9.313118392206449648e-30
0.000000000000000000e+00 3.970463784714342953e-30 7.161819399679247117e-28 -7.161819399679247117e-28 8.643272635168349096e-30
0.000000000000000000e+00 3.203553242464508436e-47 -1.386292089793505488e-31 1.386292089793505488e-31 8.969949078900620898e-46
0.000000000000000000e+00 -2.973297853162371452e-46 -3.178521527201153556e-32 3.178521527201153556e-32 -9.226233338297780251e-45
0.000000000000000000e+00 -1.449683916106545822e-46 -6.339519019879199668e-32 6.339519019879199668e-32 2.541911524132024740e-46
0.000000000000000000e+00 3.415693610552407564e-46 1.593055552999888914e-31 -1.593055552999888914e-31 8.181777718299951230e-46
0.000000000000000000e+00 6.192725628010577664e-46 -3.644678954404181415e-32 3.644678954404181415e-32 2.197623658760676179e-44
0.000000000000000000e+00 6.192725628010577664e-46 -2.892987319658896156e-31 2.892987319658896156e-31 -3.175756732313115794e-46
0.000000000000000000e+00 -3.805458540601408522e-46 1.458755299562924824e-32 -1.458755299562924824e-32 -4.598262403226700570e-46
0.000000000000000000e+00 2.933374291713585557e-46 -1.420681172919015413e-31 1.420681172919015413e-31 2.854093905451055108e-45
0.000000000000000000e+00 -1.899994988686383060e-46 7.468681317187092796e-32 -7.468681317187092796e-32 2.533326651581843303e-46
0.000000000000000000e+00 -1.599162448811038590e-45 -8.159775635198170818e-31 8.159775635198170818e-31 -5.699984966059145292e-45
0.000000000000000000e+00 5.223539895818158384e-46 3.572994016690151578e-33 -3.572994016690151578e-33 2.212903899126746239e-46
0.000000000000000000e+00 -3.793549541360134298e-46 -3.104615377894177721e-31 3.104615377894177721e-31 8.661938119438970890e-45
0.000000000000000000e+00 -3.708904198900134217e-46 -2.495542188371832612e-31 2.495542188371832612e-31 -1.262605684731960273e-45
0.000000000000000000e+00 6.786505555434284252e-46 1.139933628352163656e-31 -1.139933628352163656e-31 2.126701450220394126e-45
0.000000000000000000e+00 1.023764331602546678e-46 -3.664920334685977479e-31 3.664920334685977479e-31 -5.040070555581767182e-46
0.000000000000000000e+00 2.874415238730225996e-45 -2.301458314332882111e-31 2.301458314332882111e-31 1.827025576398389845e-45
0.000000000000000000e+00 -2.567469020371620557e-44 -2.807808332648610416e-31 2.807808332648610416e-31 -1.510275894336246874e-45
0.000000000000000000e+00 -1.793452624524293241e-45 9.437572115964697045e-31 -9.437572115964697045e-31 -9.061655366017478755e-45
0.000000000000000000e+00 1.002599720868879636e-45 -3.644374705237299250e-30 3.644374705237299250e-30 -1.503899581303319142e-45
0.000000000000000000e+00 -3.133124127715245361e-46 1.650247213826856322e-30 -1.650247213826856322e-30 5.012998604344391332e-45
0.000000000000000000e+00 -5.004025608434410978e-46 -1.525293880102374910e-29 1.525293880102374910e-29 7.005635851808173657e-45
0.000000000000000000e+00 -3.815569526431233460e-45 -8.850147947414800616e-32 8.850147947414800616e-32 5.254226888856123398e-45
0.000000000000000000e+00 1.506929883677337746e-18 3.169093554063866481e-07 -3.169093554063866481e-07 4.018479689806232192e-18
0.000000000000000000e+00 6.182276445855742278e-19 3.169093545850711035e-07 -3.169093545850711035e-07 -2.608147875595390401e-18
0.000000000000000000e+00 -8.984949369932756093e-45 -5.287245585376440977e-29 5.287245585376440977e-29 -4.791972997297468920e-44
0.000000000000000000e+00 -1.497491561655459349e-45 -1.124341041839356032e-30 1.124341041839356032e-30 -1.422616983572685915e-44
0.000000000000000000e+00 6.704172136154237513e-46 -1.085623631024509713e-31 1.085623631024509713e-31 -1.746202974998312636e-45
0.000000000000000000e+00 -7.982642171420856164e-45 2.175072951642837449e-29 -2.175072951642837449e-29 -4.789585302852511956e-44
0.000000000000000000e+00 -5.102649109467302214e-45 -4.332487041163563475e-30 4.332487041163563475e-30 9.956388506277659699e-45
0.000000000000000000e+00 7.000585668476481032e-46 6.439642865689005604e-31 -6.439642865689005604e-31 2.489097126569414614e-46
0.000000000000000000e+00 1.292696956060562133e-44 -8.160578738504019808e-31 8.160578738504019808e-31 -2.038483661480116750e-44
0.000000000000000000e+00 3.822156865275218128e-45 -1.267310622266812216e-30 1.267310622266812216e-30 -7.457867054195544926e-45
0.000000000000000000e+00 3.726371452014548254e-45 -1.736922984350972927e-32 1.736922984350972927e-32 -2.732672398144001140e-45
0.000000000000000000e+00 4.347433360683637400e-46 5.580427905861315297e-31 -5.580427905861315297e-31 -1.863185726007272571e-45
0.000000000000000000e+00 -1.173777536969469765e-44 -1.494529154721620055e-30 1.494529154721620055e-30 7.907553933268004966e-45
0.000000000000000000e+00 9.835020204502076128e-44 -2.775286626224328470e-30 2.775286626224328470e-30 6.301332040572936662e-44
0.000000000000000000e+00 -1.492766187588347914e-44 -4.385924482133759355e-31 4.385924482133759355e-31 6.735953210109402340e-44
0.000000000000000000e+00 8.142361023209169647e-45 -9.584779453904342160e-31 9.584779453904342160e-31 8.759206555270467342e-45
0.000000000000000000e+00 2.230445018770454619e-44 -1.732690432492358564e-30 1.732690432492358564e-30 1.468889758217890121e-43
0.000000000000000000e+00 -3.142339667328540131e-44 -2.390725372194392941e-30 2.390725372194392941e-30 -1.281581668243796219e-44
0.000000000000000000e+00 2.442916045667834211e-43 9.451645856638807733e-30 -9.451645856638807733e-30 -9.220037978810856197e-43
0.000000000000000000e+00 4.688822732814066370e-43 9.807577627965853922e-30 -9.807577627965853922e-30 7.703065918194534820e-43
0.000000000000000000e+00 3.808143025187528347e-17 1.034294341062083177e-06 -1.034294341062083177e-06 2.427310364254529823e-16
0.000000000000000000e+00 -3.351165862165022751e-17 1.034294339708059295e-06 -1.034294339708059295e-06 1.233838340160757959e-17
0.000000000000000000e+00 9.968384639431581542e-44 -1.316551682295775001e-29 1.316551682295775001e-29 -2.985604857524334681e-43
0.000000000000000000e+00 -8.624125873399854154e-45 -7.145450347821892798e-31 7.145450347821892798e-31 7.488564815336525653e-44
0.000000000000000000e+00 2.306890307588709153e-44 3.883336174559499975e-30 -3.883336174559499975e-30 2.846800805109470341e-44
0.000000000000000000e+00 9.031230140347286729e-44 -1.341293880286831168e-30 1.341293880286831168e-30 -5.644518837717052214e-44
0.000000000000000000e+00 5.101165630317320503e-44 1.825240342435168811e-29 -1.825240342435168811e-29 1.961986780891276542e-44
0.000000000000000000e+00 1.471490085668456162e-45 6.231324977541993853e-30 -6.231324977541993853e-30 2.942980171336911079e-45
0.000000000000000000e+00 -9.169922032013190977e-47 1.354056560655559562e-30 -1.354056560655559562e-30 -2.445312541870183612e-46
0.000000000000000000e+00 -1.838875031486378705e-43 -5.707679147942197904e-30 5.707679147942197904e-30 4.695000080390752785e-44
0.000000000000000000e+00 -2.735313286221167876e-44 -5.521864378165186818e-29 5.521864378165186818e-29 7.033662735997287118e-44
0.000000000000000000e+00 1.094125314488466951e-43 -2.216243829085740480e-29 2.216243829085740480e-29 2.188250628976933504e-43
0.000000000000000000e+00 3.197132161418730454e-43 -8.029449736834849700e-30 8.029449736834849700e-30 4.210856993088082808e-43
0.000000000000000000e+00 -8.187777486560153935e-44 -1.638511250768085735e-29 1.638511250768085735e-29 2.436838537666712007e-45
0.000000000000000000e+00 -0.000000000000000000e+00 3.382483079702530742e-29 -3.382483079702530742e-29 1.870908997896492987e-42
0.000000000000000000e+00 -2.026818081054533193e-43 4.079563650850269184e-29 -4.079563650850269184e-29 -1.714999914738450750e-43
0.000000000000000000e+00 9.624314818021458073e-18 1.556218510491806176e-05 -1.556218510491806176e-05 -3.849725927208581997e-17
0.000000000000000000e+00 -3.849725927208581380e-17 1.556218510389787834e-05 -1.556218510389787834e-05 -1.106796204072466816e-16
0.000000000000000000e+00 6.768733816960562148e-44 -6.005846641036386570e-30 6.005846641036386570e-30 1.933923947703017045e-45
0.000000000000000000e+00 -0.000000000000000000e+00 -1.768659356845130881e-31 1.768659356845130881e-31 -7.252214803886310809e-46
0.000000000000000000e+00 -3.768901470051026790e-44 -4.187392586815473251e-30 4.187392586815473251e-30 -6.619737197397314242e-44
0.000000000000000000e+00 -6.039906202004842527e-46 -5.021725147090473286e-31 5.021725147090473286e-31 4.529929651503630728e-46
0.000000000000000000e+00 -6.542883906044807627e-46 1.796482614767090719e-31 -1.796482614767090719e-31 6.016444971075682972e-47
0.000000000000000000e+00 -6.016444971075683945e-47 -2.441965789415397332e-31 2.441965789415397332e-31 -2.984156705653538210e-44
0.000000000000000000e+00 6.345274207761097530e-44 1.585003394020779185e-30 -1.585003394020779185e-30 6.922117317557558136e-44
0.000000000000000000e+00 3.229720536620821200e-45 -1.100064224160382530e-31 1.100064224160382530e-31 -5.558123714184666946e-46
0.000000000000000000e+00 2.154997393805100946e-44 3.329463675446773972e-30 -3.329463675446773972e-30 -8.171031784844338545e-45
0.000000000000000000e+00 1.032602917864944229e-45 -4.020585167881396492e-31 4.020585167881396492e-31 1.855692200221058595e-45
0.000000000000000000e+00 -3.200357595662425865e-45 -3.523003432915533603e-31 3.523003432915533603e-31 1.022918035249111556e-44
0.000000000000000000e+00 -1.579241878981083424e-44 2.457383481022408863e-30 -2.457383481022408863e-30 -1.752719206596429034e-44
0.000000000000000000e+00 1.044628583504708135e-46 7.996420834804904136e-31 -7.996420834804904136e-31 4.715751891249823517e-45
0.000000000000000000e+00 1.432633485949313836e-44 1.542605494593031024e-29 -1.542605494593031024e-29 9.359872108202180907e-44
0.000000000000000000e+00 -1.760103552121028940e-44 -7.821677433948032637e-31 7.821677433948032637e-31 1.151525374777486397e-44
0.000000000000000000e+00 -1.021009221548172607e-44 -2.097033242493998835e-31 2.097033242493998835e-31 -1.044129225834507833e-44
0.000000000000000000e+00 -1.666284010282597308e-31 -3.833675553038508513e-29 3.833675553038508513e-29 2.194621961131334284e-31
0.000000000000000000e+00 3.627663895732995769e-32 -1.293096689193099508e-30 1.293096689193099508e-30 -2.177950109216662145e-31
0.000000000000000000e+00 4.646985176157022286e-44 5.394563798286598058e-31 -5.394563798286598058e-31 2.859683185327397640e-45
0.000000000000000000e+00 3.559709798402332043e-45 -1.397439460965844409e-32 1.397439460965844409e-32 -3.814307243450195841e-45
0.000000000000000000e+00 5.990296999713775729e-45 -1.783298209289100576e-31 1.783298209289100576e-31 8.114028225108576491e-45
0.000000000000000000e+00 -9.513126748925100862e-45 2.499661358104058062e-30 -2.499661358104058062e-30 8.561814074032588785e-45
0.000000000000000000e+00 8.265694838109965997e-45 -5.149243846915702650e-31 5.149243846915702650e-31 -1.623512821248838619e-44
0.000000000000000000e+00 6.991770544064339434e-45 9.967846137036836439e-31 -9.967846137036836439e-31 -1.777568782389238132e-45
0.000000000000000000e+00 -3.832368709535035298e-45 1.768231544111876313e-31 -1.768231544111876313e-31 -1.053531475362526667e-44
0.000000000000000000e+00 1.893989169191058634e-44 -3.746661407189790963e-30 3.746661407189790963e-30 -9.469945845955289746e-46
0.000000000000000000e+00 -7.957442036669493247e-32 1.429017750640874183e-29 -1.429017750640874183e-29 -4.253696497043979579e-31
0.000000000000000000e+00 3.419604889022260468e-31 5.308585427966862435e-31 -5.308585427966862435e-31 1.241789343138455426e-31
0.000000000000000000e+00 2.279627863450490660e-45 -4.526284792955127667e-33 4.526284792955127667e-33 -2.116217646054281735e-44
0.000000000000000000e+00 1.322036612072257699e-44 4.837052656781256075e-30 -4.837052656781256075e-30 3.777247463063592537e-45
0.000000000000000000e+00 -0.000000000000000000e+00 -9.881094230433601495e-31 9.881094230433601495e-31 1.408060966220116388e-45
0.000000000000000000e+00 -1.994753035478498735e-45 -1.982273328677423993e-31 1.982273328677423993e-31 7.040304831100581941e-45
0.000000000000000000e+00 -1.465471142904895732e-44 1.725673173091564667e-32 -1.725673173091564667e-32 1.771448634280642639e-44
0.000000000000000000e+00 -1.124357480270688984e-44 -5.409370447966327825e-30 5.409370447966327825e-30 4.216340551015081823e-45
0.000000000000000000e+00 8.995227104576737592e-46 4.150373454616092443e-33 -4.150373454616092443e-33 2.420666806190974925e-45
0.000000000000000000e+00 -2.998409034858910353e-45 -1.958949345361135363e-30 1.958949345361135363e-30 -8.190775900102386706e-45
