-3.868925337810553144e-01 -4.964466338538801871e-04 1.237341491065073355e-06 1.237341491065073355e-06 6.731238132025922595e-04
-3.868925337810549814e-01 -3.976869747425582752e-04 1.237341490221780694e-06 1.237341490221780694e-06 7.718834723137870486e-04
-3.859059071091766047e-01 -1.335284706353724738e-28 -1.706626690849452993e-28 -1.706626690849452993e-28 -5.072133205286194434e-28
-3.859059071091763826e-01 1.361677603883834454e-28 8.818117604734492816e-29 8.818117604734492816e-29 -2.822428266607426230e-28
-3.851158322956417246e-01 -5.659079384201716155e-06 6.447838306670478731e-08 6.447838306670478731e-08 5.528772639591112136e-05
-3.851158322956414470e-01 -4.698898642618534087e-05 6.447838331123462297e-08 6.447838331123462297e-08 1.395781935405535796e-05
-3.850019863713867174e-01 -3.068057271373486764e-29 -1.755805929135709806e-28 -1.755805929135709806e-28 -3.346095248047647974e-28
-3.850019863713864954e-01 -1.957952875659769910e-28 -1.377339891511263326e-28 -1.377339891511263326e-28 -9.113896768501359273e-29
-3.840951557679639361e-01 3.654640303363284196e-28 1.572205516778649056e-28 1.572205516778649056e-28 2.998298226750025826e-28
-3.840951557679638251e-01 4.337587766946167839e-28 1.158744036037160169e-28 1.158744036037160169e-28 3.692315613427894469e-28
-3.839618041984196872e-01 1.507316259968003923e-28 1.670250385839755806e-28 1.670250385839755806e-28 -2.060225589291902129e-28
-3.839618041984194097e-01 -2.632202490134280599e-27 1.547800157574447052e-27 1.547800157574447052e-27 -4.335256138065293219e-28
-3.837213326183709916e-01 -7.017622762750805657e-05 2.923911433627909698e-06 2.923911433627909698e-06 2.693588203801963819e-03
-3.837213326183707696e-01 -1.759733712129012313e-03 2.923911434004883829e-06 2.923911434004883829e-06 1.004030719299851609e-03
-3.833478187385250258e-01 -2.296960017269435009e-28 9.997955239926449366e-29 9.997955239926449366e-29 -1.825916216264167835e-30
-3.833478187385245262e-01 9.177683104187647849e-30 -4.910491680927119101e-28 -4.910491680927119101e-28 9.024361599779454370e-28
-3.825681846884672610e-01 -1.069500937272694599e-04 1.491615613657891582e-06 1.491615613657891582e-06 1.302967502122765169e-03
-3.825681846884670945e-01 -6.442710979609273187e-04 1.491615614042220288e-06 1.491615614042220288e-06 7.656464978897698122e-04
-3.809347031026811825e-01 -1.602648637982222093e-04 2.479047079764210594e-07 2.479047079764210594e-07 7.406173261625880410e-05
-3.809347031026811270e-01 -2.781042867506589630e-05 2.479047080656879030e-07 2.479047080656879030e-07 2.065161677403801383e-04
-3.804039659842158860e-01 -1.132350366472026658e-27 -8.714800796662736033e-28 -8.714800796662736033e-28 1.409415797050478428e-27
-3.804039659842156640e-01 -1.833842959835477355e-27 8.385320074391008031e-28 8.385320074391008031e-28 -1.060830888623623903e-28
-3.803853350585339466e-01 -5.399966890412677937e-05 7.647165100950356678e-08 7.647165100950356678e-08 1.828351522271573596e-05
-3.803853350585337245e-01 -9.411885063661795489e-07 7.647165108263666938e-08 7.647165108263666938e-08 7.134199562026023354e-05
-3.801707337404037212e-01 -8.903896221439050809e-04 1.147148405375831413e-06 1.147148405375831413e-06 1.939277496034231315e-04
-3.801707337404035547e-01 -5.254581002917971342e-04 1.147148404602738302e-06 1.147148404602738302e-06 5.588592714535638205e-04
-3.795223875380383527e-01 -1.521486313417808709e-05 1.159079499737532799e-07 1.159079499737532799e-07 9.434463434058383449e-05
-3.795223875380380196e-01 -9.511088581877476602e-05 1.159079493839522744e-07 1.159079493839522744e-07 1.444861165605484874e-05
-3.787124174564855950e-01 -2.608757536524963628e-07 5.885811840907863906e-10 5.885811840907863906e-10 2.954679686790322991e-07
-3.787124174564853729e-01 -4.664452686761075069e-07 5.885811717651086002e-10 5.885811717651086002e-10 8.989845370438888409e-08
-3.784854492290911643e-01 -1.363111724031100139e-29 -1.273764511907266449e-28 -1.273764511907266449e-28 -7.559849345397370070e-29
-3.784854492290907202e-01 5.246164514725096170e-29 -1.265151366341674275e-28 -1.265151366341674275e-28 -1.089646377906046439e-29
-3.780434888757813749e-01 -1.135758259752699740e-28 4.226157598351788741e-29 4.226157598351788741e-29 -2.194171493144589617e-29
-3.780434888757810974e-01 4.506376634261206910e-28 -1.229776189401277706e-28 -1.229776189401277706e-28 -7.059872907717769623e-28
-3.769092389440934499e-01 -5.391383877118644669e-03 9.368834489189045944e-06 9.368834489189045944e-06 3.464305534027210896e-03
-3.769092389440932278e-01 -6.692295579613542073e-03 9.368834490581508817e-06 9.368834490581508817e-06 2.163393831531547611e-03
-3.763034258102720964e-01 -4.071116207853674326e-04 3.593721820915003059e-06 3.593721820915003059e-06 2.989776681102208466e-03
-3.763034258102715968e-01 -3.168828472295878891e-03 3.593721821330910213e-06 3.593721821330910213e-06 2.280598295877708131e-04
-3.753947410199801049e-01 -5.230966502132822733e-26 5.312964489522809806e-27 5.312964489522809806e-27 9.848653453908998354e-26
-3.753947410199795498e-01 -1.660647042153083029e-25 -3.233060591895221529e-27 -3.233060591895221529e-27 5.322654161874139168e-26
-3.753746795062392061e-01 -1.613065888441238553e-04 2.372855222730355177e-06 2.372855222730355177e-06 2.081583803166953215e-03
-3.753746795062389841e-01 -1.543130287561205512e-03 2.372855220391410913e-06 2.372855220391410913e-06 6.997601044458748093e-04
-3.752265470760658972e-01 -4.541031721294120294e-27 -1.895932788075220005e-27 -1.895932788075220005e-27 2.309712074502283694e-27
-3.752265470760657307e-01 -5.607114648640697285e-27 -1.228933589576347188e-27 -1.228933589576347188e-27 2.449414160505362955e-28
-3.748273319015426042e-01 3.132952897430686958e-07 -3.753613556866706701e-10 -3.753613556866706701e-10 -4.150696348421562274e-08
-3.748273319015423266e-01 1.188532678459655679e-07 -3.753613899190331555e-10 -3.753613899190331555e-10 -2.359489854287001722e-07
-3.743598757619793771e-01 -1.227707857889505572e-27 -6.252680722530246404e-28 -6.252680722530246404e-28 -2.555137682336577263e-28
-3.743598757619789885e-01 -2.442301275083998134e-28 -2.280939699135672830e-28 -2.280939699135672830e-28 -1.811432802228260177e-28
-3.736346915165761340e-01 -1.710885382316844404e-04 1.133936958432516410e-05 1.133936958432516410e-05 1.054720680770406156e-02
-3.736346915165758009e-01 -9.899975443880068213e-03 1.133936957725846647e-05 1.133936957725846647e-05 8.183199020539989573e-04
-3.733111259839098639e-01 -5.296200604376306365e-05 7.354126740392330351e-08 7.354126740392330351e-08 1.655129597644613908e-05
-3.733111259839095863e-01 -6.429396174394967762e-06 7.354126707825074229e-08 7.354126707825074229e-08 6.308390584846023969e-05
-3.730670486603137048e-01 -1.031047706990999567e-26 -1.883859104591800052e-27 -1.883859104591800052e-27 5.060983859074196523e-27
-3.730670486603132607e-01 -4.201238289826624373e-28 4.921884545731645024e-28 4.921884545731645024e-28 2.364924097086771645e-27
-3.727552492371188908e-01 -1.932893894380672759e-02 2.381238749616044882e-05 2.381238749616044882e-05 3.179208472582664181e-03
-3.727552492371188353e-01 -1.608682205733572013e-02 2.381238749512572014e-05 2.381238749512572014e-05 6.421325359055097583e-03
-3.722968210432930358e-01 -1.777864033493822501e-04 1.178245914917863014e-06 1.178245914917863014e-06 9.359252205809363238e-04
-3.722968210432928693e-01 -1.757397706805947869e-04 1.178245915091910920e-06 1.178245915091910920e-06 9.379718532513211691e-04
-3.721306686306720124e-01 -1.542885788102973368e-04 3.011571518383274694e-06 3.011571518383274694e-06 2.692334661790229608e-03
-3.721306686306719014e-01 -1.616461315722249369e-03 3.011571518551013899e-06 3.011571518551013899e-06 1.230161924871301738e-03
-3.714151283829864592e-01 9.178211728746134655e-30 3.477216594700151168e-28 3.477216594700151168e-28 1.537631445419098823e-28
-3.714151283829863481e-01 -3.836143064500559373e-28 2.296235719021992845e-28 2.296235719021992845e-28 4.202998402782607847e-28
-3.707757287558987591e-01 -7.706716892568315226e-29 -5.205401591745539366e-28 -5.205401591745539366e-28 -1.065155516916697552e-29
-3.707757287558986481e-01 -3.993159060840720045e-28 -6.860899386605863424e-30 -6.860899386605863424e-30 3.911780155375332446e-28
-3.697753250167007399e-01 -4.254493607167637863e-06 7.449796563579140240e-09 7.449796563579140240e-09 2.787266495889546472e-06
-3.697753250167002959e-01 -4.431550217769419524e-06 7.449796596914188054e-09 7.449796596914188054e-09 2.610209885241431261e-06
-3.684398951603229944e-01 -3.749720821883383206e-28 -6.951760835392346283e-29 -6.951760835392346283e-29 1.236917177576036897e-28
-3.684398951603227168e-01 -4.089748039262574110e-28 9.414605741215211438e-32 9.414605741215211438e-32 2.106202402070078585e-28
-3.672254022284944797e-01 -3.831108986959038103e-04 4.169684187424641751e-07 4.169684187424641751e-07 1.101953651832673007e-05
-3.672254022284943131e-01 -6.275444666791426033e-05 4.169684192512880367e-07 4.169684192512880367e-07 3.313759885473787931e-04
-3.670650265170986581e-01 -1.967063154365047948e-28 -1.365463035027868925e-29 -1.365463035027868925e-29 1.847537074505912620e-28
-3.670650265170984361e-01 -1.862865401383796417e-28 6.134933805640152768e-28 6.134933805640152768e-28 1.304233590327529533e-28
-3.656279887187339761e-01 -4.774490897230316162e-28 -1.231465020359870584e-28 -1.231465020359870584e-28 -3.638539054877275361e-28
-3.656279887187338096e-01 -1.335075101742372872e-28 6.496818520711779837e-29 6.496818520711779837e-29 -3.602010235396394488e-27
-3.654869564125320935e-01 -1.839416294539685415e-04 3.667271582691375354e-07 3.667271582691375354e-07 1.626993343220180222e-04
-3.654869564125320380e-01 -2.392061815014872065e-04 3.667271582907660452e-07 3.667271582907660452e-07 1.074347822742631096e-04
-3.653819578090564124e-01 2.645526413078065561e-29 5.169858390960963057e-29 5.169858390960963057e-29 1.107392822410685737e-29
-3.653819578090560793e-01 8.839338381915580079e-28 -1.250639841920207458e-27 -1.250639841920207458e-27 3.659698915137045954e-27
-3.648254950435527721e-01 7.566377508747652971e-28 -8.508964492859345145e-28 -8.508964492859345145e-28 1.271086625731953266e-27
-3.648254950435527166e-01 3.223073325596619944e-29 -1.211496312074005027e-28 -1.211496312074005027e-28 3.669279205070681851e-28
-3.640948920337055972e-01 5.446250282517596503e-28 -4.990623202181462808e-28 -4.990623202181462808e-28 -4.626313084369876455e-28
-3.640948920337052641e-01 -1.170788585950549969e-28 -1.025325516220861516e-28 -1.025325516220861516e-28 4.178289715988373999e-29
-3.639221294587704492e-01 -2.076335135593079361e-04 2.399924865035357675e-07 2.399924865035357675e-07 1.921422567374790727e-05
-3.639221294587703381e-01 -1.546008757201006460e-04 2.399924869683033809e-07 2.399924869683033809e-07 7.224686351511181782e-05
-3.616191587163172239e-01 -6.733539385490060976e-27 2.917627400173370627e-28 2.917627400173370627e-28 2.538702033483044236e-26
-3.616191587163170018e-01 -2.826329935855205289e-25 -3.141992317203407230e-26 -3.141992317203407230e-26 2.286739457983709630e-25
-3.616087692499820316e-01 -6.741327561270027283e-04 8.213221818215621063e-07 8.213221818215621063e-07 1.022043786868592541e-04
-3.616087692499820316e-01 -3.717115158527998673e-04 8.213221793405689342e-07 8.213221793405689342e-07 4.046256189557267155e-04
-3.605683149418983935e-01 -5.097170706529743214e-06 2.110188155038539379e-08 2.110188155038539379e-08 1.484892949089414860e-05
-3.605683149418982825e-01 -1.731289740025317451e-05 2.110188188029941625e-08 2.110188188029941625e-08 2.633202797643468407e-06
-3.599116993228215766e-01 -3.675771021083702637e-29 2.077492776300126500e-29 2.077492776300126500e-29 6.847353428745983909e-29
-3.599116993228212991e-01 3.184245728934081404e-28 2.328440412998940791e-28 2.328440412998940791e-28 -1.059684384910567191e-27
-3.596888581839922661e-01 -8.114459186221231008e-29 7.080650744862348562e-28 7.080650744862348562e-28 -7.854900526763686312e-28
-3.596888581839920995e-01 4.329137992901700105e-29 -1.488694178679397573e-28 -1.488694178679397573e-28 -1.320535843326443854e-28
-3.592468114890579045e-01 -3.106779700820212433e-05 8.750183596777198351e-07 8.750183596777198351e-07 7.960244981649309583e-04
-3.592468114890577935e-01 -8.120637490068780256e-04 8.750183596732369133e-07 8.750183596732369133e-07 1.502854616545547656e-05
-3.590642293783986028e-01 -1.548934065433238656e-28 2.440521476215039028e-28 2.440521476215039028e-28 -2.135169294213907630e-28
-3.590642293783984917e-01 1.918402557504448610e-28 -1.318688934863906073e-28 -1.318688934863906073e-28 -8.665031835283385833e-28
-3.588696993921381972e-01 -2.925176300692267033e-05 4.427890264477063816e-07 4.427890264477063816e-07 3.892850469817123681e-04
-3.588696993921380862e-01 -3.765154516813881019e-04 4.427890265409147342e-07 4.427890265409147342e-07 4.202135830411789181e-05
-3.576311587755321431e-01 -6.499717696711276890e-06 4.395982270164183370e-08 4.395982270164183370e-08 3.505236001297125310e-05
-3.576311587755317545e-01 -3.613227368492347120e-05 4.395982296611932174e-08 4.395982296611932174e-08 5.419804024437268435e-06
-3.571400834344704567e-01 3.746172554143605953e-06 -4.219077539254556076e-09 -4.219077539254556076e-09 -2.418198170862543729e-07
-3.571400834344704012e-01 1.860032670746929228e-06 -4.219077555760034474e-09 -4.219077555760034474e-09 -2.127959700330241339e-06
-3.560326898584838529e-01 -4.006965353558542112e-30 9.432137478916597573e-29 9.432137478916597573e-29 -2.118353494234031229e-28
-3.560326898584836308e-01 -7.523683313169347639e-28 -3.604553054720451084e-28 -3.604553054720451084e-28 -7.550686204108274757e-29
-3.556646167200694930e-01 -3.928701378939156982e-05 2.712267975573758453e-07 2.712267975573758453e-07 2.170842863169159063e-04
-3.556646167200693265e-01 -2.433564578853232639e-04 2.712267978886848946e-07 2.712267978886848946e-07 1.301484222004907258e-05
-3.556253522082921115e-01 -9.402305076385001228e-28 6.617624830714525396e-28 6.617624830714525396e-28 5.579357742856042279e-28
-3.556253522082921115e-01 -6.495093577614847606e-28 4.203067862084379613e-28 4.203067862084379613e-28 6.631685533423539822e-28
-3.551737284092507108e-01 -8.261688441103514971e-06 1.019253151178132524e-08 1.019253151178132524e-08 1.372582818960019021e-06
-3.551737284092507108e-01 -3.963773910011614171e-06 1.019253132772509417e-08 1.019253132772509417e-08 5.670497351653415178e-06
-3.551487740125382486e-01 -7.160118861883225900e-28 -8.701492286837528927e-29 -8.701492286837528927e-29 6.000633085669163710e-29
-3.551487740125382486e-01 2.679099598857032565e-29 4.104059000560380830e-31 4.104059000560380830e-31 -1.163430360214678505e-28
-3.542735221415189706e-01 -7.859679869248275149e-10 1.546022578009356105e-08 1.546022578009356105e-08 1.461266014662702793e-05
-3.542735221415188596e-01 -1.381133903998206023e-05 1.546022586936138729e-08 1.546022586936138729e-08 8.021070743259569667e-07
-3.539887621973080711e-01 -1.454512191064764802e-28 -2.024162917573997792e-29 -2.024162917573997792e-29 3.133923029784203757e-30
-3.539887621973079046e-01 -5.475542598262534096e-29 8.013998755224765283e-29 8.013998755224765283e-29 1.843291151758786265e-28
-3.519767771265807643e-01 8.812579370113072508e-29 2.339282283714281990e-29 2.339282283714281990e-29 3.036741055870113571e-29
-3.519767771265807088e-01 2.222785024108502499e-29 -1.414881936881373858e-29 -1.414881936881373858e-29 3.946907144010928344e-29
-3.517346265114314474e-01 -3.551238783655770305e-29 -3.953526252202687939e-29 -3.953526252202687939e-29 -7.519966650837609079e-32
-3.517346265114313919e-01 -1.790899605543743284e-28 -1.266451893938146520e-28 -1.266451893938146520e-28 -7.386528928468496634e-30
-3.501672471829842537e-01 -6.965932542714774864e-06 2.060924910016349170e-08 2.060924910016349170e-08 1.251451721218324919e-05
-3.501672471829841982e-01 -1.811879401215838240e-05 2.060924910519602546e-08 2.060924910519602546e-08 1.361655742645673301e-06
-3.497720156761875421e-01 8.418706196237627389e-29 -5.616411484727214410e-29 -5.616411484727214410e-29 4.760640545328057022e-29
-3.497720156761874866e-01 4.693253257035768035e-29 -1.886360224956554885e-29 -1.886360224956554885e-29 9.230851142459445943e-30
-3.496323405322251388e-01 -1.073323774563760637e-29 -1.622107355886870465e-29 -1.622107355886870465e-29 1.999456334318969243e-29
-3.496323405322251388e-01 1.646844251652998734e-29 8.820070916775308952e-30 8.820070916775308952e-30 2.710333241275564569e-29
-3.480514474788971024e-01 7.955492665064399589e-30 -7.840823258666243998e-29 -7.840823258666243998e-29 1.337416758166653293e-28
-3.480514474788969359e-01 1.235145237976461072e-29 5.037042353270466090e-29 5.037042353270466090e-29 4.618470918817049185e-29
-3.475184740595626542e-01 -5.913500395538771361e-04 6.716377225027011297e-07 6.716377225027011297e-07 4.350108020284369743e-05
-3.475184740595624322e-01 -4.466704475435604159e-05 6.716377227915540819e-07 6.716377227915540819e-07 5.901840750051312286e-04
-3.471410074355499309e-01 6.176627073956518183e-29 4.395003226116797031e-28 4.395003226116797031e-28 8.898316253891728245e-28
-3.471410074355499309e-01 2.876766312420186696e-29 7.803106987978295220e-28 7.803106987978295220e-28 2.457802466810153325e-27
-3.470271794724160697e-01 -2.737431825893108699e-04 4.155512476848400171e-07 4.155512476848400171e-07 1.190477012986928786e-04
-3.470271794724159586e-01 -4.412297004406414010e-05 4.155512472817422256e-07 4.155512472817422256e-07 3.486679138448965523e-04
-3.466547242035503684e-01 3.919069260911773911e-29 -3.576363169415041578e-29 -3.576363169415041578e-29 1.899368203970221763e-29
-3.466547242035503129e-01 -1.074969698104329742e-28 -2.288888958191617761e-28 -2.288888958191617761e-28 1.486819444357279733e-28
-3.450185471531375114e-01 1.688912814025072328e-28 5.332435478857250577e-29 5.332435478857250577e-29 1.401016579938132800e-28
-3.450185471531374004e-01 3.967988017989236511e-28 5.428262188525190953e-30 5.428262188525190953e-30 -1.377124902290855355e-30
-3.446060380729557560e-01 -1.638043624691746516e-03 1.994760806822046602e-06 1.994760806822046602e-06 2.474611494061950247e-04
-3.446060380729555339e-01 -9.598657967847172654e-05 1.994760807108550838e-06 1.994760807108550838e-06 1.789518194422908904e-03
-3.444832499609615239e-01 -4.960942502414727115e-28 -4.213809644659249072e-28 -4.213809644659249072e-28 -2.179736369395547113e-28
-3.444832499609614129e-01 -6.319345578036216259e-29 1.105337812737971546e-28 1.105337812737971546e-28 -5.787456644878237292e-28
-3.441236187468644792e-01 -1.075638414722254564e-26 3.569007627239302062e-29 3.569007627239302062e-29 1.193583961208464220e-27
-3.441236187468641461e-01 -2.360514941282482257e-27 4.261256849959440468e-28 4.261256849959440468e-28 1.437388554179713846e-27
-3.439853739181674697e-01 -1.987577273165776377e-03 2.448069795384066471e-06 2.448069795384066471e-06 3.264080783742420288e-04
-3.439853739181670811e-01 -3.839615426454937443e-04 2.448069793594622549e-06 2.448069793594622549e-06 1.930023808893190388e-03
-3.437253922079405166e-01 -9.826486618563679985e-05 2.471855762927639394e-07 2.471855762927639394e-07 1.353819863009421605e-04
-3.437253922079404611e-01 -9.266885725531515659e-05 2.471855768808764377e-07 2.471855768808764377e-07 1.409779952336281234e-04
-3.426444430776945937e-01 5.706301693888979717e-06 -7.314540289531111535e-09 -7.314540289531111535e-09 -1.207610213417517128e-06
-3.426444430776945937e-01 4.037634097989211256e-06 -7.314540276878005156e-09 -7.314540276878005156e-09 -2.876277809350403307e-06
-3.419987067101141198e-01 2.863703028071754061e-25 -4.427168123956383843e-26 -4.427168123956383843e-26 -4.117359126867605923e-25
-3.419987067101139533e-01 -1.622689228699606729e-28 5.051641735284754765e-28 5.051641735284754765e-28 -1.961813914957768674e-27
-3.419883397108649525e-01 6.165966690598412812e-03 -7.575980089022289731e-06 -7.575980089022289731e-06 -9.950656379598059147e-04
-3.419883397108647305e-01 1.317613943933335389e-03 -7.575980085784801058e-06 -7.575980085784801058e-06 -5.843418384612588702e-03
-3.412538516543874856e-01 9.263391920538820995e-28 -5.083409682864075975e-28 -5.083409682864075975e-28 5.785793188887064214e-28
-3.412538516543873746e-01 8.224699421618541384e-28 3.104392801762587420e-29 3.104392801762587420e-29 -3.701756582754762628e-28
-3.408040533241620262e-01 3.508286839776895727e-05 -5.309804463128374021e-08 -5.309804463128374021e-08 -1.510691701753787391e-05
-3.408040533241618042e-01 1.464666691661179977e-05 -5.309804467773151979e-08 -5.309804467773151979e-08 -3.554311849815609315e-05
-3.405284755681479703e-01 -5.695447174105981592e-29 1.970321112857491551e-30 1.970321112857491551e-30 -2.371975514116361723e-28
-3.405284755681479147e-01 2.578905557435775471e-28 2.285011206585570629e-28 2.285011206585570629e-28 -3.185692276246327522e-28
-3.391396786950762743e-01 -1.694184654133642910e-05 3.579696534016306979e-08 3.579696534016306979e-08 1.689446518616845655e-05
-3.391396786950762188e-01 -1.333859599930324464e-05 3.579696511864900527e-08 3.579696511864900527e-08 2.049771572870740099e-05
-3.386859283801858522e-01 1.938446716629512396e-28 3.282832060243295702e-28 3.282832060243295702e-28 1.896067382250921262e-28
-3.386859283801857967e-01 -1.930457677312740197e-28 -3.088216861808980800e-29 -3.088216861808980800e-29 -2.219050502070308460e-29
-3.382075790075602661e-01 -2.097636685271470774e-29 4.265154011293278155e-29 4.265154011293278155e-29 9.874470733544787274e-29
-3.382075790075600441e-01 3.009467359467248507e-29 -1.021846626403344485e-28 -1.021846626403344485e-28 4.483308233131374882e-28
-3.369342168991081854e-01 -2.557016764245668430e-06 1.503958851168326493e-08 1.503958851168326493e-08 1.165883115038458832e-05
-3.369342168991080189e-01 -9.644119740171843238e-06 1.503958873607444560e-08 1.503958873607444560e-08 4.571728173950982755e-06
-3.363771458344274601e-01 -1.192235850669632133e-04 2.123287989577087637e-07 2.123287989577087637e-07 8.147564794975364064e-05
-3.363771458344272935e-01 -1.942323996280574997e-04 2.123287980145420503e-07 2.123287980145420503e-07 6.466833388148717022e-06
-3.363428779233134103e-01 -1.739987856405019949e-27 -4.038442628006618996e-27 -4.038442628006618996e-27 1.650752504424469687e-26
-3.363428779233132992e-01 -4.970970832098035428e-28 -1.107827780015391078e-27 -1.107827780015391078e-27 2.130838086204002016e-28
-3.361137798256937370e-01 -2.929045826456329392e-04 4.683439797728171427e-07 4.683439797728171427e-07 1.497874966401721781e-04
-3.361137798256936260e-01 -2.235390216890571010e-04 4.683439800152946176e-07 4.683439800152946176e-07 2.191530575958837174e-04
-3.358677910034414960e-01 -8.887262437581491109e-05 2.340316094970646342e-07 2.340316094970646342e-07 1.323407240464751704e-04
-3.358677910034412739e-01 -1.498433019584076003e-05 2.340316096246977292e-07 2.340316096246977292e-07 2.062290182273262174e-04
-3.348018021283804546e-01 7.345196616423722939e-07 -2.841437781029621588e-09 -2.841437781029621588e-09 -1.951288346282491556e-06
-3.348018021283804546e-01 1.055120078528259568e-06 -2.841437762138314835e-09 -2.841437762138314835e-09 -1.630687929414460478e-06
-3.347595482476397599e-01 -9.349949412360248809e-28 4.907272655249289736e-28 4.907272655249289736e-28 8.625500648879506885e-30
-3.347595482476397044e-01 -4.434060134126871256e-29 1.001506419563583703e-28 1.001506419563583703e-28 -1.485225215139742754e-28
-3.325969196326164501e-01 -1.724330893074134440e-03 2.274067132677147949e-06 2.274067132677147949e-06 4.251821820990236002e-04
-3.325969196326163946e-01 -1.481348197486530554e-03 2.274067131963425706e-06 2.274067131963425706e-06 6.681648776877208498e-04
-3.324516879099985722e-01 1.175977906734154324e-28 -9.738791767501415838e-28 -9.738791767501415838e-28 1.877150497318707605e-28
-3.324516879099983502e-01 8.239443344102583952e-28 -7.864641279499660034e-28 -7.864641279499660034e-28 7.172228305019529405e-28
-3.321624549369678325e-01 -7.095839664915598348e-06 1.779217971546435742e-08 1.779217971546435742e-08 9.721835623463320224e-06
-3.321624549369673329e-01 -7.566959822437668574e-06 1.779217938158187311e-08 1.779217938158187311e-08 9.250715466196134917e-06
-3.316835325009332980e-01 7.276024340984828246e-29 2.836192795849875280e-30 2.836192795849875280e-30 -8.771447922687741062e-29
-3.316835325009327984e-01 6.491250666956870729e-28 3.043324938331582805e-28 3.043324938331582805e-28 -1.129292769547658195e-27
-3.307788936973258820e-01 1.514076872183060706e-07 -5.062884116593188969e-10 -5.062884116593188969e-10 -3.271505486104024256e-07
-3.307788936973253824e-01 6.842684793805857076e-08 -5.062884216866242768e-10 -5.062884216866242768e-10 -4.101313879089690908e-07
-3.299408430202793174e-01 -3.878925327547323032e-05 8.143389857033348886e-08 8.143389857033348886e-08 3.818438870871146445e-05
-3.299408430202792064e-01 -2.719746864060291108e-05 8.143389909149930878e-08 8.143389909149930878e-08 4.977617334341889586e-05
-3.288755088684723327e-01 -5.629147305388292706e-04 6.837695789473609216e-07 6.837695789473609216e-07 8.340376623954147612e-05
-3.288755088684719441e-01 -2.722797422232448332e-04 6.837695796956216745e-07 6.837695796956216745e-07 3.740387545572491880e-04
-3.276747768056369470e-01 1.204841674653904763e-05 -9.912003346211812491e-08 -9.912003346211812491e-08 -8.164266362767736253e-05
-3.276747768056367249e-01 7.209030678801327003e-05 -9.912003291970388794e-08 -9.912003291970388794e-08 -2.160077358805940437e-05
-3.276253804670402059e-01 6.188169726794797216e-27 5.075975314600267289e-28 5.075975314600267289e-28 -1.139720378686644371e-27
-3.276253804670399838e-01 2.594605589918282256e-27 -3.126332072379891592e-28 -3.126332072379891592e-28 -8.196191999521165367e-27
-3.274069663769261784e-01 5.485214603657770477e-28 -6.517383710818098258e-28 -6.517383710818098258e-28 -1.008825130035683126e-27
-3.274069663769255123e-01 1.695584543307454932e-28 5.212144808169440229e-28 5.212144808169440229e-28 -1.680835978939082156e-27
-3.265009212064119426e-01 -8.981938111570651393e-05 5.944768362156081313e-07 5.944768362156081313e-07 4.720970687521681736e-04
-3.265009212064117761e-01 -4.463909576287138623e-04 5.944768361341765014e-07 5.944768361341765014e-07 1.155254922410643589e-04
-3.263540334434805734e-01 -2.940185006131708272e-27 -1.201148447922767340e-27 -1.201148447922767340e-27 1.124990560814735469e-28
-3.263540334434801293e-01 -9.340530162628593858e-29 3.646237664793505297e-29 3.646237664793505297e-29 -2.336828755048478754e-29
-3.258407403599802299e-01 -7.168599800289803753e-29 -1.623212486486688833e-28 -1.623212486486688833e-28 5.492008287660083659e-28
-3.258407403599801744e-01 -4.913717969344613626e-27 1.027997487970406286e-28 1.027997487970406286e-28 -6.876022668285836860e-28
-3.251654459667590591e-01 -4.581561573574066822e-05 5.992825347916196918e-08 5.992825347916196918e-08 1.083027788935301626e-05
-3.251654459667586705e-01 -1.524662172620374328e-06 5.992825368772922112e-08 5.992825368772922112e-08 5.512123145385989907e-05
-3.246652123261456468e-01 -1.707039484365830489e-28 -2.276533510758617863e-28 -2.276533510758617863e-28 1.018723617810773826e-27
-3.246652123261452028e-01 4.368649130110657331e-29 -1.559323165668484685e-29 -1.559323165668484685e-29 -1.892096485711045108e-28
-3.244170904489301899e-01 -1.236505618411960956e-04 2.196703657645755421e-07 2.196703657645755421e-07 8.398813016220635385e-05
-3.244170904489299678e-01 -2.980204339818644588e-05 2.196703660967365477e-07 2.196703660967365477e-07 1.778366486050565005e-04
-3.221014416801261659e-01 -8.598885238988957530e-06 2.208445387565835281e-08 2.208445387565835281e-08 1.227596997611833496e-05
-3.221014416801258884e-01 -1.815285858438367203e-05 2.208445334999011934e-08 2.208445334999011934e-08 2.721996630279959847e-06
-3.212630663203416836e-01 3.740758596224747419e-28 9.796991004942632673e-28 9.796991004942632673e-28 -1.122688663140944175e-28
-3.212630663203413506e-01 1.281976081300185026e-28 -2.958196265371632296e-29 -2.958196265371632296e-29 3.901426940501325331e-28
-3.209810176590274233e-01 -4.496939206690739972e-04 1.031376407824272170e-06 1.031376407824272170e-06 5.251924584534317479e-04
-3.209810176590268682e-01 -5.349568506933384234e-04 1.031376404794001637e-06 1.031376404794001637e-06 4.399295284301909170e-04
-3.189282343189409064e-01 -3.716800338613430860e-29 -3.317575460987945197e-29 -3.317575460987945197e-29 -5.341938028288691228e-29
-3.189282343189407953e-01 2.420800738450577924e-29 -2.357162777530742804e-28 -2.357162777530742804e-28 -1.358122208405360523e-29
-3.184993771284771458e-01 -3.209262315845219280e-04 5.032948517560450619e-07 5.032948517560450619e-07 1.548024070670700740e-04
-3.184993771284767572e-01 -2.665470793273374585e-04 5.032948506525413379e-07 5.032948506525413379e-07 2.091815593226267766e-04
-3.183983489213072504e-01 -8.411712747618337485e-06 1.161556821066329538e-08 1.161556821066329538e-08 2.567654058383391249e-06
-3.183983489213068618e-01 -7.413748746834195594e-06 1.161556908960232436e-08 1.161556908960232436e-08 3.565618058157290496e-06
-3.178013611687316997e-01 -7.339235562410176898e-29 3.785110652389149489e-28 3.785110652389149489e-28 -7.348383877838930029e-28
-3.178013611687312556e-01 -1.753519531903616504e-26 6.704404198442660130e-27 6.704404198442660130e-27 -8.523422865675300945e-27
-3.171536248543177505e-01 -6.227134755678445118e-29 -1.649272008510962881e-29 -1.649272008510962881e-29 -5.870190751332391600e-30
-3.171536248543175840e-01 3.464655564077276203e-29 6.321096334704627838e-29 6.321096334704627838e-29 2.541907190671331001e-28
-3.165859095674535828e-01 -1.873606780206608811e-27 -8.235843655343623139e-28 -8.235843655343623139e-28 -4.509089703073305015e-28
-3.165859095674530277e-01 -4.967352743378593495e-29 -1.718994053313477394e-28 -1.718994053313477394e-28 3.116914745718737121e-29
-3.164307136759413885e-01 -5.108223789845621205e-28 -9.010703828680763533e-28 -9.010703828680763533e-28 1.165085978525410459e-28
-3.164307136759413330e-01 -9.636661243295261318e-27 -1.003184757308821862e-26 -1.003184757308821862e-26 -3.852819872131689499e-27
-3.163854775194508417e-01 4.686831888823102798e-06 -1.121305389808922092e-08 -1.121305389808922092e-08 -5.912065363974122128e-06
-3.163854775194505642e-01 3.330379285144478457e-06 -1.121305192668552738e-08 -1.121305192668552738e-08 -7.268517968189737829e-06
-3.163752701226681951e-01 -1.207946701064292564e-06 6.540287895907022107e-08 6.540287895907022107e-08 6.061271909149142545e-05
-3.163752701226676955e-01 -6.083528282354214953e-05 6.540287888031575784e-08 6.540287888031575784e-08 9.853829666196435238e-07
-3.147465677881721713e-01 -7.088882175642398104e-04 8.096570882024732041e-07 8.096570882024732041e-07 5.642274126529414434e-05
-3.147465677881721158e-01 -5.739707263843496238e-04 8.096570868852774670e-07 8.096570868852774670e-07 1.913402324474645639e-04
-3.144480606261099154e-01 -1.367027281749944978e-04 4.599178377364469664e-07 4.599178377364469664e-07 2.980247223220564208e-04
-3.144480606261095268e-01 -3.771261848297759222e-04 4.599178394833990041e-07 4.599178394833990041e-07 5.760126566599015578e-05
-3.131179191171290510e-01 1.903854487818357062e-28 -2.620275435672743891e-28 -2.620275435672743891e-28 -7.735448469307022932e-29
-3.131179191171287179e-01 1.569004566482340465e-27 1.152654014762178581e-27 1.152654014762178581e-27 -1.602012151577013874e-28
-3.129331593707829207e-01 -5.591100283593083399e-28 1.412549597386402706e-28 1.412549597386402706e-28 -1.113135809297621498e-27
-3.129331593707829207e-01 -3.906559612175642489e-29 3.316851129288085036e-29 3.316851129288085036e-29 1.123555001553331981e-28
-3.125070686135763554e-01 3.156924172720200010e-28 -3.902768592773482200e-29 -3.902768592773482200e-29 1.187846568240517973e-29
-3.125070686135759668e-01 3.028545996549761727e-28 3.292446982469982008e-28 3.292446982469982008e-28 3.448153505624045109e-28
-3.124353009574668549e-01 5.929555084683713889e-29 -3.960311964742915441e-29 -3.960311964742915441e-29 2.904063201487113344e-29
-3.124353009574660778e-01 4.046191044124835949e-27 1.500689311369755579e-27 1.500689311369755579e-27 -2.891126684883872071e-27
-3.127042531881008697e-02 5.805538789987201714e-02 -6.406528369775376969e-05 -6.406528369775376969e-05 -2.500944389591828153e-03
-3.127042531880996901e-02 1.548724010840167977e-03 -6.406528369725547037e-05 -6.406528369725547037e-05 -5.900760827856443153e-02
-2.645584656163355031e-02 5.493878420746279717e-29 3.765457460237119164e-29 3.765457460237119164e-29 -2.985569449743052271e-29
-2.645584656163341500e-02 1.547753819203290195e-27 -2.143552345979478579e-28 -2.143552345979478579e-28 -1.437135114586392300e-28
-2.302842127286164331e-02 6.600112138872654822e-26 -3.010811302933918121e-27 -3.010811302933918121e-27 -2.107625470875742112e-26
-2.302842127286143514e-02 9.157686098655696404e-27 -1.555608335367825954e-27 -1.555608335367825954e-27 -4.363081275615966531e-27
-2.287527676686160194e-02 2.905530992305930052e-02 -3.659173075587803751e-03 -3.659173075587803751e-03 -3.429699383372665888e+00
-2.287527676686146663e-02 3.440639519655986689e+00 -3.659173075579572922e-03 -3.659173075579572922e-03 -1.811517363958272189e-02
-2.085384609460276539e-02 1.875195931257504996e-28 1.125261829274471854e-27 1.125261829274471854e-27 -4.827175977064655932e-26
-2.085384609460250172e-02 3.921923870709062986e-26 5.111390086609264264e-27 5.111390086609264264e-27 -7.293139640900230196e-26
-2.001731430067172496e-02 5.285553880072187960e-01 -5.259386049510170746e-01 -5.259386049510170746e-01 -4.966036055340060784e+02
-2.001731430067142312e-02 4.965365742686137196e+02 -5.259386049510584860e-01 -5.259386049510584860e-01 -5.955866534006495350e-01
-1.639978855232052460e-02 6.973454342779338289e-01 -7.441331252668701313e-04 -7.441331252668701313e-04 -6.030406737735785963e-03
-1.639978855232038235e-02 6.922712478414720302e-03 -7.441331252712368640e-04 -7.441331252712368640e-04 -6.964531285372687064e-01
-1.142944957899865929e-02 1.125951167810619646e-27 -1.735333805321334255e-28 -1.735333805321334255e-28 -6.087359627414151943e-27
-1.142944957899842337e-02 1.712298736286815139e-26 2.149574476092788370e-28 2.149574476092788370e-28 -2.938130531056726011e-29
-8.048824077775733332e-03 2.676382584605917714e+00 -2.945845102811148804e-03 -2.945845102811148804e-03 -1.081141758698962452e-01
-8.048824077775481797e-03 1.140962483026194824e-01 -2.945845102759555526e-03 -2.945845102759555526e-03 -2.670400512173554564e+00
6.486554464646002716e-01 -1.685424027117957161e-25 2.099781588005405778e-28 2.099781588005405778e-28 1.390395444691217462e-26
6.486554464646002716e-01 -2.521543907503871318e-26 3.962625400512129638e-29 3.962625400512129638e-29 1.711387133476418925e-27
