0.000000000000000000e+00 1.042279436147772382e-19 1.521739836115834357e-06 -1.521739836115834357e-06 1.740153493394546632e-17
0.000000000000000000e+00 -1.392122794715634163e-17 1.521739839346720408e-06 -1.521739839346720408e-06 -4.616618154676289323e-19
0.000000000000000000e+00 2.802929349810043073e-17 -1.927155171179703611e-06 1.927155171179703611e-06 1.280184078038254026e-18
0.000000000000000000e+00 5.558694023060807795e-19 -1.927155187497073361e-06 1.927155187497073361e-06 -1.724879599883129243e-17
0.000000000000000000e+00 -2.304087569334386854e-30 3.546976606924040495e-29 -3.546976606924040495e-29 -1.622239302807748478e-30
0.000000000000000000e+00 4.028248828612746452e-30 1.803940171088288025e-28 -1.803940171088288025e-28 7.016257151606200626e-30
0.000000000000000000e+00 6.726445326626486818e-29 -2.848082023464260639e-27 2.848082023464260639e-27 7.504979529402242497e-29
0.000000000000000000e+00 6.762648559230849348e-29 -1.381497417039095585e-29 1.381497417039095585e-29 8.124972685524358689e-31
0.000000000000000000e+00 -9.063326824209507015e-17 -1.100720063642645832e-04 1.100720063642645832e-04 5.904110045485141172e-15
0.000000000000000000e+00 -1.419058028476242772e-14 -1.100720063658709778e-04 1.100720063658709778e-04 -1.598220578376267615e-17
0.000000000000000000e+00 -1.233696859910423671e-29 3.184376721134121449e-27 -3.184376721134121449e-27 -2.633329339675207499e-28
0.000000000000000000e+00 6.733182819176645407e-28 4.785498103860970716e-27 -4.785498103860970716e-27 -2.787008095808407120e-28
0.000000000000000000e+00 -6.830141780030257020e-17 -1.582081969958815462e-02 1.582081969958815462e-02 -2.397965205514667525e-13
0.000000000000000000e+00 -8.792539086887140089e-14 -1.582081969936968702e-02 1.582081969936968702e-02 -1.545563511366909158e-15
0.000000000000000000e+00 2.744271030974290976e-16 -2.238435435565784819e-05 2.238435435565784819e-05 1.434805166434912061e-17
0.000000000000000000e+00 -2.440817984280052253e-17 -2.238435436314157063e-05 2.238435436314157063e-05 2.110977716134152589e-17
0.000000000000000000e+00 1.357039140259295507e-32 1.654181108708993251e-27 -1.654181108708993251e-27 -5.143421568759989223e-29
0.000000000000000000e+00 2.860340959014450056e-29 1.858431695986546697e-27 -1.858431695986546697e-27 -1.534925342731464792e-31
0.000000000000000000e+00 5.982354397566753675e-15 -8.861430540429244759e-05 8.861430540429244759e-05 -2.980595203976765100e-16
0.000000000000000000e+00 -4.109341316725342134e-16 -8.861430539260740447e-05 8.861430539260740447e-05 3.216926421333923802e-15
0.000000000000000000e+00 1.400429923982943602e-46 3.117251461843227860e-31 -3.117251461843227860e-31 7.377874721471114286e-46
0.000000000000000000e+00 8.744147818039838347e-46 -1.951351635130633500e-31 1.951351635130633500e-31 -5.465092386274895077e-47
0.000000000000000000e+00 -1.309559328465635834e-45 1.946181953178983750e-30 -1.946181953178983750e-30 -3.273898321164087252e-46
0.000000000000000000e+00 -3.055638433086483302e-45 1.453316863952429919e-30 -1.453316863952429919e-30 -6.547796642328172948e-46
0.000000000000000000e+00 2.169376542482928917e-46 -7.131812845883678088e-31 7.131812845883678088e-31 5.423441356207318402e-47
0.000000000000000000e+00 1.952438888234635830e-45 -2.848337801433715532e-30 2.848337801433715532e-30 -2.115142128920853875e-45
0.000000000000000000e+00 2.162663733470943637e-46 1.983995849625604808e-31 -1.983995849625604808e-31 -1.486831316761273045e-46
0.000000000000000000e+00 -3.027729226859312302e-45 -1.952014514771525071e-30 1.952014514771525071e-30 -1.189465053409014703e-45
0.000000000000000000e+00 5.916830380655749768e-46 8.834252763205209588e-32 -8.834252763205209588e-32 2.218811392745904802e-46
0.000000000000000000e+00 4.034202532265273193e-47 -1.445859892472014318e-31 1.445859892472014318e-31 -1.479207595163932386e-46
0.000000000000000000e+00 -5.619744412331460799e-46 2.129410005422747053e-31 -2.129410005422747053e-31 3.746496274887638199e-46
0.000000000000000000e+00 -1.605641260666127712e-46 -1.308804194494889090e-31 1.308804194494889090e-31 2.676068767776877413e-47
0.000000000000000000e+00 -9.088760072853069825e-46 9.763125129369883425e-32 -9.763125129369883425e-32 7.752177709198201582e-46
0.000000000000000000e+00 1.710825425478224817e-45 -8.179734265982029537e-31 8.179734265982029537e-31 -2.673164727309724332e-47
0.000000000000000000e+00 -3.471413452071379019e-46 3.383735394813474631e-31 -3.383735394813474631e-31 9.346113140192166352e-47
0.000000000000000000e+00 -1.538103191071624807e-44 7.938019514026575625e-31 -7.938019514026575625e-31 -5.340636080109804899e-46
0.000000000000000000e+00 -1.559776704144136368e-46 1.017028328723615079e-32 -1.017028328723615079e-32 -1.991204303162725855e-46
0.000000000000000000e+00 -8.296684596511345412e-47 8.303149480635981530e-32 -8.303149480635981530e-32 5.973612909488165118e-47
0.000000000000000000e+00 8.484737051287591902e-46 -4.788797914455113755e-31 4.788797914455113755e-31 -3.712072459938318929e-46
0.000000000000000000e+00 -7.291570903450269186e-47 4.560622353517182105e-32 -4.560622353517182105e-32 6.628700821318422666e-48
0.000000000000000000e+00 5.953779632377838993e-47 -3.387023060907634539e-32 3.387023060907634539e-32 -1.323062140528407936e-47
0.000000000000000000e+00 -1.323062140528406720e-47 -1.408719118972173914e-31 1.408719118972173914e-31 -1.124602819449144934e-46
0.000000000000000000e+00 -8.255665680089264767e-46 -9.837177682551120672e-33 9.837177682551120672e-33 -5.241692495294767330e-46
0.000000000000000000e+00 5.241692495294753717e-47 2.259698159577303686e-31 -2.259698159577303686e-31 -4.914086714338827842e-47
0.000000000000000000e+00 1.256250831830880314e-45 7.875907993732500938e-31 -7.875907993732500938e-31 6.281254159154396904e-46
0.000000000000000000e+00 4.580081157716733481e-47 1.497259932931067335e-32 -1.497259932931067335e-32 1.226807452959838600e-46
0.000000000000000000e+00 3.384590248466152307e-46 -2.092533897817244215e-31 2.092533897817244215e-31 -7.810592881075731457e-47
0.000000000000000000e+00 -1.978683529872518039e-45 4.398222002772304513e-31 -4.398222002772304513e-31 8.591652169183296240e-46
0.000000000000000000e+00 9.043519027998228173e-47 -5.256649361491792969e-32 5.256649361491792969e-32 -6.782639270998666268e-47
0.000000000000000000e+00 -9.818677801826636840e-46 4.705276011132200981e-31 -4.705276011132200981e-31 -7.751587738284180991e-47
0.000000000000000000e+00 -4.123332358614327832e-46 4.763056497981139809e-31 -4.763056497981139809e-31 -2.061666179307162749e-46
0.000000000000000000e+00 -1.030833089653581102e-45 5.305990838923104448e-31 -5.305990838923104448e-31 -5.669581993094693573e-46
0.000000000000000000e+00 7.708164029111849333e-47 -1.859069813539455032e-31 1.859069813539455032e-31 -2.440918609218751057e-46
0.000000000000000000e+00 1.284694004851974630e-46 -1.347519592923188655e-31 1.347519592923188655e-31 1.284694004851973997e-47
0.000000000000000000e+00 1.025249547457653896e-46 -1.645239056607472548e-31 1.645239056607472548e-31 -1.089327644173756596e-46
0.000000000000000000e+00 1.409718127754272041e-46 -1.268699791174869233e-32 1.268699791174869233e-32 -1.153405740889858324e-46
0.000000000000000000e+00 6.366328870439019210e-48 2.333124532254714487e-31 -2.333124532254714487e-31 -3.819797322263409095e-47
0.000000000000000000e+00 -1.273265774087802870e-47 6.407019338965354990e-32 -6.407019338965354990e-32 -1.018612619270241712e-46
0.000000000000000000e+00 -5.065969139303636522e-47 -5.443080047921406829e-32 5.443080047921406829e-32 6.332461424129542006e-47
0.000000000000000000e+00 1.317151976218943415e-45 3.595592665626783567e-31 -3.595592665626783567e-31 -1.519790741791087359e-46
0.000000000000000000e+00 -3.758415766482100205e-47 2.686264785485176725e-31 -2.686264785485176725e-31 -7.516831532964196521e-47
0.000000000000000000e+00 8.769636788458231220e-47 -4.448392790333036517e-32 4.448392790333036517e-32 9.239438759268487911e-47
0.000000000000000000e+00 -1.752398745930353066e-46 -2.490945718414063461e-32 2.490945718414063461e-32 -3.129283474875628947e-47
0.000000000000000000e+00 -1.151576318754229103e-45 2.776235559892930939e-31 -2.776235559892930939e-31 1.251713389950248467e-46
0.000000000000000000e+00 -4.998930369042020077e-47 -1.090371935305283565e-31 1.090371935305283565e-31 1.874598888390756070e-47
0.000000000000000000e+00 4.998930369042013271e-47 2.444478840212157449e-31 -2.444478840212157449e-31 -3.874171036007557878e-46
0.000000000000000000e+00 -7.464418040614175549e-46 9.198447741602716247e-33 -9.198447741602716247e-33 -1.181866189763910377e-46
0.000000000000000000e+00 -2.239325412184250564e-46 -1.249121043780197286e-31 1.249121043780197286e-31 6.220348367178470549e-48
0.000000000000000000e+00 -0.000000000000000000e+00 -5.499998167949929813e-32 5.499998167949929813e-32 -5.785749369872874624e-46
0.000000000000000000e+00 -1.107909453805441822e-46 3.888676690475336454e-33 -3.888676690475336454e-33 1.908066281553815315e-46
0.000000000000000000e+00 -3.199989835975360650e-46 -2.359152561023104330e-31 2.359152561023104330e-31 7.384591929173904107e-47
0.000000000000000000e+00 9.846122572231866957e-47 3.611174895394120512e-32 -3.611174895394120512e-32 4.676908221810134082e-46
0.000000000000000000e+00 -1.468746422429570710e-46 -7.037696027587639470e-32 7.037696027587639470e-32 -6.119776760123208050e-48
0.000000000000000000e+00 1.988927447040042981e-47 -5.401153328122552662e-34 5.401153328122552662e-34 3.636605623569307381e-47
0.000000000000000000e+00 3.663381221020284915e-47 -1.540249955641216812e-31 1.540249955641216812e-31 -0.000000000000000000e+00
0.000000000000000000e+00 2.442254147346854665e-47 6.935791676064674770e-32 -6.935791676064674770e-32 -2.442254147346853207e-47
0.000000000000000000e+00 6.102677146118254857e-47 4.817758410338142976e-32 -4.817758410338142976e-32 -1.983370072488431734e-47
0.000000000000000000e+00 4.882141716894603885e-47 2.830994971008055807e-32 -2.830994971008055807e-32 -1.525669286529562742e-47
0.000000000000000000e+00 2.308274780395384073e-46 -6.367912591052504131e-32 6.367912591052504131e-32 1.548973865791638422e-46
0.000000000000000000e+00 -4.555805487622455822e-47 -2.641038642969799456e-31 2.641038642969799456e-31 9.111610975244907754e-47
0.000000000000000000e+00 -7.267536895427390808e-47 2.295389036987350093e-31 -2.295389036987350093e-31 3.330954410404218721e-47
0.000000000000000000e+00 -1.514070186547370290e-47 8.826015219698861690e-32 -8.826015219698861690e-32 6.056280746189477755e-48
0.000000000000000000e+00 1.207365031037243525e-47 7.150281990490963797e-32 -7.150281990490963797e-32 7.395110815103112549e-47
0.000000000000000000e+00 6.036825155186213978e-48 9.886333077008086878e-34 -9.886333077008086878e-34 1.486568194464603986e-46
0.000000000000000000e+00 -8.449426107993971409e-47 -1.078408040027378575e-31 1.078408040027378575e-31 -2.338680440605472545e-47
0.000000000000000000e+00 1.327766959827622884e-46 2.841989710757674513e-33 -2.841989710757674513e-33 3.093093485962074114e-47
0.000000000000000000e+00 3.612172547305896007e-47 -5.486355672193559984e-32 5.486355672193559984e-32 -0.000000000000000000e+00
0.000000000000000000e+00 2.889738037844710583e-46 8.775929154678861733e-32 -8.775929154678861733e-32 -1.505071894710785789e-47
0.000000000000000000e+00 -4.788660975584705087e-47 6.411039939015339861e-32 -6.411039939015339861e-32 -1.197165243896175543e-47
0.000000000000000000e+00 3.591495731688525412e-47 -3.507299993312827605e-32 3.507299993312827605e-32 2.394330487792348654e-47
0.000000000000000000e+00 3.586626442840487324e-47 -1.002194273978960908e-31 1.002194273978960908e-31 1.972644543562266764e-46
0.000000000000000000e+00 2.391084295226990901e-47 -6.261248577005694161e-32 6.261248577005694161e-32 1.195542147613494673e-46
0.000000000000000000e+00 9.520290933547639534e-47 2.486795397106191094e-32 -2.486795397106191094e-32 -7.437727291834088220e-48
0.000000000000000000e+00 8.925272750200905864e-47 4.215473402222095732e-32 -4.215473402222095732e-32 1.160285457526117237e-46
0.000000000000000000e+00 9.482461750175221904e-47 -1.290219300297354281e-31 1.290219300297354281e-31 1.896492350035043214e-46
0.000000000000000000e+00 -2.844738525052565988e-46 1.321066019710731175e-31 -1.321066019710731175e-31 3.259596226622729916e-47
0.000000000000000000e+00 -2.010798071124688055e-46 -3.522506744615520016e-32 3.522506744615520016e-32 -8.871167960844207890e-47
0.000000000000000000e+00 1.892515831646763650e-46 2.118512151264357528e-31 -2.118512151264357528e-31 1.182822394779226552e-47
0.000000000000000000e+00 -1.759942004927293796e-47 2.506287409374665642e-32 -2.506287409374665642e-32 5.866473349757642339e-48
0.000000000000000000e+00 1.759942004927293066e-47 6.026328731584617881e-32 -6.026328731584617881e-32 -8.799710024636461685e-48
0.000000000000000000e+00 7.615529193909875273e-47 -3.177729719285084018e-32 3.177729719285084018e-32 -2.636144720968801296e-47
0.000000000000000000e+00 -0.000000000000000000e+00 4.073598884248090269e-32 -4.073598884248090269e-32 8.787149069895978796e-48
0.000000000000000000e+00 6.552091780485027567e-48 -1.543940280757335105e-32 1.543940280757335105e-32 8.190114725606280812e-48
0.000000000000000000e+00 -0.000000000000000000e+00 3.877715969041853403e-32 -3.877715969041853403e-32 -4.004056088074179300e-47
0.000000000000000000e+00 7.976946254948079530e-48 1.093577623103932092e-32 -1.093577623103932092e-32 3.625884661340034161e-48
0.000000000000000000e+00 -1.359706748002511899e-48 4.404441841673824510e-33 -4.404441841673824510e-33 -1.450353864536011781e-48
0.000000000000000000e+00 -6.951936914757143792e-47 -2.680636537699173543e-32 2.680636537699173543e-32 1.448320190574404106e-47
0.000000000000000000e+00 5.793280762297612534e-48 7.281668297486590849e-32 -7.281668297486590849e-32 1.274521767705473882e-46
0.000000000000000000e+00 1.446687992325032848e-48 -1.416261457067340220e-32 1.416261457067340220e-32 -6.510095965462643104e-48
0.000000000000000000e+00 2.314700787720050709e-46 3.337535497459902855e-32 -3.337535497459902855e-32 2.893375984650061441e-47
0.000000000000000000e+00 7.515613734001812465e-47 3.175479462413323167e-32 -3.175479462413323167e-32 -2.601558600231394715e-47
0.000000000000000000e+00 1.445310333461886358e-47 -8.736310890057989878e-33 8.736310890057989878e-33 -2.890620666923771258e-47
0.000000000000000000e+00 -1.139350763167762683e-47 3.221289232789770041e-33 -3.221289232789770041e-33 -9.613272064227991638e-48
0.000000000000000000e+00 1.335176675587221230e-49 1.423814194001207902e-32 -1.423814194001207902e-32 -5.340706702348881880e-48
0.000000000000000000e+00 7.100012339462128355e-48 -3.357541707765532698e-33 3.357541707765532698e-33 8.520014807354549164e-48
0.000000000000000000e+00 -8.804015300933034542e-47 8.847959902030170800e-33 -8.847959902030170800e-33 -2.840004935784848303e-48
0.000000000000000000e+00 1.696730424762017074e-47 1.219083093819341324e-31 -1.219083093819341324e-31 -0.000000000000000000e+00
0.000000000000000000e+00 5.744139458829742821e-48 -1.476212113949565519e-34 1.476212113949565519e-34 -7.599938360913193070e-48
0.000000000000000000e+00 -3.522441769484675253e-49 5.789771128957182508e-34 -5.789771128957182508e-34 8.806104423711681676e-49
0.000000000000000000e+00 1.408976707793869797e-48 2.576226982833310007e-33 -2.576226982833310007e-33 2.324811567859883646e-47
0.000000000000000000e+00 4.505902564365102315e-47 -6.861484675512381583e-32 6.861484675512381583e-32 -1.633389679582348848e-46
0.000000000000000000e+00 -1.689713461636913003e-47 1.374376717459332639e-32 -1.374376717459332639e-32 -1.408094551364093197e-47
0.000000000000000000e+00 -2.250806864692850094e-47 -7.712825670732241457e-32 7.712825670732241457e-32 4.220262871299091070e-47
0.000000000000000000e+00 -6.682082879556892412e-48 -4.015999900455409420e-32 4.015999900455409420e-32 8.159174884511569133e-47
0.000000000000000000e+00 -1.401366095359256877e-48 -6.798554329324719417e-33 6.798554329324719417e-33 -2.802732190718512538e-47
0.000000000000000000e+00 4.484371505149622006e-47 2.228054633189623598e-32 -2.228054633189623598e-32 1.681639314431107037e-47
0.000000000000000000e+00 -6.902659689583373485e-49 1.141636745185251455e-32 -1.141636745185251455e-32 -5.522127751666696357e-48
0.000000000000000000e+00 -5.176994767187530493e-49 -2.240078704738760289e-32 2.240078704738760289e-32 -1.380531937916674089e-48
0.000000000000000000e+00 -6.885276166905539413e-49 9.327551224946019051e-33 -9.327551224946019051e-33 1.652466280057328730e-47
0.000000000000000000e+00 -6.885276166905539413e-48 -7.298413660307036400e-33 7.298413660307036400e-33 -0.000000000000000000e+00
0.000000000000000000e+00 -4.123143767725431653e-48 -4.628958014844892223e-33 4.628958014844892223e-33 -3.161076888589496263e-47
0.000000000000000000e+00 5.497525023633908870e-48 -1.436953550209724382e-32 1.436953550209724382e-32 8.246287535450858443e-48
0.000000000000000000e+00 -6.862271833497351308e-49 -1.594296484360607419e-32 1.594296484360607419e-32 1.784190676709310611e-47
0.000000000000000000e+00 -2.195926986719152418e-47 1.919656552972930296e-32 -1.919656552972930296e-32 5.489817466797877400e-48
0.000000000000000000e+00 4.109198601517068045e-48 6.889246010988271230e-33 -6.889246010988271230e-33 4.109198601517066222e-48
0.000000000000000000e+00 5.992581293879057565e-49 -1.214088162487784257e-33 1.214088162487784257e-33 3.852373688922248633e-49
0.000000000000000000e+00 -1.026759958323327389e-47 9.577775261804498558e-33 -9.577775261804498558e-33 -2.738026555528871335e-48
0.000000000000000000e+00 3.422533194411090688e-48 -5.070295140877528515e-33 5.070295140877528515e-33 -6.845066388822177730e-48
0.000000000000000000e+00 -0.000000000000000000e+00 1.252081548467190941e-31 -1.252081548467190941e-31 2.182096879276792728e-47
0.000000000000000000e+00 2.727621099095992125e-48 -4.736494547186839266e-32 4.736494547186839266e-32 -1.636572659457594546e-47
0.000000000000000000e+00 -3.578714932631057515e-48 -7.075249603623651130e-33 7.075249603623651130e-33 -0.000000000000000000e+00
0.000000000000000000e+00 -2.044979961503461567e-48 -2.047074428034198567e-32 2.047074428034198567e-32 9.543239820349483060e-48
0.000000000000000000e+00 1.361423084362135060e-48 -1.848010636114943392e-32 1.848010636114943392e-32 -6.807115421810672869e-48
0.000000000000000000e+00 -1.701778855452668825e-48 -1.383352603935991579e-33 1.383352603935991579e-33 3.233379825360069704e-48
0.000000000000000000e+00 7.624327694564743692e-49 8.385485443375841876e-35 -8.385485443375841876e-35 3.812163847282369567e-49
0.000000000000000000e+00 -2.329655684450338182e-49 -3.254946474499889211e-34 3.254946474499889211e-34 -1.800188483438896719e-49
0.000000000000000000e+00 6.862927294917678082e-50 1.711068525091626099e-34 -1.711068525091626099e-34 2.745170917967070093e-49
0.000000000000000000e+00 4.223339873795494350e-50 -6.445078007734062799e-36 6.445078007734062799e-36 -2.745170917967070093e-49
0.000000000000000000e+00 -4.713391065319900120e-48 -1.878446354590729357e-32 1.878446354590729357e-32 1.346683161519970942e-48
0.000000000000000000e+00 -2.020024742279957264e-47 -2.285149850266324160e-32 2.285149850266324160e-32 1.212014845367973726e-47
0.000000000000000000e+00 5.381781404915058096e-48 -1.631992734619260889e-31 1.631992734619260889e-31 -4.843603264423550160e-47
0.000000000000000000e+00 3.027252040264720065e-48 -6.450932669200585750e-33 6.450932669200585750e-33 3.027252040264718850e-48
0.000000000000000000e+00 3.500311376045530354e-48 -3.156424661504905224e-33 3.156424661504905224e-33 3.333629881948123079e-49
0.000000000000000000e+00 -9.334163669454746962e-47 1.891743083610702171e-32 -1.891743083610702171e-32 3.733665467781897910e-47
0.000000000000000000e+00 1.663475791416459117e-49 7.289625575317917776e-33 -7.289625575317917776e-33 -9.980854748498749766e-49
0.000000000000000000e+00 -1.663475791416459117e-49 1.873402396667104233e-33 -1.873402396667104233e-33 -3.326951582832916715e-49
0.000000000000000000e+00 -0.000000000000000000e+00 9.513252402490964995e-32 -9.513252402490964995e-32 3.191718202415872877e-47
0.000000000000000000e+00 2.127812134943916224e-47 -3.301821163469878030e-32 3.301821163469878030e-32 5.319530337359788129e-48
0.000000000000000000e+00 8.280104497050500325e-50 1.294344595236555316e-32 -1.294344595236555316e-32 7.286491957404438083e-48
0.000000000000000000e+00 3.974450158584239396e-48 -1.812923231415428385e-32 1.812923231415428385e-32 -0.000000000000000000e+00
0.000000000000000000e+00 -3.965024843675690935e-48 1.693658602140500665e-32 -1.693658602140500665e-32 -1.189507453102706794e-47
0.000000000000000000e+00 1.321674947891896978e-48 -1.831332977806015399e-32 1.831332977806015399e-32 -3.766773601491904686e-47
0.000000000000000000e+00 1.649471734214415921e-48 5.305611444643363537e-33 -5.305611444643363537e-33 6.103045416593335473e-48
0.000000000000000000e+00 1.583492864845838846e-47 -9.248605886850879061e-32 9.248605886850879061e-32 -7.917464324229191071e-47
0.000000000000000000e+00 -4.737977792433866900e-47 4.587575222945085193e-32 -4.587575222945085193e-32 -5.264419769370961737e-48
0.000000000000000000e+00 1.645131177928425710e-47 5.252160133387779219e-32 -5.252160133387779219e-32 1.316104942342740130e-47
0.000000000000000000e+00 1.050082303242480549e-47 1.163074111352629968e-32 -1.163074111352629968e-32 -7.219315834792050432e-48
0.000000000000000000e+00 -2.625205758106200352e-46 1.022112915821428295e-32 -1.022112915821428295e-32 -2.887726333916818714e-47
0.000000000000000000e+00 1.695145124234824191e-47 -3.460886940874524667e-32 3.460886940874524667e-32 -3.390290248469646923e-47
0.000000000000000000e+00 -1.303957787872940713e-47 2.774857626545019815e-32 -2.774857626545019815e-32 -2.607915575745880332e-48
0.000000000000000000e+00 2.075684867414080749e-47 6.116433863786074011e-32 -6.116433863786074011e-32 -3.113527301121119787e-47
0.000000000000000000e+00 -2.075684867414080749e-47 1.308863774886938342e-31 -1.308863774886938342e-31 -4.151369734828159554e-47
0.000000000000000000e+00 2.067658632024299374e-47 3.483999378394047764e-32 -3.483999378394047764e-32 -5.169146580060745517e-47
0.000000000000000000e+00 -5.169146580060745396e-48 9.077058924998247342e-32 -9.077058924998247342e-32 -4.652231922054668243e-47
0.000000000000000000e+00 -9.007185210293484278e-48 6.112900263282550442e-33 -6.112900263282550442e-33 -7.077074093802019802e-48
0.000000000000000000e+00 -1.544088893193168178e-47 -1.748744108147443061e-32 1.748744108147443061e-32 -2.702155563088043217e-47
0.000000000000000000e+00 -4.117140939703760817e-47 -9.808350778585671406e-32 9.808350778585671406e-32 -1.801249161120394689e-47
0.000000000000000000e+00 -4.631783557166729339e-47 3.398559518149813976e-32 -3.398559518149813976e-32 -7.719639261944544846e-48
0.000000000000000000e+00 -3.073134348775303865e-47 -9.114021938568163468e-32 9.114021938568163468e-32 -1.024378116258434233e-46
0.000000000000000000e+00 2.304850761581477413e-47 5.884265350940175802e-33 -5.884265350940175802e-33 1.280472645323042548e-47
0.000000000000000000e+00 6.136699064104583444e-47 3.928531827241348861e-32 -3.928531827241348861e-32 2.301262149039217941e-47
0.000000000000000000e+00 1.022783177350762611e-47 4.848409165145332135e-33 -4.848409165145332135e-33 -1.278478971688452808e-48
0.000000000000000000e+00 -4.071080878319231044e-46 1.111145784859996881e-31 -1.111145784859996881e-31 -3.562195768529325316e-47
0.000000000000000000e+00 4.579965988109135119e-47 -8.238142665138789271e-32 8.238142665138789271e-32 8.651046866428361690e-47
0.000000000000000000e+00 -6.091789484578479967e-47 1.929984523277588863e-31 -1.929984523277588863e-31 1.929066670116517878e-46
0.000000000000000000e+00 1.421417546401644742e-46 -1.528743236812356661e-31 1.528743236812356661e-31 -3.045894742289237553e-47
0.000000000000000000e+00 7.101259808031526006e-47 -2.974995549368828036e-32 2.974995549368828036e-32 -2.739057354526444662e-46
0.000000000000000000e+00 -1.014465686861646590e-47 -5.745873301565816417e-32 5.745873301565816417e-32 7.608492651462346931e-47
0.000000000000000000e+00 -6.021087785627802806e-47 -2.999054565518392021e-32 2.999054565518392021e-32 -1.756150604141441472e-47
0.000000000000000000e+00 1.003514630937966486e-47 3.843122876207103301e-32 -3.843122876207103301e-32 2.822384899513029375e-47
0.000000000000000000e+00 -3.994057112113117243e-47 2.267422646664625822e-32 -2.267422646664625822e-32 2.995542834084836595e-47
0.000000000000000000e+00 -6.989599946197952380e-47 1.683271165426091315e-32 -1.683271165426091315e-32 6.490342807183809868e-47
0.000000000000000000e+00 -3.186248945200708689e-46 -3.107282591558205092e-31 3.107282591558205092e-31 2.190546149825485959e-46
0.000000000000000000e+00 -2.787967827050619519e-46 -4.635450191319868419e-31 4.635450191319868419e-31 -1.393983913525309176e-46
0.000000000000000000e+00 -3.982334597628495577e-47 -6.478502588925980510e-33 6.478502588925980510e-33 2.240063211166028124e-47
0.000000000000000000e+00 -1.991167298814246573e-47 -2.606140646832177893e-32 2.606140646832177893e-32 1.219589970523725661e-46
0.000000000000000000e+00 2.232828145629316849e-47 1.445571706771234293e-32 -1.445571706771234293e-32 3.845426250806044200e-47
0.000000000000000000e+00 -3.076341000644835360e-46 2.390317592836332768e-31 -2.390317592836332768e-31 -3.969472258896560155e-47
0.000000000000000000e+00 1.389140507122233048e-46 -2.549662952977142295e-32 2.549662952977142295e-32 1.885262116808744211e-46
0.000000000000000000e+00 3.348820865383954633e-47 8.417092691346933788e-33 -8.417092691346933788e-33 -2.753474933760139428e-46
0.000000000000000000e+00 -1.721714834707411432e-46 2.394462017489118646e-32 -2.394462017489118646e-32 1.429638210962403533e-47
0.000000000000000000e+00 5.509487471063714092e-46 -2.898041412956427225e-31 2.898041412956427225e-31 -1.967674096808468596e-46
0.000000000000000000e+00 1.963337675732534648e-47 3.845275798266158095e-32 -3.845275798266158095e-32 6.442201748497375856e-48
0.000000000000000000e+00 -4.859260747438023174e-46 3.727273684828518095e-33 -3.727273684828518095e-33 1.717920466265967057e-47
0.000000000000000000e+00 -3.337554779871019342e-46 3.925646942089187664e-32 -3.925646942089187664e-32 -3.435718155749577161e-47
0.000000000000000000e+00 -3.141228028113899230e-46 2.932605228988497980e-31 -2.932605228988497980e-31 2.159594269328304505e-46
0.000000000000000000e+00 -6.856029155572234134e-47 6.554365565367535546e-32 -6.554365565367535546e-32 2.938298209530956444e-47
0.000000000000000000e+00 -6.268369513666038081e-46 3.278017618204749178e-31 -3.278017618204749178e-31 1.175319283812381528e-45
0.000000000000000000e+00 -2.732207972235968843e-46 -5.149346710836197131e-32 5.149346710836197131e-32 -8.782097053615612055e-47
0.000000000000000000e+00 1.561261698420552930e-46 5.546571521779504717e-32 -5.546571521779504717e-32 -0.000000000000000000e+00
0.000000000000000000e+00 -4.674125329152190383e-46 3.417560784410031696e-31 -3.417560784410031696e-31 3.116083552768125755e-46
0.000000000000000000e+00 -7.790208881920314389e-47 5.067330210330902863e-31 -5.067330210330902863e-31 -0.000000000000000000e+00
0.000000000000000000e+00 7.765895246011717441e-47 -6.304529286193018244e-32 6.304529286193018244e-32 2.912210717254393019e-46
0.000000000000000000e+00 7.765895246011701883e-47 -1.411333604412188005e-31 1.411333604412188005e-31 -1.941473811502924742e-47
0.000000000000000000e+00 1.705772661620136469e-45 -1.162475984958165616e-31 1.162475984958165616e-31 1.938378024568336013e-46
0.000000000000000000e+00 -1.163026814741001024e-46 -4.517323427652619520e-33 4.517323427652619520e-33 2.907567036852501588e-47
0.000000000000000000e+00 -1.549763952890890800e-46 9.628501107626684161e-32 -9.628501107626684161e-32 -1.743484447002251566e-46
0.000000000000000000e+00 -4.261850870449947365e-46 -6.636450708496525491e-31 6.636450708496525491e-31 -4.939872599839710145e-46
0.000000000000000000e+00 -0.000000000000000000e+00 7.470943215637614430e-32 -7.470943215637614430e-32 -1.350057095046093041e-46
0.000000000000000000e+00 5.014497781599774041e-46 -4.046229375250060628e-33 4.046229375250060628e-33 2.712168271297953728e-47
0.000000000000000000e+00 3.615222456521948546e-47 -3.004274052171415631e-32 3.004274052171415631e-32 2.169133473913168155e-47
0.000000000000000000e+00 -7.712474573913480379e-46 1.100670407277442571e-31 -1.100670407277442571e-31 -1.928118643478369317e-47
0.000000000000000000e+00 -3.082245323073545678e-46 -1.727181120821144702e-31 1.727181120821144702e-31 3.852806653841930639e-47
0.000000000000000000e+00 4.623367984610318711e-46 -3.316108807859946146e-31 3.316108807859946146e-31 -5.779209980762896444e-47
0.000000000000000000e+00 -7.687981871803335620e-47 -6.664610458404057026e-31 6.664610458404057026e-31 2.306394561540999811e-46
0.000000000000000000e+00 2.882993201926249666e-46 -1.495748169996045078e-31 1.495748169996045078e-31 -4.708888896479539579e-46
0.000000000000000000e+00 9.566179680952568329e-48 1.280772650410404838e-32 -1.280772650410404838e-32 1.411011502940503336e-46
0.000000000000000000e+00 -1.721912342571461570e-46 -6.729071864450681339e-32 6.729071864450681339e-32 4.783089840476280518e-47
0.000000000000000000e+00 1.217418815043314368e-45 -2.881075558478696942e-31 2.881075558478696942e-31 -0.000000000000000000e+00
0.000000000000000000e+00 4.565320556412424990e-46 5.746631860051924080e-32 -5.746631860051924080e-32 1.188885561565735350e-47
0.000000000000000000e+00 -4.738412372446352402e-47 1.044759356088715130e-33 -1.044759356088715130e-33 1.326755464284978245e-46
0.000000000000000000e+00 -4.738412372446352402e-47 6.586884465109320099e-32 -6.586884465109320099e-32 3.316888660712445126e-47
0.000000000000000000e+00 -1.097229154628912264e-45 -3.278166094441645455e-31 3.278166094441645455e-31 -1.891774404532606488e-47
0.000000000000000000e+00 -1.967445380713910572e-45 3.660562831666695558e-31 -3.660562831666695558e-31 -3.783548809065211031e-47
0.000000000000000000e+00 3.594090163471929785e-46 -1.059268609222659753e-31 1.059268609222659753e-31 3.783252803654661371e-47
0.000000000000000000e+00 3.177932355069911721e-45 -2.588170557123376694e-31 2.588170557123376694e-31 6.809855046578380258e-46
0.000000000000000000e+00 3.400893059369339176e-46 -1.549310571386246604e-31 1.549310571386246604e-31 -7.557540131931861703e-47
0.000000000000000000e+00 -1.114737169459950046e-45 3.162764590856788077e-31 -3.162764590856788077e-31 -2.456200542877855078e-46
0.000000000000000000e+00 5.274881072737844364e-46 1.046697473973669693e-31 -1.046697473973669693e-31 -1.836788944971212919e-46
0.000000000000000000e+00 -1.130331658443821375e-46 -3.160084854344479383e-31 3.160084854344479383e-31 -1.412914573054776087e-46
0.000000000000000000e+00 -3.600384456358584063e-45 6.449982114143415370e-31 -6.449982114143415370e-31 7.500800950747046891e-47
0.000000000000000000e+00 5.250560665522924851e-46 -5.705767409345750403e-32 5.705767409345750403e-32 -2.812800356530136993e-47
0.000000000000000000e+00 1.584076469159372098e-46 1.001645333871648914e-32 -1.001645333871648914e-32 -2.096571797416815097e-47
0.000000000000000000e+00 7.454477501926431034e-46 4.888983789664193470e-31 -4.888983789664193470e-31 8.386287189667231607e-46
0.000000000000000000e+00 -1.628704486216592762e-47 5.156730320172046231e-32 -5.156730320172046231e-32 2.559392764054644657e-47
0.000000000000000000e+00 8.934607467245305974e-46 5.254080374477569163e-31 -5.254080374477569163e-31 -1.489101244540883810e-46
0.000000000000000000e+00 2.966572044979167653e-45 -2.377731935836886185e-31 2.377731935836886185e-31 -7.416430112447916020e-47
0.000000000000000000e+00 1.409121721365103033e-45 2.578134116629488125e-31 -2.578134116629488125e-31 -4.264447314657547628e-46
0.000000000000000000e+00 -3.983770532744720849e-46 5.697949638711457863e-32 -5.697949638711457863e-32 -6.207270364974330079e-46
0.000000000000000000e+00 -0.000000000000000000e+00 -1.647079467435223202e-30 1.647079467435223202e-30 5.929332885945626689e-46
0.000000000000000000e+00 -7.085392981871039777e-45 3.380096481878745606e-30 -3.380096481878745606e-30 1.549929714784289329e-45
0.000000000000000000e+00 -1.417078596374207706e-44 6.737611001375331661e-30 -6.737611001375331661e-30 2.435603837518168679e-45
0.000000000000000000e+00 -7.062489843076214959e-45 -1.930433796358807275e-30 1.930433796358807275e-30 1.765622460769053118e-45
0.000000000000000000e+00 1.839190063301096090e-46 1.029202147638222184e-32 -1.029202147638222184e-32 6.896962737379106448e-48
0.000000000000000000e+00 -8.063679252933141079e-46 3.112754435855596153e-32 -3.112754435855596153e-32 -5.131432251866542060e-46
0.000000000000000000e+00 -2.932247001066593574e-46 -4.597674281250365239e-31 4.597674281250365239e-31 -1.099592625399972104e-46
0.000000000000000000e+00 -9.376707774053271384e-45 1.979898227713074335e-30 -1.979898227713074335e-30 7.325552948479115352e-47
0.000000000000000000e+00 4.395331769087470378e-46 9.281678556632158928e-32 -9.281678556632158928e-32 -1.043891295158273729e-45
0.000000000000000000e+00 6.400448470833199691e-47 1.981102500797897225e-32 -1.981102500797897225e-32 -2.971636790029699023e-47
0.000000000000000000e+00 5.851838601904632272e-46 2.424968001238339367e-31 -2.424968001238339367e-31 -5.486098689285590567e-47
0.000000000000000000e+00 6.536870700339560855e-46 1.441349162807628710e-31 -1.441349162807628710e-31 -5.810551733635162698e-46
0.000000000000000000e+00 -0.000000000000000000e+00 -3.139937964723033700e-30 3.139937964723033700e-30 -2.033693106772305194e-45
0.000000000000000000e+00 -3.461920557838019697e-45 6.665502956165439766e-31 -6.665502956165439766e-31 1.983391986261364933e-46
0.000000000000000000e+00 -1.153973519279339795e-45 1.788042928674635660e-31 -1.788042928674635660e-31 4.327400697297522288e-46
0.000000000000000000e+00 3.461265835893072432e-45 -2.262464996505309101e-30 2.262464996505309101e-30 1.153755278631023626e-45
0.000000000000000000e+00 2.769012668714455954e-44 1.967451328725159707e-29 -1.967451328725159707e-29 -1.153755278631022848e-45
0.000000000000000000e+00 4.038037068528589561e-45 4.143621439306108544e-30 -4.143621439306108544e-30 2.091126339059447032e-45
0.000000000000000000e+00 -1.730587315083680796e-45 4.646700266487696505e-31 -4.646700266487696505e-31 2.271395851047330150e-45
0.000000000000000000e+00 -9.209465700376612616e-45 -7.542477720208140001e-31 7.542477720208140001e-31 -0.000000000000000000e+00
0.000000000000000000e+00 8.058282487829526549e-45 -1.272297802416990207e-30 1.272297802416990207e-30 1.726774818820611987e-45
