-9.958521070223844140e-02 -3.312874507802843985e-04 5.058787995406910571e-05 5.058787995406910571e-05 4.748581865546227382e-02
-9.958521070223839977e-02 -4.779825354599322174e-02 5.058787995428832462e-05 5.058787995428832462e-05 1.885256023830262677e-05
-3.127042531881008697e-02 5.805538789987201714e-02 -6.406528369775376969e-05 -6.406528369775376969e-05 -2.500944389591828153e-03
-3.127042531880996901e-02 1.548724010840167977e-03 -6.406528369725547037e-05 -6.406528369725547037e-05 -5.900760827856443153e-02
-2.645584656163355031e-02 5.493878420746279717e-29 3.765457460237119164e-29 3.765457460237119164e-29 -2.985569449743052271e-29
-2.645584656163341500e-02 1.547753819203290195e-27 -2.143552345979478579e-28 -2.143552345979478579e-28 -1.437135114586392300e-28
-2.302842127286164331e-02 6.600112138872654822e-26 -3.010811302933918121e-27 -3.010811302933918121e-27 -2.107625470875742112e-26
-2.302842127286143514e-02 9.157686098655696404e-27 -1.555608335367825954e-27 -1.555608335367825954e-27 -4.363081275615966531e-27
-2.287527676686160194e-02 2.905530992305930052e-02 -3.659173075587803751e-03 -3.659173075587803751e-03 -3.429699383372665888e+00
-2.287527676686146663e-02 3.440639519655986689e+00 -3.659173075579572922e-03 -3.659173075579572922e-03 -1.811517363958272189e-02
-2.085384609460276539e-02 1.875195931257504996e-28 1.125261829274471854e-27 1.125261829274471854e-27 -4.827175977064655932e-26
-2.085384609460250172e-02 3.921923870709062986e-26 5.111390086609264264e-27 5.111390086609264264e-27 -7.293139640900230196e-26
-2.001731430067172496e-02 5.285553880072187960e-01 -5.259386049510170746e-01 -5.259386049510170746e-01 -4.966036055340060784e+02
-2.001731430067142312e-02 4.965365742686137196e+02 -5.259386049510584860e-01 -5.259386049510584860e-01 -5.955866534006495350e-01
-1.639978855232052460e-02 6.973454342779338289e-01 -7.441331252668701313e-04 -7.441331252668701313e-04 -6.030406737735785963e-03
-1.639978855232038235e-02 6.922712478414720302e-03 -7.441331252712368640e-04 -7.441331252712368640e-04 -6.964531285372687064e-01
-1.142944957899865929e-02 1.125951167810619646e-27 -1.735333805321334255e-28 -1.735333805321334255e-28 -6.087359627414151943e-27
-1.142944957899842337e-02 1.712298736286815139e-26 2.149574476092788370e-28 2.149574476092788370e-28 -2.938130531056726011e-29
-8.048824077775733332e-03 2.676382584605917714e+00 -2.945845102811148804e-03 -2.945845102811148804e-03 -1.081141758698962452e-01
-8.048824077775481797e-03 1.140962483026194824e-01 -2.945845102759555526e-03 -2.945845102759555526e-03 -2.670400512173554564e+00
3.023923322891721166e-01 -1.514389553422139012e-31 -9.591296576745962806e-32 -9.591296576745962806e-32 -6.129945100841317824e-32
3.023923322891721166e-01 -1.197935991915953690e-31 -1.315217880746186646e-31 -1.315217880746186646e-31 -3.565544493457177374e-32
3.036454475450423574e-01 2.142693058266769368e-32 1.609627826429265816e-32 1.609627826429265816e-32 1.188570564422914931e-32
3.036454475450423574e-01 -1.223958324038936002e-31 1.144972172866596773e-31 1.144972172866596773e-31 1.589424266477536619e-31
3.057326259190640827e-01 4.149520396755070615e-32 2.279273376735653282e-32 2.279273376735653282e-32 4.785497150284442704e-33
3.057326259190640827e-01 -5.707091660356970120e-31 -5.402125254860658270e-31 -5.402125254860658270e-31 -8.590241598353534507e-32
3.086518482009585895e-01 -1.908057818203595170e-31 2.476243122487347186e-33 2.476243122487347186e-33 5.437586548174150108e-33
3.086518482009587006e-01 -2.589771983876187977e-31 -4.363785843552681926e-32 -4.363785843552681926e-32 -2.515154852451784096e-32
3.124002902317034036e-01 -5.585639971907965665e-32 6.837896572324206620e-32 6.837896572324206620e-32 3.738643839832598041e-32
3.124002902317034036e-01 -2.490423827912117367e-30 -2.158718717068836354e-30 -2.158718717068836354e-30 -1.099193336000445327e-30
3.143119646030096415e-01 3.677347885859415300e-31 3.050122678211419824e-31 3.050122678211419824e-31 4.012729635810788253e-32
3.143119646030098080e-01 -2.208209344567113368e-31 -2.371959524673270052e-31 -2.371959524673270052e-31 -2.135949428688689304e-31
3.155650798588799377e-01 1.207283438856835538e-31 2.344244423188265864e-31 2.344244423188265864e-31 1.657809153128694548e-31
3.155650798588799932e-01 1.722545910640940138e-32 5.091905267396927923e-32 5.091905267396927923e-32 3.743430058052795510e-32
3.169743256357227534e-01 -1.911990357430177063e-31 -1.747998553786734306e-31 -1.747998553786734306e-31 -7.633530063133896733e-32
3.169743256357228089e-01 9.823274357839371376e-31 9.329316644962158559e-31 9.329316644962158559e-31 3.275705443463826862e-31
3.176522582329016631e-01 -4.500247212572725613e-31 -2.702134919746812264e-31 -2.702134919746812264e-31 -1.068581495276906724e-31
3.176522582329017741e-01 -9.727718012864091812e-31 -7.227739766417972736e-31 -7.227739766417972736e-31 -2.363410560642755947e-31
3.205714805147963364e-01 -7.425995968764330480e-32 -1.878609691492475674e-32 -1.878609691492475674e-32 1.496658643242202326e-31
3.205714805147963364e-01 2.462898502071457959e-31 -3.411991348933875540e-32 -3.411991348933875540e-32 -3.242595178819386155e-32
3.223695293291727881e-01 -2.754294231853559669e-33 9.899553349131669093e-33 9.899553349131669093e-33 2.634065709630646668e-32
3.223695293291728436e-01 -5.359134848906206569e-31 -5.507987493474325972e-31 -5.507987493474325972e-31 -1.012433432921314930e-31
3.243199225455410395e-01 -8.548062396859487013e-31 -7.518181676217145081e-31 -7.518181676217145081e-31 -8.280197718679762527e-32
3.243199225455412060e-01 -1.663825460511507987e-31 -1.386301194831183627e-31 -1.386301194831183627e-31 2.207395111493421965e-32
3.285806818009237573e-01 -2.021087093098944276e-31 -1.103791727273867663e-31 -1.103791727273867663e-31 4.134264307143521233e-32
3.285806818009239239e-01 2.367332643850579772e-32 2.641361649041298831e-32 2.641361649041298831e-32 2.389936064075871563e-32
3.288939579495603893e-01 3.728064135780042331e-31 3.365744794725886185e-31 3.365744794725886185e-31 1.683433064624787886e-31
3.288939579495606669e-01 1.123558519387648806e-31 1.382787585216505120e-31 1.382787585216505120e-31 1.701943315615613936e-31
3.341652052967045705e-01 -1.859691930725228390e-30 -1.522358961775218725e-30 -1.522358961775218725e-30 -7.856058362285212386e-31
3.341652052967046260e-01 6.229404600139169655e-31 4.658344624740435792e-31 4.658344624740435792e-31 1.568700836170254222e-31
3.342891616430103685e-01 -7.255499159696458578e-31 -6.562050079691739243e-31 -6.562050079691739243e-31 -4.191242895004060139e-31
3.342891616430104795e-01 5.409217664195887760e-31 6.844239752669806782e-31 6.844239752669806782e-31 4.510212359629816637e-31
3.354183205525747002e-01 1.445091808534178144e-30 1.270440553003414623e-30 1.270440553003414623e-30 -1.482580563907390769e-31
3.354183205525747558e-01 7.594668539066145991e-31 5.024428804224424585e-31 5.024428804224424585e-31 -1.479072969595928683e-31
3.356017741621000194e-01 -8.572365531211560613e-32 -7.128913963581823046e-32 -7.128913963581823046e-32 -5.659948304051062510e-33
3.356017741621008521e-01 3.066472755375087696e-31 5.991804461180414496e-31 5.991804461180414496e-31 3.680573820920715522e-31
3.375054989265950933e-01 -4.000475386092103502e-31 -5.083873900534867872e-31 -5.083873900534867872e-31 -3.605390030054178857e-31
3.375054989265963146e-01 -1.425831263635368577e-30 -1.469146074037750178e-30 -1.469146074037750178e-30 -3.759519026600424357e-31
3.404247212084904883e-01 -1.852326661749858475e-30 -1.480719683053083934e-30 -1.480719683053083934e-30 -5.333673311337190009e-31
3.404247212084907104e-01 6.850665454785924629e-31 7.980328854538438792e-31 7.980328854538438792e-31 4.667568587617366653e-31
3.405003141147615042e-01 -7.470036281892589023e-31 -4.151656341178136362e-31 -4.151656341178136362e-31 -1.479343062368118650e-31
3.405003141147615042e-01 -1.047438443909779383e-29 -9.464735975408907592e-30 -9.464735975408907592e-30 -5.112253976617478244e-30
3.434260139592925087e-01 -2.361006914202626603e-30 -2.215364842413730664e-30 -2.215364842413730664e-30 -1.242443295635274447e-30
3.434260139592927308e-01 3.884199644407019213e-30 4.329751143937416434e-30 4.329751143937416434e-30 3.261693760858967331e-30
3.441731632392349138e-01 2.683620888779693988e-31 3.523607643406141425e-31 3.523607643406141425e-31 2.298675330892169302e-31
3.441731632392355800e-01 8.690814685335621127e-30 9.551463878098198877e-30 9.551463878098198877e-30 4.864019083257258241e-30
3.475214064759375443e-01 6.114503431397436013e-30 6.307080683483828728e-30 6.307080683483828728e-30 4.513229026051692066e-30
3.475214064759380994e-01 -2.587096150785665737e-30 -2.312710304454813796e-30 -2.312710304454813796e-30 -9.765180702449233103e-31
3.487471986432544302e-01 -4.678885874815031911e-32 -3.045197792945891831e-32 -3.045197792945891831e-32 -6.826305276761104075e-32
3.487471986432553739e-01 -5.359214846623175043e-31 -5.129703693131317210e-31 -5.129703693131317210e-31 -4.494592262513244920e-31
3.520458317458180497e-01 -5.042482183896137018e-31 -5.636586676372411987e-31 -5.636586676372411987e-31 -5.046696679474403286e-31
3.520458317458186048e-01 -1.731677316154870405e-31 -2.168185325564005638e-31 -2.168185325564005638e-31 -2.154913653876052678e-31
3.541424023367046869e-01 -2.515612412811686253e-31 -1.318596792172553792e-31 -1.318596792172553792e-31 -7.942124165217420374e-32
3.541424023367056861e-01 9.794211855041167577e-32 1.233314995158697088e-31 1.233314995158697088e-31 7.870225107813926277e-32
3.553456462731305887e-01 1.822795527150932230e-31 1.692695410014365266e-31 1.692695410014365266e-31 1.090309934073328705e-31
3.553456462731309773e-01 -9.783478211402330567e-31 -4.539179107645237942e-31 -4.539179107645237942e-31 8.906014626317000185e-31
3.603535548084543239e-01 -7.867505838724778492e-32 7.693048297228032368e-33 7.693048297228032368e-33 2.287492593058762359e-32
3.603535548084556561e-01 1.862228603894514699e-30 2.274517639985876255e-30 2.274517639985876255e-30 1.210116533966142000e-30
3.614528884046701585e-01 1.316603790388161156e-30 1.647742234599000906e-30 1.647742234599000906e-30 8.812550372327593147e-31
3.614528884046703805e-01 -1.226158237832963493e-30 -1.132896843311617721e-30 -1.132896843311617721e-30 -5.799386338758113164e-31
3.619328476420843876e-01 4.291037185328924427e-31 1.437803998127104563e-30 1.437803998127104563e-30 7.924771110152383438e-31
3.619328476420852758e-01 -1.594411644436894521e-30 -1.201752530623297849e-30 -1.201752530623297849e-30 -4.022184594583811239e-31
3.631859628979556831e-01 -5.479536672943712802e-30 -4.558453872362323951e-30 -4.558453872362323951e-30 -1.045752523038766577e-30
3.631859628979561272e-01 9.923010261792108651e-31 5.911053989856361266e-31 5.911053989856361266e-31 -5.388209535475091514e-31
3.639654640596550750e-01 1.029466751578107841e-30 1.607825207452563467e-30 1.607825207452563467e-30 8.956593800087113125e-31
3.639654640596562962e-01 -1.280272377691842198e-30 -6.703371030884404110e-31 -6.703371030884404110e-31 -3.013923683940221723e-31
3.652731412719766313e-01 5.411892828978708751e-30 5.389855426361002869e-30 5.389855426361002869e-30 1.548637653189892632e-30
3.652731412719768533e-01 -5.909858897955636502e-30 -4.487071537162381000e-30 -4.487071537162381000e-30 -1.936461434621216340e-30
3.673746471696314186e-01 4.589741714638576127e-32 1.316226381987688495e-32 1.316226381987688495e-32 2.501035038112036824e-33
3.673746471696330285e-01 1.237306186238368758e-30 1.552478314387464670e-30 1.552478314387464670e-30 9.541453784652990997e-31
3.681923635538715822e-01 7.389853450298373253e-31 8.253741140796901626e-31 8.253741140796901626e-31 4.445080108714690971e-31
3.681923635538719708e-01 7.749338835389917504e-31 8.348238183181974461e-31 8.348238183181974461e-31 3.839420901855618749e-31
3.716380832160757208e-01 4.574568565985052312e-31 5.097501318426761432e-31 5.097501318426761432e-31 2.652096686905975314e-31
3.716380832160767200e-01 1.008329899800634198e-31 5.084708958324757160e-32 5.084708958324757160e-32 5.549647409513529458e-32
3.719408055846156191e-01 -1.122873254381817232e-30 -1.017872694486326739e-30 -1.017872694486326739e-30 -2.073356225088944608e-31
3.719408055846159522e-01 -2.928993904313893479e-30 -2.116650354485564141e-30 -2.116650354485564141e-30 -9.012335197858107950e-31
3.733725207185074613e-01 -1.329938353517722401e-30 -9.368226377559213472e-31 -9.368226377559213472e-31 -4.416230701330987543e-31
3.733725207185079054e-01 3.104016576867642836e-31 2.588220252009640989e-31 2.588220252009640989e-31 2.435120084943597978e-31
3.751988869668232973e-01 -1.584062916537053774e-30 -1.320673100599535617e-30 -1.320673100599535617e-30 -7.566079147526917434e-31
3.751988869668246296e-01 -3.775448276051676532e-32 -5.626953460616914711e-32 -5.626953460616914711e-32 -5.720193395694903154e-32
3.765148409886354686e-01 -2.877241552101102309e-31 -1.364930555625204227e-31 -1.364930555625204227e-31 -2.458533667450719137e-32
3.765148409886364678e-01 2.702985642738456134e-30 3.401163495698935082e-30 3.401163495698935082e-30 1.784129262212383958e-30
3.819100446820859474e-01 6.636032370783834574e-31 1.051314195076556379e-30 1.051314195076556379e-30 5.854555361312046910e-31
3.819100446820868910e-01 -4.652730613009340463e-31 -4.747456688554557348e-31 -4.747456688554557348e-31 -3.777383589580441658e-31
3.825915626618568988e-01 -7.772465552583965323e-30 -6.145205519244907241e-30 -6.145205519244907241e-30 -2.405497279073335105e-30
3.825915626618572873e-01 -9.304981036042674991e-31 -8.761980251334106529e-31 -8.761980251334106529e-31 -3.346482731519297982e-31
3.835577155299141339e-01 1.970219885452495658e-30 2.332217559154328602e-30 2.332217559154328602e-30 1.107626739856766192e-30
3.835577155299143559e-01 -2.726865188206655777e-31 -1.289455259623332938e-32 -1.289455259623332938e-32 1.669579866751270118e-32
3.838187047533508367e-01 -8.254085037356214627e-30 -6.723288090557627148e-30 -6.723288090557627148e-30 -3.312429156302833879e-30
3.838187047533509477e-01 -1.859984747098628266e-30 -1.509526559677696826e-30 -1.509526559677696826e-30 -7.285930389645245927e-31
3.881211971538368610e-01 1.146214492665992819e-31 4.693836905010179520e-32 4.693836905010179520e-32 -2.120063890117099029e-31
3.881211971538371941e-01 -7.436735059461037406e-31 -3.004798899981575098e-31 -3.004798899981575098e-31 -1.198677604504276202e-31
3.932257614122015577e-01 8.942284406918102737e-31 1.365613307446121301e-30 1.365613307446121301e-30 1.135302858675249467e-30
3.932257614122037226e-01 -1.185207198675697012e-30 -1.055038231448946064e-30 -1.055038231448946064e-30 -5.790098396088419861e-31
3.943027299580671441e-01 -3.731316684363740500e-30 -3.213956477943463136e-30 -3.213956477943463136e-30 -2.025236412229203201e-30
3.943027299580693645e-01 -3.561111392648930782e-30 -2.525265465382779468e-30 -2.525265465382779468e-30 -1.344122955917204852e-30
3.945111949756948122e-01 -1.215882051314195996e-30 -7.381526992748229003e-31 -7.381526992748229003e-31 2.431256035315459125e-31
3.945111949756950898e-01 6.854089569878600821e-30 7.539509641330492108e-30 7.539509641330492108e-30 3.791263834954686221e-30
3.951422895150130676e-01 -1.744926259861869628e-29 -1.501190724134501508e-29 -1.501190724134501508e-29 -5.177376354894292591e-30
3.951422895150133452e-01 1.349421398791651106e-30 1.229331851602684905e-30 1.229331851602684905e-30 6.553505757252897597e-31
3.975880282385292341e-01 8.187467144979413054e-30 9.626847536803107234e-30 9.626847536803107234e-30 3.687383250263319648e-30
3.975880282385299558e-01 7.376119959105549726e-31 1.308239681017313581e-30 1.308239681017313581e-30 2.418603591306883610e-30
3.988411434943991418e-01 -1.714256012585554091e-30 -1.645449821980141930e-30 -1.645449821980141930e-30 -1.053777982930654317e-30
3.988411434943999190e-01 -3.843191282833540055e-31 -4.870166817811259850e-31 -4.870166817811259850e-31 -5.638402575175718160e-31
4.009283218684214778e-01 -1.287786057063449754e-30 -1.285992024748017055e-30 -1.285992024748017055e-30 -4.947144789748640913e-31
4.009283218684231986e-01 -1.113079517463897756e-30 -9.090082236068738814e-31 -9.090082236068738814e-31 -8.099928452904322842e-31
4.029665293122072778e-01 4.811503399856129620e-31 4.091388368870465445e-31 4.091388368870465445e-31 1.322111820968067229e-31
4.029665293122084435e-01 -3.553469138979522238e-30 -3.055684809582667810e-30 -3.055684809582667810e-30 -1.209278791212252098e-30
4.034109562236083413e-01 -2.244260379260090903e-29 -1.502176630806286401e-29 -1.502176630806286401e-29 -7.199246088544512488e-30
4.034109562236097846e-01 3.285636082228816711e-31 2.501075961940386404e-31 2.501075961940386404e-31 6.318160615007696372e-32
4.038475441503155405e-01 3.955794766386433643e-30 4.517616588139930886e-30 4.517616588139930886e-30 2.562193700111136029e-30
4.038475441503157626e-01 2.863839373469786488e-30 3.478976754192013074e-30 3.478976754192013074e-30 2.505144818700375423e-30
4.062223622719051130e-01 2.974097086498618752e-29 3.196001196948065112e-29 3.196001196948065112e-29 1.702969402793474703e-29
4.062223622719066674e-01 3.854904695423456982e-31 9.078339829389859888e-31 9.078339829389859888e-31 1.387462643517585410e-30
4.067602553067029003e-01 8.520246967764133168e-30 8.780153176621005254e-30 8.780153176621005254e-30 4.168806773182076140e-30
4.067602553067029003e-01 -5.209526166984655055e-30 -3.935144093366206084e-30 -3.935144093366206084e-30 -1.884413301769221435e-30
4.075959861810605767e-01 -2.008426932286009724e-30 -1.868542613259584013e-30 -1.868542613259584013e-30 -1.188052702218515800e-30
4.075959861810609652e-01 3.907456827183654148e-30 4.540370075221810120e-30 4.540370075221810120e-30 2.821190954476671432e-30
4.115863470987329298e-01 -6.155362412580892149e-30 -3.991330639467924742e-30 -3.991330639467924742e-30 -1.834174606224308971e-30
4.115863470987336514e-01 -4.498097459599873469e-30 -3.831743755708097256e-30 -3.831743755708097256e-30 -1.937973444389519109e-30
4.121700215850794269e-01 -3.748748055484307113e-30 -2.681304598330827796e-30 -2.681304598330827796e-30 -7.291621622217130316e-31
4.121700215850808147e-01 -6.946775805027010672e-30 -4.754938933807756247e-30 -4.754938933807756247e-30 -1.930551204531174538e-30
4.143644356693879094e-01 1.586730068411778542e-29 2.949623322780758835e-29 2.949623322780758835e-29 1.691911527263657568e-29
4.143644356693905184e-01 -7.924151183575154223e-31 -7.112080272406652038e-31 -7.112080272406652038e-31 -3.143760412397445673e-31
4.175652252785302943e-01 3.386735728488286862e-31 3.531932233845654760e-31 3.531932233845654760e-31 2.894346784352816570e-31
4.175652252785305163e-01 5.863707637977387357e-30 5.646824796813631308e-30 5.646824796813631308e-30 2.312141693009361493e-30
4.186798876205390929e-01 4.698757869644346535e-31 4.741415127582746962e-31 4.741415127582746962e-31 4.904101468985083397e-31
4.186798876205407027e-01 1.539803214011579538e-30 1.507752835939841539e-30 1.507752835939841539e-30 1.072635084496705154e-30
4.199520868565448373e-01 6.440591604862262910e-30 8.037228852124203593e-30 8.037228852124203593e-30 4.318508899944198313e-30
4.199520868565458365e-01 6.044741447504613689e-30 2.694143920222714137e-29 2.694143920222714137e-29 1.616955261110744929e-29
4.209934037575829846e-01 4.423408425902534312e-30 5.924972280716908158e-30 5.924972280716908158e-30 3.549006050088894529e-30
4.209934037575831511e-01 -1.111787483700329459e-29 -2.847092935258198063e-30 -2.847092935258198063e-30 -7.263225109499989274e-31
4.237763777502812079e-01 -9.308969375475513879e-31 -4.040021602156004278e-31 -4.040021602156004278e-31 -1.270751955226818586e-31
4.237763777502819851e-01 -1.241696237564846363e-29 -1.002831022122722712e-29 -1.002831022122722712e-29 -4.970489688872364062e-30
4.260756029656000976e-01 -1.029560745851444802e-30 -7.648839666557701155e-31 -7.648839666557701155e-31 -2.041869739561911134e-31
4.260756029656003196e-01 5.922831589402993069e-31 6.822226968339517876e-31 6.822226968339517876e-31 5.420918602921948321e-31
4.307974701114581917e-01 -1.064298062770923764e-29 -8.751208376294403022e-32 -8.751208376294403022e-32 2.502795396010776127e-31
4.307974701114585248e-01 1.515881376485567695e-30 1.773644856178276719e-30 1.773644856178276719e-30 1.260490288879114842e-30
4.311785985689906009e-01 1.448931399190902991e-29 1.521519479828912478e-29 1.521519479828912478e-29 6.672158760095735082e-30
4.311785985689919887e-01 -1.059750938556891296e-28 2.403593942092033109e-29 2.403593942092033109e-29 1.925026001360516247e-29
4.318717191703808078e-01 -1.429669843588678543e-29 -1.090165349445393533e-29 -1.090165349445393533e-29 -5.423128332116790677e-30
4.318717191703839720e-01 -2.120446015921933880e-29 1.134523502384031967e-29 1.134523502384031967e-29 6.487513746630543206e-30
4.338654623625481932e-01 1.295684452358162060e-29 1.606845797293072611e-29 1.606845797293072611e-29 8.483582577549624829e-30
4.338654623625490814e-01 -2.545789960597699059e-31 -1.104047880536455434e-31 -1.104047880536455434e-31 1.550971901279821441e-31
4.385331283142353542e-01 -1.975112313480129591e-30 -1.237810484227120549e-30 -1.237810484227120549e-30 -4.477997661436440462e-31
4.385331283142372971e-01 3.256876282161355919e-30 -2.868714555941128201e-30 -2.868714555941128201e-30 -1.254918928432760838e-30
4.386217099086506255e-01 -1.518010356364678983e-29 -1.289453868020422415e-29 -1.289453868020422415e-29 -6.462058494843382766e-30
4.386217099086521243e-01 -5.286359278225482976e-29 -8.589287596705948325e-30 -8.589287596705948325e-30 -9.014715106288259316e-31
4.410962530015605232e-01 -9.091722070609007486e-30 -8.292684389511795767e-30 -8.292684389511795767e-30 -5.189535911024340858e-30
4.410962530015635208e-01 -1.910118520015090525e-29 2.169743248573084198e-29 2.169743248573084198e-29 1.201396961863322560e-29
4.421320780147690588e-01 -1.056648508937228926e-31 8.064791806374501768e-30 8.064791806374501768e-30 3.888573762633650788e-30
4.421320780147717788e-01 -7.178683738302095136e-30 2.126714957624356741e-29 2.126714957624356741e-29 1.389949987807170244e-29
4.423493682574318187e-01 -2.226591043027593000e-31 -4.455649845062291903e-31 -4.455649845062291903e-31 2.182402820729792106e-31
4.423493682574322627e-01 2.742114900706346695e-29 3.344652485775883622e-29 3.344652485775883622e-29 2.050740174701106408e-29
4.444365466314538216e-01 7.314712311424406750e-29 1.911246796718839563e-30 1.911246796718839563e-30 -4.871860661341781891e-30
4.444365466314540991e-01 -9.793564372321535666e-30 -6.843960314881559178e-30 -6.843960314881559178e-30 -3.827835744693180091e-30
4.457850946763873279e-01 9.870992296694042545e-30 7.643978987511222756e-30 7.643978987511222756e-30 4.092021207529481992e-30
4.457850946763877165e-01 1.767686056797813733e-29 1.899144141162241395e-29 1.899144141162241395e-29 1.028761519793970450e-29
4.472415276951767771e-01 -9.548405045169978464e-29 -6.326688167816246974e-29 -6.326688167816246974e-29 -3.412729060282363798e-29
4.472415276951772212e-01 -2.415487621172572648e-30 9.642677994458610895e-31 9.642677994458610895e-31 6.447244785617562826e-31
4.473557689133483839e-01 3.762903411546854864e-29 6.231693386484067180e-29 6.231693386484067180e-29 3.408075971033921905e-29
4.473557689133490500e-01 -6.818373468783779877e-30 -4.043334334332176432e-30 -4.043334334332176432e-30 -1.660677541463682942e-30
4.484869215324954750e-01 -1.105919749506289112e-30 -8.085221118783715476e-31 -8.085221118783715476e-31 -3.286097350595567809e-31
4.484869215324961411e-01 5.144792183958594989e-30 2.525489991489020804e-29 2.525489991489020804e-29 1.460869906418181305e-29
4.511042109440938086e-01 -7.940391472036774245e-29 -8.204194191560314619e-32 -8.204194191560314619e-32 3.881288526709539085e-30
4.511042109440951409e-01 -7.777298629785191612e-30 2.179712308822665840e-30 2.179712308822665840e-30 2.435235725359824072e-30
4.517249598640757924e-01 -3.254595467393789256e-29 -7.744102474584151115e-30 -7.744102474584151115e-30 -1.831846040432797342e-30
4.517249598640776242e-01 -7.352970755232055152e-30 -5.567027015872006938e-30 -5.567027015872006938e-30 -2.471596661778721527e-30
4.538432453109813025e-01 3.033206232687303788e-29 1.087589297028291841e-29 1.087589297028291841e-29 4.274695295576081841e-30
4.538432453109826348e-01 4.923982287811818055e-30 9.418152548206706189e-30 9.418152548206706189e-30 5.367127942491073229e-30
4.556782463481129919e-01 -3.221802534374317325e-29 -6.293675623176483865e-29 -6.293675623176483865e-29 -3.630800410049911207e-29
4.556782463481132694e-01 4.838007611328278275e-31 7.019732716489392177e-31 7.019732716489392177e-31 8.109254127616213669e-31
4.566485843540282197e-01 -9.013488544811169818e-30 -6.947442202095499013e-30 -6.947442202095499013e-30 -3.653854787994984621e-30
4.566485843540289413e-01 8.112721298822867697e-30 2.668183657020806857e-29 2.668183657020806857e-29 1.135618662106091102e-29
4.604065538463331109e-01 4.491610849538386879e-30 6.165078656158795740e-30 6.165078656158795740e-30 4.339429551098080059e-30
4.604065538463345542e-01 6.303279193032702673e-29 8.884095287606244836e-30 8.884095287606244836e-30 9.242744434548923228e-31
4.610734500415636372e-01 -3.691113135518992600e-29 -2.796856503575535167e-29 -2.796856503575535167e-29 -1.194583523035590909e-29
4.610734500415639703e-01 -5.029181969022956735e-29 -5.376055304976947643e-29 -5.376055304976947643e-29 -2.748928583302925323e-29
4.638023190489475311e-01 1.353881042519170457e-29 2.456870674781808980e-29 2.456870674781808980e-29 1.652088075866295041e-29
4.638023190489479197e-01 5.203552344505135697e-30 6.207104031605691030e-30 6.207104031605691030e-30 2.905366336531367764e-30
4.656383353700815908e-01 7.452950610522874731e-30 9.255819213904084540e-30 9.255819213904084540e-30 7.954104557594305287e-30
4.656383353700820349e-01 7.322126847708906999e-29 8.351003490014418723e-29 8.351003490014418723e-29 4.005711839905243964e-29
4.663007706596168922e-01 -1.436972462428688441e-28 5.087540556727641970e-29 5.087540556727641970e-29 6.344473422492357898e-29
4.663007706596173918e-01 -5.461693591230421353e-32 3.731042033674049031e-31 3.731042033674049031e-31 8.394194952915907486e-31
4.668337791654351698e-01 2.026171395297153707e-30 1.850366531798327451e-30 1.850366531798327451e-30 9.695646965129014006e-31
4.668337791654353364e-01 -2.026733715638805676e-29 2.676455234463988351e-31 2.676455234463988351e-31 6.319609489030961584e-30
4.672846025133141068e-01 -3.510871706502682526e-29 -2.241411194489778036e-29 -2.241411194489778036e-29 -8.421577128418661624e-30
4.672846025133146064e-01 -6.053935296460356061e-29 -6.674452276403536314e-29 -6.674452276403536314e-29 -2.640949889187860554e-29
4.743056948744908130e-01 -3.415671392463185311e-29 1.193308586974960764e-29 1.193308586974960764e-29 8.299555560326810284e-30
4.743056948744911461e-01 2.721925641388509387e-29 2.532612693039187654e-29 2.532612693039187654e-29 1.245336198425302204e-29
4.757219513627842788e-01 3.156750090910699529e-30 2.384359822321111256e-30 2.384359822321111256e-30 1.167586216411160063e-30
4.757219513627848895e-01 2.678104052904074328e-29 -1.455272646481851095e-29 -1.455272646481851095e-29 -3.429953221705516993e-29
4.777872586112134057e-01 1.697634629594418543e-32 -7.034292513859877724e-29 -7.034292513859877724e-29 -4.456042258128632754e-29
4.777872586112142939e-01 -3.749649698741934238e-29 -1.010255761352937723e-29 -1.010255761352937723e-29 -2.746637709576415955e-30
4.794926022094596618e-01 2.663592286561104284e-29 5.790030249637767804e-30 5.790030249637767804e-30 1.279147331876637956e-30
4.794926022094611606e-01 9.440048801868392911e-29 1.698272052484870400e-28 1.698272052484870400e-28 1.027610334927595238e-28
4.797968382539411492e-01 -3.487482647437511614e-30 4.879357602214333998e-30 4.879357602214333998e-30 3.180317950783823105e-30
4.797968382539414822e-01 -1.816049946892933280e-29 3.184697562762569517e-29 3.184697562762569517e-29 1.696984375006006955e-29
4.802597945400279844e-01 5.999428428156494802e-29 2.179335668807282296e-29 2.179335668807282296e-29 7.554144558060323706e-30
4.802597945400291501e-01 -1.324404229768584546e-28 -6.172620067067442889e-29 -6.172620067067442889e-29 -2.212045967955358860e-29
4.821299346716818590e-01 7.060932870628082032e-29 9.337145093342526954e-29 9.337145093342526954e-29 5.362928569721096725e-29
4.821299346716844125e-01 -9.851441159188445176e-29 -4.043815391276372628e-29 -4.043815391276372628e-29 -1.497549500321860974e-29
4.894984259074255384e-01 -1.300800748248591218e-29 5.899861716145335567e-30 5.899861716145335567e-30 8.486341866759654991e-30
4.894984259074259270e-01 1.488437572687852690e-29 2.337925905224032905e-29 2.337925905224032905e-29 1.600822170059875614e-29
4.907497524582080106e-01 -2.066793716132572561e-29 3.315825898616438290e-29 3.315825898616438290e-29 2.544027342216322435e-29
4.907497524582100645e-01 -3.462136404229365533e-29 -2.923820092867954075e-29 -2.923820092867954075e-29 -1.377903324894717667e-29
4.917164705677778969e-01 -1.464563711064015073e-28 1.250058779718527856e-28 1.250058779718527856e-28 9.096250232054367385e-29
4.917164705677786740e-01 -7.647511169110066373e-29 -5.257374929791195080e-30 -5.257374929791195080e-30 4.734595772069140843e-30
4.924154305336594373e-01 -4.692241397525470177e-29 2.814623130778637819e-29 2.814623130778637819e-29 2.542104549730702927e-29
4.924154305336608806e-01 -1.040707945085993233e-28 -6.100182393222301013e-29 -6.100182393222301013e-29 -1.923180514834346295e-29
4.934059777154631288e-01 -4.234906234581041409e-28 -2.137756149512858853e-28 -2.137756149512858853e-28 -8.721368813399328804e-29
4.934059777154643500e-01 7.405096917933390437e-31 -6.723264264810533783e-30 -6.723264264810533783e-30 -5.897637632643985693e-30
4.936685457895301221e-01 -4.171441551955533741e-29 7.230753353940607404e-29 7.230753353940607404e-29 4.442508813967798244e-29
4.936685457895321205e-01 -5.580974490625616168e-29 -3.460325414980087059e-29 -3.460325414980087059e-29 -1.529890517152317996e-29
4.955751920564794855e-01 -1.944198365748630794e-29 2.474090517799547965e-29 2.474090517799547965e-29 2.612835913666232132e-29
4.955751920564803736e-01 2.912932376673430000e-30 2.653288854180217876e-29 2.653288854180217876e-29 2.685726349653315919e-29
4.957557241635511813e-01 2.976887896998983253e-28 -1.473540471971788302e-29 -1.473540471971788302e-29 -3.242183131802163448e-29
4.957557241635529577e-01 4.595161603798891455e-30 1.067036084757898584e-29 1.067036084757898584e-29 3.681150334307780788e-30
4.964550054831299297e-01 5.539431992031822918e-28 1.305309207621929205e-28 1.305309207621929205e-28 2.904838814208694714e-29
4.964550054831310955e-01 -2.283393845366574292e-30 -1.223859062775416982e-29 -1.223859062775416982e-29 -7.393987118414090757e-30
4.986749464454469649e-01 4.201546177455700773e-29 2.272429694706689078e-29 2.272429694706689078e-29 9.496947255046359707e-30
4.986749464454469649e-01 -4.184004793238438499e-28 -5.099990394457177506e-29 -5.099990394457177506e-29 3.778558266360005055e-30
5.001568091170613961e-01 -2.643348251287920403e-28 -2.332190771341727950e-28 -2.332190771341727950e-28 -1.097019912334959805e-28
5.001568091170619512e-01 -7.160720120304625356e-28 -1.309255492616881239e-28 -1.309255492616881239e-28 -1.820404950356104508e-29
5.019559512560602954e-01 -4.328486230722126609e-28 -9.758941332512896814e-29 -9.758941332512896814e-29 -2.029904169604607841e-29
5.019559512560612946e-01 -1.201021661220575644e-28 1.609623382222041434e-29 1.609623382222041434e-29 1.967983981783101361e-29
5.024233884761909463e-01 -1.182197391694577251e-28 -1.859340553496727297e-29 -1.859340553496727297e-29 -9.875604753600713297e-31
5.024233884761925006e-01 2.386345913379246525e-29 4.493791752854168573e-29 4.493791752854168573e-29 2.097593742017777088e-29
5.069974238802110733e-01 -1.034704849369482342e-28 3.729989524637715819e-29 3.729989524637715819e-29 3.015556247742065412e-29
5.069974238802121835e-01 -1.235297210697059812e-29 -8.579934082613828151e-29 -8.579934082613828151e-29 -5.098339617915207930e-29
5.080274368854081901e-01 -1.105519995888283612e-28 -2.560216426893084397e-28 -2.560216426893084397e-28 -1.450263151102904988e-28
5.080274368854094114e-01 -2.858338067413238541e-28 -2.189124068325595158e-28 -2.189124068325595158e-28 -9.563041366984503804e-29
5.083746377969686758e-01 -1.984937171812008136e-28 -1.590607472962895061e-28 -1.590607472962895061e-28 -7.238323802064381261e-29
5.083746377969707853e-01 5.342858352040612270e-30 -8.946380281648591687e-30 -8.946380281648591687e-30 9.078378595913495039e-31
5.103420039284661813e-01 -6.230394370796076461e-29 1.260550871352622749e-28 1.260550871352622749e-28 8.318626480228966620e-29
5.103420039284680687e-01 -6.802372390928797239e-29 -1.515695216580960150e-28 -1.515695216580960150e-28 -6.997276584155679304e-29
5.115697112614731035e-01 -1.265735942634790657e-27 -3.893117878596489113e-28 -3.893117878596489113e-28 -1.205953666902102689e-28
5.115697112614733255e-01 4.185375220144503220e-28 2.474811496363322457e-28 2.474811496363322457e-28 1.112877371764313340e-28
5.123926275736604419e-01 -2.272619987145529792e-28 -9.116506069117518012e-29 -9.116506069117518012e-29 -3.666811293803702248e-29
5.123926275736611080e-01 -1.724045148799980047e-29 -1.636572571081686515e-29 -1.636572571081686515e-29 -1.260605898871431357e-30
5.137607050355749161e-01 4.078440356516070184e-29 1.380614737577119322e-28 1.380614737577119322e-28 7.874915485443363954e-29
5.137607050355752492e-01 -1.019328747679191145e-28 -2.880527034027948302e-29 -2.880527034027948302e-29 -8.093765172044119516e-30
5.151477828059014552e-01 -6.068218312412565682e-30 4.119851097051542760e-29 4.119851097051542760e-29 2.336440644401430386e-29
5.151477828059042308e-01 6.063727831040621519e-29 -1.249157032426260690e-28 -1.249157032426260690e-28 -6.398945005077353276e-29
5.186037800454108559e-01 9.281126967826025750e-29 3.299937544623711245e-29 3.299937544623711245e-29 1.117393204658146910e-29
5.186037800454117441e-01 1.021090422662022863e-30 2.604784548660906932e-30 2.604784548660906932e-30 3.274443338370625559e-30
5.212954833742464711e-01 2.879186937934599744e-29 2.186654081885273173e-29 2.186654081885273173e-29 8.421040923030430062e-30
5.212954833742471372e-01 7.326807829673568122e-29 9.507091357522189439e-29 9.507091357522189439e-29 4.903469873407396613e-29
5.233428344018616896e-01 -2.193753554237440099e-29 -1.179496612419348885e-28 -1.179496612419348885e-28 -7.672633640033490464e-29
5.233428344018650202e-01 4.900693654716578074e-28 9.553107266492623293e-29 9.553107266492623293e-29 1.455367085665002305e-29
