0.000000000000000000e+00 5.420410704062751782e-31 -1.234070941057208271e-28 1.234070941057208271e-28 -3.291356344297943760e-31
0.000000000000000000e+00 -3.169484736155152902e-31 1.013856167618347874e-28 -1.013856167618347874e-28 -2.561133464706084036e-31
0.000000000000000000e+00 -7.576539465125974855e-31 2.350353481513890958e-29 -2.350353481513890958e-29 -1.030916759225753141e-30
0.000000000000000000e+00 -9.830526667163237258e-31 2.716579613507508674e-28 -2.716579613507508674e-28 -1.968540674718497467e-30
0.000000000000000000e+00 -9.013084801479506091e-19 2.799937246097295372e-07 -2.799937246097295372e-07 -1.770992101343342433e-18
0.000000000000000000e+00 1.315594132426483523e-17 2.799937236193658039e-07 -2.799937236193658039e-07 7.083968405373377436e-18
0.000000000000000000e+00 -2.084429955131531459e-19 8.734087279292554131e-08 -8.734087279292554131e-08 -7.781871832491056493e-19
0.000000000000000000e+00 -9.528822652029858648e-19 8.734087286064370786e-08 -8.734087286064370786e-08 -7.821575260207847779e-19
0.000000000000000000e+00 8.261928801833351804e-19 9.383766267774798747e-08 -9.383766267774798747e-08 7.944162309455151151e-20
0.000000000000000000e+00 0.000000000000000000e+00 9.383766540329477830e-08 -9.383766540329477830e-08 -4.130964400916680235e-19
0.000000000000000000e+00 7.348488062700171486e-29 -2.797437396785227723e-26 2.797437396785227723e-26 -3.372256767684480945e-29
0.000000000000000000e+00 4.081014664142269549e-30 1.118338000367570532e-26 -1.118338000367570532e-26 -1.001395346132126547e-28
0.000000000000000000e+00 -1.445284887515473455e-30 -1.185119441299507878e-28 1.185119441299507878e-28 5.054353276569242728e-31
0.000000000000000000e+00 1.205925541626082166e-30 1.522349620873648891e-27 -1.522349620873648891e-27 -2.552570934895103215e-30
0.000000000000000000e+00 -6.652695046835430742e-19 4.040275970396139347e-08 -4.040275970396139347e-08 5.298254139096483706e-19
0.000000000000000000e+00 1.147291121849465335e-18 4.040275972152138570e-08 -4.040275972152138570e-08 -3.027573793769423938e-19
0.000000000000000000e+00 -1.633037549498034855e-31 3.920650104475350112e-29 -3.920650104475350112e-29 -3.259081950523890403e-31
0.000000000000000000e+00 4.838461045204969661e-31 2.379385530261940178e-30 -2.379385530261940178e-30 5.689178886341711641e-32
0.000000000000000000e+00 -1.691111295790105766e-30 -4.850199276394562280e-29 4.850199276394562280e-29 7.767318199617719170e-30
0.000000000000000000e+00 3.376647042508903672e-30 -5.862511103983635630e-29 5.862511103983635630e-29 4.238589971820369059e-31
0.000000000000000000e+00 -3.845967647889141982e-18 1.184107462667689429e-07 -1.184107462667689429e-07 2.243481127935334684e-18
0.000000000000000000e+00 1.922983823944572483e-19 1.184107475058116101e-07 -1.184107475058116101e-07 -4.358763334274366511e-18
0.000000000000000000e+00 3.422527807331297248e-30 1.454493476624980543e-27 -1.454493476624980543e-27 -1.609191104015133093e-30
0.000000000000000000e+00 3.948720043982314646e-31 -1.018048115419614154e-28 1.018048115419614154e-28 5.154101361476477319e-31
0.000000000000000000e+00 1.304837422288602397e-19 8.509249146423034969e-10 -8.509249146423034969e-10 1.994895674460460277e-20
0.000000000000000000e+00 -9.234234065427035719e-20 8.509250204937266560e-10 -8.509250204937266560e-10 2.402657368925649880e-20
0.000000000000000000e+00 -3.049790525110853704e-31 -2.469123763079864404e-29 2.469123763079864404e-29 -1.573076925472215981e-32
0.000000000000000000e+00 2.560025674312310574e-31 5.066398446772079107e-29 -5.066398446772079107e-29 -2.154382805126513069e-31
0.000000000000000000e+00 -2.412967764631277195e-20 -2.206794679766113234e-10 2.206794679766113234e-10 1.939809080774939970e-19
0.000000000000000000e+00 1.018965859551038212e-20 -2.206794386443582452e-10 2.206794386443582452e-10 1.405795491417636900e-20
0.000000000000000000e+00 5.633597267936897524e-31 6.758349841548741737e-29 -6.758349841548741737e-29 -1.829173328861489947e-30
0.000000000000000000e+00 6.204485824637180023e-32 8.599939933897494722e-28 -8.599939933897494722e-28 2.091987730104684895e-32
0.000000000000000000e+00 1.542489474738325480e-21 -1.296823116129281857e-09 1.296823116129281857e-09 1.551303700308259835e-19
0.000000000000000000e+00 -2.115414136783990820e-20 -1.296823213876022461e-09 1.296823213876022461e-09 -9.066060586217110136e-20
0.000000000000000000e+00 -2.123382200310747448e-20 7.952704632185864264e-09 -7.952704632185864264e-09 4.448991276841568935e-19
0.000000000000000000e+00 1.015178918624757927e-18 7.952704070337928700e-09 -7.952704070337928700e-09 3.185073300466125535e-20
0.000000000000000000e+00 -3.664477991141687998e-19 1.082563957110075882e-09 -1.082563957110075882e-09 2.195396862786889585e-20
0.000000000000000000e+00 8.022372397734227804e-20 1.082563886469671719e-09 -1.082563886469671719e-09 -1.315972759249779428e-19
0.000000000000000000e+00 -3.404935038066788806e-30 -1.482661303313124855e-28 1.482661303313124855e-28 -9.293277453250950119e-31
0.000000000000000000e+00 -4.700262900578218600e-31 3.956303946709216985e-29 -3.956303946709216985e-29 -3.524675219975011143e-31
0.000000000000000000e+00 3.530249253170838221e-31 -7.153826227302542863e-29 7.153826227302542863e-29 2.737918912266137135e-31
0.000000000000000000e+00 3.141872498168014424e-31 -1.191801100677375793e-28 1.191801100677375793e-28 6.722723902787261703e-31
0.000000000000000000e+00 2.988970548577526140e-20 -6.410852864059318924e-10 6.410852864059318924e-10 -5.647246483269883431e-20
0.000000000000000000e+00 -1.078573202210103537e-19 -6.410853986754817878e-10 6.410853986754817878e-10 5.240237727718903054e-20
0.000000000000000000e+00 -6.116464214360106185e-21 1.635833801986154802e-08 -1.635833801986154802e-08 3.262114247658724904e-20
0.000000000000000000e+00 4.974724227679554033e-19 1.635833756114712650e-08 -1.635833756114712650e-08 1.223292842872022290e-20
0.000000000000000000e+00 -3.020357841949658838e-19 2.047985614730136797e-08 -2.047985614730136797e-08 -7.020291200207320524e-19
0.000000000000000000e+00 -3.163212604744579110e-19 2.047985636106109732e-08 -2.047985636106109732e-08 -1.061206809333665852e-18
0.000000000000000000e+00 8.441515381284271368e-31 -3.591249808955246902e-28 3.591249808955246902e-28 1.188273738422739844e-30
0.000000000000000000e+00 6.346614092188367817e-32 -3.126368976725084695e-28 3.126368976725084695e-28 -1.452550970867731327e-32
0.000000000000000000e+00 -4.802956584802942207e-20 1.816064042185157480e-09 -1.816064042185157480e-09 -4.087622625364209335e-20
0.000000000000000000e+00 -2.554764140852629781e-20 1.816063980626072305e-09 -1.816063980626072305e-09 1.443441739581736741e-20
0.000000000000000000e+00 -1.022372074841641543e-20 2.294943490171488989e-09 -2.294943490171488989e-09 -2.555930187104105512e-20
0.000000000000000000e+00 -3.750827549575273879e-19 2.294943301949724007e-09 -2.294943301949724007e-09 -2.192988100535323702e-19
0.000000000000000000e+00 -2.776699881061364036e-20 7.116994245482013484e-10 -7.116994245482013484e-10 -3.071004476749898230e-21
0.000000000000000000e+00 3.838755595937373709e-20 7.116993932633675220e-10 -7.116993932633675220e-10 3.071004476749900863e-21
0.000000000000000000e+00 2.610097558772346022e-31 2.451843136922863919e-29 -2.451843136922863919e-29 -1.323069486091958258e-31
0.000000000000000000e+00 -3.115542276724484113e-31 -2.010158090857731114e-29 2.010158090857731114e-29 -1.909428423335380501e-31
0.000000000000000000e+00 -3.588918412198128412e-20 8.171858927723363555e-09 -8.171858927723363555e-09 -4.921945251014579065e-20
0.000000000000000000e+00 -3.732475148686055571e-19 8.171858875944502533e-09 -8.171858875944502533e-09 2.563513151570094517e-20
0.000000000000000000e+00 -1.939772453580823355e-29 -1.659629034092482277e-28 1.659629034092482277e-28 -4.501972382709917959e-30
0.000000000000000000e+00 -1.208725059173701646e-30 -1.096850543131412003e-26 1.096850543131412003e-26 -5.350494187393116457e-29
0.000000000000000000e+00 5.267150977547357354e-19 8.075747212437469627e-08 -8.075747212437469627e-08 -1.399086978411017910e-19
0.000000000000000000e+00 5.452324254101756974e-20 8.075747287184925703e-08 -8.075747287184925703e-08 1.152189276338485179e-18
0.000000000000000000e+00 -7.714197838818767073e-31 1.045709297771240445e-27 -1.045709297771240445e-27 -1.059984395204152162e-30
0.000000000000000000e+00 1.691403005689800292e-30 4.089727146360996512e-28 -4.089727146360996512e-28 -9.357852751576291267e-32
0.000000000000000000e+00 7.578554063811365560e-19 3.730253720384123945e-08 -3.730253720384123945e-08 3.295023506004943981e-20
0.000000000000000000e+00 -4.283530557806427236e-19 3.730253705325868670e-08 -3.730253705325868670e-08 3.773831609221289556e-19
0.000000000000000000e+00 3.204921480569291093e-20 2.390607282596506047e-10 -2.390607282596506047e-10 1.757537586118644794e-20
0.000000000000000000e+00 1.523306933556876380e-20 2.390607207557405402e-10 -2.390607207557405402e-10 -1.214768625699651943e-20
0.000000000000000000e+00 -3.730367699968621713e-31 1.147662450962733911e-28 -1.147662450962733911e-28 1.124956290714807513e-31
0.000000000000000000e+00 -8.024554703663184355e-31 1.370270691149196846e-28 -1.370270691149196846e-28 -1.230812267260414262e-30
0.000000000000000000e+00 -7.878811686214916324e-31 -3.637174797515777880e-29 3.637174797515777880e-29 -7.169706126887090363e-31
0.000000000000000000e+00 3.642194746915337194e-31 -1.941259864712178646e-28 1.941259864712178646e-28 -6.057415418657364857e-31
0.000000000000000000e+00 3.960120781701845522e-31 8.634731899985792862e-29 -8.634731899985792862e-29 9.176413952166496057e-31
0.000000000000000000e+00 -4.482826771892570799e-30 2.672214667053715783e-28 -2.672214667053715783e-28 5.559399996095080664e-31
0.000000000000000000e+00 -4.264425163039018541e-30 -2.527610186652533563e-28 2.527610186652533563e-28 -1.550673867229981102e-30
0.000000000000000000e+00 -2.287954077913001250e-30 7.102706862185330834e-29 -7.102706862185330834e-29 -1.006325691117734829e-31
0.000000000000000000e+00 3.430933875748037611e-32 6.987400617605195252e-30 -6.987400617605195252e-30 -1.118892826661279550e-30
0.000000000000000000e+00 5.361221436460171205e-31 -2.014575644401892266e-28 2.014575644401892266e-28 -2.354396774362461420e-31
0.000000000000000000e+00 2.375744387224959252e-19 3.996006533314213055e-09 -3.996006533314213055e-09 -3.718613062240824067e-20
0.000000000000000000e+00 1.755758461611428365e-19 3.996006623709202745e-09 -3.996006623709202745e-09 4.793168500541588460e-19
0.000000000000000000e+00 4.638071584252683449e-21 -8.168658879681777449e-12 8.168658879681777449e-12 -3.722920807782739758e-20
0.000000000000000000e+00 2.141277101452341300e-20 -8.168645443715551168e-12 8.168645443715551168e-12 -9.766511970364692576e-22
0.000000000000000000e+00 3.525678364874178070e-30 1.546582331941442759e-27 -1.546582331941442759e-27 6.009897732141558868e-29
0.000000000000000000e+00 5.080637815319378027e-30 4.045145460263592700e-29 -4.045145460263592700e-29 -4.930518994250475654e-31
0.000000000000000000e+00 3.868541596327971272e-19 1.085323067646417252e-08 -1.085323067646417252e-08 1.865940579750585543e-20
0.000000000000000000e+00 -3.532146674908150614e-19 1.085323126019556989e-08 -1.085323126019556989e-08 -3.490097309730675078e-19
0.000000000000000000e+00 2.456325614011567595e-18 4.682255061834601975e-08 -4.682255061834601975e-08 -2.455274104758995286e-19
0.000000000000000000e+00 8.748556981411067467e-19 4.682255092146883015e-08 -4.682255092146883015e-08 4.542519971117287920e-19
0.000000000000000000e+00 -5.106980049311829591e-30 -8.989609670726781113e-28 8.989609670726781113e-28 -3.486739249008523164e-30
0.000000000000000000e+00 -2.128084608089584596e-30 -8.016344849033911728e-28 8.016344849033911728e-28 4.896369503409534025e-30
0.000000000000000000e+00 4.969175912716786803e-31 -1.778329228613221939e-27 1.778329228613221939e-27 2.970293015545855089e-30
0.000000000000000000e+00 8.884955089310003005e-31 -7.694873120009992693e-29 7.694873120009992693e-29 -5.338727811981975760e-31
0.000000000000000000e+00 -7.107982923600920231e-21 1.141230036741590614e-08 -1.141230036741590614e-08 -6.507753254496847137e-19
0.000000000000000000e+00 -7.960940874433037640e-19 1.141230053131652501e-08 -1.141230053131652501e-08 -2.316675915840303304e-20
0.000000000000000000e+00 -6.319630352525865922e-30 -1.843152831665802187e-28 1.843152831665802187e-28 -1.715069087517366629e-30
0.000000000000000000e+00 -4.875807967755253821e-31 7.424366629007404986e-29 -7.424366629007404986e-29 -8.349375218724003068e-31
0.000000000000000000e+00 -6.857102182330277850e-21 1.876659609958172093e-09 -1.876659609958172093e-09 -4.938432244774405119e-20
0.000000000000000000e+00 -5.169200106679749538e-20 1.876659319397434783e-09 -1.876659319397434783e-09 7.859294039747787405e-20
0.000000000000000000e+00 4.276651960296125874e-30 6.811667765115162249e-29 -6.811667765115162249e-29 3.392976393680487233e-30
0.000000000000000000e+00 -1.754755613156691611e-29 1.202418067848900820e-27 -1.202418067848900820e-27 -2.634922749448815819e-29
0.000000000000000000e+00 1.108097039395572908e-31 7.177718311833727340e-29 -7.177718311833727340e-29 -1.424232765386815428e-30
0.000000000000000000e+00 -2.061185475588792367e-30 6.892961058278443783e-27 -6.892961058278443783e-27 -5.362956288930131278e-30
0.000000000000000000e+00 -1.854386464160025457e-30 5.483087337025858743e-28 -5.483087337025858743e-28 1.276352627626240541e-30
0.000000000000000000e+00 -6.294848650552865210e-30 2.375796624009123721e-28 -2.375796624009123721e-28 -3.801601002824372816e-31
0.000000000000000000e+00 -6.884300610816399864e-18 -8.087826789864950097e-08 8.087826789864950097e-08 -1.229763304924777667e-17
0.000000000000000000e+00 -3.662583576197889476e-18 -8.087826662986955838e-08 8.087826662986955838e-08 -8.817330831587518192e-19
0.000000000000000000e+00 1.338214183156573620e-30 3.832628357930506655e-26 -3.832628357930506655e-26 2.407982500370895650e-30
0.000000000000000000e+00 -2.190925243738065141e-31 -4.469959215475613552e-28 4.469959215475613552e-28 7.240280536501301915e-31
0.000000000000000000e+00 1.208714614763629952e-29 1.305114897333187407e-25 -1.305114897333187407e-25 8.876261788011183755e-30
0.000000000000000000e+00 1.974611446106934772e-30 1.477104514030923809e-26 -1.477104514030923809e-26 9.424377218995466261e-31
0.000000000000000000e+00 -2.475095391223598757e-18 -6.788661690173091975e-09 6.788661690173091975e-09 9.403664307993609043e-19
0.000000000000000000e+00 -3.466672522120104242e-19 -6.788674171595171959e-09 6.788674171595171959e-09 -1.185328701937615113e-17
0.000000000000000000e+00 -8.180005771794403853e-31 -8.713996451920688271e-29 8.713996451920688271e-29 1.255522071943180124e-30
0.000000000000000000e+00 -1.932389118968422411e-30 -1.941257549785169642e-26 1.941257549785169642e-26 1.322533691702110717e-29
0.000000000000000000e+00 -3.411273403325662396e-20 2.707553880997586331e-08 -2.707553880997586331e-08 -1.332528673174087777e-18
0.000000000000000000e+00 5.969728455819909043e-20 2.707553772127648520e-08 -2.707553772127648520e-08 1.006325653981071210e-18
0.000000000000000000e+00 -1.253627353767562535e-30 6.480457614392401311e-28 -6.480457614392401311e-28 6.588703724789124761e-30
0.000000000000000000e+00 2.512533777224273104e-30 3.408910708597151476e-29 -3.408910708597151476e-29 -1.050918662574560314e-29
0.000000000000000000e+00 6.683418695607450688e-30 5.415781904367447981e-29 -5.415781904367447981e-29 1.603191413372089293e-29
0.000000000000000000e+00 -2.963634336024138186e-31 -2.506915318290068323e-28 2.506915318290068323e-28 -4.374204322439904591e-29
0.000000000000000000e+00 -2.599375877704452728e-30 -3.576358995106498466e-28 3.576358995106498466e-28 -1.973568512115323013e-30
0.000000000000000000e+00 2.385284484680682426e-30 -2.034324431011069766e-27 2.034324431011069766e-27 -1.811660565105364993e-29
0.000000000000000000e+00 -2.279439861412487232e-20 8.387935355207464214e-11 -8.387935355207464214e-11 2.543578081231731679e-19
0.000000000000000000e+00 -6.585589048729247373e-19 8.387935369545920227e-11 -8.387935369545920227e-11 3.672372637809221021e-22
0.000000000000000000e+00 3.834169045584504422e-31 -2.439365794756276694e-29 2.439365794756276694e-29 -4.487756456812946267e-31
0.000000000000000000e+00 3.612110636986861951e-31 7.855822032767480427e-30 -7.855822032767480427e-30 -5.922881925491739895e-31
0.000000000000000000e+00 -9.174454968403518668e-20 -1.126813651769784648e-09 1.126813651769784648e-09 9.732197164720567691e-19
0.000000000000000000e+00 3.209038433882111847e-19 -1.126813717848493494e-09 1.126813717848493494e-09 2.042360313083662921e-19
0.000000000000000000e+00 -3.070998146693632351e-20 3.621316930757840670e-12 -3.621316930757840670e-12 -8.522408374294698173e-20
0.000000000000000000e+00 3.661913082991128588e-19 3.621338680181495343e-12 -3.621338680181495343e-12 -5.338200260755801703e-20
0.000000000000000000e+00 1.494389647968361270e-30 2.023742051741943823e-26 -2.023742051741943823e-26 -5.560336884080806231e-30
0.000000000000000000e+00 -1.253029246923354192e-30 1.372120963095420811e-27 -1.372120963095420811e-27 -3.466486126292788475e-30
0.000000000000000000e+00 8.979273431129972670e-19 9.974117030918196215e-09 -9.974117030918196215e-09 -1.321437103254351608e-19
0.000000000000000000e+00 3.076132273149475513e-19 9.974111905280312184e-09 -9.974111905280312184e-09 -8.751812946143584812e-19
0.000000000000000000e+00 -5.203731857500158855e-20 2.496292597854912503e-08 -2.496292597854912503e-08 -1.335624510091708457e-18
0.000000000000000000e+00 6.938309143333551158e-20 2.496293322593394372e-08 -2.496293322593394372e-08 -4.718050217466818110e-18
0.000000000000000000e+00 8.818043779504248000e-31 -1.175803117143568363e-27 1.175803117143568363e-27 -3.029311247096205003e-30
0.000000000000000000e+00 -1.821107184149602667e-30 -1.335856242684299906e-28 1.335856242684299906e-28 9.205730884260803429e-31
0.000000000000000000e+00 4.815482300229533451e-30 -8.939924963296629157e-28 8.939924963296629157e-28 9.352894889899718567e-30
0.000000000000000000e+00 5.923228140984955656e-31 -3.160981510017771652e-29 3.160981510017771652e-29 -4.504903148530519998e-31
0.000000000000000000e+00 -6.541521791227210583e-21 2.440989816084026777e-10 -2.440989816084026777e-10 1.722883921118024800e-20
0.000000000000000000e+00 7.815844218089662348e-20 2.440988770270381628e-10 -2.440988770270381628e-10 5.749742790003355910e-20
0.000000000000000000e+00 3.210427572428502433e-30 9.128012916048774681e-26 -9.128012916048774681e-26 3.757092819766025588e-29
0.000000000000000000e+00 3.483329199555819343e-31 1.563255141377867092e-28 -1.563255141377867092e-28 1.993709111744703983e-30
0.000000000000000000e+00 1.482493246803851253e-19 2.872942309458582123e-09 -2.872942309458582123e-09 -2.305495012492755488e-19
0.000000000000000000e+00 4.837179251979481688e-21 2.872941576618570250e-09 -2.872941576618570250e-09 -1.902169643877003338e-19
0.000000000000000000e+00 3.743694703597567642e-32 -6.879038483602078237e-29 6.879038483602078237e-29 -2.579181262227473094e-32
0.000000000000000000e+00 1.757584767415509099e-30 -5.909291035301138524e-27 5.909291035301138524e-27 -1.339762648381311602e-29
0.000000000000000000e+00 -9.822736083442664577e-20 9.639684941760941413e-10 -9.639684941760941413e-10 2.654054039258883392e-20
0.000000000000000000e+00 -1.187483972204489856e-19 9.639690914745131462e-10 -9.639690914745131462e-10 -3.953719677040297266e-20
0.000000000000000000e+00 5.930424006427624214e-31 -9.217862866578248162e-30 9.217862866578248162e-30 1.399072930763964026e-31
0.000000000000000000e+00 2.509740190818682798e-30 -4.087518787044848058e-27 4.087518787044848058e-27 2.526498184230354350e-29
0.000000000000000000e+00 -1.435712356826829683e-19 1.970806854813450724e-08 -1.970806854813450724e-08 7.041041443441927816e-20
0.000000000000000000e+00 -2.200325451075604729e-19 1.970807009866868030e-08 -1.970807009866868030e-08 -1.782263615371240957e-19
0.000000000000000000e+00 8.332772287319892241e-31 7.177851010720110293e-28 -7.177851010720110293e-28 -6.910857681167765716e-31
0.000000000000000000e+00 -1.323495526053309257e-30 5.980486872117483725e-28 -5.980486872117483725e-28 9.338950371046566313e-32
0.000000000000000000e+00 7.077233504562519266e-22 1.395716492635470242e-11 -1.395716492635470242e-11 -1.196225077722397314e-20
0.000000000000000000e+00 2.945682676959984815e-20 1.395719074459448118e-11 -1.395719074459448118e-11 -1.373155915336460338e-20
0.000000000000000000e+00 2.608912535715901183e-19 9.457588235993667985e-09 -9.457588235993667985e-09 -4.023915944917748880e-19
0.000000000000000000e+00 -3.006882244553926235e-19 9.457588058866214401e-09 -9.457588058866214401e-09 1.680316548427195163e-19
0.000000000000000000e+00 1.425282234029697245e-18 1.184549657611967523e-08 -1.184549657611967523e-08 -2.390224864521854194e-19
0.000000000000000000e+00 6.075154863993043930e-19 1.184549503358363725e-08 -1.184549503358363725e-08 -5.869053298707309416e-19
0.000000000000000000e+00 3.394379616477050446e-31 -2.203084983946236283e-29 2.203084983946236283e-29 -1.954575235328391618e-30
0.000000000000000000e+00 -2.835581988869101199e-30 -1.813137758459069909e-27 1.813137758459069909e-27 7.918232050242230025e-31
0.000000000000000000e+00 -1.020952518404389532e-30 8.750407970409062697e-29 -8.750407970409062697e-29 -4.684524453410911471e-31
0.000000000000000000e+00 7.860685235564143208e-32 3.386244240185107757e-28 -3.386244240185107757e-28 1.905609324325321640e-30
0.000000000000000000e+00 -2.785145308857526293e-18 3.722061041497410102e-08 -3.722061041497410102e-08 -1.174566072745027864e-18
0.000000000000000000e+00 -1.170116958833115339e-18 3.722061230442384139e-08 -3.722061230442384139e-08 -1.067787338859117520e-19
0.000000000000000000e+00 -2.230534416504354427e-31 -1.503996911756988877e-28 1.503996911756988877e-28 8.344456985252771135e-31
0.000000000000000000e+00 2.667956874510416782e-30 5.406319953787503093e-28 -5.406319953787503093e-28 5.838651642889227864e-31
0.000000000000000000e+00 -4.442034099450755645e-20 1.939581655459512548e-09 -1.939581655459512548e-09 1.631539568603297356e-19
0.000000000000000000e+00 8.381196414058029451e-20 1.939581580987553607e-09 -1.939581580987553607e-09 6.146210703642559425e-20
0.000000000000000000e+00 8.196815041002929772e-33 -1.358078754649086995e-28 1.358078754649086995e-28 -1.321133032151794737e-30
0.000000000000000000e+00 3.589652849664143371e-31 2.282328031716157628e-28 -2.282328031716157628e-28 3.111337765327278148e-31
0.000000000000000000e+00 3.949784917422922208e-30 -3.333418985519549756e-27 3.333418985519549756e-27 -1.094099146912430738e-29
0.000000000000000000e+00 1.952270140573182070e-31 -6.743969690093337464e-29 6.743969690093337464e-29 -5.526354818390420252e-31
0.000000000000000000e+00 -4.089993246133287042e-30 -4.574774475782648005e-27 4.574774475782648005e-27 7.439542819804869046e-31
0.000000000000000000e+00 -1.312003506857649624e-31 -1.186297296780212205e-28 1.186297296780212205e-28 1.317252869875055696e-30
0.000000000000000000e+00 -4.580695647796694873e-18 8.795451279605129055e-08 -8.795451279605129055e-08 1.136873924732304975e-17
0.000000000000000000e+00 3.032860193839929053e-18 8.795451595690182579e-08 -8.795451595690182579e-08 2.871346929079225102e-19
0.000000000000000000e+00 1.793215653337143698e-31 -3.557668806478306326e-29 3.557668806478306326e-29 2.804425588916270197e-31
0.000000000000000000e+00 -3.988032138624109476e-31 5.398983430517123765e-28 -5.398983430517123765e-28 -7.103578199823710525e-32
0.000000000000000000e+00 -6.750334477673034776e-19 4.486946076261679408e-08 -4.486946076261679408e-08 1.638081166581991321e-17
0.000000000000000000e+00 -3.780187307496910337e-18 4.486946318377288530e-08 -4.486946318377288530e-08 -1.892906293114153531e-19
0.000000000000000000e+00 -1.186456905903652219e-19 7.457249710860082776e-09 -7.457249710860082776e-09 4.248645682093082072e-19
0.000000000000000000e+00 1.751436384905393044e-19 7.457250048356231324e-09 -7.457250048356231324e-09 1.224875510475772519e-18
0.000000000000000000e+00 2.856742719238289544e-30 6.572573386419079271e-28 -6.572573386419079271e-28 -1.029295924391128440e-29
0.000000000000000000e+00 8.205553635497907907e-31 6.904386296984312006e-29 -6.904386296984312006e-29 8.912379995508854029e-31
0.000000000000000000e+00 7.270643148591042417e-20 2.300352228693504649e-09 -2.300352228693504649e-09 1.878485233721578068e-19
0.000000000000000000e+00 6.294622959383299571e-20 2.300352460930861520e-09 -2.300352460930861520e-09 -4.005926341791801961e-19
0.000000000000000000e+00 -5.185782212392611508e-19 3.450750349953446201e-08 -3.450750349953446201e-08 9.058134868808061602e-20
0.000000000000000000e+00 1.698400287901511987e-19 3.450750363515289396e-08 -3.450750363515289396e-08 -5.287686229666710885e-19
0.000000000000000000e+00 -2.722158906029683272e-19 3.486640364650298787e-09 -3.486640364650298787e-09 1.138885004549040876e-20
0.000000000000000000e+00 -5.591768086135980119e-19 3.486640356714641906e-09 -3.486640356714641906e-09 1.729705138206364200e-20
0.000000000000000000e+00 -4.649807757883341364e-20 1.770516029306615269e-11 -1.770516029306615269e-11 -1.641375034166498639e-19
0.000000000000000000e+00 -1.030133116719762501e-19 1.770517501837947442e-11 -1.770517501837947442e-11 -2.490080395932945403e-20
0.000000000000000000e+00 -1.259504079920164376e-31 -2.057543413760946896e-29 2.057543413760946896e-29 -6.754616141184549551e-31
0.000000000000000000e+00 -6.595466935978156023e-31 -8.861341777313294694e-29 8.861341777313294694e-29 2.358560018403462410e-30
0.000000000000000000e+00 -2.413014891479238166e-32 -9.634014243974297665e-29 9.634014243974297665e-29 4.054959360091267447e-30
0.000000000000000000e+00 3.935509787790963181e-30 -7.330614156761987075e-27 7.330614156761987075e-27 -1.189700970982476981e-29
0.000000000000000000e+00 -2.017629041118620465e-17 2.818249899914988208e-07 -2.818249899914988208e-07 8.224031417603078576e-19
0.000000000000000000e+00 3.801330077469868663e-18 2.818249884015197230e-07 -2.818249884015197230e-07 4.386150089388312811e-19
0.000000000000000000e+00 5.583188007991217362e-19 1.081031584603533039e-07 -1.081031584603533039e-07 1.610887031813860730e-18
0.000000000000000000e+00 -3.331607270342302217e-18 1.081031603565870767e-07 -1.081031603565870767e-07 8.420545848117913876e-19
0.000000000000000000e+00 -1.058271640455926327e-29 -5.682223554035032686e-27 5.682223554035032686e-27 -5.942185275982002141e-29
0.000000000000000000e+00 1.011153895414719869e-29 7.548272701815519655e-27 -7.548272701815519655e-27 -2.083093634849870379e-29
0.000000000000000000e+00 2.636892270063835622e-18 7.137812973446139215e-08 -7.137812973446139215e-08 4.037347016365684704e-18
0.000000000000000000e+00 -2.459111364513644166e-18 7.137813147457635195e-08 -7.137813147457635195e-08 5.028332193109992059e-18
0.000000000000000000e+00 -1.402284809050170237e-30 -1.089560941655813853e-26 1.089560941655813853e-26 -1.004299634370412665e-29
0.000000000000000000e+00 1.662002454180854577e-30 -2.272106993586487928e-28 2.272106993586487928e-28 -2.748535616546964171e-31
0.000000000000000000e+00 -4.307536151844183060e-22 -1.129127334367078122e-11 1.129127334367078122e-11 -2.230496063626817787e-20
0.000000000000000000e+00 -1.599172796372154567e-20 -1.129129277913032568e-11 1.129129277913032568e-11 -8.951598565551207939e-22
0.000000000000000000e+00 -5.324609378165095955e-30 -1.016319510319600996e-27 1.016319510319600996e-27 9.679000183487222050e-30
0.000000000000000000e+00 -1.458839350243014447e-31 -2.758597310566168392e-28 2.758597310566168392e-28 6.301560819965063656e-31
0.000000000000000000e+00 1.991354134380745530e-18 3.411008809351579041e-07 -3.411008809351579041e-07 2.950154273156662701e-19
0.000000000000000000e+00 1.622584850236167447e-18 3.411008792501781849e-07 -3.411008792501781849e-07 4.425231409735005367e-19
0.000000000000000000e+00 -7.569315616308863571e-20 2.212203195556843241e-09 -2.212203195556843241e-09 2.312606142582748365e-19
0.000000000000000000e+00 -8.362291538017424195e-20 2.212203435526354432e-09 -2.212203435526354432e-09 7.612568848402075099e-19
0.000000000000000000e+00 3.622278899045938986e-30 2.736936424215996650e-28 -2.736936424215996650e-28 9.577526245337891015e-30
0.000000000000000000e+00 -1.322086528686618714e-29 4.537026253375300184e-27 -4.537026253375300184e-27 -6.237935473771333179e-30
0.000000000000000000e+00 -5.914461824000353874e-18 7.163031678155631079e-07 -7.163031678155631079e-07 -1.182892364800071584e-18
0.000000000000000000e+00 2.395357038720148322e-17 7.163031700707488370e-07 -7.163031700707488370e-07 3.873972494720242915e-17
0.000000000000000000e+00 -1.776559944037908985e-18 3.544295103055009222e-08 -3.544295103055009222e-08 -1.498972452781986742e-18
0.000000000000000000e+00 2.313229093799362288e-21 3.544294998122313815e-08 -3.544294998122313815e-08 -2.479781588552917884e-18
0.000000000000000000e+00 -1.851423374559638406e-18 9.059143041395818836e-08 -9.059143041395818836e-08 2.869706230567441840e-19
0.000000000000000000e+00 -5.480213188696537076e-18 9.059142772746894699e-08 -9.059142772746894699e-08 5.665355526152504769e-18
0.000000000000000000e+00 -1.433276284944149165e-29 -1.120993462022579266e-28 1.120993462022579266e-28 1.969673747170832598e-30
0.000000000000000000e+00 -3.532011144255973919e-30 -4.727239956849576914e-29 4.727239956849576914e-29 -2.132975087582548118e-30
0.000000000000000000e+00 7.672196592179592753e-30 -4.381983576706604641e-28 4.381983576706604641e-28 2.266312599792312032e-29
0.000000000000000000e+00 -4.262592769969641692e-31 -8.918542887730437839e-29 8.918542887730437839e-29 3.756427415145438504e-30
0.000000000000000000e+00 3.261886181816408223e-20 2.240981398979531506e-10 -2.240981398979531506e-10 4.636700692478780985e-20
0.000000000000000000e+00 -2.751448762569829710e-20 2.240982545647263829e-10 -2.240982545647263829e-10 -3.530298015466582203e-21
0.000000000000000000e+00 5.282617177155742919e-31 -1.439672250359486691e-28 1.439672250359486691e-28 -2.994188404912424959e-32
0.000000000000000000e+00 2.011954241325312315e-30 3.454320421267753352e-28 -3.454320421267753352e-28 -1.691362530743388940e-30
0.000000000000000000e+00 -5.535892426588068124e-19 1.254287538204646191e-08 -1.254287538204646191e-08 5.629721111784480690e-20
0.000000000000000000e+00 -2.814860555892241669e-19 1.254287539675881539e-08 -1.254287539675881539e-08 -3.190175296677876524e-19
0.000000000000000000e+00 -8.990108210978024760e-32 -3.376364125783267158e-27 3.376364125783267158e-27 -2.157020620182993072e-30
0.000000000000000000e+00 1.555236292807972936e-31 -5.357413677979949283e-28 5.357413677979949283e-28 -6.454684480418918388e-31
0.000000000000000000e+00 -8.598400323523653940e-32 -1.348266592296610865e-28 1.348266592296610865e-28 1.636573486624536061e-31
0.000000000000000000e+00 -1.389200722877490050e-30 -4.156750498000324446e-27 4.156750498000324446e-27 -1.659199726955041072e-30
0.000000000000000000e+00 -2.757765856428440003e-19 1.103156156654901124e-08 -1.103156156654901124e-08 9.569683228290149317e-19
0.000000000000000000e+00 8.296868217630866946e-19 1.103156208130133591e-08 -1.103156208130133591e-08 8.367580162667500779e-20
0.000000000000000000e+00 -1.132605367625192348e-30 9.800254707000994185e-28 -9.800254707000994185e-28 -2.675578418402230268e-30
0.000000000000000000e+00 2.906309485865075654e-31 5.618238172517830891e-28 -5.618238172517830891e-28 -1.490333868637575509e-30
0.000000000000000000e+00 1.271755744263416238e-29 -2.721430283742165830e-27 2.721430283742165830e-27 -5.626380378194994606e-30
0.000000000000000000e+00 -1.280791043252405314e-30 -5.362597761032422901e-29 5.362597761032422901e-29 1.309640680880105582e-30
0.000000000000000000e+00 -1.715655011252157199e-30 -4.822291674616154253e-27 4.822291674616154253e-27 -1.542639197869880924e-30
0.000000000000000000e+00 8.371640959049265558e-32 3.065187681640616357e-30 -3.065187681640616357e-30 -1.924426734278487228e-31
0.000000000000000000e+00 2.802929349810043073e-17 -1.927155171179703611e-06 1.927155171179703611e-06 1.280184078038254026e-18
0.000000000000000000e+00 5.558694023060807795e-19 -1.927155187497073361e-06 1.927155187497073361e-06 -1.724879599883129243e-17
0.000000000000000000e+00 -2.304087569334386854e-30 3.546976606924040495e-29 -3.546976606924040495e-29 -1.622239302807748478e-30
0.000000000000000000e+00 4.028248828612746452e-30 1.803940171088288025e-28 -1.803940171088288025e-28 7.016257151606200626e-30
0.000000000000000000e+00 6.726445326626486818e-29 -2.848082023464260639e-27 2.848082023464260639e-27 7.504979529402242497e-29
0.000000000000000000e+00 6.762648559230849348e-29 -1.381497417039095585e-29 1.381497417039095585e-29 8.124972685524358689e-31
0.000000000000000000e+00 -9.063326824209507015e-17 -1.100720063642645832e-04 1.100720063642645832e-04 5.904110045485141172e-15
0.000000000000000000e+00 -1.419058028476242772e-14 -1.100720063658709778e-04 1.100720063658709778e-04 -1.598220578376267615e-17
0.000000000000000000e+00 -1.233696859910423671e-29 3.184376721134121449e-27 -3.184376721134121449e-27 -2.633329339675207499e-28
0.000000000000000000e+00 6.733182819176645407e-28 4.785498103860970716e-27 -4.785498103860970716e-27 -2.787008095808407120e-28
0.000000000000000000e+00 -6.830141780030257020e-17 -1.582081969958815462e-02 1.582081969958815462e-02 -2.397965205514667525e-13
0.000000000000000000e+00 -8.792539086887140089e-14 -1.582081969936968702e-02 1.582081969936968702e-02 -1.545563511366909158e-15
0.000000000000000000e+00 2.744271030974290976e-16 -2.238435435565784819e-05 2.238435435565784819e-05 1.434805166434912061e-17
0.000000000000000000e+00 -2.440817984280052253e-17 -2.238435436314157063e-05 2.238435436314157063e-05 2.110977716134152589e-17
0.000000000000000000e+00 1.357039140259295507e-32 1.654181108708993251e-27 -1.654181108708993251e-27 -5.143421568759989223e-29
0.000000000000000000e+00 2.860340959014450056e-29 1.858431695986546697e-27 -1.858431695986546697e-27 -1.534925342731464792e-31
0.000000000000000000e+00 5.982354397566753675e-15 -8.861430540429244759e-05 8.861430540429244759e-05 -2.980595203976765100e-16
0.000000000000000000e+00 -4.109341316725342134e-16 -8.861430539260740447e-05 8.861430539260740447e-05 3.216926421333923802e-15
0.000000000000000000e+00 -1.534020335128278217e-41 3.413629896362572954e-29 -3.413629896362572954e-29 -1.369661013507390952e-43
0.000000000000000000e+00 1.095728810805913081e-42 8.664273532513606957e-30 -8.664273532513606957e-30 1.369661013507390952e-43
