-4.821696154851874416e-01 1.157991235923903596e-30 2.745636421146118230e-28 2.745636421146118230e-28 2.811289015886551317e-28
-4.821696154851874416e-01 5.425852229035709071e-27 2.407478355914221781e-27 2.407478355914221781e-27 6.945800815800331371e-29
-4.818314683098179341e-01 -1.248170511856688597e-03 2.062233270195586804e-06 2.062233270195586804e-06 7.011111578948326555e-04
-4.818314683098177120e-01 -1.785644590510126984e-03 2.062233272176201403e-06 2.062233272176201403e-06 1.636370792474795964e-04
-4.810619140771724700e-01 -1.791485899910325886e-29 -1.000009098119792998e-28 -1.000009098119792998e-28 2.091528960678341558e-28
-4.810619140771720814e-01 -6.681223394636827250e-27 4.998174101583772786e-27 4.998174101583772786e-27 -2.043095093925344730e-27
-4.807354170793166626e-01 -8.895742495005933472e-08 1.544303452653680601e-10 1.544303452653680601e-10 5.701453621601642595e-08
-4.807354170793159964e-01 -3.164689657345353303e-08 1.544302935884027905e-10 1.544302935884027905e-10 1.143250645851576307e-07
-4.806671363457308832e-01 -2.205628792178640286e-28 3.056966232684980654e-28 3.056966232684980654e-28 1.005492140595270080e-28
-4.806671363457308277e-01 -8.956881642534151487e-28 1.891076638655469157e-27 1.891076638655469157e-27 -1.896633831036844718e-27
-4.800366462172747095e-01 -3.466365700549325062e-06 6.353167658112762009e-09 6.353167658112762009e-09 2.538829395494216784e-06
-4.800366462172740434e-01 -4.797285155067531653e-07 6.353167663012074195e-09 6.353167663012074195e-09 5.525466580301321992e-06
-4.788643965677096270e-01 -1.724506805234043335e-07 7.181394822853188006e-10 7.181394822853188006e-10 5.063554286429063989e-07
-4.788643965677087944e-01 -5.566391415484812504e-07 7.181397007538507112e-10 7.181397007538507112e-10 1.221669668898012228e-07
-4.781231496367878142e-01 -2.490856518794489646e-05 2.841018516823634762e-08 2.841018516823634762e-08 1.945551925646774502e-06
-4.781231496367874256e-01 -5.277646013139559084e-07 2.841018551045571070e-08 2.841018551045571070e-08 2.632635251230439289e-05
-4.777202524897080083e-01 -6.844119194808145163e-04 6.963394469526107679e-06 6.963394469526107679e-06 5.897587015909966195e-03
-4.777202524897077862e-01 -6.312142128301754390e-03 6.963394466610373788e-06 6.963394466610373788e-06 2.698568070952167899e-04
-4.774853691221025986e-01 -7.304602292233108585e-28 -3.381555927664693646e-27 -3.381555927664693646e-27 9.163355889331820494e-27
-4.774853691221020435e-01 2.563694714968369473e-27 -1.163065508294835311e-26 -1.163065508294835311e-26 1.793847082611872710e-26
-4.774496879858626808e-01 5.998500300548322104e-05 -8.637438511038169081e-08 -8.637438511038169081e-08 -2.165852834246998886e-05
-4.774496879858624587e-01 7.196040879991862159e-05 -8.637438548277672175e-08 -8.637438548277672175e-08 -9.683122550758024548e-06
-4.766521632227499472e-01 -9.252497889421311638e-28 2.886477752885757899e-27 2.886477752885757899e-27 -1.945801008303874391e-27
-4.766521632227498362e-01 9.101733577736203931e-28 1.104724614643504459e-28 1.104724614643504459e-28 -8.825824243227516088e-28
-4.751292765053156675e-01 -4.002690023544647292e-28 6.972751874362070656e-29 6.972751874362070656e-29 -2.519147764401894120e-29
-4.751292765053152789e-01 -6.731470264279060353e-28 6.473094164928798647e-28 6.473094164928798647e-28 -5.921149385713612830e-28
-4.749615734865405003e-01 -1.687824116474088485e-27 1.809922716387178064e-27 1.809922716387178064e-27 5.890911546376459613e-28
-4.749615734865402783e-01 -7.222558084754133674e-28 2.776567956752345868e-28 2.776567956752345868e-28 -2.673418762085857546e-28
-4.748883976721367528e-01 -2.112798838460821729e-05 2.823767952597627691e-08 2.823767952597627691e-08 5.563071113827733168e-06
-4.748883976721365308e-01 -7.304384433987908573e-06 2.823767983644679372e-08 2.823767983644679372e-08 1.938667506471905685e-05
-4.747456256692949017e-01 6.656274971152861583e-28 8.679894508239586367e-28 8.679894508239586367e-28 -1.440604165869770954e-27
-4.747456256692945131e-01 -1.172653923713454174e-26 4.713252536758324659e-27 4.713252536758324659e-27 -4.590528156647564577e-27
-4.745237248605201352e-01 5.203933679314843143e-05 -4.778878121751936811e-07 -4.778878121751936811e-07 -3.996738510780310414e-04
-4.745237248605196356e-01 4.505107583998712185e-04 -4.778878214355301371e-07 -4.778878214355301371e-07 -1.202429470909906387e-06
-4.737601156957383930e-01 -2.358130352079871065e-04 1.568159279167535771e-06 1.568159279167535771e-06 1.246455814337614747e-03
-4.737601156957382265e-01 -1.247811855452880987e-03 1.568159279344002380e-06 1.568159279344002380e-06 2.344569940926680661e-04
-4.734584828578437543e-01 -4.060054658745471445e-28 3.038205418342061894e-28 3.038205418342061894e-28 -3.678986837401286847e-28
-4.734584828578436433e-01 -9.885606628884231259e-28 1.403195676713868434e-28 1.403195676713868434e-28 6.858668078599757651e-28
-4.731391466070842822e-01 -2.188448171981782380e-26 1.614634451312232315e-26 1.614634451312232315e-26 -6.074220078661241079e-27
-4.731391466070840601e-01 -2.517582519101469555e-27 5.193680527812958196e-28 5.193680527812958196e-28 1.955712552048672112e-27
-4.728473917471712751e-01 -3.323638635064648725e-03 3.517593200789714971e-06 3.517593200789714971e-06 1.290726118627139665e-06
-4.728473917471710530e-01 -9.895213318521594009e-04 3.517593199260315670e-06 3.517593199260315670e-06 2.335408029328446110e-03
-4.723737390948118953e-01 -6.663036614337188688e-29 -2.981071934399393887e-28 -2.981071934399393887e-28 3.547204861259773540e-28
-4.723737390948116732e-01 -5.844755972512020323e-28 1.021319708788210878e-27 1.021319708788210878e-27 -7.568267482683908567e-28
-4.713700604791942195e-01 -2.755802070660204588e-03 4.704179028409266357e-06 4.704179028409266357e-06 1.690722037231029646e-03
-4.713700604791936644e-01 -1.817723797820826803e-03 4.704179029377204787e-06 4.704179029377204787e-06 2.628800310068878272e-03
-4.708746467165298433e-01 -1.492621461279148081e-27 1.189459039792668614e-27 1.189459039792668614e-27 -1.235783455143774819e-27
-4.708746467165296767e-01 -1.003742360049716894e-27 4.095538713458478052e-28 4.095538713458478052e-28 1.118921695305869583e-27
-4.705442773792847810e-01 2.647283514778333666e-05 -6.760107987370044917e-08 -6.760107987370044917e-08 -3.742563209642288033e-05
-4.705442773792845590e-01 6.140946354449783806e-05 -6.760107939845832043e-08 -6.760107939845832043e-08 -2.489003699411357936e-06
-4.700846231346175186e-01 -1.534705191410160890e-26 7.309232203510190891e-27 7.309232203510190891e-27 6.733584484670283987e-27
-4.700846231346172410e-01 -5.947563623048758584e-27 3.717427672392158007e-27 3.717427672392158007e-27 6.544772629186140804e-27
-4.696134471774276453e-01 -4.351976618511647216e-02 9.479056777466982801e-05 9.479056777466982801e-05 4.607898041753776680e-02
-4.696134471774273678e-01 -5.975944285698660957e-02 9.479056776671740837e-05 9.479056776671740837e-05 2.983930374568914690e-02
-4.691633457464501333e-01 -8.531587007896991592e-02 1.405169080134447692e-04 1.405169080134447692e-04 4.750471671668522050e-02
-4.691633457464498558e-01 -1.057260574426815702e-01 1.405169080295375550e-04 1.405169080295375550e-04 2.709452935289012945e-02
-4.688143078376552086e-01 -2.774079182692191423e-26 1.400887402353331562e-27 1.400887402353331562e-27 1.036850853924695066e-26
-4.688143078376549311e-01 -3.737200157422537011e-26 1.167014424300372527e-27 1.167014424300372527e-27 1.901820040560259267e-26
-4.681409349160555733e-01 -9.383398448098493199e-26 1.317463073481698439e-26 1.317463073481698439e-26 1.722870000613231513e-26
-4.681409349160554623e-01 -1.147428370503866114e-25 1.619497532388185315e-26 1.619497532388185315e-26 3.675439977535078893e-26
-4.680882454158577510e-01 -5.612431489342774825e-03 7.566434234646058688e-06 7.566434234646058688e-06 1.539577826321295983e-03
-4.680882454158575290e-01 -4.625042227260711333e-03 7.566434233861007377e-06 7.566434233861007377e-06 2.526967088382875426e-03
-4.674948729020765859e-01 -2.677947700470035414e-02 3.668080153184493920e-05 3.668080153184493920e-05 7.892262163394581434e-03
-4.674948729020763638e-01 -2.386023620284791896e-02 3.668080153190511242e-05 3.668080153190511242e-05 1.081150296523879055e-02
-4.665157636512464734e-01 -1.159789470476348019e-27 3.665605347748258012e-28 3.665605347748258012e-28 1.085429533216198938e-27
-4.665157636512459183e-01 -8.210971010641903159e-27 7.546008387150790373e-27 7.546008387150790373e-27 -5.003595440260611531e-27
-4.655683478940851883e-01 -2.566394984404017122e-04 2.139881087047673284e-06 2.139881087047673284e-06 1.766037102626397863e-03
-4.655683478940847442e-01 -8.401025089994920919e-04 2.139881088573778475e-06 2.139881088573778475e-06 1.182574092057580998e-03
-4.646625140232930606e-01 -1.332972073233725755e-04 3.672415715286091015e-07 3.672415715286091015e-07 2.138299945879173841e-04
-4.646625140232928941e-01 -6.347529413163040790e-06 3.672415713312184493e-07 3.672415713312184493e-07 3.407796724998516887e-04
-4.645026921765798567e-01 -4.221814712351025689e-27 -4.615261430553230766e-27 -4.615261430553230766e-27 3.920414738765715376e-26
-4.645026921765795236e-01 -1.468206127636579575e-25 7.289090809653845888e-27 7.289090809653845888e-27 6.478897108935969614e-26
-4.642190817778283352e-01 -1.139546417867794287e-01 4.192235223663213486e-04 4.192235223663213486e-04 2.823073812341422295e-01
-4.642190817778282796e-01 -2.060351027263704338e-01 4.192235224461027449e-04 4.192235224461027449e-04 1.902269202947566296e-01
-4.637967256777933978e-01 -3.986387589881380708e-07 1.273420326814805033e-07 1.273420326814805033e-07 1.199686820757826414e-04
-4.637967256777928982e-01 -1.076909675417219331e-04 1.273420347819034133e-07 1.273420347819034133e-07 1.267635330068200963e-05
-4.629350073510284380e-01 -5.916551064884276734e-01 1.584419304094541753e-03 1.584419304094541753e-03 9.059831825227031565e-01
-4.629350073510282160e-01 -1.312927778430988734e+00 1.584419303949326100e-03 1.584419303949326100e-03 1.847105105801157832e-01
-4.626108215534920909e-01 -8.374443205894488165e-26 -2.030461728190761261e-26 -2.030461728190761261e-26 8.991905326546273871e-26
-4.626108215534919799e-01 -4.793720682168813329e-26 2.698872945935826999e-27 2.698872945935826999e-27 4.491197007043140287e-27
-4.622711184440818633e-01 -1.636843818686050112e-01 2.362000525962936620e-04 2.362000525962936620e-04 5.957864057709097438e-02
-4.622711184440816967e-01 -1.506220241484778830e-02 2.362000525996137059e-04 2.362000525996137059e-04 2.082008200308467505e-01
-4.620773680384355209e-01 -4.450063250408470725e-26 6.747034177869764813e-27 6.747034177869764813e-27 3.195915548735541032e-26
-4.620773680384354098e-01 -7.938386474737727122e-27 2.040297289417822218e-27 2.040297289417822218e-27 -4.457308185863336329e-28
-4.612547768260694681e-01 -8.008094437636520012e-05 2.332944964332500016e-06 2.332944964332500016e-06 2.125085135244812826e-03
-4.612547768260694681e-01 -1.437584792313674953e-03 2.332944964574947950e-06 2.332944964574947950e-06 7.675812873119260225e-04
-4.608445587331879145e-01 1.460999321911449336e-28 -5.274667903239970786e-27 -5.274667903239970786e-27 7.519162932404521263e-27
-4.608445587331877480e-01 -7.059130360848924582e-28 3.697154762964067840e-28 3.697154762964067840e-28 -3.215670083803618419e-28
-4.601257540285343395e-01 -4.378819086122234849e-28 1.866757100121014328e-28 1.866757100121014328e-28 7.553016461726057145e-29
-4.601257540285342285e-01 2.352509972334349783e-28 -2.937220663230118161e-28 -2.937220663230118161e-28 1.162920862402902527e-27
-4.597351119965717992e-01 -6.195816313685027972e-05 6.850990191044824689e-08 6.850990191044824689e-08 2.799348743999375134e-06
-4.597351119965716881e-01 -9.110558889069951278e-06 6.850990179329686696e-08 6.850990179329686696e-08 5.564695299076411784e-05
-4.595767473134794168e-01 -4.309496834163878062e-03 7.374884653903676182e-06 7.374884653903676182e-06 2.661454352381205542e-03
-4.595767473134790282e-01 -5.889347852825888539e-03 7.374884650915155056e-06 7.374884650915155056e-06 1.081603333716130676e-03
-4.589043891173208434e-01 -1.196430903389311846e-27 -3.932209094264668655e-28 -3.932209094264668655e-28 6.492976953021361370e-27
-4.589043891173206768e-01 -4.356668358640105339e-28 2.014539603335888878e-28 2.014539603335888878e-28 6.117511808640412173e-28
-4.579094353339611678e-01 -3.268605897101303059e-06 7.360469001960677797e-09 7.360469001960677797e-09 3.688719246516508916e-06
-4.579094353339610568e-01 -2.564539030329516663e-06 7.360469055377665798e-09 7.360469055377665798e-09 4.392786113212689574e-06
-4.572060025123931282e-01 -1.363239401721828938e-27 4.855189735192917385e-28 4.855189735192917385e-28 -5.204422627672869791e-28
-4.572060025123930171e-01 -2.572821645921356233e-28 1.156799957090088495e-29 1.156799957090088495e-29 1.824906669572009162e-29
-4.561639326110169534e-01 -4.690964172780820516e-04 1.182037947247725776e-06 1.182037947247725776e-06 6.481995436944449534e-04
-4.561639326110167314e-01 -8.849059744337354821e-04 1.182037948379994104e-06 1.182037948379994104e-06 2.323899865408772568e-04
-4.556027713385975009e-01 1.307288375093059638e-28 3.758816902922286587e-28 3.758816902922286587e-28 9.214695745999805454e-28
-4.556027713385973898e-01 -5.503731159107986903e-28 -4.311974196904079918e-29 -4.311974196904079918e-29 1.041747516110830668e-28
-4.551772921651844328e-01 3.162523152552701617e-28 1.922004347137315111e-28 1.922004347137315111e-28 2.185872137203705638e-28
-4.551772921651842663e-01 -2.289054566539176628e-28 4.626014303639681887e-28 4.626014303639681887e-28 1.248620420957131152e-27
-4.542798632806989700e-01 2.895431593332684021e-29 -1.026459211497485986e-28 -1.026459211497485986e-28 8.308491830083444280e-28
-4.542798632806988590e-01 9.960274571886907033e-28 1.415922529867431013e-28 1.415922529867431013e-28 5.125018305388723212e-27
-4.537022115869964178e-01 -3.356529987967016271e-05 4.754780463582789613e-08 4.754780463582789613e-08 1.137824043503294196e-05
-4.537022115869963623e-01 -5.796495730727870525e-06 4.754780497010800617e-08 4.754780497010800617e-08 3.914704458298521526e-05
-4.532891106397535230e-01 4.803272837163308693e-28 -6.288035948335292155e-28 -6.288035948335292155e-28 -3.968643438475366860e-29
-4.532891106397534675e-01 2.174622998650991300e-28 -8.183567115395018017e-29 -8.183567115395018017e-29 2.196877908616552937e-28
-4.532166014783239327e-01 3.392270864531497912e-27 -1.227748888515835148e-27 -1.227748888515835148e-27 -4.314236609833625736e-29
-4.532166014783237107e-01 6.609667709499736035e-28 7.230185912513693393e-29 7.230185912513693393e-29 9.063488342862617884e-29
-4.525570988199267841e-01 1.423923024298690590e-27 -5.896809074141893823e-27 -5.896809074141893823e-27 6.124181230461660186e-27
-4.525570988199267286e-01 2.509180596356821830e-28 -3.426390017144837303e-28 -3.426390017144837303e-28 8.901265548944214815e-29
-4.520440364191638527e-01 -9.175370406142791898e-28 -8.828423281692075513e-28 -8.828423281692075513e-28 7.071088417276972147e-28
-4.520440364191637972e-01 1.375330666663239086e-29 9.066441123329278646e-29 9.066441123329278646e-29 4.028219001196064595e-28
-4.518773290966155987e-01 -4.944618506797358870e-03 5.866880515179861774e-06 5.866880515179861774e-06 6.009241875051851743e-04
-4.518773290966155987e-01 -9.410464025702493414e-04 5.866880515558390633e-06 5.866880515558390633e-06 4.604496291730732042e-03
-4.512872018732045909e-01 1.126195854236244586e-28 8.293277653039033882e-29 8.293277653039033882e-29 2.015839465601828537e-28
-4.512872018732045354e-01 -2.511463226143682676e-28 -1.064496935280302524e-28 -1.064496935280302524e-28 8.966584488285535711e-29
-4.505799396139592017e-01 -3.359050153677152594e-29 8.109843494943219044e-29 8.109843494943219044e-29 1.725653160901290187e-28
-4.505799396139590907e-01 4.879760857409338172e-29 3.137168144637108013e-28 3.137168144637108013e-28 5.859820199940837143e-28
-4.501544494603187396e-01 -5.227328633868533941e-29 -5.247342534298881801e-29 -5.247342534298881801e-29 4.017418859040206078e-28
-4.501544494603186841e-01 2.839501027825884473e-29 5.061385947109078372e-29 5.061385947109078372e-29 2.161995549193399879e-28
-4.498258181706917824e-01 1.846177864715713771e-09 -1.037103342507432933e-10 -1.037103342507432933e-10 -9.618378739863604992e-08
-4.498258181706917824e-01 9.773789697531979755e-08 -1.037103358226300748e-10 -1.037103358226300748e-10 -2.920682796844318322e-10
-4.496233433992323780e-01 -7.478929741280925360e-04 7.967321481801321155e-07 7.967321481801321155e-07 5.200962517544304356e-06
-4.496233433992323225e-01 -4.484707531791665711e-05 7.967321480925632025e-07 7.967321480925632025e-07 7.082468613279661396e-04
-4.485029131556308446e-01 -9.153018978720068030e-29 2.066955541849125591e-28 2.066955541849125591e-28 5.918685406250973145e-28
-4.485029131556307336e-01 -2.124232296477739577e-28 -5.742548150716642526e-29 -5.742548150716642526e-29 2.362550850176431214e-28
-4.479710479871804596e-01 1.161150102166514651e-06 -4.553857262254524212e-09 -4.553857262254524212e-09 -3.143285650777693428e-06
-4.479710479871804041e-01 3.416716196236588296e-06 -4.553857463408011923e-09 -4.553857463408011923e-09 -8.877195568179773762e-07
-4.479247404592481274e-01 -1.058647680506112747e-28 7.265164877369864086e-28 7.265164877369864086e-28 4.483416005097839857e-28
-4.479247404592480164e-01 5.077598843111476214e-29 -4.233586122488631164e-28 -4.233586122488631164e-28 -4.875441820022291515e-28
-4.477652112620649216e-01 -7.240674885578755838e-05 3.089138644382904411e-07 3.089138644382904411e-07 2.195874410815176747e-04
-4.477652112620648661e-01 -7.754849888895081801e-05 3.089138641232807938e-07 3.089138641232807938e-07 2.144456910486455641e-04
-4.472293183381932380e-01 -7.418668281488173709e-26 -1.735589055322791025e-27 -1.735589055322791025e-27 3.811205016973256107e-26
-4.472293183381932380e-01 -1.347616915791678868e-25 2.533611763063208421e-27 2.533611763063208421e-27 8.185492479619247828e-26
-4.471901139287067228e-01 -6.213241745129108318e-02 6.592432964668191423e-05 6.592432964668191423e-05 1.811380625578013729e-04
-4.471901139287064453e-01 -1.714455676500370842e-03 6.592432964673972931e-05 6.592432964673972931e-05 6.059909983736080918e-02
-4.470500471510082119e-01 -1.238278941926378067e-26 5.186450777622710597e-28 5.186450777622710597e-28 1.619923284832915421e-26
-4.470500471510081564e-01 -3.184591829930330110e-28 5.836733444401169206e-28 5.836733444401169206e-28 2.955915156579786102e-27
-4.449523006730630170e-01 -1.952635154814704109e-24 9.622422581932351582e-26 9.622422581932351582e-26 1.251348883442112108e-23
-4.449523006730629615e-01 -5.594872221524136107e-25 3.701863582362139570e-26 3.701863582362139570e-26 1.981484133168085389e-24
-4.449171377555701246e-01 -3.585463203136444177e-01 7.604401138642517171e-04 7.604401138642517171e-04 3.602433511661885523e-01
-4.449171377555700690e-01 -3.264967397202584443e-01 7.604401138903285140e-04 7.604401138903285140e-04 3.922929317591924425e-01
-4.447120491651086471e-01 -1.680729536162632318e-25 -2.327248304847979771e-26 -2.327248304847979771e-26 1.697744091404621365e-25
-4.447120491651085361e-01 -1.774395020677873137e-25 -1.470305149287501315e-26 -1.470305149287501315e-26 1.688548137682494160e-25
-4.445603051807032746e-01 -5.014823977020035212e-02 8.623619625306943822e-05 8.623619625306943822e-05 3.136467102978317267e-02
-4.445603051807030526e-01 -6.417289673405163208e-02 8.623619624064757130e-05 8.623619624064757130e-05 1.734001406597838330e-02
-4.434818137859763976e-01 -3.787100866325377298e-05 1.987253771145690228e-06 1.987253771145690228e-06 1.840537899870235781e-03
-4.434818137859762865e-01 -6.724844666532034864e-04 1.987253771035637778e-06 1.987253771035637778e-06 1.205924441882738228e-03
-4.434561678870758139e-01 -1.430901261306830177e-26 3.025087497904796184e-28 3.025087497904796184e-28 2.366849152532595340e-28
-4.434561678870755919e-01 -1.488108905340130032e-26 6.877428650241810148e-27 6.877428650241810148e-27 9.520588093921660870e-26
-4.425227571002252613e-01 -2.559899080671507626e-28 9.957960737814105515e-29 9.957960737814105515e-29 4.055639553250605406e-28
-4.425227571002249838e-01 -8.594676645468118750e-27 3.185267484808231715e-27 3.185267484808231715e-27 7.877556443837876733e-28
-4.423490174606254377e-01 -1.947828780021505269e-28 5.750535922960676866e-28 5.750535922960676866e-28 3.435510794386676373e-27
-4.423490174606254377e-01 -3.889260223932095281e-28 6.187604600309740457e-28 6.187604600309740457e-28 4.453200780060155038e-27
-4.415231184640661666e-01 -1.315059169821103510e-03 1.656142078473420769e-06 1.656142078473420769e-06 2.503735314756401053e-04
-4.415231184640660000e-01 -9.456887136402596008e-04 1.656142080382109989e-06 1.656142080382109989e-06 6.197439876633547120e-04
-4.414849544840634410e-01 -3.055798158631987080e-07 1.007546329782843054e-09 1.007546329782843054e-09 6.467817060382290518e-07
-4.414849544840632189e-01 -4.901415482486212404e-07 1.007546387923069989e-09 1.007546387923069989e-09 4.622199732536658011e-07
-4.411672460160727116e-01 -1.553443223567800664e-27 -1.209192225910293082e-28 -1.209192225910293082e-28 4.674695998920752573e-27
-4.411672460160726006e-01 -9.912665114484127675e-27 4.082892247686815209e-27 4.082892247686815209e-27 7.061440695700309672e-27
-4.409291305047757792e-01 -1.308744237740551604e-02 1.766982130134742653e-05 1.766982130134742653e-05 3.614576372485663394e-03
-4.409291305047755016e-01 -9.649873692643895148e-03 1.766982128972970558e-05 1.766982128972970558e-05 7.052145057237081509e-03
-4.403589137610965376e-01 -1.634879782542358060e-03 1.877007668702199692e-06 1.877007668702199692e-06 1.393213696046684616e-04
-4.403589137610964266e-01 -1.747225126865616532e-05 1.877007669450812705e-06 1.877007669450812705e-06 1.756728900884582580e-03
-4.396512267735011026e-01 -1.674465351497873920e-27 2.182774169612606392e-28 2.182774169612606392e-28 -1.629274625531369348e-27
-4.396512267735008805e-01 -5.888727535770554428e-28 -5.646153434129901955e-28 -5.646153434129901955e-28 1.060528144362502985e-27
-4.394904238343408376e-01 -2.522013091697506391e-03 3.066727884389908893e-06 3.066727884389908893e-06 3.767455179889767970e-04
-4.394904238343405600e-01 -1.096954972443887839e-04 3.066727880784328499e-06 3.066727880784328499e-06 2.789063112449516758e-03
-4.392971601282675276e-01 -1.923510884185690906e-27 -1.813179125499513283e-28 -1.813179125499513283e-28 5.615883550720373655e-28
-4.392971601282674721e-01 -4.918867530091727613e-27 6.114584005882033406e-28 6.114584005882033406e-28 1.161874321266140113e-26
-4.387598380458930247e-01 -1.878501568211587676e-03 2.517169193818418233e-06 2.517169193818418233e-06 5.007985043319519583e-04
-4.387598380458929692e-01 -2.252430230815471047e-03 2.517169194179275021e-06 2.517169194179275021e-06 1.268698417261980680e-04
-4.386435448050261532e-01 -7.807905474731945891e-27 -7.024651912836145312e-29 -7.024651912836145312e-29 1.667873203500775359e-28
-4.386435448050261532e-01 -1.514808187772129951e-26 7.504102317233931460e-28 7.504102317233931460e-28 6.040123601700826475e-28
-4.383134117808222818e-01 -1.394751433354229951e-03 3.159528664120759999e-06 3.159528664120759999e-06 1.591725119783164721e-03
-4.383134117808220043e-01 -1.670174098967552271e-04 3.159528663186603360e-06 3.159528663186603360e-06 2.819459143238235363e-03
-4.371367355120598930e-01 -1.386433674512496921e-03 3.966322423222503020e-06 3.966322423222503020e-06 2.362647336422693360e-03
-4.371367355120595599e-01 -2.012696600157941589e-03 3.966322422975169399e-06 3.966322422975169399e-06 1.736384410780143946e-03
-4.369271104398895211e-01 -4.163765870672512213e-03 1.051968685676154447e-05 1.051968685676154447e-05 5.779742001355667354e-03
-4.369271104398893546e-01 -4.131908238331745940e-03 1.051968685431252658e-05 1.051968685431252658e-05 5.811599633685897784e-03
-4.358010988842138667e-01 -4.012380154253695457e-28 -3.937107500615585467e-28 -3.937107500615585467e-28 1.069475617155092859e-27
-4.358010988842135891e-01 -1.462549294131252499e-29 -3.238305504582015096e-28 -3.238305504582015096e-28 8.277832478607406154e-28
-4.355212735115497336e-01 -3.455726578128217646e-28 -6.398752353878540060e-30 -6.398752353878540060e-30 6.158234693323669182e-28
-4.355212735115496225e-01 4.587458698462630551e-29 -1.204952108100001239e-28 -1.204952108100001239e-28 6.945122397789615216e-29
-4.346680698756412720e-01 -3.972585670023894705e-03 9.307956932489302681e-06 9.307956932489302681e-06 4.825560540063343444e-03
-4.346680698756411609e-01 -8.754872258769107185e-03 9.307956934165121792e-06 9.307956934165121792e-06 4.327395131395032110e-05
-4.328077607377107117e-01 -1.181774837521649925e-03 2.903511842877267996e-06 2.903511842877267996e-06 1.562707320069632241e-03
-4.328077607377106006e-01 -5.250524245119635863e-04 2.903511843441502476e-06 2.903511843441502476e-06 2.219429733089916222e-03
-4.326210240452706968e-01 -1.924809145506282569e-03 3.119487573491684494e-06 3.119487573491684494e-06 1.023819426584120489e-03
-4.326210240452706413e-01 -2.403515973524938780e-03 3.119487573278240662e-06 3.119487573278240662e-06 5.451125985688306174e-04
-4.326161461112396633e-01 -3.268036740371466651e-24 1.363711905089494656e-26 1.363711905089494656e-26 9.527111956952284895e-25
-4.326161461112395523e-01 -7.387134572162248448e-24 -1.196385698905440589e-26 -1.196385698905440589e-26 1.067258015803484195e-23
-4.324151449424822324e-01 6.215284327717883390e-28 -2.643081499412472853e-27 -2.643081499412472853e-27 5.815964499541242041e-27
-4.324151449424820104e-01 -6.597185453084159790e-29 2.203787666608350585e-28 2.203787666608350585e-28 2.253596958062724882e-28
-4.313824816793346284e-01 -9.193032226050754357e-04 1.343127070929922582e-06 1.343127070929922582e-06 3.502587696024520177e-04
-4.313824816793343508e-01 -4.329280233310434496e-05 1.343127070273700958e-06 1.343127070273700958e-06 1.226269189874552162e-03
-4.305271678282064363e-01 7.183580582255213026e-28 8.731527282668269943e-28 8.731527282668269943e-28 -4.062933904268323780e-28
-4.305271678282062142e-01 -1.366033849436452398e-28 2.917454150396320707e-29 2.917454150396320707e-29 4.968832300201372293e-29
-4.295423388018457800e-01 -1.333572077803480977e-28 -1.084450868471585935e-29 -1.084450868471585935e-29 6.073067148326043352e-29
-4.295423388018446142e-01 2.563628916655848120e-27 4.590450582805475660e-27 4.590450582805475660e-27 -6.262448820865805748e-27
-4.289870690334798287e-01 -7.539445537227702082e-04 3.936381552145151920e-06 3.936381552145151920e-06 2.966835493391709131e-03
-4.289870690334794956e-01 -2.048647258142504996e-03 3.936381550741632726e-06 3.936381550741632726e-06 1.672132788971131918e-03
-4.285953047280576800e-01 4.132058539924619703e-28 9.207517520123184635e-29 9.207517520123184635e-29 -2.210916546845770858e-28
-4.285953047280575134e-01 -1.288202651987771250e-28 -4.904342542094964945e-28 -4.904342542094964945e-28 1.596818767228250137e-27
-4.280741219767172923e-01 -2.551717114781826165e-05 2.828768114967560791e-08 2.828768114967560791e-08 1.221151507281631904e-06
-4.280741219767171257e-01 -2.232530797460368871e-05 2.828768107924124824e-08 2.828768107924124824e-08 4.413014680632076133e-06
-4.273003055373814640e-01 5.278471167015201061e-28 -3.483454459752269506e-28 -3.483454459752269506e-28 -1.592966327758124552e-28
-4.273003055373809644e-01 1.421270354584030751e-28 1.418963463497101078e-28 1.418963463497101078e-28 -2.606865994029357753e-28
-4.269567954748886285e-01 3.053364262185052156e-06 -7.336143634014579759e-09 -7.336143634014579759e-09 -3.880967818993919183e-06
-4.269567954748883509e-01 3.886514452156967370e-06 -7.336143701155628186e-09 -7.336143701155628186e-09 -3.047817628899192239e-06
-4.266110640142402044e-01 -5.598789991532108642e-28 -3.815931472898679251e-28 -3.815931472898679251e-28 -1.362097013058696793e-27
-4.266110640142401489e-01 2.936144606139595861e-28 2.067710413778513367e-28 2.067710413778513367e-28 1.724848794744624628e-28
-4.265582369611982116e-01 2.356972116308648338e-06 -4.311087536414650952e-08 -4.311087536414650952e-08 -3.839265620021303766e-05
-4.265582369611977676e-01 2.768744355245678182e-05 -4.311087537014727473e-08 -4.311087537014727473e-08 -1.306218476298896735e-05
-4.249805573403079295e-01 -1.797218819078270219e-04 2.643753168421416411e-07 2.643753168421416411e-07 7.017320417906329889e-05
-4.249805573403078185e-01 -1.777971513063574091e-04 2.643753175787490736e-07 2.643753175787490736e-07 7.209793478172665891e-05
-4.245037478994199143e-01 -1.480167680134545234e-05 3.598815484379113429e-08 3.598815484379113429e-08 1.921535288778063039e-05
-4.245037478994198032e-01 -1.794484828218640117e-06 3.598815478111489827e-08 3.598815478111489827e-08 3.222254486073623163e-05
-4.241169637357150579e-01 2.157914728079808291e-28 4.755198010661526141e-28 4.755198010661526141e-28 -1.013211467163304547e-27
-4.241169637357147804e-01 1.645057278166678892e-28 5.186561961990484924e-29 5.186561961990484924e-29 -2.130362104422530902e-28
-4.231735554087923679e-01 1.614731181116092642e-28 1.705175068757124472e-29 1.705175068757124472e-29 -5.294610010729716665e-29
-4.231735554087919238e-01 -7.375165823804461834e-30 3.044330283862686502e-29 3.044330283862686502e-29 7.152786268644382055e-29
-4.223512030330802136e-01 7.853408038965303093e-06 -2.131188680733023918e-08 -2.131188680733023918e-08 -1.229119496149253016e-05
-4.223512030330797140e-01 2.133212988245478051e-06 -2.131188688742653494e-08 -2.131188688742653494e-08 -1.801139001187538602e-05
-4.215800040639584578e-01 -2.564828582996065060e-04 5.438075497930274500e-07 5.438075497930274500e-07 2.575395384929778987e-04
-4.215800040639579027e-01 -4.659210600766036312e-04 5.438075511428584136e-07 5.438075511428584136e-07 4.810133671494734592e-05
-4.211808096089511566e-01 -1.433532999316066315e-04 6.808210455383281997e-07 6.808210455383281997e-07 5.001781588286830556e-04
-4.211808096089502684e-01 -5.007697280812505383e-04 6.808210447712404454e-07 6.808210447712404454e-07 1.427617306805738912e-04
-4.209878387696918689e-01 2.476168073854852800e-28 -1.424103143642025209e-27 -1.424103143642025209e-27 -6.845474344101568480e-28
-4.209878387696917579e-01 -1.421438108843175934e-28 -2.452909713463737919e-28 -2.452909713463737919e-28 -9.843885929696593869e-29
-4.205656890597264108e-01 -4.893252595360840252e-05 6.037223121020525194e-08 6.037223121020525194e-08 8.133027716617546366e-06
-4.205656890597262443e-01 -4.244068025739024664e-05 6.037223100948051923e-08 6.037223100948051923e-08 1.462487341306443671e-05
-4.203766174617717954e-01 -4.335689316052393017e-05 7.629182904159778234e-08 7.629182904159778234e-08 2.875631839778305739e-05
-4.203766174617711848e-01 -2.722670116275676498e-05 7.629182921825151951e-08 7.629182921825151951e-08 4.488651039675422910e-05
-4.198521297604697056e-01 -7.165794398377383960e-06 2.365934523238252732e-08 2.365934523238252732e-08 1.519769303431931461e-05
-4.198521297604692615e-01 -1.882449033589142184e-05 2.365934527205430141e-08 2.365934527205430141e-08 3.538997096621235106e-06
-4.192828082126264788e-01 -2.573761459149619517e-27 -3.483756429821757754e-28 -3.483756429821757754e-28 5.660768479078979935e-28
-4.192828082126260347e-01 -9.847263605936455848e-27 -2.125111247426873398e-28 -2.125111247426873398e-28 1.590325992229291612e-27
-4.191512543555190873e-01 -1.198727774698061659e-04 2.716607701666123594e-07 2.716607701666123594e-07 1.369087271748739836e-04
-4.191512543555185322e-01 -2.540022204645686101e-04 2.716607715801446475e-07 2.716607715801446475e-07 2.779284179464904311e-06
-4.178311562628963527e-01 -5.584796571597366192e-26 -5.576317162254785252e-27 -5.576317162254785252e-27 1.560417004689657111e-25
-4.178311562628962972e-01 -8.171848898673690107e-25 -1.816958918009506758e-27 -1.816958918009506758e-27 2.529725611484420140e-25
-4.178122368873411485e-01 -7.584991890615390376e-04 2.684656887659088079e-06 2.684656887659088079e-06 1.779115024010542202e-03
-4.178122368873409265e-01 -4.919270549759807666e-04 2.684656885403037000e-06 2.684656885403037000e-06 2.045687158095478575e-03
-3.127042531881008697e-02 5.805538789987201714e-02 -6.406528369775376969e-05 -6.406528369775376969e-05 -2.500944389591828153e-03
-3.127042531880996901e-02 1.548724010840167977e-03 -6.406528369725547037e-05 -6.406528369725547037e-05 -5.900760827856443153e-02
-2.645584656163355031e-02 5.493878420746279717e-29 3.765457460237119164e-29 3.765457460237119164e-29 -2.985569449743052271e-29
-2.645584656163341500e-02 1.547753819203290195e-27 -2.143552345979478579e-28 -2.143552345979478579e-28 -1.437135114586392300e-28
-2.302842127286164331e-02 6.600112138872654822e-26 -3.010811302933918121e-27 -3.010811302933918121e-27 -2.107625470875742112e-26
-2.302842127286143514e-02 9.157686098655696404e-27 -1.555608335367825954e-27 -1.555608335367825954e-27 -4.363081275615966531e-27
-2.287527676686160194e-02 2.905530992305930052e-02 -3.659173075587803751e-03 -3.659173075587803751e-03 -3.429699383372665888e+00
-2.287527676686146663e-02 3.440639519655986689e+00 -3.659173075579572922e-03 -3.659173075579572922e-03 -1.811517363958272189e-02
-2.085384609460276539e-02 1.875195931257504996e-28 1.125261829274471854e-27 1.125261829274471854e-27 -4.827175977064655932e-26
-2.085384609460250172e-02 3.921923870709062986e-26 5.111390086609264264e-27 5.111390086609264264e-27 -7.293139640900230196e-26
-2.001731430067172496e-02 5.285553880072187960e-01 -5.259386049510170746e-01 -5.259386049510170746e-01 -4.966036055340060784e+02
-2.001731430067142312e-02 4.965365742686137196e+02 -5.259386049510584860e-01 -5.259386049510584860e-01 -5.955866534006495350e-01
-1.639978855232052460e-02 6.973454342779338289e-01 -7.441331252668701313e-04 -7.441331252668701313e-04 -6.030406737735785963e-03
-1.639978855232038235e-02 6.922712478414720302e-03 -7.441331252712368640e-04 -7.441331252712368640e-04 -6.964531285372687064e-01
-1.142944957899865929e-02 1.125951167810619646e-27 -1.735333805321334255e-28 -1.735333805321334255e-28 -6.087359627414151943e-27
-1.142944957899842337e-02 1.712298736286815139e-26 2.149574476092788370e-28 2.149574476092788370e-28 -2.938130531056726011e-29
-8.048824077775733332e-03 2.676382584605917714e+00 -2.945845102811148804e-03 -2.945845102811148804e-03 -1.081141758698962452e-01
-8.048824077775481797e-03 1.140962483026194824e-01 -2.945845102759555526e-03 -2.945845102759555526e-03 -2.670400512173554564e+00
6.486554464646002716e-01 -1.685424027117957161e-25 2.099781588005405778e-28 2.099781588005405778e-28 1.390395444691217462e-26
6.486554464646002716e-01 -2.521543907503871318e-26 3.962625400512129638e-29 3.962625400512129638e-29 1.711387133476418925e-27
