-2.500755285463797106e-01 -3.334629680251808701e-28 9.467916920448321970e-28 9.467916920448321970e-28 8.369804637186439054e-29
-2.500755285463795441e-01 1.020727804346652677e-26 -8.276963498117453520e-27 -8.276963498117453520e-27 1.365183407954983572e-26
-2.498505012621273225e-01 -1.331064242777174524e-03 2.593223238632802879e-06 2.593223238632802879e-06 1.120124280153796982e-03
-2.498505012621264343e-01 -9.315455691542071483e-04 2.593223238861576314e-06 2.593223238861576314e-06 1.519642953778381662e-03
-2.488116079526272173e-01 -7.946359839667625872e-28 -1.352883917610175705e-28 -1.352883917610175705e-28 3.064399675668422864e-28
-2.488116079526270230e-01 -2.054084814006811247e-27 4.047305062728912592e-28 4.047305062728912592e-28 -9.535852303353783698e-29
-2.480477477241739004e-01 -2.112349706769858424e-04 2.609459481528685188e-07 2.609459481528685188e-07 3.541857810976105668e-05
-2.480477477241738171e-01 -1.763260877796759760e-04 2.609459487714526567e-07 2.609459487714526567e-07 7.032746100758706430e-05
-2.472264686699440217e-01 -6.857584029837187471e-28 9.689792938444428418e-29 9.689792938444428418e-29 2.223827758635450489e-28
-2.472264686699437441e-01 -4.764851265333479458e-30 6.786830403943727250e-29 6.786830403943727250e-29 -4.296356367910039465e-28
-2.467714903442931318e-01 -1.065199350654968757e-04 3.532281316115994947e-07 3.532281316115994947e-07 2.273613636051808836e-04
-2.467714903442929097e-01 -3.084848506678825801e-04 3.532281318693241449e-07 3.532281318693241449e-07 2.539644800168418707e-05
-2.466431411641563376e-01 -2.671472652907297470e-27 1.970512644431602702e-28 1.970512644431602702e-28 7.286187566424989036e-28
-2.466431411641560323e-01 -9.001913181371230721e-28 -4.186847908350967681e-29 -4.186847908350967681e-29 2.425933899729876791e-28
-2.453551914810623846e-01 -1.267521973924949554e-03 2.669797527764326394e-06 2.669797527764326394e-06 1.256046748600511036e-03
-2.453551914810623014e-01 -2.386963179015717373e-03 2.669797527279223425e-06 2.669797527279223425e-06 1.366055435100272243e-04
-2.453074077194397351e-01 -3.509601378038388665e-26 -3.025688067428902781e-27 -3.025688067428902781e-27 7.816736801953193392e-27
-2.453074077194394298e-01 -1.629250740020478210e-26 1.073765358145003171e-26 1.073765358145003171e-26 6.405857064034421116e-26
-2.440461070089869344e-01 -1.420308681868008429e-05 2.620925852291180578e-08 2.620925852291180578e-08 1.057065138224067626e-05
-2.440461070089863516e-01 -1.060393047674695033e-05 2.620925845416262146e-08 2.620925845416262146e-08 1.416980772432640151e-05
-2.438505419572977451e-01 1.843593830690535011e-06 -9.151132463009239285e-08 -9.151132463009239285e-08 -8.465551862913293425e-05
-2.438505419572966904e-01 8.070464689990897113e-05 -9.151132444311045207e-08 -9.151132444311045207e-08 -5.794465558958760787e-06
-2.432286739842882406e-01 2.351699951167843689e-05 -4.902055944258896336e-08 -4.902055944258896336e-08 -2.281863044006619037e-05
-2.432286739842880741e-01 3.960748931083782169e-05 -4.902055951646004341e-08 -4.902055951646004341e-08 -6.728140640905157241e-06
-2.417241757019343851e-01 -3.435061690328470598e-04 2.273430271059890655e-06 2.273430271059890655e-06 1.805404927790371043e-03
-2.417241757019340520e-01 -1.673310127182741887e-03 2.273430273274638291e-06 2.273430273274638291e-06 4.756009696413148998e-04
-2.404350108573769518e-01 5.817446933199861048e-28 1.074772874104223943e-28 1.074772874104223943e-28 -2.263957885399078831e-28
-2.404350108573764522e-01 -4.196249694113829532e-28 8.484826201134648956e-29 8.484826201134648956e-29 -2.940767129962522291e-28
-2.402022092359067384e-01 1.977525197650761902e-28 7.802163759640297530e-29 7.802163759640297530e-29 -4.436528236647001909e-28
-2.402022092359063221e-01 1.523195181368386369e-27 4.000941193676962257e-27 4.000941193676962257e-27 -1.602679036378714353e-27
-2.397434186594190886e-01 -8.658640843256462270e-04 9.260313845259934103e-07 9.260313845259934103e-07 9.447176967035827731e-06
-2.397434186594188388e-01 -7.303499900399878001e-06 9.260313853935900941e-07 9.260313853935900941e-07 8.680077613968127442e-04
-2.392552438265556081e-01 -1.084364891400878598e-27 1.515961583311598164e-27 1.515961583311598164e-27 -1.321686954388630934e-27
-2.392552438265554415e-01 -1.994173345017460545e-28 1.996066084221799382e-28 1.996066084221799382e-28 -2.053612355526578400e-29
-2.383205637139042821e-01 -2.777077593846381804e-29 -5.848706637926088415e-29 -5.848706637926088415e-29 8.913281869839431200e-29
-2.383205637139030608e-01 -1.212637287712972442e-27 2.082377562532466287e-27 2.082377562532466287e-27 -3.422441532054149670e-27
-2.371403008360628561e-01 -9.087414918504842698e-05 3.184273407511138898e-07 3.184273407511138898e-07 2.101124501666276178e-04
-2.371403008360623843e-01 -1.958072408088031458e-04 3.184273393747424723e-07 3.184273393747424723e-07 1.051793585409336679e-04
-2.370194241668817647e-01 1.929170844021743971e-06 -2.599694391755766184e-09 -2.599694391755766184e-09 -5.281342919533199712e-07
-2.370194241668815427e-01 1.403427554043565851e-06 -2.599694587104628097e-09 -2.599694587104628097e-09 -1.053877581914662464e-06
-2.362767564469301917e-01 7.375329816255921078e-29 2.987304406026814116e-29 2.987304406026814116e-29 2.857664343082301387e-29
-2.362767564469295534e-01 -4.190754048789213421e-28 8.290890405243864339e-28 8.290890405243864339e-28 -1.096314934008844502e-27
-2.355905363567689093e-01 6.763647124286317865e-28 8.248227371646961574e-28 8.248227371646961574e-28 -2.456541603618339058e-27
-2.355905363567687982e-01 -1.520041464019376077e-28 2.963510014334952495e-28 2.963510014334952495e-28 -1.549141641896815308e-28
-2.348614693406251008e-01 1.400877799702823726e-06 -2.388848484044269409e-08 -2.388848484044269409e-08 -2.117919848456468936e-05
-2.348614693406247955e-01 2.030526753178638652e-05 -2.388848472396879163e-08 -2.388848472396879163e-08 -2.274808752699549051e-06
-2.344753296960453981e-01 6.060808069145047499e-29 -5.119977943698705508e-29 -5.119977943698705508e-29 -1.762303884088194216e-28
-2.344753296960451761e-01 1.008409417943378388e-27 -2.342790046304488582e-28 -2.342790046304488582e-28 -2.362454655258324000e-29
-2.338923171134746626e-01 -5.273833058539655987e-27 -2.395850084158018929e-28 -2.395850084158018929e-28 -1.329692163291447951e-26
-2.338923171134740520e-01 1.641768501835002655e-29 1.400017459115166845e-28 1.400017459115166845e-28 -2.830996561105801560e-28
-2.330182941761992088e-01 3.363569738263488681e-26 -2.072560866768647506e-26 -2.072560866768647506e-26 -9.529919741416883178e-26
-2.330182941761992088e-01 2.245491805497146602e-26 1.766412306340491723e-28 1.766412306340491723e-28 -4.113275824851920173e-26
-2.328422619563946250e-01 3.526532178685371811e-03 -2.844580568293286502e-05 -2.844580568293286502e-05 -2.336125418797325992e-02
-2.328422619563944862e-01 1.955959337260939832e-02 -2.844580569296792523e-05 -2.844580569296792523e-05 -7.328192994007922713e-03
-2.304082879713736376e-01 -9.555400261653521684e-04 1.149406950579330693e-06 1.149406950579330693e-06 1.309121868966260877e-04
-2.304082879713731935e-01 -1.260453798575772541e-04 1.149406953243424224e-06 1.149406953243424224e-06 9.604068332093365070e-04
-2.303006290062418471e-01 2.068990583848085798e-28 2.454269587327114833e-28 2.454269587327114833e-28 1.577156261413977409e-28
-2.303006290062416250e-01 -5.322464979188702756e-27 9.366622390116729291e-28 9.366622390116729291e-28 8.932168398002799724e-27
-2.296955747514721202e-01 5.043479373701026955e-04 -5.579319506859086989e-07 -5.579319506859086989e-07 -2.302524552790443540e-05
-2.296955747514720092e-01 1.860160665773027283e-04 -5.579319506763272740e-07 -5.579319506763272740e-07 -3.413571163206108360e-04
-2.285555589623373962e-01 -7.973694273599782524e-29 1.388258400216070123e-28 1.388258400216070123e-28 -3.531357608007740820e-29
-2.285555589623371742e-01 -7.885963663696414078e-27 6.484155246177726279e-28 6.484155246177726279e-28 2.025342252694393685e-27
-2.280849097735272446e-01 -2.823784700607036104e-05 6.430523780853125510e-08 6.430523780853125510e-08 3.254529667528066334e-05
-2.280849097735270503e-01 -2.621337603245831927e-05 6.430523780647056952e-08 6.430523780647056952e-08 3.456976764897424050e-05
-2.269376590913217417e-01 -1.448574708557439155e-27 -3.319037159023029257e-28 -3.319037159023029257e-28 8.217334439311281897e-28
-2.269376590913216862e-01 -1.340219525780773620e-27 1.085786810990972625e-28 1.085786810990972625e-28 7.620765824557701415e-29
-2.259370976746725435e-01 -1.469611360855436029e-27 2.126094895415803174e-28 2.126094895415803174e-28 5.114731515451216766e-28
-2.259370976746722104e-01 6.229978962819221706e-29 9.653641246564647851e-29 9.653641246564647851e-29 3.559963513681613115e-28
-2.256906316145819713e-01 -3.529142573991814786e-27 1.493329961184733705e-27 1.493329961184733705e-27 -6.436783052524556895e-28
-2.256906316145814440e-01 -4.192939180555579273e-28 -5.226559276016335331e-28 -5.226559276016335331e-28 -5.709130375289000838e-28
-2.255363224290436730e-01 -1.002044363569088358e-04 3.731887226403501234e-07 3.731887226403501234e-07 2.525441817081561170e-04
-2.255363224290434232e-01 -2.165522291152278305e-04 3.731887218122362923e-07 3.731887218122362923e-07 1.361963889480096183e-04
-2.251784597806357757e-01 1.602079514987363497e-27 -7.414176194255577564e-28 -7.414176194255577564e-28 1.364550431314794307e-28
-2.251784597806356647e-01 2.626743702009064541e-28 4.056980148919272785e-29 4.056980148919272785e-29 4.053074826422986836e-29
-2.242491088016427825e-01 -3.411817370191360460e-30 5.979254231662952581e-29 5.979254231662952581e-29 -4.338780326607871198e-29
-2.242491088016423384e-01 -8.159009770837196066e-28 -8.751283617053394863e-28 -8.751283617053394863e-28 1.648834226204036171e-28
-2.226503821029519603e-01 -1.049703779526873961e-03 2.064390527293814267e-06 2.064390527293814267e-06 9.016169913349943946e-04
-2.226503821029515995e-01 -3.344234581893577450e-04 2.064390526762633129e-06 2.064390526762633129e-06 1.616897312675810109e-03
-2.225584308471987016e-01 -4.340225368696547715e-28 1.945467255192799547e-28 1.945467255192799547e-28 2.849783458995038689e-27
-2.225584308471983686e-01 2.564473406472186673e-27 -3.080129218401007631e-27 -3.080129218401007631e-27 4.508977371133262892e-27
-2.203358754812524967e-01 -2.510189880654445111e-03 1.441834185470731240e-05 1.441834185470731240e-05 1.111843782659675643e-02
-2.203358754812519416e-01 -6.574002724419102626e-03 1.441834185637864055e-05 1.441834185637864055e-05 7.054624982829173739e-03
-2.188074448225837965e-01 -1.843468914307411928e-07 3.098545720014508207e-10 3.098545720014508207e-10 1.085367448234390948e-07
-2.188074448225835744e-01 -2.377057474200415540e-07 3.098548418498493076e-10 3.098548418498493076e-10 5.517788900861345870e-08
-2.183161157791755902e-01 -4.076400490439873597e-03 5.004397698141769399e-06 5.004397698141769399e-06 6.538988609211199635e-04
-2.183161157791753126e-01 -4.851348986404298313e-04 5.004397694748347889e-06 5.004397694748347889e-06 4.245164452721375201e-03
-2.183084823785720330e-01 -1.989350670706757014e-25 4.234380099233737720e-28 4.234380099233737720e-28 7.670148725013968261e-26
-2.183084823785715889e-01 -6.260715398732595820e-27 -4.437382435435854971e-26 -4.437382435435854971e-26 1.301748723489650815e-24
-2.177737239760917931e-01 -5.632276295623560433e-05 8.213027576639207537e-08 8.213027576639207537e-08 2.130911473128115904e-05
-2.177737239760916266e-01 -4.928074655499856198e-05 8.213027589613179426e-08 8.213027589613179426e-08 2.835113113280293321e-05
-2.159413726623843344e-01 1.785717784121265167e-27 9.514356590721846165e-28 9.514356590721846165e-28 1.549705392926434819e-27
-2.159413726623840568e-01 -9.708880332776176873e-29 3.006791844736135672e-29 3.006791844736135672e-29 -6.892021520118919700e-29
-2.155787187016142137e-01 -3.722878947920119373e-05 7.718770270251855874e-08 7.718770270251855874e-08 3.573122718698144726e-05
-2.155787187016141859e-01 -1.004051213950585817e-05 7.718770236621631637e-08 7.718770236621631637e-08 6.291950452608300595e-05
-2.144317692658613550e-01 2.016739748950720579e-05 -2.200499327721773568e-08 -2.200499327721773568e-08 -6.323494119248340372e-07
-2.144317692658610219e-01 1.120414388904326250e-06 -2.200499339585004022e-08 -2.200499339585004022e-08 -1.967933251240657494e-05
-2.137675195567352027e-01 2.018166421351140411e-28 -6.933764513669435612e-30 -6.933764513669435612e-30 -3.331728335793276210e-30
-2.137675195567350084e-01 -2.373415335129709099e-28 -5.132790709056329826e-28 -5.132790709056329826e-28 -4.610688105512674904e-28
-2.131134154969307193e-01 9.060324190562558595e-07 -2.090813459569925894e-09 -2.090813459569925894e-09 -1.070264069148758831e-06
-2.131134154969303585e-01 9.032828190419096363e-07 -2.090813470696510984e-09 -2.090813470696510984e-09 -1.073013668788250729e-06
-2.131124313290597150e-01 1.146486943155825761e-26 3.863147160220171433e-27 3.863147160220171433e-27 2.656568585954962187e-28
-2.131124313290595207e-01 4.901095704134217928e-27 -1.996076637959720414e-27 -1.996076637959720414e-27 -1.893978479777369958e-27
-2.117965867835570060e-01 -2.903555652077564626e-03 5.295026453546379713e-06 5.295026453546379713e-06 2.101454280819719904e-03
-2.117965867835568949e-01 -4.126956097294682928e-03 5.295026455365215255e-06 5.295026455365215255e-06 8.780538355927398073e-04
-2.113985839046926551e-01 -4.828358555948476100e-03 8.466013854919729115e-06 8.466013854919729115e-06 3.173959056223000282e-03
-2.113985839046926551e-01 -7.932459657783495419e-03 8.466013852296186862e-06 8.466013852296186862e-06 6.985795437455096445e-05
-2.107713638829006586e-01 -1.998031232631734561e-03 9.214689503671580858e-06 9.214689503671580858e-06 6.711955943452762446e-03
-2.107713638829004088e-01 -5.202031588347708416e-03 9.214689501695173471e-06 9.214689501695173471e-06 3.507955587733947115e-03
-2.098482852106705321e-01 -5.608605206850504621e-03 7.445703877161774091e-06 7.445703877161774091e-06 1.429286332948849145e-03
-2.098482852106699770e-01 -1.186792551442806230e-03 7.445703874776137983e-06 7.445703874776137983e-06 5.851098988363960876e-03
-2.094924995985833205e-01 -9.075142721904367783e-28 -7.741184410713863375e-29 -7.741184410713863375e-29 3.968054854947179432e-28
-2.094924995985832927e-01 -1.747710540899310819e-27 2.001214880673486366e-28 2.001214880673486366e-28 4.119281714330094100e-27
-2.085877388038663016e-01 -4.861097686470985946e-03 2.343026858711979378e-05 2.343026858711979378e-05 1.728586004811465127e-02
-2.085877388038662739e-01 -7.204063493893906808e-03 2.343026858409896258e-05 2.343026858409896258e-05 1.494289424069112672e-02
-2.078249367766512590e-01 -9.420271986202597005e-07 4.516835655433252873e-09 4.516835655433252873e-09 3.327414591903103768e-06
-2.078249367766511202e-01 -2.049061413111227810e-06 4.516835610197254011e-09 4.516835610197254011e-09 2.220380377467775029e-06
-2.077592730688823386e-01 -1.007379048863244779e-27 1.014638662460962720e-27 1.014638662460962720e-27 -8.558991265025663075e-29
-2.077592730688821443e-01 6.006345225249229998e-28 -3.094082790137969634e-28 -3.094082790137969634e-28 3.064302677461626056e-28
-2.058570551822809236e-01 -1.191871504289318700e-28 -2.033628743257347607e-28 -2.033628743257347607e-28 -5.566363596599927112e-29
-2.058570551822808403e-01 -1.052201878562285044e-28 -2.211413856267034984e-28 -2.211413856267034984e-28 3.593374099662179484e-28
-2.054555743238708765e-01 2.171456032483041183e-29 3.032775010586406746e-28 3.032775010586406746e-28 9.737137341359409114e-28
-2.054555743238707655e-01 -1.593969163091551371e-28 2.897797115373254966e-31 2.897797115373254966e-31 -1.371801124163103654e-28
-2.048647731356231239e-01 -6.668059516360147119e-28 3.482184552353222770e-28 3.482184552353222770e-28 4.545286444027686515e-28
-2.048647731356230961e-01 6.253635621784003656e-30 7.812034246118406498e-29 7.812034246118406498e-29 7.878338940924267810e-29
-2.046429149339185627e-01 -3.914763582399496812e-28 -1.629576991386252318e-28 -1.629576991386252318e-28 1.974807802658801146e-28
-2.046429149339185349e-01 -6.503803049354592765e-28 -2.143644282056762897e-28 -2.143644282056762897e-28 2.230576459254904963e-28
-2.043220291269585986e-01 -3.622350907602448576e-29 -5.422741066139253061e-28 -5.422741066139253061e-28 2.318685048720295775e-28
-2.043220291269584321e-01 -6.148803603327541930e-29 2.726872728691997866e-28 2.726872728691997866e-28 -1.597023238671018894e-28
-2.030045270406335978e-01 -6.067191791195834794e-02 7.341749635143061091e-05 7.341749635143061091e-05 8.724392352224474498e-03
-2.030045270406335145e-01 -3.848672367992174524e-03 7.341749634706249588e-05 7.341749634706249588e-05 6.554763789616087355e-02
-2.021095645314572309e-01 -3.213186231050366715e+00 3.433429096873535664e-03 3.433429096873535664e-03 3.218881886416417176e-02
-2.021095645314571754e-01 -2.888288425255571348e-02 3.433429096896727182e-03 3.433429096896727182e-03 3.216492165662095282e+00
-2.012056703324295870e-01 -3.271449331839294383e-03 3.475736966002964694e-06 3.475736966002964694e-06 1.391632166817729194e-05
-2.012056703324292817e-01 -1.206415129773824135e-04 3.475736965706409989e-06 3.475736965706409989e-06 3.164724140528219973e-03
-2.010246392753355371e-01 -1.549732059375923116e-27 5.543877248116112503e-28 5.543877248116112503e-28 3.093616431110033641e-29
-2.010246392753355094e-01 -1.689156317312786803e-27 6.806570344093266307e-28 6.806570344093266307e-28 2.933316196065207137e-28
-2.007653279246390532e-01 -4.365636401805824828e-04 1.213372889627631080e-05 1.213372889627631080e-05 1.103258277851288174e-02
-2.007653279246389144e-01 -1.145832625389637573e-02 1.213372889903942714e-05 1.213372889903942714e-05 1.082016480353097328e-05
-1.987718191776089438e-01 -5.817582395606668828e-28 -1.854223485936123699e-28 -1.854223485936123699e-28 -1.104757075356040601e-29
-1.987718191776088328e-01 -7.692797360044772783e-28 9.979320281100769327e-29 9.979320281100769327e-29 8.377990259458256355e-28
-1.986415931594453232e-01 2.524425304383801808e-29 4.128052389554462272e-28 4.128052389554462272e-28 2.234360710486817181e-28
-1.986415931594452400e-01 -6.495789411550567272e-29 -4.772789399368843235e-29 -4.772789399368843235e-29 1.060392088452490170e-28
-1.976497451103697012e-01 -8.889955711329494729e-28 7.163770860425986981e-28 7.163770860425986981e-28 1.299128039851673328e-27
-1.976497451103696179e-01 1.042265155728539524e-27 5.037931392379726387e-28 5.037931392379726387e-28 8.364146537554321878e-28
-1.956374272126072955e-01 -3.567897385267966106e-28 2.306990008593761599e-29 2.306990008593761599e-29 -1.595141282975562569e-28
-1.956374272126071845e-01 1.818480782199460473e-28 -3.168825653047414267e-28 -3.168825653047414267e-28 4.935872694224247588e-28
-1.952832957174870931e-01 -6.471406780765951317e-04 2.715140909886436108e-05 2.715140909886436108e-05 2.501714513056529920e-02
-1.952832957174869266e-01 -2.418330187885159993e-02 2.715140909521723711e-05 2.715140909521723711e-05 1.480983929783842752e-03
-1.942321487457447371e-01 2.308121000398855711e-28 8.785023489336499402e-28 8.785023489336499402e-28 3.142368609760867261e-28
-1.942321487457445706e-01 -9.517539200856230887e-29 -1.099840949935493897e-28 -1.099840949935493897e-28 -9.100416978462376601e-30
-1.929944170532770786e-01 -1.369506575965979056e-03 2.619543515269804196e-06 2.619543515269804196e-06 1.106560622400644617e-03
-1.929944170532769676e-01 -1.504742804170755479e-03 2.619543515051251484e-06 2.619543515051251484e-06 9.713243941901696273e-04
-1.929495901305274819e-01 -6.230052842677159303e-27 6.799861635356871363e-28 6.799861635356871363e-28 3.932571547939852235e-28
-1.929495901305273431e-01 1.499476392732261696e-27 6.658495085758447865e-27 6.658495085758447865e-27 -6.354867901912164614e-27
-1.924525053487069481e-01 8.177192750752389628e-05 -2.042111588524689321e-07 -2.042111588524689321e-07 -1.112542811265572706e-04
-1.924525053487067539e-01 1.487088686042523805e-04 -2.042111592095554175e-07 -2.042111592095554175e-07 -4.431734002872779270e-05
-1.908470447678818349e-01 -3.194563901279601969e-26 -8.967775547632587716e-28 -8.967775547632587716e-28 1.938150454238754023e-27
-1.908470447678816961e-01 -8.143227827277650117e-26 2.571307831464457978e-27 2.571307831464457978e-27 -1.448882826890933801e-27
-1.905125561488962005e-01 -3.081524447209873022e-02 4.219507869611558787e-05 4.219507869611558787e-05 9.068746647093960805e-03
-1.905125561488960062e-01 -1.463561540246631487e-02 4.219507869202190474e-05 4.219507869202190474e-05 2.524837571670586131e-02
-1.895908655676283583e-01 -3.635807634326536190e-03 2.025546962773279479e-05 2.025546962773279479e-05 1.551023962899119278e-02
-1.895908655676281918e-01 -1.496378749533104277e-02 2.025546962912542199e-05 2.025546962912542199e-05 4.182259767977242366e-03
-1.891387019381224888e-01 1.313834779077260899e-27 -5.286133192561830704e-28 -5.286133192561830704e-28 6.230667607334593411e-28
-1.891387019381224333e-01 -4.621473783765515362e-27 4.962028297096407772e-28 4.962028297096407772e-28 2.634863360682210711e-27
-1.873832454084472243e-01 9.193047901715814541e-02 -1.119887036313153486e-04 -1.119887036313153486e-04 -1.392443580797235111e-02
-1.873832454084470578e-01 2.005298610420678390e-02 -1.119887036227042897e-04 -1.119887036227042897e-04 -8.580192872094297152e-02
-1.869665403811120175e-01 3.177124796314251958e-26 5.995140770824274747e-27 5.995140770824274747e-27 -4.316449205003774429e-26
-1.869665403811115734e-01 1.721949762064862708e-27 4.349310334477444097e-28 4.349310334477444097e-28 -8.524548473352234626e-28
-1.866591540270884086e-01 6.193497331386999720e-04 -1.359980852627129959e-06 -1.359980852627129959e-06 -6.661429337279763324e-04
-1.866591540270881588e-01 3.588406013431285312e-04 -1.359980851824931736e-06 -1.359980851824931736e-06 -9.266520655233692052e-04
-1.854709539339876034e-01 3.236301462854139477e-04 -4.185358491542532408e-07 -4.185358491542532408e-07 -7.198186912673839363e-05
-1.854709539339872704e-01 3.982224612568603401e-05 -4.185358501390220038e-07 -4.185358501390220038e-07 -3.557897692844722969e-04
-1.849364309089125691e-01 -9.348522118417324834e-05 1.036485800208839173e-07 1.036485800208839173e-07 4.486371098482197987e-06
-1.849364309089121527e-01 -3.365037817416996263e-06 1.036485803117586842e-07 1.036485803117586842e-07 9.460655446561645461e-05
-1.841389047767802989e-01 -1.176928287440204279e-03 2.035640771910141799e-06 2.035640771910141799e-06 7.472173942950992818e-04
-1.841389047767800491e-01 -4.523936023401000967e-04 2.035640771845355637e-06 2.035640771845355637e-06 1.471752079396406766e-03
-1.827042952415289245e-01 3.740689236586472554e-28 -6.603957717883373810e-28 -6.603957717883373810e-28 7.936692311127805362e-28
-1.827042952415288968e-01 -1.263051921706735376e-30 -7.782927287896412235e-28 -7.782927287896412235e-28 -1.047932086357669016e-29
-1.810340527117099418e-01 -5.528437919335777723e-06 2.682284988031881046e-08 2.682284988031881046e-08 1.982528433673130843e-05
-1.810340527117095810e-01 -2.136456558431600519e-05 2.682285008245806833e-08 2.682285008245806833e-08 3.989156670934961332e-06
-1.806284130878392513e-01 -9.643885040512921582e-28 1.300916609700484841e-27 1.300916609700484841e-27 -1.509086947150770255e-27
-1.806284130878389738e-01 4.393255022318615322e-30 -7.028711595006423873e-29 -7.028711595006423873e-29 4.317933464657855089e-28
-1.805177444949754573e-01 1.209782594033669231e-05 -1.517458163831902362e-08 -1.517458163831902362e-08 -2.245621406151833282e-06
-1.805177444949752907e-01 1.154776974255531685e-06 -1.517458183250908242e-08 -1.517458183250908242e-08 -1.318867037177738293e-05
-1.796845014767916304e-01 -5.101362604917077666e-27 -1.723842944142574345e-27 -1.723842944142574345e-27 -2.091247499462709555e-27
-1.796845014767915749e-01 1.717200040459696342e-28 8.352668585431274867e-29 8.352668585431274867e-29 -2.922870514267774818e-29
-1.775459880065592133e-01 -1.194191006438989253e-04 1.632681509778700153e-07 1.632681509778700153e-07 3.490661041686187398e-05
-1.775459880065586860e-01 -1.280550590112939724e-04 1.632681504673527759e-07 1.632681504673527759e-07 2.627065205012862049e-05
-1.775304355078102247e-01 -4.739823483910108104e-26 -2.257292483151152265e-26 -2.257292483151152265e-26 -1.277488265089517874e-26
-1.775304355078099194e-01 -2.237359522534250645e-26 -4.447919974772986809e-26 -4.447919974772986809e-26 1.307310932833627803e-26
-1.761067086897177003e-01 2.896942650898911239e-28 -9.436475750037749370e-29 -9.436475750037749370e-29 -7.974745682659162070e-29
-1.761067086897174505e-01 2.088696891895544140e-27 3.980231305070364903e-27 3.980231305070364903e-27 5.367209086800649013e-27
-1.750473759844954069e-01 6.064449447048170152e-05 -1.150194131043259727e-07 -1.150194131043259727e-07 -4.807513210499567396e-05
-1.750473759844951571e-01 6.320665887504071261e-05 -1.150194113874647408e-07 -1.150194113874647408e-07 -4.551296769949038476e-05
-1.746095628510822007e-01 -1.084889534105514577e-04 2.178799555229841466e-07 2.178799555229841466e-07 9.745739130271543506e-05
-1.746095628510820896e-01 -5.809161039270587239e-05 2.178799569617911832e-07 2.178799569617911832e-07 1.478547343212309353e-04
-1.736623311653671398e-01 -2.628813735847093310e-27 6.830834009959356399e-28 6.830834009959356399e-28 8.516869125082051984e-28
-1.736623311653669177e-01 -6.183880804339381957e-28 2.231562216515662171e-27 2.231562216515662171e-27 3.416035384685310486e-27
-1.733745094130569042e-01 1.350379319319611442e-27 2.368138241664354406e-27 2.368138241664354406e-27 -6.939912915351248775e-28
-1.733745094130565989e-01 -1.419994394898976152e-27 6.798523307524816382e-28 6.798523307524816382e-28 -1.219331525344597118e-28
-1.731919423319567830e-01 -5.157117944527385900e-04 1.981916261765072813e-06 1.981916261765072813e-06 1.357651951322984664e-03
-1.731919423319566997e-01 -1.672949040869487012e-03 1.981916259914160980e-06 1.981916259914160980e-06 2.004147049073098734e-04
-1.727401301766022801e-01 -2.742184890926683429e-27 8.701738219037271130e-28 8.701738219037271130e-28 2.989242636344758378e-27
-1.727401301766018915e-01 -8.063037662311181644e-27 6.449434540639916995e-27 6.449434540639916995e-27 -1.133154217097377645e-29
-1.720641900419067061e-01 -9.496834225461796807e-04 1.254178463652826363e-05 1.254178463652826363e-05 1.090516890978111136e-02
-1.720641900419063730e-01 -6.500270932682796279e-03 1.254178463044169155e-05 1.254178463044169155e-05 5.354581399625627479e-03
-1.705249658431798876e-01 -1.402978869797015962e-27 4.214143999141158282e-27 4.214143999141158282e-27 1.957857435465757189e-27
-1.705249658431793880e-01 -3.863824591475293590e-27 -1.077869650679273118e-28 -1.077869650679273118e-28 2.431946493945396762e-28
-1.683431662330800993e-01 5.369784700189390468e-04 -7.684913444366193053e-07 -7.684913444366193053e-07 -1.894214541094748781e-04
-1.683431662330793777e-01 9.171352158022991468e-05 -7.684913438814772998e-07 -7.684913438814772998e-07 -6.346864025418278614e-04
-1.673731768903415629e-01 -1.600158072838526815e-27 -3.311499054579479324e-31 -3.311499054579479324e-31 9.429304691986127984e-28
-1.673731768903413131e-01 -5.667947150307539605e-27 2.046301574580306858e-27 2.046301574580306858e-27 1.533374856411200892e-27
-1.667120327310975259e-01 1.301714677507582725e-27 9.992005137449741774e-27 9.992005137449741774e-27 7.612383985311573394e-28
-1.667120327310971928e-01 -7.724822677193420231e-28 1.527946991080080228e-27 1.527946991080080228e-27 1.415527282288907235e-28
-1.659872490552840030e-01 -4.363093043445929150e-27 -6.440104981531546364e-28 -6.440104981531546364e-28 1.017870413206394118e-28
-1.659872490552838642e-01 -8.630298079156359326e-28 1.226531975823147690e-26 1.226531975823147690e-26 5.265236526909545458e-28
-1.656616628857450479e-01 9.326636512971376394e-27 1.360505074798937153e-26 1.360505074798937153e-26 8.592375233590937639e-27
-1.656616628857445761e-01 -2.227015900228891976e-27 7.797383002231138632e-28 7.797383002231138632e-28 1.460169915466151323e-27
-1.652066261497281141e-01 -3.096903452450724264e-03 6.286220057687570809e-06 6.286220057687570809e-06 2.845010929720973632e-03
-1.652066261497276145e-01 -9.415241886096989378e-04 6.286220055813306278e-06 6.286220055813306278e-06 5.000390193553429750e-03
-1.650368037027296064e-01 -1.166195039770341666e-27 3.989733207377294892e-27 3.989733207377294892e-27 3.265289391164138236e-29
-1.650368037027295787e-01 -8.170606192751946050e-27 2.051588159978843943e-27 2.051588159978843943e-27 6.033766249791684472e-27
-1.633244484853763057e-01 -5.916330799081326742e-04 7.651394145278866288e-07 7.651394145278866288e-07 1.315985053424820759e-04
-1.633244484853760281e-01 -2.996768223955135276e-04 7.651394143583484316e-07 7.651394143583484316e-07 4.235547628599481483e-04
-1.619402110595137279e-01 -3.161477462891323920e-01 3.972084080773696617e-04 3.972084080773696617e-04 5.930496317873926865e-02
-1.619402110595133393e-01 -1.996472327949376235e-01 3.972084080639883301e-04 3.972084080639883301e-04 1.758054766731435847e-01
-1.617549455097019306e-01 -2.360218801000980147e-25 5.630417805452686919e-27 5.630417805452686919e-27 8.927821788031405315e-26
-1.617549455097016808e-01 -2.753804969736584251e-26 1.004995155035547558e-26 1.004995155035547558e-26 8.582566491884219185e-25
-1.599013153076554450e-01 -3.773607341225347026e-03 1.957110725630155704e-05 1.957110725630155704e-05 1.472556109805970778e-02
-1.599013153076546123e-01 -1.498339737614430914e-02 1.957110725145575948e-05 1.957110725145575948e-05 3.515771063115566593e-03
-1.596189746036633106e-01 1.809749351969118600e-04 -2.706620516677315224e-07 -2.706620516677315224e-07 -7.486254885057981459e-05
-1.596189746036628387e-01 8.844125834944132974e-05 -2.706620501285054741e-07 -2.706620501285054741e-07 -1.673962256953044267e-04
-1.590103602553318840e-01 1.629064936102952081e-28 -2.605235866720990530e-27 -2.605235866720990530e-27 -4.942999425816491055e-28
-1.590103602553318007e-01 -5.951781110782940537e-27 -2.357896246094477873e-27 -2.357896246094477873e-27 4.374436059030492269e-27
-1.588743646854092195e-01 -8.594374271002035872e-27 3.265692374692959265e-27 3.265692374692959265e-27 5.644392458173859933e-27
-1.588743646854090530e-01 5.748289175460963658e-28 6.739541307177602210e-27 6.739541307177602210e-27 2.834108690775481966e-27
-1.556788381637619345e-01 3.721639790108018964e-27 -5.867893510881999895e-28 -5.867893510881999895e-28 -2.627370199882405946e-27
-1.556788381637619345e-01 -2.797421319138692915e-26 2.424137358195634258e-26 2.424137358195634258e-26 3.758873938522254511e-28
-1.551104418670558871e-01 -8.305281264031011759e-03 1.461142142899996623e-05 1.461142142899996623e-05 5.505850765811799025e-03
-1.551104418670558593e-01 -4.663189241562347258e-03 1.461142145399919160e-05 1.461142145399919160e-05 9.147942788308374359e-03
-1.549558351459922045e-01 -1.239614098796630376e-03 1.429938726255332089e-06 1.429938726255332089e-06 1.120047464908345807e-04
-1.549558351459922045e-01 -3.834741713503530907e-04 1.429938729921245580e-06 1.429938729921245580e-06 9.681446739393017101e-04
-1.539548439794470036e-01 2.345083440569619231e-28 1.961442124377477649e-28 1.961442124377477649e-28 2.948773185431097929e-27
-1.539548439794464207e-01 -1.285412643726949483e-26 9.702134229337202755e-27 9.702134229337202755e-27 -5.803088588578406253e-27
-1.538418384964559404e-01 5.826297373397974489e-05 -8.018322337802869904e-08 -8.018322337802869904e-08 -1.752849483717565577e-05
-1.538418384964557184e-01 2.477667693692988936e-05 -8.018322214308712713e-08 -8.018322214308712713e-08 -5.101479163566408835e-05
-1.517481339246381233e-01 -6.754406392728349966e-03 1.263142396105006715e-05 1.263142396105006715e-05 5.185175570170486546e-03
-1.517481339246377070e-01 -1.117919304968181642e-02 1.263142395379567719e-05 1.263142395379567719e-05 7.603889131820539254e-04
-1.497826532410906908e-01 -2.057181349503349595e-26 5.716885071097226483e-26 5.716885071097226483e-26 -1.289280345955345183e-26
-1.497826532410901357e-01 -2.418680315586408192e-26 4.504959760679065900e-27 4.504959760679065900e-27 5.137597325759063272e-27
-3.127042531881008697e-02 5.805538789987201714e-02 -6.406528369775376969e-05 -6.406528369775376969e-05 -2.500944389591828153e-03
-3.127042531880996901e-02 1.548724010840167977e-03 -6.406528369725547037e-05 -6.406528369725547037e-05 -5.900760827856443153e-02
-2.645584656163355031e-02 5.493878420746279717e-29 3.765457460237119164e-29 3.765457460237119164e-29 -2.985569449743052271e-29
-2.645584656163341500e-02 1.547753819203290195e-27 -2.143552345979478579e-28 -2.143552345979478579e-28 -1.437135114586392300e-28
-2.302842127286164331e-02 6.600112138872654822e-26 -3.010811302933918121e-27 -3.010811302933918121e-27 -2.107625470875742112e-26
-2.302842127286143514e-02 9.157686098655696404e-27 -1.555608335367825954e-27 -1.555608335367825954e-27 -4.363081275615966531e-27
-2.287527676686160194e-02 2.905530992305930052e-02 -3.659173075587803751e-03 -3.659173075587803751e-03 -3.429699383372665888e+00
-2.287527676686146663e-02 3.440639519655986689e+00 -3.659173075579572922e-03 -3.659173075579572922e-03 -1.811517363958272189e-02
-2.085384609460276539e-02 1.875195931257504996e-28 1.125261829274471854e-27 1.125261829274471854e-27 -4.827175977064655932e-26
-2.085384609460250172e-02 3.921923870709062986e-26 5.111390086609264264e-27 5.111390086609264264e-27 -7.293139640900230196e-26
-2.001731430067172496e-02 5.285553880072187960e-01 -5.259386049510170746e-01 -5.259386049510170746e-01 -4.966036055340060784e+02
-2.001731430067142312e-02 4.965365742686137196e+02 -5.259386049510584860e-01 -5.259386049510584860e-01 -5.955866534006495350e-01
-1.639978855232052460e-02 6.973454342779338289e-01 -7.441331252668701313e-04 -7.441331252668701313e-04 -6.030406737735785963e-03
-1.639978855232038235e-02 6.922712478414720302e-03 -7.441331252712368640e-04 -7.441331252712368640e-04 -6.964531285372687064e-01
-1.142944957899865929e-02 1.125951167810619646e-27 -1.735333805321334255e-28 -1.735333805321334255e-28 -6.087359627414151943e-27
-1.142944957899842337e-02 1.712298736286815139e-26 2.149574476092788370e-28 2.149574476092788370e-28 -2.938130531056726011e-29
-8.048824077775733332e-03 2.676382584605917714e+00 -2.945845102811148804e-03 -2.945845102811148804e-03 -1.081141758698962452e-01
-8.048824077775481797e-03 1.140962483026194824e-01 -2.945845102759555526e-03 -2.945845102759555526e-03 -2.670400512173554564e+00
6.486554464646002716e-01 -1.685424027117957161e-25 2.099781588005405778e-28 2.099781588005405778e-28 1.390395444691217462e-26
6.486554464646002716e-01 -2.521543907503871318e-26 3.962625400512129638e-29 3.962625400512129638e-29 1.711387133476418925e-27
