-8.048824077775488736e-03 2.784502999194745504e-02
-1.142944957899839388e-02 1.447232320848295674e-28
-1.639978855232033031e-02 7.033774169427631229e-03
-2.001731430067109699e-02 4.971332747562511756e+00
-2.085384609460192926e-02 5.673634292649984043e-28
-2.287527676686136255e-02 3.458762442702351808e-02
-2.302842127286134841e-02 2.565120172034333643e-27
-2.645584656163303683e-02 1.818652246489805833e-29
-3.127042531880920573e-02 6.055646796707249251e-04
-3.185159024189312960e-02 2.017316337074117651e-03
-3.739764522304506178e-02 4.391551986133832193e-04
-3.742054826113541677e-02 3.826066758926463621e-26
-3.827634559158261951e-02 7.912250482223614337e-30
-3.907571679252393182e-02 7.377201464244082822e-30
-4.063403105287338030e-02 3.144104741639254562e-04
-4.130365658084604596e-02 1.029167414306005334e-29
-4.466738491408073913e-02 1.021261794461757059e-29
-4.799523208163825050e-02 6.252994876261339747e-04
-5.058515732786490748e-02 2.552605721265734312e-04
-5.288340913237584567e-02 1.301747444570496536e-04
-5.404473857499621225e-02 2.346086872231649271e-26
-5.419341963992638928e-02 6.735063559521603516e-02
-5.490730784369581008e-02 8.018166097165312090e-02
-5.627116731988046627e-02 7.209758180032103897e-29
-5.824669294783284962e-02 1.547465121433052916e-29
-5.927314807502699623e-02 5.273221910973467839e-28
-5.963540836640546933e-02 2.513605455977333501e-03
-6.465940751920208618e-02 2.218464426342396298e-30
-6.606604719403899595e-02 1.389159074551412499e-30
-6.820878402926774942e-02 5.883976004039699609e-05
-6.973211391137623671e-02 3.334117668928926513e-04
-6.978789397479709389e-02 5.617879005731448894e-27
-7.053157296166080725e-02 1.279416165749852420e-29
-7.099374454662842060e-02 2.773366139152266948e-04
-7.171154346966807092e-02 2.508904125658397051e-04
-7.285625457139219274e-02 3.649484981846867440e-05
-7.516739516969245249e-02 3.100617836752384253e-30
-7.952342536654971594e-02 1.616467668584882656e-29
-7.991186238898105587e-02 1.397386829501870675e-05
-8.083450925353630190e-02 7.337831530286437166e-05
-8.123309552562867075e-02 4.243490007908780488e-29
-8.435536279122668457e-02 2.208543126482373498e-02
-8.465659868191226234e-02 4.421435053404550192e-27
-8.582582174660473295e-02 4.643850422681285157e-24
-8.583250370283170005e-02 7.189620559048400753e-04
-8.614345876268530988e-02 3.124675760885127115e-28
-8.837257030155619419e-02 2.148774874793820963e-29
-9.082539497436604992e-02 9.069272503738678233e-05
-9.106718460899417000e-02 7.760449175109507632e-08
-9.388860734203871572e-02 8.167440841516529840e-05
-9.548236401814066965e-02 5.505733182876838632e-05
-9.576336904968400787e-02 3.833619978631700275e-28
-9.713946047549354423e-02 1.494469764977276490e-30
-9.888852503310424646e-02 1.074464160182006284e-28
-9.958521070223645688e-02 4.781721324138325183e-04
-9.958521070223839977e-02 4.781721324138730675e-04
-1.011767404700742862e-01 1.201238634464142974e-29
-1.016339473246948982e-01 9.592558125516872949e-06
-1.020061140714008385e-01 7.708815490468625070e-05
-1.034022776782712594e-01 3.787300709067919265e-29
-1.041743058756148532e-01 1.040651549055166371e-04
-1.056800696662850980e-01 7.673923030892898589e-30
-1.070434630405559667e-01 4.258413572085750384e-30
-1.093431101011775319e-01 1.468228488500102609e-29
-1.110161714856954113e-01 1.376451299176600528e-29
-1.121335984274027947e-01 6.639212475998737247e-05
-1.140958056311315721e-01 6.265670008418195921e-03
-1.149782077696130250e-01 8.238756963670779425e-05
-1.150889155095122102e-01 5.776022869799298471e-27
-1.162365772769058114e-01 9.439033676169683931e-05
-1.170820543564715654e-01 3.965224312332135864e-06
-1.184034075947560383e-01 1.863108463002742604e-29
-1.191599626768667236e-01 7.608519697885885694e-05
-1.192269711818297329e-01 3.639237013070847276e-27
-1.204942324153761984e-01 7.549526022354682292e-29
-1.211696031139383734e-01 5.392265226998297663e-05
-1.237512199791448303e-01 5.211758394861669115e-05
-1.262385328748978075e-01 4.389046785337089268e-04
-1.266054657351244894e-01 1.555776315096826527e-27
-1.275792323757528601e-01 8.573464659808005366e-05
-1.290379333179902388e-01 4.107651234855395109e-29
-1.300168520119350524e-01 1.657822117767264587e-28
-1.304046670428545274e-01 1.511174807442550184e-28
-1.315395499589538109e-01 9.632139840767728507e-04
-1.324602804227770769e-01 7.889288186442197344e-28
-1.338976702263095508e-01 5.527029023454838116e-28
-1.343241648959818124e-01 2.002661053892663811e-28
-1.354350493308257297e-01 6.319658619932869148e-02
-1.357945869558909724e-01 2.811642289502350872e-02
-1.360955231015727740e-01 8.991503391230046743e-27
-1.373522283289463908e-01 5.688329609541075062e-27
-1.375576197299772929e-01 2.386603744327729822e-03
-1.383674532746742847e-01 8.082852982492814281e-03
-1.403992307685876795e-01 4.790506475492222194e-01
-1.412580414885346580e-01 6.184924195745543879e-26
-1.440353756404020025e-01 3.445701359876342673e-06
-1.446901614624767629e-01 6.039700760010414205e-28
-1.450365786647304644e-01 2.164930969025721592e-28
-1.467835847767075819e-01 1.267530486368887224e-03
-1.472750019931279020e-01 5.320428932105920034e-06
-1.477972681632267749e-01 1.043848222447422718e-27
-1.480141130190058829e-01 8.741725309090172613e-04
-1.484826557098974931e-01 1.226778149135403216e-27
-1.496480334243553700e-01 1.149428988021043764e-05
-1.497826532410899414e-01 6.462723490455947918e-29
-1.517481339246375682e-01 1.193960871373482200e-04
-1.538418384964550245e-01 7.579163838374752475e-07
-1.539548439794459767e-01 4.096734575003589879e-29
-1.549558351459911221e-01 1.351621873636087125e-05
-1.551104418670553320e-01 1.381116297396624412e-04
-1.556788381637596586e-01 6.468697441345971449e-29
-1.588743646854093861e-01 4.652553873969860881e-29
-1.590103602553311346e-01 2.181907503408595204e-29
-1.596189746036630053e-01 2.558380572542903836e-06
-1.599013153076555283e-01 1.849920988700977983e-04
-1.617549455097006816e-01 1.120041249919354529e-26
-1.619402110595133393e-01 3.754535506769385821e-03
-1.633244484853760559e-01 7.232332056593041235e-06
-1.650368037027292178e-01 2.273204219952991691e-28
-1.652066261497268096e-01 5.941927695137317938e-05
-1.656616628857446871e-01 1.880731952910281738e-29
-1.659872490552842805e-01 1.521504241206490350e-29
-1.667120327310968320e-01 1.208239370235629204e-29
-1.673731768903419792e-01 9.065206645306922518e-30
-1.683431662330796275e-01 7.264015516411926726e-06
6.486554464646002716e-01 1.046918020736329166e-27
