-8.048824077775481797e-03 2.784502999194787831e-02
-1.142944957899842337e-02 1.274956383173350252e-28
-1.639978855232038235e-02 7.033774169428387568e-03
-2.001731430067142312e-02 4.971332747562255960e+00
-2.085384609460250172e-02 8.097467239750016559e-28
-2.287527676686146663e-02 3.458762442702366380e-02
-2.302842127286143514e-02 5.067256625574906332e-28
-2.645584656163341500e-02 9.578138346235505836e-30
-3.127042531880996901e-02 6.055646796706674623e-04
-3.124353009574660778e-01 4.283380022259585163e-29
-3.125070686135759668e-01 8.062145329352806438e-30
-3.129331593707829207e-01 1.112342596336673672e-29
-3.131179191171287179e-01 2.301529080043861934e-29
-3.144480606261095268e-01 4.347284245116619702e-06
-3.147465677881721158e-01 7.653126735246601508e-06
-3.163752701226676955e-01 6.182080430175332873e-07
-3.163854775194505642e-01 1.059892100009960225e-07
-3.164307136759413330e-01 1.295632767831916792e-28
-3.165859095674530277e-01 2.333625998228256282e-29
-3.171536248543175840e-01 2.697224959235019305e-30
-3.178013611687312556e-01 1.536740507518654621e-28
-3.183983489213068618e-01 1.097939140497907963e-07
-3.184993771284767572e-01 4.757297045299883906e-06
-3.189282343189407953e-01 6.009540295118584538e-30
-3.209810176590268682e-01 9.748885633747811331e-06
-3.212630663203413506e-01 1.271132020320852752e-29
-3.221014416801258884e-01 2.087490198540118384e-07
-3.244170904489299678e-01 2.076391572218216504e-06
-3.246652123261452028e-01 8.025558395187210259e-30
-3.251654459667586705e-01 5.664602054200559807e-07
-3.258407403599801744e-01 5.177714777290029271e-29
-3.263540334434801293e-01 2.819408567495751160e-29
-3.265009212064117761e-01 5.619177088534935426e-06
-3.274069663769255123e-01 2.522765528185021684e-29
-3.276253804670399838e-01 1.018004134870250287e-28
-3.276747768056367249e-01 9.369129029182187428e-07
-3.288755088684719441e-01 6.463199448685124209e-06
-3.299408430202792064e-01 7.697381444503715472e-07
-3.307788936973253824e-01 4.785593080568738250e-09
-3.316835325009327984e-01 1.247227899368065778e-29
-3.321624549369673329e-01 1.681771296883268746e-07
-3.324516879099983502e-01 1.766675199111530101e-29
-3.325969196326163946e-01 2.149517891199277501e-05
-3.347595482476397044e-01 1.285941946622923091e-29
-3.348018021283804546e-01 2.685814025538384785e-08
-3.358677910034412739e-01 2.212138440555092944e-06
-3.361137798256936260e-01 4.426930711455315826e-06
-3.363428779233132992e-01 1.224472022986766194e-28
-3.363771458344272935e-01 2.006996826869690800e-06
-3.369342168991080189e-01 1.421587976525822678e-07
-3.382075790075600441e-01 4.164707834791495569e-30
-3.386859283801857967e-01 4.858896490180740129e-30
-3.391396786950762188e-01 3.383638753866874230e-07
-3.405284755681479147e-01 5.851824478349292498e-30
-3.408040533241618042e-01 5.018989786622094180e-07
-3.412538516543873746e-01 2.005747562664647482e-29
-3.419883397108647305e-01 7.161048372983361472e-05
-3.419987067101139533e-01 3.536083228627557023e-27
-3.426444430776945937e-01 6.913927398076561147e-08
-3.437253922079404611e-01 2.336473759780502520e-06
-3.439853739181670811e-01 2.313990536068236223e-05
-3.441236187468641461e-01 9.503673575869685647e-29
-3.444832499609614129e-01 8.982927575602221059e-30
-3.446060380729555339e-01 1.885508998609538607e-05
-3.450185471531374004e-01 4.072077936609087432e-30
-3.466547242035503129e-01 5.106085394826677052e-30
-3.470271794724159586e-01 3.927917639440481109e-06
-3.471410074355499309e-01 2.196442849454683628e-29
-3.475184740595624322e-01 6.348525421543056610e-06
-3.480514474788969359e-01 2.017918191841542465e-30
-3.496323405322251388e-01 5.836524599263389657e-31
-3.497720156761874866e-01 1.038625628575537031e-30
-3.501672471829841982e-01 1.948049340117487723e-07
-3.517346265114313919e-01 2.676369383689656783e-30
-3.519767771265807088e-01 2.452664291141620153e-30
-3.539887621973079046e-01 2.997172350271255554e-30
-3.542735221415188596e-01 1.461347885616945232e-07
-3.551487740125382486e-01 7.352815026454369336e-30
-3.551737284092507108e-01 9.634292846635059367e-08
-3.556253522082921115e-01 2.057554264709807662e-29
-3.556646167200693265e-01 2.563718745106924182e-06
-3.560326898584836308e-01 7.753040270404588339e-30
-3.571400834344704012e-01 3.988001306327419953e-08
-3.576311587755317545e-01 4.155217080775403139e-07
-3.588696993921380862e-01 4.185377477268768762e-06
-3.590642293783984917e-01 1.179272306401890796e-29
-3.592468114890577935e-01 8.270941482890020082e-06
-3.596888581839920995e-01 1.128416346065513995e-29
-3.599116993228212991e-01 1.013612057892841597e-29
-3.605683149418982825e-01 1.994614488728267671e-07
-3.616087692499820316e-01 7.763388742095520857e-06
-3.616191587163170018e-01 2.767315693359892460e-27
-3.639221294587703381e-01 2.268482474908772460e-06
-3.640948920337052641e-01 8.942884272886406939e-30
-3.648254950435527166e-01 1.471827963012350982e-29
-3.653819578090560793e-01 2.538762331197254615e-29
-3.654869564125320380e-01 3.466417404316435832e-06
-3.656279887187338096e-01 3.819463887727233072e-29
-3.670650265170984361e-01 9.360025938848106543e-30
-3.672254022284943131e-01 3.941313182716164267e-06
-3.684398951603227168e-01 6.374707216617033038e-30
-3.697753250167002959e-01 7.041775880233476511e-08
-3.707757287558986481e-01 9.905617556111988029e-30
-3.714151283829863481e-01 9.698810582012055435e-30
-3.721306686306719014e-01 2.846629618511417636e-05
-3.722968210432928693e-01 1.113714119223529727e-05
-3.727552492371188353e-01 2.250819784632928874e-04
-3.730670486603132607e-01 9.721355407243878096e-29
-3.733111259839095863e-01 6.951345776742857505e-07
-3.736346915165758009e-01 1.071831936048273537e-04
-3.743598757619789885e-01 1.070067378530797414e-29
-3.748273319015423266e-01 3.548030481923496708e-09
-3.752265470760657307e-01 8.092504416986858749e-29
-3.753746795062389841e-01 2.242895417248339502e-05
-3.753947410199795498e-01 1.856912304770735642e-27
-3.763034258102715968e-01 3.396895912679486981e-05
-3.769092389440932278e-01 8.855709252488712466e-05
-3.780434888757810974e-01 7.115939659070571532e-30
-3.784854492290907202e-01 3.067866804184158468e-30
-3.787124174564853729e-01 5.563449688548004705e-09
-3.795223875380380196e-01 1.095597429449687708e-06
-3.801707337404035547e-01 1.084319801180363891e-05
-3.803853350585337245e-01 7.228334607860610003e-07
-3.804039659842156640e-01 3.024434591330812196e-29
-3.809347031026811270e-01 2.343271214282302583e-06
-3.825681846884670945e-01 1.409920754797981129e-05
-3.833478187385245262e-01 9.918478182514999872e-30
-3.837213326183707696e-01 2.763770623696776464e-05
-3.839618041984194097e-01 2.155984617125181209e-29
-3.840951557679638251e-01 1.035751947330154294e-29
-3.850019863713864954e-01 4.688056407814894022e-30
-3.851158322956414470e-01 6.094694233267236783e-07
-3.859059071091763826e-01 8.604917880673621153e-30
-3.868925337810549814e-01 1.169573067501591669e-05
6.486554464646002716e-01 1.046869008377453732e-27
