-8.048824077775481797e-03 2.784502999194787831e-02
-1.142944957899842337e-02 1.274956383173350252e-28
-1.639978855232038235e-02 7.033774169428387568e-03
-2.001731430067142312e-02 4.971332747562255960e+00
-2.085384609460250172e-02 8.097467239750016559e-28
-2.287527676686146663e-02 3.458762442702366380e-02
-2.302842127286143514e-02 5.067256625574906332e-28
-2.645584656163341500e-02 9.578138346235505836e-30
-3.127042531880996901e-02 6.055646796706674623e-04
-4.178122368873409265e-01 2.537619898645447950e-05
-4.178311562628962972e-01 6.425830715740951605e-27
-4.191512543555185322e-01 2.567820799682772044e-06
-4.192828082126260347e-01 9.397267924528447059e-29
-4.198521297604692615e-01 2.236353753843078620e-07
-4.203766174617711848e-01 7.211337312995274013e-07
-4.205656890597262443e-01 5.706568152681608272e-07
-4.209878387696917579e-01 1.781089362368138666e-29
-4.211808096089502684e-01 6.435329006057222590e-06
-4.215800040639579027e-01 5.140235484691828459e-06
-4.223512030330797140e-01 2.014464813466126191e-07
-4.231735554087919238e-01 1.833157770975638164e-30
-4.241169637357147804e-01 1.050780240779581311e-29
-4.245037478994198032e-01 3.401710590485302082e-07
-4.249805573403078185e-01 2.498956459822540828e-06
-4.265582369611977676e-01 4.074971961631299783e-07
-4.266110640142401489e-01 1.628667557755649077e-29
-4.269567954748883509e-01 6.934347617622694554e-08
-4.273003055373809644e-01 7.713438332251393119e-30
-4.280741219767171257e-01 2.673838256289573347e-07
-4.285953047280575134e-01 1.617160278054846925e-29
-4.289870690334794956e-01 3.720788383593639565e-05
-4.295423388018446142e-01 6.537531962079259270e-29
-4.305271678282062142e-01 1.424647380079406781e-29
-4.313824816793343508e-01 1.269564836685765596e-05
-4.324151449424820104e-01 4.232570467461158141e-29
-4.326161461112395523e-01 1.114097484621350627e-25
-4.326210240452706413e-01 2.948635178551379683e-05
-4.328077607377106006e-01 2.744488306661879462e-05
-4.346680698756411609e-01 8.798165922501729021e-05
-4.355212735115496225e-01 6.714273025627313898e-30
-4.358010988842135891e-01 1.531111736317463627e-29
-4.369271104398893546e-01 9.943530150644429506e-05
-4.371367355120595599e-01 3.749089410825084528e-05
-4.383134117808220043e-01 2.986483244394612222e-05
-4.386435448050261532e-01 1.190020553099912718e-28
-4.387598380458929692e-01 2.379305403410388606e-05
-4.392971601282674721e-01 1.026083024662332927e-28
-4.394904238343405600e-01 2.898765104414867817e-05
-4.396512267735008805e-01 2.830466852443969450e-29
-4.403589137610964266e-01 1.774205127282092335e-05
-4.409291305047755016e-01 1.670205617108181956e-04
-4.411672460160726006e-01 1.259781801996121826e-28
-4.414849544840632189e-01 9.523636554863177361e-09
-4.415231184640660000e-01 1.565436208682390249e-05
-4.423490174606254377e-01 5.028021404029701810e-29
-4.425227571002249838e-01 6.123210177538108831e-29
-4.434561678870755919e-01 6.695126044796157004e-28
-4.434818137859762865e-01 1.878413117146176251e-05
-4.445603051807030526e-01 8.151309343125837450e-04
-4.447120491651085361e-01 3.462534957478594426e-27
-4.449171377555700690e-01 7.187912819417891473e-03
-4.449523006730629615e-01 8.505419187440628151e-26
-4.470500471510081564e-01 1.612953836901926131e-28
-4.471901139287064453e-01 6.231369512858012626e-04
-4.472293183381932380e-01 1.645850316072307322e-27
-4.477652112620648661e-01 2.919948441560750688e-06
-4.479247404592480164e-01 1.399240216867852916e-29
-4.479710479871804041e-01 4.304445397170995715e-08
-4.485029131556307336e-01 7.792709159002071778e-30
-4.496233433992323225e-01 7.530956239672764125e-06
-4.498258181706917824e-01 9.803018489720762872e-10
-4.501544494603186841e-01 3.713371500730060173e-30
-4.505799396139590907e-01 5.810537292041868500e-30
-4.512872018732045354e-01 4.956271779436362167e-30
-4.518773290966155987e-01 5.545555119197318437e-05
-4.520440364191637972e-01 2.166026967255114860e-29
-4.525570988199267286e-01 6.704549173221855358e-29
-4.532166014783237107e-01 4.816814279455314589e-29
-4.532891106397534675e-01 9.971490643809531311e-30
-4.537022115869963623e-01 4.494364101107902487e-07
-4.542798632806988590e-01 3.584160123314380631e-29
-4.551772921651842663e-01 1.213817019206735618e-29
-4.556027713385973898e-01 1.096565918529342456e-29
-4.561639326110167314e-01 1.117298464296760680e-05
-4.572060025123930171e-01 1.186437808205312345e-29
-4.579094353339610568e-01 6.957340731601371654e-08
-4.589043891173206768e-01 5.007143194907378828e-29
-4.595767473134790282e-01 6.970966805094387523e-05
-4.597351119965716881e-01 6.475765697079922514e-07
-4.601257540285342285e-01 1.030875017015578818e-29
-4.608445587331877480e-01 8.109598140880697154e-29
-4.612547768260694681e-01 2.205171020340596848e-05
-4.620773680384354098e-01 5.039247091979418386e-28
-4.622711184440816967e-01 2.232635226708109058e-03
-4.626108215534919799e-01 1.170103432690137857e-27
-4.629350073510282160e-01 1.497641644498640817e-02
-4.637967256777928982e-01 1.203675905238919788e-06
-4.642190817778282796e-01 3.962629108537436481e-03
-4.645026921765795236e-01 1.291829722170907755e-27
-4.646625140232928941e-01 3.471279796573526108e-06
-4.655683478940847442e-01 2.022681132907938557e-05
-4.665157636512459183e-01 8.912679346210554425e-29
-4.674948729020763638e-01 3.467181685079234721e-04
-4.680882454158575290e-01 7.152025339868882500e-05
-4.681409349160554623e-01 1.417777529052417024e-27
-4.688143078376549311e-01 4.767566057214354937e-28
-4.691633457464498558e-01 1.328208843827044690e-03
-4.696134471774273678e-01 8.959894735038793651e-04
-4.700846231346172410e-01 2.078540831357885735e-28
-4.705442773792845590e-01 6.389861040980887796e-07
-4.708746467165296767e-01 3.144053811805804584e-29
-4.713700604791936644e-01 4.446534070413646843e-05
-4.723737390948116732e-01 1.602718170333565669e-29
-4.728473917471710530e-01 3.324936810750409315e-05
-4.731391466070840601e-01 2.290055042163576394e-28
-4.734584828578436433e-01 1.263825675197688235e-29
-4.737601156957382265e-01 1.482272170597575129e-05
-4.745237248605196356e-01 4.517141999430994835e-06
-4.747456256692945131e-01 9.859457314420569606e-29
-4.748883976721365308e-01 2.669111930040702967e-07
-4.749615734865402783e-01 3.486795109242061496e-29
-4.751292765053152789e-01 1.206164223404583826e-29
-4.766521632227498362e-01 4.251396096439604764e-29
-4.774496879858624587e-01 8.164371427322292575e-07
-4.774853691221020435e-01 2.068839915130063703e-28
-4.777202524897077862e-01 6.582013682489675291e-05
-4.781231496367874256e-01 2.685417728077275119e-07
-4.788643965677087944e-01 6.788076296800614751e-09
-4.800366462172740434e-01 6.005208550681769519e-08
-4.806671363457308277e-01 2.637396286068552165e-29
-4.807354170793159964e-01 1.459722882152455071e-09
-4.810619140771720814e-01 6.982412337393410069e-29
-4.818314683098177120e-01 1.949286037157811914e-05
-4.821696154851874416e-01 5.214302292084860470e-29
6.486554464646002716e-01 1.046869008377453732e-27
