-8.048824077775481797e-03 2.784502999194787831e-02
-1.142944957899842337e-02 1.274956383173350252e-28
-1.639978855232038235e-02 7.033774169428387568e-03
-2.001731430067142312e-02 4.971332747562255960e+00
-2.085384609460250172e-02 8.097467239750016559e-28
-2.287527676686146663e-02 3.458762442702366380e-02
-2.302842127286143514e-02 5.067256625574906332e-28
-2.645584656163341500e-02 9.578138346235505836e-30
-3.127042531880996901e-02 6.055646796706674623e-04
-1.497826532410901357e-01 7.494887885936077814e-28
-1.517481339246377070e-01 1.193960871374548783e-04
-1.538418384964557184e-01 7.579163838412051571e-07
-1.539548439794464207e-01 1.304292122643282641e-28
-1.549558351459922045e-01 1.351621873616698541e-05
-1.551104418670558593e-01 1.381116297396496205e-04
-1.556788381637619345e-01 3.261725204751114933e-28
-1.588743646854090530e-01 2.651803935387707104e-28
-1.590103602553318007e-01 8.940501320943448372e-29
-1.596189746036628387e-01 2.558380572549517892e-06
-1.599013153076546123e-01 1.849920988701678377e-04
-1.617549455097016808e-01 6.095105683687802470e-27
-1.619402110595133393e-01 3.754535506770263591e-03
-1.633244484853760281e-01 7.232332056673749922e-06
-1.650368037027295787e-01 1.388379026346190979e-28
-1.652066261497276145e-01 5.941927695141395894e-05
-1.656616628857445761e-01 1.776202374814377982e-28
-1.659872490552838642e-01 1.614168145796337618e-28
-1.667120327310971928e-01 1.201382682323117342e-28
-1.673731768903413131e-01 5.777607985854622180e-29
-1.683431662330793777e-01 7.264015516383000550e-06
-1.705249658431793880e-01 7.083611235442763116e-29
-1.720641900419063730e-01 1.185487889334355387e-04
-1.727401301766018915e-01 1.089506005318196044e-28
-1.731919423319566997e-01 1.873367943083916403e-05
-1.733745094130565989e-01 6.914483641319942629e-29
-1.736623311653669177e-01 7.150653437271340811e-29
-1.746095628510820896e-01 2.059468061403684056e-06
-1.750473759844951571e-01 1.087198701634301675e-06
-1.761067086897174505e-01 5.467811100592492761e-29
-1.775304355078099194e-01 8.409775780739058438e-28
-1.775459880065586860e-01 1.543260568308241019e-06
-1.796845014767915749e-01 4.437566689120062244e-29
-1.805177444949752907e-01 1.434347948303097714e-07
-1.806284130878389738e-01 1.968065240552297419e-29
-1.810340527117095810e-01 2.535377906116424477e-07
-1.827042952415288968e-01 1.475098333255183681e-29
-1.841389047767800491e-01 1.924149992821484745e-05
-1.849364309089121527e-01 9.797181179009051818e-07
-1.854709539339872704e-01 3.956129017875187294e-06
-1.866591540270881588e-01 1.285495547037744825e-05
-1.869665403811115734e-01 5.160147959538945003e-28
-1.873832454084470578e-01 1.058551519951221424e-03
-1.891387019381224333e-01 4.800856130714212272e-29
-1.895908655676281918e-01 1.914609016040182371e-04
-1.905125561488960062e-01 3.988408048003518188e-04
-1.908470447678816961e-01 6.025332666998808828e-28
-1.924525053487067539e-01 1.930266411124797801e-06
-1.929495901305273431e-01 1.120186029073617030e-28
-1.929944170532769676e-01 2.476072746040176216e-05
-1.942321487457445706e-01 1.056519456090496905e-29
-1.952832957174869266e-01 2.566434330996691135e-04
-1.956374272126071845e-01 1.142924590235376953e-29
-1.976497451103696179e-01 2.544227040366628795e-29
-1.986415931594452400e-01 5.438001344526312408e-30
-1.987718191776088328e-01 1.320162952905918112e-29
-2.007653279246389144e-01 1.146917211554083832e-04
-2.010246392753355094e-01 2.196739095486642643e-29
-2.012056703324292817e-01 3.285373014431763850e-05
-2.021095645314571754e-01 3.245382321240097151e-02
-2.030045270406335145e-01 6.939646574794192547e-04
-2.043220291269584321e-01 2.050403366470052826e-29
-2.046429149339185349e-01 1.061632160534795586e-29
-2.048647731356230961e-01 9.301855041910205115e-30
-2.054555743238707655e-01 9.404552386831400331e-30
-2.058570551822808403e-01 5.518372135344320223e-30
-2.077592730688821443e-01 1.867596674081927241e-29
-2.078249367766511202e-01 4.269451356318006338e-08
-2.085877388038662739e-01 2.214700735527203707e-04
-2.094924995985832927e-01 4.257271004269013642e-29
-2.098482852106699770e-01 7.037907308335032350e-05
-2.107713638829004088e-01 8.710006690977637421e-05
-2.113985839046926551e-01 8.002335541511991783e-05
-2.117965867835568949e-01 5.005021146713826459e-05
-2.131124313290595207e-01 1.178613328572179155e-28
-2.131134154969303585e-01 1.976300915948037502e-08
-2.137675195567350084e-01 7.667046255771663870e-30
-2.144317692658610219e-01 2.079979350360646610e-07
-2.155787187016141859e-01 7.296018013421255444e-07
-2.159413726623840568e-01 2.279136698014665648e-29
-2.177737239760916266e-01 7.763205162338149466e-07
-2.183084823785715889e-01 7.935283697264728276e-27
-2.183161157791753126e-01 4.730309949688484299e-05
-2.188074448225835744e-01 2.928842925522513545e-09
-2.203358754812519416e-01 1.362865824245344663e-04
-2.225584308471983686e-01 5.455068258637832473e-29
-2.226503821029515995e-01 1.951325142835404918e-05
-2.242491088016423384e-01 2.377704632945861173e-29
-2.251784597806356647e-01 1.262778366778254166e-29
-2.255363224290434232e-01 3.527494084042442103e-06
-2.256906316145814440e-01 2.768902815535918693e-29
-2.259370976746722104e-01 1.484871362210537167e-29
-2.269376590913216862e-01 1.927658866020423157e-29
-2.280849097735270503e-01 6.078327986719996197e-07
-2.285555589623371742e-01 5.220966773238552708e-29
-2.296955747514720092e-01 5.273743644877680648e-06
-2.303006290062416250e-01 7.456189264129550342e-29
-2.304082879713731935e-01 1.086454647281625424e-05
-2.328422619563944862e-01 2.688784660924284971e-04
-2.330182941761992088e-01 1.124835701677264469e-27
-2.338923171134740520e-01 1.285205334281393026e-28
-2.344753296960451761e-01 1.189305431958745447e-29
-2.348614693406247955e-01 2.258012687547602129e-07
-2.355905363567687982e-01 2.364087818397936807e-29
-2.362767564469295534e-01 1.090604351880808564e-29
-2.370194241668815427e-01 2.457310641607191275e-08
-2.371403008360623843e-01 3.009872737169935423e-06
-2.383205637139030608e-01 3.154986277756841566e-29
-2.392552438265554415e-01 1.832729592705305447e-29
-2.397434186594188388e-01 8.753132224467390343e-06
-2.402022092359063221e-01 4.822862263155365418e-29
-2.404350108573764522e-01 8.693396784147596043e-30
-2.417241757019340520e-01 2.148915911500466381e-05
-2.432286739842880741e-01 4.633573376761873707e-07
-2.438505419572966904e-01 8.649930626227822534e-07
-2.440461070089863516e-01 2.477379370703617574e-07
-2.453074077194394298e-01 7.066862769196224197e-28
-2.453551914810623014e-01 2.523574376630090951e-05
-2.466431411641560323e-01 2.880043308872305935e-29
-2.467714903442929097e-01 3.338820467376229942e-06
-2.472264686699437441e-01 8.088106040089252862e-30
-2.480477477241738171e-01 2.466541014190458675e-06
-2.488116079526270230e-01 1.640106295867449723e-29
-2.498505012621264343e-01 2.451194014867028877e-05
-2.500755285463795441e-01 1.449410566849250416e-28
6.486554464646002716e-01 1.046869008377453732e-27
