-3.408040533241625258e-01
-3.408040533241621373e-01
-3.405284755681479147e-01
-3.405284755681475817e-01
-3.391396786950762743e-01
-3.391396786950761078e-01
-3.386859283801861298e-01
-3.386859283801856302e-01
-3.382075790075598221e-01
-3.382075790075597110e-01
-3.369342168991080744e-01
-3.369342168991079078e-01
-3.363771458344269605e-01
-3.363771458344267384e-01
-3.363428779233131882e-01
-3.363428779233127996e-01
-3.361137798256936260e-01
-3.361137798256932929e-01
-3.358677910034410519e-01
-3.358677910034407743e-01
-3.348018021283803436e-01
-3.348018021283798440e-01
-3.347595482476398154e-01
-3.347595482476393713e-01
-3.325969196326163391e-01
-3.325969196326158395e-01
-3.324516879099981836e-01
-3.324516879099976840e-01
-3.321624549369671109e-01
-3.321624549369668333e-01
-3.316835325009329649e-01
-3.316835325009326318e-01
-3.307788936973260485e-01
-3.307788936973253269e-01
-3.299408430202788733e-01
-3.299408430202788178e-01
-3.288755088684721661e-01
-3.288755088684717776e-01
-3.276747768056370580e-01
-3.276747768056368360e-01
-3.276253804670402614e-01
-3.276253804670397618e-01
-3.274069663769262339e-01
-3.274069663769259009e-01
-3.265009212064114985e-01
-3.265009212064114985e-01
-3.263540334434801293e-01
-3.263540334434800183e-01
-3.258407403599807850e-01
-3.258407403599802299e-01
-3.251654459667590036e-01
-3.251654459667585595e-01
-3.246652123261449252e-01
-3.246652123261448142e-01
-3.244170904489299678e-01
-3.244170904489297458e-01
-3.221014416801262215e-01
-3.221014416801262215e-01
-3.212630663203415171e-01
-3.212630663203411840e-01
-3.209810176590268682e-01
-3.209810176590267572e-01
-3.189282343189409064e-01
-3.189282343189407398e-01
-3.184993771284770903e-01
-3.184993771284769792e-01
-3.183983489213067508e-01
-3.183983489213067508e-01
-3.178013611687314222e-01
-3.178013611687313666e-01
-3.171536248543176950e-01
-3.171536248543175840e-01
-3.165859095674532497e-01
-3.165859095674531387e-01
-3.164307136759414441e-01
-3.164307136759412220e-01
-3.163854775194506197e-01
-3.163854775194504532e-01
-3.163752701226680841e-01
-3.163752701226679731e-01
-3.147465677881718937e-01
-3.147465677881718937e-01
-3.144480606261099154e-01
-3.144480606261098043e-01
-3.131179191171289955e-01
-3.131179191171287735e-01
-3.129331593707830317e-01
-3.129331593707829762e-01
-3.125070686135758002e-01
-3.125070686135757447e-01
-3.124353009574669104e-01
-3.124353009574667994e-01
-3.107901614400666590e-01
-3.107901614400666035e-01
-3.102023363883298912e-01
-3.102023363883298357e-01
-3.099819181778303290e-01
-3.099819181778301624e-01
-3.099670824341703157e-01
-3.099670824341703157e-01
-3.099097609003056975e-01
-3.099097609003055309e-01
-3.090621250699520095e-01
-3.090621250699518985e-01
-3.089373694751910704e-01
-3.089373694751909039e-01
-3.088424691005033362e-01
-3.088424691005032252e-01
-3.078867887807905657e-01
-3.078867887807905657e-01
-3.060234513709399473e-01
-3.060234513709397808e-01
-3.059123757171547942e-01
-3.059123757171546831e-01
-3.046823229487797269e-01
-3.046823229487795048e-01
-3.045205826821738571e-01
-3.045205826821738015e-01
-3.035489321835972421e-01
-3.035489321835972421e-01
-3.027232891291604111e-01
-3.027232891291603001e-01
-3.024601583215126288e-01
-3.024601583215126288e-01
-3.021056039775294466e-01
-3.021056039775294466e-01
-3.002651885929576991e-01
-3.002651885929576436e-01
-2.993183131449975720e-01
-2.993183131449975165e-01
-2.984956879364867866e-01
-2.984956879364867310e-01
-2.984301390101201101e-01
-2.984301390101201101e-01
-2.969420206376462423e-01
-2.969420206376462423e-01
-2.954490329987954911e-01
-2.954490329987954356e-01
-2.949098489348691565e-01
-2.949098489348691565e-01
-2.948955747371121427e-01
-2.948955747371120317e-01
-2.942140105945830753e-01
-2.942140105945829087e-01
-2.938004199534786642e-01
-2.938004199534785532e-01
-2.936791740992040212e-01
-2.936791740992039657e-01
-2.930765698214123915e-01
-2.930765698214122805e-01
-2.926062125824832050e-01
-2.926062125824830384e-01
-2.905221472243783021e-01
-2.905221472243780245e-01
-2.899041496779388161e-01
-2.899041496779387050e-01
-2.896545744978048509e-01
-2.896545744978047954e-01
-2.894745660543297516e-01
-2.894745660543295851e-01
-2.893920971077961202e-01
-2.893920971077957871e-01
-2.887447341338008622e-01
-2.887447341338005846e-01
-2.878365573702407754e-01
-2.878365573702406088e-01
-2.868269131012967654e-01
-2.868269131012964879e-01
-2.858310367955652076e-01
-2.858310367955649856e-01
-2.857824618274143469e-01
-2.857824618274142914e-01
-2.849095644288636153e-01
-2.849095644288635598e-01
-2.843729685936768337e-01
-2.843729685936767781e-01
-2.839316199676706898e-01
-2.839316199676700792e-01
-2.838269172888447378e-01
-2.838269172888446823e-01
-2.832454462121761218e-01
-2.832454462121760663e-01
-2.829229982796004350e-01
-2.829229982796003795e-01
-2.820471532670619785e-01
-2.820471532670617565e-01
-2.816252212818836642e-01
-2.816252212818832201e-01
-2.807684782138776258e-01
-2.807684782138772928e-01
-2.796221358030677728e-01
-2.796221358030675508e-01
-2.793019312537953769e-01
-2.793019312537949883e-01
-2.788338813947474626e-01
-2.788338813947474071e-01
-2.784918755504799948e-01
-2.784918755504798282e-01
-2.775124347678039616e-01
-2.775124347678037395e-01
-2.771013289034547911e-01
-2.771013289034544580e-01
-2.761172217927998496e-01
-2.761172217927995720e-01
-2.760436074788421568e-01
-2.760436074788419902e-01
-2.748931694256418479e-01
-2.748931694256415703e-01
-2.723809746394862952e-01
-2.723809746394861842e-01
-2.718305167703055081e-01
-2.718305167703053971e-01
-2.714835295873764265e-01
-2.714835295873760379e-01
-2.713248609442215908e-01
-2.713248609442212578e-01
-2.711334349078837747e-01
-2.711334349078833306e-01
-2.700724115530336866e-01
-2.700724115530335201e-01
-2.700495014474869060e-01
-2.700495014474862954e-01
-2.690062697725318919e-01
-2.690062697725316143e-01
-2.672742585169359808e-01
-2.672742585169349816e-01
-2.666208457364939166e-01
-2.666208457364928619e-01
-2.659842036913550034e-01
-2.659842036913548924e-01
-2.647014246731946852e-01
-2.647014246731941300e-01
-2.636340665759505097e-01
-2.636340665759496216e-01
-2.633709412608459255e-01
-2.633709412608451483e-01
-2.629583556089543639e-01
-2.629583556089543084e-01
-2.628413107301780238e-01
-2.628413107301774132e-01
-2.618320957390986581e-01
-2.618320957390980475e-01
-2.613097813946176351e-01
-2.613097813946170245e-01
-2.605257201298445957e-01
-2.605257201298442071e-01
-2.597616429194191112e-01
-2.597616429194182786e-01
-2.592628829599484819e-01
-2.592628829599481488e-01
-3.127042531881008697e-02
-3.127042531880996901e-02
-2.645584656163355031e-02
-2.645584656163341500e-02
-2.302842127286164331e-02
-2.302842127286143514e-02
-2.287527676686160194e-02
-2.287527676686146663e-02
-2.085384609460276539e-02
-2.085384609460250172e-02
-2.001731430067172496e-02
-2.001731430067142312e-02
-1.639978855232052460e-02
-1.639978855232038235e-02
-1.142944957899865929e-02
-1.142944957899842337e-02
-8.048824077775733332e-03
-8.048824077775481797e-03
-6.127750489587907058e-03
-6.127750489587645982e-03
