-6.127750489587645982e-03 2.016380915446841287e-04 1.733181777897306987e-03 9.936753027087757983e-01 9.664361032564137136e-33 4.389877421785940738e-03
-6.127750489587907058e-03 2.016380915446814995e-04 1.733181777897270341e-03 9.936753027087762424e-01 1.254275249782572949e-32 4.389877421785945942e-03
-8.048824077775481797e-03 5.884311168739242122e-04 2.700466309883652050e-03 9.932571863208040641e-01 4.863876040876401991e-32 3.453916252445860674e-03
-8.048824077775733332e-03 5.884311168739183575e-04 2.700466309883623427e-03 9.932571863208021767e-01 4.654812012755698283e-32 3.453916252445860240e-03
-1.142944957899842337e-02 9.474320630500722212e-04 3.614893043894243374e-03 9.930156898349072891e-01 4.992345813269802175e-33 2.421985058154054685e-03
-1.142944957899865929e-02 9.474320630500638728e-04 3.614893043894224292e-03 9.930156898349028483e-01 1.672520065509333008e-32 2.421985058154047746e-03
-1.639978855232038235e-02 1.151909609429457209e-03 4.184254727552064700e-03 9.930859668228507742e-01 2.250511487263793726e-32 1.577868840171578425e-03
-1.639978855232052460e-02 1.151909609429453306e-03 4.184254727552082914e-03 9.930859668228493309e-01 3.555110549343532446e-32 1.577868840171573438e-03
-2.001731430067142312e-02 9.911808160874436419e-04 1.964074135157145226e-02 9.663165144681886698e-01 1.628997813767295746e-32 1.305156336415315595e-02
-2.001731430067172496e-02 9.911808160874336672e-04 1.964074135157138634e-02 9.663165144681894470e-01 2.233525477582873143e-32 1.305156336415317850e-02
-2.085384609460250172e-02 2.270418609677726882e-03 2.047697318209971279e-02 9.669048546083479634e-01 2.589435834107274234e-32 1.034775359987529647e-02
-2.085384609460276539e-02 2.270418609677698259e-03 2.047697318209964340e-02 9.669048546083474083e-01 1.692343103622123366e-32 1.034775359987530514e-02
-2.287527676686146663e-02 3.369183586961014935e-03 2.048819205574557711e-02 9.685476340124224981e-01 4.451157016361395943e-32 7.594990344871980180e-03
-2.287527676686160194e-02 3.369183586960993251e-03 2.048819205574556324e-02 9.685476340124219430e-01 1.429294901546170369e-31 7.594990344871997527e-03
-2.302842127286143514e-02 1.217731069461232447e-03 4.363635743036313290e-03 9.934116451725392150e-01 8.791624418658166323e-32 1.006988014963688602e-03
-2.302842127286164331e-02 1.217731069461224424e-03 4.363635743036394822e-03 9.934116451725392150e-01 8.175838955106403504e-32 1.006988014963672339e-03
-2.645584656163341500e-02 4.053559719999405564e-03 1.988601835145881874e-02 9.708598268344246218e-01 2.683208717678846914e-32 5.200595094118552059e-03
-2.645584656163355031e-02 4.053559719999392554e-03 1.988601835145882568e-02 9.708598268344230675e-01 1.188990185886365639e-32 5.200595094118541650e-03
-3.127042531880996901e-02 1.355233543233558356e-03 6.770500925981443041e-03 9.910434494012270168e-01 2.043486426517877365e-31 8.308161295587567982e-04
-3.127042531881008697e-02 1.355233543233803819e-03 6.770500925983588027e-03 9.910434494012241302e-01 2.258058893152956409e-31 8.308161295590135373e-04
-4.700846231346175741e-01 3.985816702964650182e-01 4.324408230577484469e-01 1.597989460824508767e-01 1.946159144451346201e-31 9.178560563333845387e-03
-4.700846231346178516e-01 3.985816702962726166e-01 4.324408230578221102e-01 1.597989460825759989e-01 1.334816682147474423e-31 9.178560563328495500e-03
-4.705442773792847255e-01 1.966772498550033721e-01 3.555071178764331874e-01 4.433088943796950621e-01 1.896896000521591245e-31 4.506737888867980331e-03
-4.705442773792850031e-01 1.966772498550105608e-01 3.555071178764218631e-01 4.433088943796989478e-01 1.646255412823966998e-31 4.506737888868438298e-03
-4.708746467165297878e-01 3.982086141604358476e-01 3.844077805038206286e-01 2.075648484438241681e-01 1.548664226570361350e-31 9.818756891919435542e-03
-4.708746467165301763e-01 3.982086141604750384e-01 3.844077805037725559e-01 2.075648484438316066e-01 1.760235667646976382e-31 9.818756891920566582e-03
-4.713700604791938864e-01 1.866972890777565675e-01 3.708634826131564921e-01 4.386834528713989823e-01 2.085065761224789196e-31 3.755775437688693708e-03
-4.713700604791942750e-01 1.866972890777389149e-01 3.708634826131470552e-01 4.386834528714257941e-01 1.536827566519051004e-31 3.755775437688323344e-03
-4.723737390948125614e-01 8.108794103651600915e-02 3.603417056183063072e-01 5.558813456532261110e-01 3.373497567746300520e-31 2.689007691952007614e-03
-4.723737390948127279e-01 8.108794103653141350e-02 3.603417056183021439e-01 5.558813456532141206e-01 2.542672505193299847e-31 2.689007691952680253e-03
-4.728473917471711641e-01 1.924078237804037750e-01 3.419610390847211967e-01 4.618422295223282292e-01 1.515539316697452168e-31 3.788907612546999013e-03
-4.728473917471714416e-01 1.924078237803906188e-01 3.419610390847130921e-01 4.618422295223495455e-01 8.314374816436044204e-32 3.788907612546897966e-03
-4.731391466070841156e-01 2.020737074744807793e-01 3.844107944110619624e-01 4.095437358246234449e-01 1.502756571040664818e-31 3.971762289833914890e-03
-4.731391466070842267e-01 2.020737074744071160e-01 3.844107944111079811e-01 4.095437358246530879e-01 1.069956655684365368e-31 3.971762289832316342e-03
-4.734584828578436433e-01 6.949885302166811107e-02 4.376723966463497151e-01 4.912076588891691742e-01 6.929775170243402727e-32 1.621091442813807175e-03
-4.734584828578439764e-01 6.949885302167181644e-02 4.376723966463491600e-01 4.912076588891650109e-01 1.070195386762513673e-31 1.621091442813949639e-03
-4.737601156957385040e-01 1.505101586087076171e-01 4.130091349509202314e-01 4.331279335192034230e-01 1.413585069673809921e-31 3.352772921168653900e-03
-4.737601156957385040e-01 1.505101586087066456e-01 4.130091349509071863e-01 4.331279335192177449e-01 2.532093754515434010e-31 3.352772921168784438e-03
-4.745237248605203018e-01 1.031187185640040221e-02 5.054351143311978101e-01 4.836055896304962687e-01 1.127698085297663346e-31 6.474241819056555372e-04
-4.745237248605206348e-01 1.031187185640457596e-02 5.054351143311985872e-01 4.836055896304906621e-01 1.119376916230839440e-31 6.474241819057116988e-04
-4.747456256692949572e-01 1.005943752220293530e-01 3.617255273065158594e-01 5.354173932605191810e-01 2.086268112590679468e-31 2.262704210935943989e-03
-4.747456256692954568e-01 1.005943752219873449e-01 3.617255273065227428e-01 5.354173932605552633e-01 5.808281283942976722e-31 2.262704210935109587e-03
-4.748883976721367528e-01 3.960366726881727195e-01 3.850871229301879861e-01 2.102360131346696082e-01 3.274319883018078669e-31 8.640191246971963904e-03
-4.748883976721369748e-01 3.960366726881399124e-01 3.850871229302365029e-01 2.102360131346542038e-01 2.650814606241313674e-31 8.640191246971150318e-03
-4.749615734865406114e-01 1.183826901658655700e-02 3.751407866478278022e-03 9.840311981112782602e-01 1.997686570535549858e-32 3.791250056577073887e-04
-4.749615734865409999e-01 1.183826901658502698e-02 3.751407866484149627e-03 9.840311981112729312e-01 3.933284932251443614e-32 3.791250056577183934e-04
-4.751292765053157785e-01 1.358053961451544667e-01 3.457597069400576428e-01 5.073256256737678216e-01 1.060828935648934268e-31 1.110927124102015391e-02
-4.751292765053158895e-01 1.358053961451476666e-01 3.457597069400465406e-01 5.073256256737854741e-01 1.411821683136426186e-31 1.110927124102017993e-02
-4.766521632227500582e-01 9.414798611037052817e-03 5.040911723801380084e-01 4.858606541169999127e-01 3.950889236344316474e-32 6.333748918215079430e-04
-4.766521632227503913e-01 9.414798611038496107e-03 5.040911723801388966e-01 4.858606541169990800e-01 8.117607457394555901e-32 6.333748918214325910e-04
-4.774496879858625698e-01 1.243318132996927838e-01 3.153964641153486625e-01 5.579158061295232951e-01 1.222672488442494290e-31 2.355916455434982695e-03
-4.774496879858627918e-01 1.243318132997097841e-01 3.153964641154393678e-01 5.579158061294158255e-01 1.078919824008814163e-31 2.355916455434996573e-03
-4.774853691221024321e-01 4.471776300467044107e-01 2.400630674892904326e-01 3.039926137474895373e-01 8.235449977012464728e-32 8.766688716516099836e-03
-4.774853691221025431e-01 4.471776300467440457e-01 2.400630674892974548e-01 3.039926137474425749e-01 9.676824744362235465e-32 8.766688716516335758e-03
-4.777202524897080638e-01 1.020390712277392670e-01 1.663129827318270970e-01 7.295477696255566746e-01 6.048502086792001184e-32 2.100176414879151906e-03
-4.777202524897081193e-01 1.020390712277390449e-01 1.663129827318225173e-01 7.295477696255614486e-01 3.684269255277360016e-32 2.100176414879030042e-03
-4.781231496367875922e-01 1.954046061204749718e-01 2.185805529611876963e-01 5.810819155554750592e-01 1.440039791551288636e-31 4.932925362864229446e-03
-4.781231496367877587e-01 1.954046061204582907e-01 2.185805529611652975e-01 5.810819155555122517e-01 6.655240420057435983e-32 4.932925362864545166e-03
-4.788643965677090164e-01 9.063479946908920004e-02 3.142672318628088601e-01 5.927010734479460918e-01 1.723098697202265654e-31 2.396895220157327713e-03
-4.788643965677092385e-01 9.063479946907318507e-02 3.142672318627422468e-01 5.927010734480273602e-01 1.126199371446245997e-31 2.396895220157114342e-03
-4.800366462172744320e-01 5.493861717532634581e-02 4.749748718318190788e-01 4.684208066657077341e-01 5.998464192853995123e-31 1.665704327147237308e-03
-4.800366462172748205e-01 5.493861717533308348e-02 4.749748718318198004e-01 4.684208066657002401e-01 5.637262304382000342e-31 1.665704327147722813e-03
-4.806671363457309387e-01 3.511047384507522962e-01 2.361693449829935787e-01 4.043738516989460186e-01 8.704263620327108376e-32 8.352064867306562695e-03
-4.806671363457309387e-01 3.511047384507776647e-01 2.361693449829939950e-01 4.043738516989185405e-01 9.959532122386076094e-32 8.352064867307218421e-03
-4.807354170793163295e-01 4.453467034176080697e-01 3.542554969579437274e-01 1.948724826296661383e-01 2.940249359223517166e-31 5.525316994781767112e-03
-4.807354170793166626e-01 4.453467034176283867e-01 3.542554969579378987e-01 1.948724826296509560e-01 1.395712927847103355e-31 5.525316994782154822e-03
-4.810619140771724700e-01 4.620036805941940550e-01 3.356215115195065879e-01 1.959004372245637116e-01 1.684147597931359967e-31 6.474370661734668922e-03
-4.810619140771728031e-01 4.620036805942067670e-01 3.356215115195143595e-01 1.959004372245433112e-01 1.779895901068335657e-31 6.474370661734500654e-03
-4.818314683098178230e-01 5.814762742805382745e-01 1.929137281143169513e-01 2.083751980738680620e-01 7.260410375223653492e-32 1.723479953127730890e-02
-4.818314683098180451e-01 5.814762742805295037e-01 1.929137281143290805e-01 2.083751980738640652e-01 2.231083429212599741e-31 1.723479953127710768e-02
-4.821696154851878302e-01 3.858733690610458011e-02 3.205729998781427226e-02 9.283519618669916484e-01 2.529259306515201060e-32 1.003401239089266733e-03
-4.821696154851880523e-01 3.858733690612987238e-02 3.205729998783862084e-02 9.283519618669420215e-01 1.080682332123338226e-31 1.003401239089705835e-03
-4.829373398389017469e-01 1.852148166013894981e-01 3.816809265305712850e-01 4.295231375877052171e-01 3.785900799019817436e-31 3.581119280332132303e-03
-4.829373398389019134e-01 1.852148166014131458e-01 3.816809265305831644e-01 4.295231375876711333e-01 1.709333520106801817e-31 3.581119280332409425e-03
-4.834048221330514705e-01 2.553162311931488904e-01 5.582360848995548963e-01 1.794912572217430557e-01 1.600567332012596137e-31 6.956426685551856531e-03
-4.834048221330517481e-01 2.553162311931498341e-01 5.582360848995562286e-01 1.794912572217423619e-01 1.053182476093986643e-31 6.956426685551928522e-03
-4.837276650592458593e-01 1.058001478194275924e-01 3.356118785926750503e-01 5.564762227896593583e-01 5.267577494387595842e-32 2.111750798237068370e-03
-4.837276650592461924e-01 1.058001478194219164e-01 3.356118785926971992e-01 5.564762227896443703e-01 2.730855867305285204e-31 2.111750798237030640e-03
-4.841343725680262722e-01 3.184673350087113830e-01 3.605502580606177454e-01 3.165580923522606227e-01 1.044802414689815303e-31 4.424314578409730206e-03
-4.841343725680266052e-01 3.184673350087278143e-01 3.605502580606467222e-01 3.165580923522146595e-01 4.635441846003814750e-32 4.424314578409751023e-03
-4.842029218478337560e-01 2.620474239139558570e-01 4.115942470992826618e-01 3.223116525420988143e-01 1.759515911483723374e-31 4.046676444662081380e-03
-4.842029218478338670e-01 2.620474239139937156e-01 4.115942470992695057e-01 3.223116525420729461e-01 2.193674686315434188e-31 4.046676444662561031e-03
-4.849014624447717248e-01 2.030852578937929476e-01 4.124922955743054453e-01 3.805673685935503370e-01 6.299115722245757721e-32 3.855077938351228039e-03
-4.849014624447718358e-01 2.030852578937497044e-01 4.124922955742549857e-01 3.805673685936447614e-01 4.933220989432163037e-32 3.855077938351131328e-03
-4.850987271413638169e-01 2.937772725989912237e-01 4.405216581313529667e-01 2.613258713407065059e-01 1.653717229501147211e-31 4.375197928951421802e-03
-4.850987271413639279e-01 2.937772725989886702e-01 4.405216581313520785e-01 2.613258713407078382e-01 1.098653102634797420e-31 4.375197928951510273e-03
-4.852448842505576732e-01 2.233455079585527914e-01 6.067400755217802200e-01 1.654839858675546116e-01 2.121225816172284744e-31 4.430430652114103127e-03
-4.852448842505578397e-01 2.233455079585454084e-01 6.067400755217564612e-01 1.654839858675841158e-01 1.446826930588428774e-31 4.430430652113961747e-03
-4.857391424673355718e-01 1.113887556225399977e-01 2.792552687230989150e-01 6.067121769918846219e-01 1.666582614290441982e-31 2.643798662477185243e-03
-4.857391424673356828e-01 1.113887556225365283e-01 2.792552687230872022e-01 6.067121769918992769e-01 2.547670575628013896e-31 2.643798662477196519e-03
-4.862064213875202934e-01 2.781243378594328575e-01 3.776162508859263189e-01 3.392697031715809497e-01 1.740015158619379847e-31 4.989708083060173140e-03
-4.862064213875205154e-01 2.781243378594184801e-01 3.776162508859485234e-01 3.392697031715732336e-01 2.122290931755437108e-31 4.989708083059853083e-03
-4.865672372323577854e-01 2.125378087596129784e-01 2.577680791545116090e-01 5.250918454033195459e-01 4.705390142792832650e-32 4.602266682555785152e-03
-4.865672372323579520e-01 2.125378087596300203e-01 2.577680791545040040e-01 5.250918454033099980e-01 3.486723309292529436e-32 4.602266682555911786e-03
-4.878511350346406705e-01 1.206328362573468871e-01 4.173094684408760191e-01 4.593037367192055465e-01 1.025972174720259183e-32 2.753958582572212186e-03
-4.878511350346411146e-01 1.206328362573254737e-01 4.173094684408559241e-01 4.593037367192465692e-01 1.303686541764672357e-32 2.753958582571794551e-03
-4.878741561249402281e-01 4.048952482357408567e-01 1.952111758292253141e-01 3.922088401117834744e-01 6.950096110396951759e-32 7.684735823250520535e-03
-4.878741561249403946e-01 4.048952482357440763e-01 1.952111758292225940e-01 3.922088401117832523e-01 1.140726088440387295e-31 7.684735823250595128e-03
-4.881269234662626300e-01 4.126920041476004331e-01 4.382165973674764792e-01 1.399592378300201501e-01 4.254525254415901812e-32 9.132160654900835228e-03
-4.881269234662626300e-01 4.126920041476141998e-01 4.382165973674738702e-01 1.399592378300105744e-01 4.135683455023954568e-32 9.132160654901261970e-03
-4.892289605663874275e-01 1.846486176220181741e-01 1.131492180550964927e-01 6.971679313808700762e-01 8.212200615602222860e-32 5.034232942014280413e-03
-4.892289605663875385e-01 1.846486176220248077e-01 1.131492180550851545e-01 6.971679313808756273e-01 1.120625803160320081e-31 5.034232942014395772e-03
-4.899489817736738528e-01 2.106187357282029993e-01 4.056121099823957743e-01 3.806313880193491483e-01 6.988987678444125329e-32 3.137766270052029949e-03
-4.899489817736739083e-01 2.106187357282016115e-01 4.056121099824142595e-01 3.806313880193323840e-01 1.000768517542882162e-31 3.137766270052032552e-03
-4.899841715431886291e-01 5.173075541530887111e-01 3.275459240934818217e-01 1.425693661720690564e-01 3.626226241118951244e-32 1.257715558136032752e-02
-4.899841715431886846e-01 5.173075541530470778e-01 3.275459240935140182e-01 1.425693661720801586e-01 1.749238612641999414e-32 1.257715558135878361e-02
-4.904607416768075323e-01 1.835354459924200543e-01 7.732618799970361056e-01 3.984193775923532826e-02 8.824437611139277734e-32 3.360736251308379073e-03
-4.904607416768076988e-01 1.835354459924093962e-01 7.732618799970129020e-01 3.984193775926879455e-02 8.922865216304319925e-32 3.360736251308145319e-03
-4.905892987790626547e-01 3.611632988422545099e-01 4.094957950266013835e-01 2.243378589656725985e-01 4.145443592016026608e-32 5.003047165471215772e-03
-4.905892987790627657e-01 3.611632988422224244e-01 4.094957950266254199e-01 2.243378589656812305e-01 5.446214882804904858e-33 5.003047165470497597e-03
-4.910029208930427047e-01 3.410741878232995683e-01 3.682273652958193977e-01 2.816645033560864486e-01 2.039092856494775054e-32 9.033943524795598479e-03
-4.910029208930428157e-01 3.410741878232972368e-01 3.682273652958382160e-01 2.816645033560700728e-01 7.261669523974799601e-32 9.033943524795222044e-03
-4.911234181422434730e-01 4.339404368670870538e-01 3.838583635120346726e-01 1.726411338075475588e-01 6.798821423384904324e-32 9.560065813333426185e-03
-4.911234181422438061e-01 4.339404368670926604e-01 3.838583635120283999e-01 1.726411338075448665e-01 8.915405264872391231e-32 9.560065813333991705e-03
-4.924924979468133235e-01 4.440406147564720518e-01 3.059328258627510566e-01 2.385488746867618914e-01 8.850849421254191929e-33 1.147768469401463931e-02
-4.924924979468134900e-01 4.440406147564746608e-01 3.059328258627504460e-01 2.385488746867605314e-01 6.805803248010071059e-33 1.147768469401445716e-02
-4.932450916580861100e-01 2.051692514097875897e-01 7.648788239934887212e-01 2.601816162942065941e-02 1.394067296266140620e-31 3.933762967303131193e-03
-4.932450916580861655e-01 2.051692514097722131e-01 7.648788239935040423e-01 2.601816162942101329e-02 1.958765989740540960e-32 3.933762967302724400e-03
-4.939413840019877822e-01 1.795454135210174940e-01 3.644957194148685797e-01 4.522550956154188229e-01 1.163289018519957518e-31 3.703771448691990046e-03
-4.939413840019880042e-01 1.795454135209433866e-01 3.644957194148533697e-01 4.522550956155111934e-01 1.943980275902898666e-32 3.703771448691445776e-03
-4.941928496284357930e-01 1.730463779301329996e-01 3.528910338517499690e-01 4.705780985541355710e-01 5.483899981197497005e-32 3.484489663981733647e-03
-4.941928496284357930e-01 1.730463779300691063e-01 3.528910338517319278e-01 4.705780985542173944e-01 1.810091302113337767e-32 3.484489663981205423e-03
-4.944980908967229194e-01 1.585668449761893362e-01 2.946006830762375461e-01 5.425773707155334691e-01 1.472011503032153154e-32 4.255101232039323368e-03
-4.944980908967230304e-01 1.585668449761891419e-01 2.946006830762213369e-01 5.425773707155500114e-01 4.807083121355061313e-32 4.255101232039302551e-03
-4.946675193114105085e-01 1.639873912076773577e-01 3.509297852966728470e-01 4.806619251961498085e-01 1.088480484952835281e-32 4.420898299499544451e-03
-4.946675193114105640e-01 1.639873912076380558e-01 3.509297852967215303e-01 4.806619251961422035e-01 1.636849348370420590e-32 4.420898299498409942e-03
-4.955748248495798203e-01 2.412570497242849665e-01 2.250308055551936415e-01 5.271093467568159774e-01 3.251330545667339841e-32 6.602797963705622775e-03
-4.955748248495799868e-01 2.412570497242514378e-01 2.250308055551911157e-01 5.271093467568520596e-01 3.298002922630222691e-32 6.602797963704878578e-03
-4.962907136390143359e-01 1.905848184461303441e-01 2.593872427828288751e-01 5.458113554863994743e-01 4.282106197633811178e-33 4.216583284640851997e-03
-4.962907136390144469e-01 1.905848184461383377e-01 2.593872427828163851e-01 5.458113554864039152e-01 1.607419747769192348e-32 4.216583284640918784e-03
-4.966455287587712153e-01 9.899293815310730715e-02 2.676163064143959325e-01 6.285746688819662253e-01 9.354974284635181500e-33 4.816086550530684213e-03
-4.966455287587712708e-01 9.899293815310958311e-02 2.676163064143988191e-01 6.285746688819615624e-01 1.163424523634010155e-32 4.816086550530782225e-03
-4.973454516872086173e-01 2.776943663867702528e-01 3.113388607673763797e-01 4.066012608882851875e-01 2.587035809034241473e-33 4.365511957567237179e-03
-4.973454516872086173e-01 2.776943663867809664e-01 3.113388607673736042e-01 4.066012608882775270e-01 3.686831494790426772e-33 4.365511957567354273e-03
-4.981805985179930119e-01 3.007344431419561870e-01 4.762143285400308734e-01 2.165082451364848948e-01 5.207208011035487929e-32 6.542983181527441128e-03
-4.981805985179930674e-01 3.007344431419572972e-01 4.762143285399847437e-01 2.165082451365299976e-01 9.015598553885276373e-33 6.542983181527853125e-03
-4.983418508014176851e-01 8.254928275221530554e-02 2.260100170539472986e-01 6.894569142167515929e-01 5.045583378931342884e-32 1.983785977086146429e-03
-4.983418508014177406e-01 8.254928275221812273e-02 2.260100170539501296e-01 6.894569142167454867e-01 1.214538076308277858e-32 1.983785977086122577e-03
-4.984019988688170866e-01 2.015111430652889168e-01 7.112266724854169331e-01 8.298178920518008150e-02 7.905327512860867262e-33 4.280395244113928931e-03
-4.984019988688171421e-01 2.015111430652886115e-01 7.112266724854318101e-01 8.298178920516546819e-02 1.748162947783679136e-32 4.280395244113791887e-03
-4.989342776536427881e-01 3.371054837328169573e-01 2.469889167575640143e-01 4.051576472686746477e-01 2.761630149853791046e-32 1.074795224094391224e-02
-4.989342776536428437e-01 3.371054837327984721e-01 2.469889167575565758e-01 4.051576472687016262e-01 4.863736239876245506e-33 1.074795224094352020e-02
-4.993199540701123706e-01 3.461183394488621112e-01 4.238189437319808683e-01 2.197787158782586459e-01 4.158249866354794226e-34 1.028400094089820457e-02
-4.993199540701123706e-01 3.461183394488737131e-01 4.238189437319671571e-01 2.197787158782607830e-01 4.844937055825784333e-32 1.028400094089841621e-02
-4.997779889951347587e-01 5.503742689359947260e-02 4.684807046744476899e-01 4.754636471725491864e-01 5.763624986876911498e-33 1.018221259404025747e-03
-4.997779889951348142e-01 5.503742689360621720e-02 4.684807046744420278e-01 4.754636471725476321e-01 9.820699078202851179e-33 1.018221259404118555e-03
-5.002601988813319966e-01 2.036908159731362356e-01 3.097014742210351113e-01 4.804894748472668398e-01 9.682130536031571172e-33 6.118234958562258387e-03
-5.002601988813319966e-01 2.036908159731347090e-01 3.097014742210336680e-01 4.804894748472692267e-01 1.411964143867872893e-32 6.118234958562228029e-03
-5.014372551051941018e-01 1.300846616916251641e-01 2.967548035481357149e-01 5.687967170174610398e-01 1.012126682520638139e-32 4.363817742778248500e-03
-5.014372551051941018e-01 1.300846616916250531e-01 2.967548035481338276e-01 5.687967170174629272e-01 4.105035885673927333e-33 4.363817742778247633e-03
-5.020118909782953498e-01 8.800273201441867199e-01 4.456634185909927326e-02 3.395305530415326095e-02 2.967784854164032203e-33 4.145328269256122466e-02
-5.020118909782954608e-01 8.800273201441872750e-01 4.456634185909463808e-02 3.395305530415648754e-02 4.182607089368621835e-33 4.145328269256135650e-02
-5.026318428360913027e-01 3.305390423028144453e-01 4.190662928084142314e-01 2.410835635056005621e-01 4.909635040103620108e-33 9.311101383170672721e-03
-5.026318428360914137e-01 3.305390423028284341e-01 4.190662928084099570e-01 2.410835635055908199e-01 3.324810537066279380e-33 9.311101383170757723e-03
-5.035137656127167682e-01 4.813509371857915276e-01 3.039339859433102253e-01 2.030677455800417031e-01 1.008019575727087455e-32 1.164733129085702978e-02
-5.035137656127167682e-01 4.813509371857925268e-01 3.039339859433112245e-01 2.030677455800393161e-01 4.575954459590117117e-32 1.164733129085697948e-02
-5.035973416566925653e-01 2.506156704399743473e-01 3.340247736273407320e-01 4.089365443188014426e-01 3.479022494195923575e-33 6.423011613884068750e-03
-5.035973416566925653e-01 2.506156704399673529e-01 3.340247736273397883e-01 4.089365443188093252e-01 3.712088477071795500e-33 6.423011613883911758e-03
-5.049605411983119074e-01 1.946847786520857770e-01 2.993830217559587115e-01 5.003557508828180289e-01 2.095393774587304198e-33 5.576448709137366358e-03
-5.049605411983120185e-01 1.946847786520812806e-01 2.993830217559586560e-01 5.003557508828232470e-01 4.001510917584966318e-32 5.576448709137428808e-03
-5.060079816876017489e-01 1.285633546156444429e-01 3.339304749686949347e-01 5.341593403162623321e-01 2.653478419782847118e-32 3.346830099399269488e-03
-5.060079816876019709e-01 1.285633546156725870e-01 3.339304749686368146e-01 5.341593403162905318e-01 1.662544998659606844e-32 3.346830099400063124e-03
-5.061305933519467670e-01 2.956782497634741214e-01 5.295589629816799260e-01 1.688491320369720494e-01 4.070483620507112365e-32 5.913655217873809572e-03
-5.061305933519468780e-01 2.956782497634811713e-01 5.295589629816881416e-01 1.688491320369568394e-01 2.605526473654818689e-32 5.913655217873882430e-03
-5.062040144559835086e-01 2.058499587404302167e-01 5.567538136570459040e-01 2.326543447099748141e-01 4.044695714574833819e-33 4.741882892549344544e-03
-5.062040144559836197e-01 2.058499587404364339e-01 5.567538136570513441e-01 2.326543447099634343e-01 2.305435622261521028e-32 4.741882892549536231e-03
-5.068474598435785961e-01 1.107483173358071449e-01 3.708969142890123916e-01 5.158322341595620308e-01 1.999570165964645305e-32 2.522534215620719084e-03
-5.068474598435787071e-01 1.107483173357957235e-01 3.708969142889513293e-01 5.158322341596326410e-01 8.393524990839802998e-32 2.522534215620479692e-03
-5.070513879520034406e-01 1.559677856302505439e-01 3.580988258693865722e-01 4.819044320164668216e-01 1.147998548589184516e-31 4.028956483895075255e-03
-5.070513879520035516e-01 1.559677856302633114e-01 3.580988258693714732e-01 4.819044320164683204e-01 8.137987360866324253e-32 4.028956483895582662e-03
-5.072123630958527141e-01 1.560745127709148028e-01 3.042274556279237485e-01 5.363111829352993354e-01 1.143978323637042381e-32 3.386848665862180960e-03
-5.072123630958527141e-01 1.560745127709354252e-01 3.042274556279130904e-01 5.363111829352902316e-01 4.197771490247026500e-32 3.386848665862642396e-03
-5.085227978989045328e-01 4.369519995179409200e-02 4.630911583001092735e-01 4.922575296529026478e-01 6.103945818716333409e-32 9.561120951941164342e-04
-5.085227978989045328e-01 4.369519995179020622e-02 4.630911583001113829e-01 4.922575296529049238e-01 3.021370435012829005e-32 9.561120951939484913e-04
-5.090178113656290693e-01 7.554543119693227227e-02 2.923370765136645288e-01 6.299998368355523848e-01 1.822270471697799531e-32 2.117655453851351004e-03
-5.090178113656292913e-01 7.554543119693307718e-02 2.923370765136749094e-01 6.299998368355421707e-01 2.200233882501407686e-32 2.117655453851486312e-03
-5.100212948551312575e-01 6.085716157871825516e-01 1.228422956663147436e-01 2.414158811341468314e-01 5.367702626288639003e-32 2.717020741235585263e-02
-5.100212948551313685e-01 6.085716157838572116e-01 1.228422956685860656e-01 2.414158811353895040e-01 5.951486636206591744e-32 2.717020741216604612e-02
-5.100369155604088656e-01 2.762865353252382805e-01 3.871322055712099197e-01 3.298269897931082051e-01 3.968754047861724088e-32 6.754269310443421215e-03
-5.100369155604089766e-01 2.762865353253682876e-01 3.871322055711227117e-01 3.298269897930575234e-01 1.386311668226554182e-32 6.754269310450983742e-03
-5.104403170950541080e-01 3.339826706384952937e-01 2.916633444825539878e-01 3.658682443187472599e-01 9.428259198218239093e-32 8.485740560201605887e-03
-5.104403170950541080e-01 3.339826706384927402e-01 2.916633444825558197e-01 3.658682443187494249e-01 9.841895615764396725e-32 8.485740560201623234e-03
-5.110831889641735959e-01 8.380152948480681235e-03 5.088637076366673284e-01 4.822368578635942149e-01 1.729353919729009282e-31 5.192815512576845916e-04
-5.110831889641735959e-01 8.380152948482551267e-03 5.088637076366662182e-01 4.822368578635936598e-01 6.120417186899964924e-32 5.192815512577227555e-04
-5.117261143336514495e-01 1.319935361055037393e-01 2.113928106009399857e-02 8.405090143045379492e-01 6.675909079961026280e-32 6.358168529865988738e-03
-5.117261143336517826e-01 1.319935361054922485e-01 2.113928106007892729e-02 8.405090143045621520e-01 1.006714065924986013e-31 6.358168529865574140e-03
-5.126965274504969861e-01 4.437462091853628388e-01 3.575618297941770551e-01 1.932362546212927357e-01 3.447183892734920276e-32 5.455706399166728587e-03
-5.126965274504970971e-01 4.437462091853474067e-01 3.575618297941872692e-01 1.932362546212996746e-01 3.082766517096512813e-32 5.455706399166718179e-03
-5.129131121608783150e-01 4.418098944877611456e-01 3.484150068829523494e-01 2.040300485049362234e-01 1.257337004223521589e-32 5.745050124350070848e-03
-5.129131121608787591e-01 4.418098944876244216e-01 3.484150068830009772e-01 2.040300485050255963e-01 1.852055676566018771e-32 5.745050124349056903e-03
-5.131721215875628683e-01 4.397260815854638905e-01 3.364289809438688605e-01 2.175701096559638503e-01 8.102999154561917698e-32 6.274827814704314610e-03
-5.131721215875630904e-01 4.397260815854839855e-01 3.364289809438746337e-01 2.175701096559367054e-01 5.189992942123349664e-32 6.274827814704923498e-03
-5.131864652839663865e-01 1.245764435763263428e-01 4.627014973982547241e-01 4.105568714286770837e-01 1.796902978001142233e-32 2.165187596742454770e-03
-5.131864652839666086e-01 1.245764435762972411e-01 4.627014973982653823e-01 4.105568714286959020e-01 7.593236699987043680e-32 2.165187596741714911e-03
-5.135780726666111518e-01 3.293733347279171886e-01 4.127703237042987250e-01 2.472691493332949131e-01 1.323536565107469865e-31 1.058719223448898600e-02
-5.135780726666111518e-01 3.293733347279153012e-01 4.127703237043020557e-01 2.472691493332937751e-01 1.967467500806527843e-31 1.058719223448901722e-02
-5.137166072452836740e-01 3.489643878859102766e-01 2.775457157902981309e-01 3.676524042425278749e-01 5.669310071362372913e-31 5.837492081262572741e-03
-5.137166072452837851e-01 3.489643878859144399e-01 2.775457157902916361e-01 3.676524042425313166e-01 2.627313821355181492e-31 5.837492081262600496e-03
-5.139471863776846616e-01 1.222637638055938947e-01 7.286902056819551110e-02 8.011970293575616520e-01 4.770625328200911319e-32 3.670186268650222489e-03
-5.139471863776851057e-01 1.222637638054663439e-01 7.286902056811224437e-02 8.011970293577719282e-01 3.828654800898371456e-32 3.670186268649650897e-03
-5.141071381610594626e-01 3.438642207944769824e-01 4.071955396769787461e-01 2.397484625653976131e-01 1.946203450119957792e-31 9.191776963147057361e-03
-5.141071381610597957e-01 3.438642207945006857e-01 4.071955396769781910e-01 2.397484625653746870e-01 2.812158852372011698e-32 9.191776963147452878e-03
-5.145702964933775991e-01 3.163412396783251701e-01 2.609399808649767172e-01 4.164616651789804780e-01 2.445898132309912404e-32 6.257114277717123856e-03
-5.145702964933777102e-01 3.163412396783795710e-01 2.609399808649579544e-01 4.164616651789448953e-01 2.165291337983777009e-32 6.257114277717747489e-03
-5.149655747571570963e-01 1.424510335532375160e-01 3.652490506198640130e-01 4.899071392939639003e-01 1.530252017941078079e-31 2.392776532934654844e-03
-5.149655747571572073e-01 1.424510335532398198e-01 3.652490506198640130e-01 4.899071392939615133e-01 1.326743155048355473e-31 2.392776532934653110e-03
-5.157935832995326209e-01 4.233992023060748067e-01 3.352014853805920791e-01 2.360040375358671005e-01 2.108900460421207153e-31 5.395274777467711988e-03
-5.157935832995327319e-01 4.233992023060930698e-01 3.352014853805946881e-01 2.360040375358457565e-01 1.906882473301157106e-31 5.395274777467914083e-03
-5.160207121766748894e-01 5.317195216868575436e-01 2.926351519704704085e-01 1.680721103218537349e-01 7.495324091905714496e-32 7.573216020818614863e-03
-5.160207121766750005e-01 5.317195216868498830e-01 2.926351519704746273e-01 1.680721103218586476e-01 5.681541019105639700e-32 7.573216020817803013e-03
-5.162907530522516941e-01 3.711695224306097440e-01 4.868499420122464616e-01 1.330789614648008046e-01 1.877084397540546809e-31 8.901574092342901326e-03
-5.162907530522516941e-01 3.711695224306250096e-01 4.868499420122370802e-01 1.330789614647935326e-01 2.452288991126600193e-31 8.901574092344153796e-03
-5.163445338790922934e-01 1.708595163781196913e-01 4.128538227749954936e-01 4.128113589593421784e-01 2.557546070728274704e-31 3.475301887542656641e-03
-5.163445338790925154e-01 1.708595163781307102e-01 4.128538227749937173e-01 4.128113589593330746e-01 2.242975960749957168e-31 3.475301887542052957e-03
-5.170365254170311564e-01 5.242604025199357753e-01 3.314755548925802375e-01 1.282301046134362021e-01 2.462165023244735188e-31 1.603393797404625148e-02
-5.170365254170312674e-01 5.242604025199608664e-01 3.314755548925771844e-01 1.282301046134123879e-01 1.900620880924575334e-31 1.603393797404844764e-02
-5.170495686752095699e-01 1.809293982969664150e-01 3.416078089656682804e-01 4.734420404659623882e-01 7.258038276488268863e-32 4.020752271401041231e-03
-5.170495686752097919e-01 1.809293982969609749e-01 3.416078089656803263e-01 4.734420404659571702e-01 5.193114602953733964e-32 4.020752271401173070e-03
-5.176048263021165718e-01 8.097477569325489677e-02 2.171961162106208765e-01 6.992807616933347514e-01 7.620053021291022624e-32 2.548346402789799722e-03
-5.176048263021167939e-01 8.097477569325613189e-02 2.171961162106254561e-01 6.992807616933286452e-01 7.858005835242918813e-32 2.548346402789916816e-03
-5.183805614852756705e-01 4.726404919870537125e-01 2.506621100720556328e-01 2.599677610876287015e-01 1.721928902063370416e-31 1.672963685326132877e-02
-5.183805614852760035e-01 4.726404919869898746e-01 2.506621100720963780e-01 2.599677610876556244e-01 4.116601372951924099e-32 1.672963685325752625e-02
-5.184491469529184382e-01 1.057151016222542539e-01 9.199199705463995125e-02 7.988839338145155011e-01 5.526469286600217462e-32 3.408967508589621533e-03
-5.184491469529186602e-01 1.057151016222308282e-01 9.199199705463251275e-02 7.988839338145470315e-01 6.991467693503172818e-32 3.408967508589246399e-03
-5.186832923301940568e-01 1.784448819916512885e-01 3.618336105789454749e-01 4.526573616108028331e-01 7.829046976892915727e-32 7.064145818598905648e-03
-5.186832923301946119e-01 1.784448819916958917e-01 3.618336105789577983e-01 4.526573616107427700e-01 7.912886931863416464e-32 7.064145818600831191e-03
-5.190820051498873378e-01 2.558565116963739672e-01 3.556174977875354304e-01 3.837175448438401304e-01 7.793585853141069659e-32 4.808445672249528346e-03
-5.190820051498876708e-01 2.558565116963293917e-01 3.556174977875462551e-01 3.837175448438758796e-01 1.291677023041115228e-31 4.808445672249465029e-03
-5.197323472236550224e-01 2.744654371575272478e-01 3.789262006347468015e-01 3.421274321838039811e-01 1.081152689713448456e-31 4.480930023921290452e-03
-5.197323472236554665e-01 2.744654371574150042e-01 3.789262006347944300e-01 3.421274321838714272e-01 1.066722561449634388e-31 4.480930023920046655e-03
-5.200262388251084555e-01 2.138719624437190880e-01 3.119134622524308842e-01 4.685270039767802652e-01 8.780934271684967278e-32 5.687571327070366223e-03
-5.200262388251086776e-01 2.138719624437394606e-01 3.119134622524263323e-01 4.685270039767629457e-01 1.374465361646020600e-31 5.687571327070489388e-03
-5.213220572360960370e-01 1.850739247476587412e-01 8.016165161500838909e-01 1.011181736924783060e-02 2.055754877109629725e-31 3.197741733009803501e-03
-5.213220572360961480e-01 1.850739247476582972e-01 8.016165161500842240e-01 1.011181736924720090e-02 4.551014892552834528e-31 3.197741733009738883e-03
-5.215032710286292561e-01 1.893338707904970719e-01 3.129577550414691656e-01 4.934223475601240971e-01 4.359569222671823406e-32 4.286026607908700881e-03
-5.215032710286293671e-01 1.893338707904932972e-01 3.129577550414725517e-01 4.934223475601245412e-01 1.057304156703703130e-31 4.286026607908778076e-03
-5.221452066580046791e-01 4.351895513875705390e-01 3.271762717729340131e-01 2.172659286146540469e-01 2.900002099605280348e-31 2.036824822484022482e-02
-5.221452066580047902e-01 4.351895513875849719e-01 3.271762717729357339e-01 2.172659286146373936e-01 1.382049918806643149e-31 2.036824822484110953e-02
-5.232202821307082585e-01 2.638978658091401530e-01 3.454240704221472336e-01 3.846551140854421735e-01 1.169073547049581411e-31 6.022949683270859694e-03
-5.232202821307082585e-01 2.638978658091661877e-01 3.454240704220895575e-01 3.846551140854717610e-01 1.084937836873981814e-31 6.022949683272623041e-03
-5.233058935884197238e-01 2.070044068200430076e-01 3.453860363486098706e-01 4.441779356492533970e-01 9.738739088900131787e-31 3.431621182093216524e-03
-5.233058935884199458e-01 2.070044068200430076e-01 3.453860363485854457e-01 4.441779356492782105e-01 5.548104054404553293e-31 3.431621182093272035e-03
-5.234637256598143606e-01 1.949853758731074915e-01 3.521520938989539107e-01 4.388432451566598447e-01 7.047066480321588539e-32 1.401928507127805576e-02
-5.234637256598144717e-01 1.949853758731200926e-01 3.521520938989064486e-01 4.388432451566945391e-01 1.197691093605857851e-31 1.401928507127844434e-02
-5.240948228867929881e-01 1.741594300269138085e-01 7.017600204440235245e-01 1.209066077025879732e-01 7.431092952097853351e-32 3.173941826475320908e-03
-5.240948228867934322e-01 1.741594300269159457e-01 7.017600204440235245e-01 1.209066077025852115e-01 8.646655977536780210e-32 3.173941826475312235e-03
-5.246090767386801801e-01 1.563925945960059904e-01 3.353448992165345977e-01 5.045182437846631451e-01 2.471176936409243270e-31 3.744262402796804529e-03
-5.246090767386802911e-01 1.563925945960404351e-01 3.353448992165896092e-01 5.045182437845727730e-01 1.489301299779864765e-31 3.744262402797501887e-03
-5.249438863125832633e-01 1.500087305357477585e-01 2.105110120236080573e-01 6.328950860418705027e-01 1.978796267698713485e-31 6.585171398774082238e-03
-5.249438863125834853e-01 1.500087305357626355e-01 2.105110120235842430e-01 6.328950860418773861e-01 6.855678843790964966e-31 6.585171398775145624e-03
-5.255684740859163373e-01 1.690175722481109810e-01 3.603115881289102318e-01 4.656663308082856778e-01 2.024062792206046441e-31 5.004508814693880460e-03
-5.255684740859167814e-01 1.690175722481568332e-01 3.603115881289204459e-01 4.656663308082274466e-01 1.947663004451796607e-31 5.004508814695535386e-03
-5.259801682488287611e-01 2.314085145166872859e-01 4.247492567287030618e-01 3.367092366114787239e-01 2.671949478562433796e-31 7.132992143131122731e-03
-5.259801682488289831e-01 2.314085145166537849e-01 4.247492567287063370e-01 3.367092366115099766e-01 2.589933024711868786e-31 7.132992143129735819e-03
-5.263414507581065660e-01 3.429245055397877051e-01 3.363957637187903194e-01 3.148746047280480687e-01 4.319247263637916757e-31 5.805126013373931165e-03
-5.263414507581065660e-01 3.429245055397908137e-01 3.363957637187898753e-01 3.148746047280452376e-01 3.683087893313811422e-31 5.805126013374126322e-03
-5.271630978146766289e-01 2.736884218269916569e-01 2.687317840559289017e-01 4.466196443121524529e-01 6.533267290215065006e-32 1.096014980492684109e-02
-5.271630978146767399e-01 2.736884218270020930e-01 2.687317840559297344e-01 4.466196443121403514e-01 7.054176223075316133e-32 1.096014980492739793e-02
-5.276569972414300036e-01 1.888698027831274273e-01 5.234592911434476914e-01 2.814900369183310769e-01 3.675006318252719306e-31 6.180869155095386480e-03
-5.276569972414302256e-01 1.888698027831260118e-01 5.234592911434435836e-01 2.814900369183383488e-01 3.585978671573055291e-31 6.180869155095547809e-03
-5.286326114202271054e-01 2.251306343521648490e-01 2.625817946470435649e-01 5.039570725712623211e-01 1.883423919674447938e-31 8.330498429530276347e-03
-5.286326114202271054e-01 2.251306343521746745e-01 2.625817946470431763e-01 5.039570725712515520e-01 1.212959451164771906e-31 8.330498429530389104e-03
-5.289916305987503176e-01 1.992711092299956632e-01 4.780729378828491027e-01 3.192974133789873714e-01 3.602275821873388718e-31 3.358539508166680839e-03
-5.289916305987505396e-01 1.992711092301741871e-01 4.780729378829175480e-01 3.192974133787372382e-01 9.422958476605740225e-32 3.358539508170556211e-03
-5.291354072395939578e-01 1.178325837538669596e-01 4.928373924877242906e-01 3.870913357209561090e-01 1.215466740932242383e-31 2.238688037452807745e-03
-5.291354072395944019e-01 1.178325837538287818e-01 4.928373924877103018e-01 3.870913357210092887e-01 1.163487605199895151e-31 2.238688037451985486e-03
-5.296600935588127168e-01 2.056562225234318531e-01 6.004277263444520729e-01 1.898330593295598223e-01 4.919346379508626009e-31 4.082991802556749580e-03
-5.296600935588127168e-01 2.056562225234395691e-01 6.004277263444723900e-01 1.898330593295303181e-01 4.176061674126230079e-31 4.082991802557174588e-03
-5.298985361377562819e-01 9.987301909343630768e-02 4.019165145527957561e-01 4.960473791633982499e-01 1.743275677377888473e-31 2.163087190367326239e-03
-5.298985361377567260e-01 9.987301909347441609e-02 4.019165145527457406e-01 4.960473791634131824e-01 3.692913957883235292e-31 2.163087190367609866e-03
6.486554464646002716e-01 8.102739505643025403e-30 8.137491095179200160e-30 7.252035875243204538e-30 9.999999999999984457e-01 1.688965695479128971e-27
6.486554464646002716e-01 1.195809360174644140e-30 1.200875316307128913e-30 1.070093004784905106e-30 1.000000000000000666e+00 2.492564543123203643e-28
