-6.127750489587645982e-03 2.016380915446841287e-04 1.733181777897306987e-03 9.936753027087757983e-01 9.664361032564137136e-33 4.389877421785940738e-03
-6.127750489587907058e-03 2.016380915446814995e-04 1.733181777897270341e-03 9.936753027087762424e-01 1.254275249782572949e-32 4.389877421785945942e-03
-8.048824077775481797e-03 5.884311168739242122e-04 2.700466309883652050e-03 9.932571863208040641e-01 4.863876040876401991e-32 3.453916252445860674e-03
-8.048824077775733332e-03 5.884311168739183575e-04 2.700466309883623427e-03 9.932571863208021767e-01 4.654812012755698283e-32 3.453916252445860240e-03
-1.142944957899842337e-02 9.474320630500722212e-04 3.614893043894243374e-03 9.930156898349072891e-01 4.992345813269802175e-33 2.421985058154054685e-03
-1.142944957899865929e-02 9.474320630500638728e-04 3.614893043894224292e-03 9.930156898349028483e-01 1.672520065509333008e-32 2.421985058154047746e-03
-1.639978855232038235e-02 1.151909609429457209e-03 4.184254727552064700e-03 9.930859668228507742e-01 2.250511487263793726e-32 1.577868840171578425e-03
-1.639978855232052460e-02 1.151909609429453306e-03 4.184254727552082914e-03 9.930859668228493309e-01 3.555110549343532446e-32 1.577868840171573438e-03
-2.001731430067142312e-02 9.911808160874436419e-04 1.964074135157145226e-02 9.663165144681886698e-01 1.628997813767295746e-32 1.305156336415315595e-02
-2.001731430067172496e-02 9.911808160874336672e-04 1.964074135157138634e-02 9.663165144681894470e-01 2.233525477582873143e-32 1.305156336415317850e-02
-2.085384609460250172e-02 2.270418609677726882e-03 2.047697318209971279e-02 9.669048546083479634e-01 2.589435834107274234e-32 1.034775359987529647e-02
-2.085384609460276539e-02 2.270418609677698259e-03 2.047697318209964340e-02 9.669048546083474083e-01 1.692343103622123366e-32 1.034775359987530514e-02
-2.287527676686146663e-02 3.369183586961014935e-03 2.048819205574557711e-02 9.685476340124224981e-01 4.451157016361395943e-32 7.594990344871980180e-03
-2.287527676686160194e-02 3.369183586960993251e-03 2.048819205574556324e-02 9.685476340124219430e-01 1.429294901546170369e-31 7.594990344871997527e-03
-2.302842127286143514e-02 1.217731069461232447e-03 4.363635743036313290e-03 9.934116451725392150e-01 8.791624418658166323e-32 1.006988014963688602e-03
-2.302842127286164331e-02 1.217731069461224424e-03 4.363635743036394822e-03 9.934116451725392150e-01 8.175838955106403504e-32 1.006988014963672339e-03
-2.645584656163341500e-02 4.053559719999405564e-03 1.988601835145881874e-02 9.708598268344246218e-01 2.683208717678846914e-32 5.200595094118552059e-03
-2.645584656163355031e-02 4.053559719999392554e-03 1.988601835145882568e-02 9.708598268344230675e-01 1.188990185886365639e-32 5.200595094118541650e-03
-3.127042531880996901e-02 1.355233543233558356e-03 6.770500925981443041e-03 9.910434494012270168e-01 2.043486426517877365e-31 8.308161295587567982e-04
-3.127042531881008697e-02 1.355233543233803819e-03 6.770500925983588027e-03 9.910434494012241302e-01 2.258058893152956409e-31 8.308161295590135373e-04
-9.958521070223839977e-02 5.299145782329216930e-03 3.437443737322128934e-01 6.439363319094268956e-01 6.095905050347574280e-35 7.020148576030670572e-03
-9.958521070223844140e-02 5.299145782329220400e-03 3.437443737322126158e-01 6.439363319094274507e-01 3.607474709195854183e-34 7.020148576030681847e-03
5.559955208360461976e-01 3.811010249758427816e-31 5.038588290392249455e-31 6.570273888285729999e-31 1.000000000000001110e+00 1.504473861324530215e-30
5.559955208360465306e-01 3.318794952047888062e-31 4.671011352169989798e-31 6.502301985830333831e-31 9.999999999999988898e-01 2.235260769612986751e-30
5.577554287567433322e-01 3.137851025126175989e-31 5.255673748273509337e-31 6.665417900545935773e-31 1.000000000000000222e+00 1.109108280620908547e-30
5.577554287567436653e-01 3.754109901011251483e-31 4.705032440689876665e-31 6.159482355682682245e-31 9.999999999999993339e-01 3.060401534839263062e-30
5.586560075689355198e-01 3.202963369182703580e-31 4.010331942864516146e-31 8.256647045124826472e-31 1.000000000000000000e+00 2.303728472307026944e-30
5.586560075689367411e-01 3.448662481642191469e-31 3.676181206073249900e-31 4.628197879114813784e-31 1.000000000000001110e+00 9.527034656655963082e-31
5.589980149983071467e-01 2.411835910668744916e-31 3.060028372690561852e-31 8.224476367329805878e-31 1.000000000000000444e+00 2.247569406987687158e-30
5.589980149983081459e-01 1.491323205342372668e-31 2.325619311982592397e-31 5.107685825628388000e-31 9.999999999999992228e-01 1.186264318700434607e-30
5.615038707874877577e-01 4.444744755946628303e-31 6.079531540210207176e-31 1.720061255337574412e-30 9.999999999999984457e-01 2.790291137123051239e-30
5.615038707874882018e-01 1.806008744486103560e-31 2.623933839631360027e-31 7.560127778154126868e-31 1.000000000000001110e+00 2.199094673386412024e-30
5.616611814605648734e-01 3.544234179987199787e-31 3.596017498631261345e-31 5.791008693921459634e-31 9.999999999999993339e-01 2.812829475306711330e-30
5.616611814605656505e-01 2.365847429975050806e-31 3.198560203825589156e-31 7.502071542000929168e-31 1.000000000000000888e+00 1.818215861077276520e-30
5.621667545887231165e-01 2.023874856940907596e-31 2.245887199288711034e-31 3.759263360143444454e-31 9.999999999999993339e-01 2.443940752601959981e-30
5.621667545887242268e-01 2.521692708306152136e-31 3.421285092771972132e-31 5.521761329157916080e-31 1.000000000000000444e+00 6.448505869249379780e-31
5.634700677721610207e-01 5.069493966475677189e-31 7.229677384591321738e-31 1.218496498552975664e-30 9.999999999999993339e-01 3.079685571929260503e-30
5.634700677721615758e-01 1.239501710627818987e-31 1.220270050591536874e-31 2.542646533746374806e-31 1.000000000000003109e+00 1.750578971648641823e-30
5.660779061915069965e-01 1.477995404512253699e-31 2.036127795316633950e-31 3.058952175255648433e-31 9.999999999999995559e-01 1.968192413999970313e-30
5.660779061915073296e-01 2.888949729129335942e-31 3.418752687625565019e-31 4.532512259896940113e-31 9.999999999999997780e-01 2.418964319012053962e-30
5.693925417095100361e-01 2.435061374235136957e-31 4.296867659715920436e-31 5.832823646189709874e-31 1.000000000000000222e+00 1.933726374838386327e-30
5.693925417095101471e-01 3.521958966513250467e-31 5.319673893980134669e-31 6.967960588764773684e-31 1.000000000000000222e+00 2.024651737837441604e-30
5.714731098849572533e-01 1.770782632318832866e-31 1.848134628030455486e-31 2.285774341151891327e-31 1.000000000000000444e+00 2.390638598252061535e-30
5.714731098849585855e-01 2.385435211395991045e-31 3.161831088874116989e-31 5.279779428389761441e-31 1.000000000000001776e+00 2.262150915265575507e-30
5.725693830749406521e-01 2.139162990060283979e-31 2.225255786162386602e-31 4.580341521622866211e-31 1.000000000000001332e+00 1.047795789158295734e-30
5.725693830749410962e-01 3.169088351241746667e-31 3.492068790712763879e-31 4.100911602138569745e-31 9.999999999999993339e-01 2.106932666440910990e-30
5.726146609063459403e-01 2.164674712375718277e-31 2.801271195359636581e-31 6.034847186973214245e-31 1.000000000000000888e+00 7.348627885615830116e-31
5.726146609063467174e-01 3.532354447840404687e-31 4.071779322704315260e-31 5.526467030680555476e-31 9.999999999999991118e-01 2.029033767534392736e-30
5.733012203884891855e-01 1.659951629789567428e-31 2.019356216885851093e-31 3.878147431854358886e-31 1.000000000000000888e+00 2.361097985660695359e-30
5.733012203884892966e-01 3.151483591154340447e-31 3.146392877244914461e-31 4.333201502213003637e-31 1.000000000000000444e+00 2.314235377005473321e-30
5.749925342032995434e-01 2.600941738251434657e-31 2.828227303639593126e-31 5.065403698179829117e-31 1.000000000000000444e+00 2.326436808205653730e-30
5.749925342033003206e-01 1.243526266047334389e-31 1.474584889468557713e-31 1.936522202324575482e-31 9.999999999999993339e-01 1.693119116103995304e-30
5.776842623567093327e-01 2.039094462755863045e-31 2.277778612117966947e-31 3.667315438784676489e-31 9.999999999999993339e-01 1.388520829636547593e-30
5.776842623567096657e-01 2.707732173628725838e-31 3.635892624141527199e-31 5.752361778362065386e-31 1.000000000000000222e+00 1.849901834571493230e-30
5.813121740233477830e-01 3.038755413118828389e-31 5.338933054225290144e-31 9.583309892031344191e-31 1.000000000000000666e+00 2.933922426696172561e-30
5.813121740233484491e-01 2.464779904787815395e-31 5.097953221357076155e-31 1.147020011281630532e-30 1.000000000000001332e+00 1.604943555373470689e-30
5.820199952824177680e-01 2.584402452187135365e-31 2.886793085006022572e-31 5.016488446233670044e-31 1.000000000000000666e+00 2.462113748902782581e-30
5.820199952824181011e-01 1.730799277061409866e-31 2.235923471679945958e-31 2.945017842920069724e-31 1.000000000000000000e+00 3.116326325760683127e-30
5.843258282025564077e-01 8.788621923535044907e-32 1.403719299725637507e-31 3.568687946278081620e-31 9.999999999999997780e-01 9.736627292110518091e-31
5.843258282025568517e-01 2.242600725554472544e-31 2.076500146343176625e-31 2.422277288301174155e-31 1.000000000000001110e+00 2.405961047931158977e-30
5.847053547178853172e-01 1.883202332481655683e-31 1.594733671651911406e-31 3.199354441474065539e-31 1.000000000000000444e+00 2.099353530816618852e-30
5.847053547178858723e-01 1.069870394033084237e-31 1.691214670612979553e-31 2.064124723456845766e-31 1.000000000000000666e+00 1.627968922258326029e-30
5.871908422448867126e-01 1.826635691172415019e-31 1.903853485453509106e-31 3.009916244465220432e-31 1.000000000000000444e+00 1.919954513762763639e-30
5.871908422448873788e-01 6.282772256520458982e-32 1.048594727343493755e-31 2.481446251911163363e-31 9.999999999999973355e-01 6.830332199179243439e-31
5.891149311116861131e-01 2.666377891462948977e-31 3.211639596701627591e-31 5.795677959080843185e-31 9.999999999999998890e-01 1.844835303494816784e-30
5.891149311116867793e-01 1.428903252332919873e-31 1.786966138510596010e-31 2.309672977392077236e-31 1.000000000000001110e+00 8.546828347222443486e-31
5.912377101175423366e-01 3.594666084870357831e-31 6.373897610030900650e-31 1.221099065497890501e-30 1.000000000000000888e+00 3.601855319962584775e-30
5.912377101175425587e-01 1.739145435795138271e-31 2.353550146917279018e-31 7.512552279169924548e-31 1.000000000000000888e+00 1.254500240100969916e-30
5.916507014324896563e-01 1.436178692329297500e-31 1.764669945572225921e-31 2.692248706161602641e-31 1.000000000000000222e+00 1.890677954663331287e-30
5.916507014324896563e-01 1.154981798610969351e-31 1.323339814442043074e-31 3.309001815508984177e-31 1.000000000000000222e+00 1.408505612166603557e-30
5.925295945150779175e-01 7.690246201971402027e-32 1.030542263514487133e-31 1.298486510697324265e-31 9.999999999999962252e-01 1.246763946290178813e-30
5.925295945150780286e-01 1.871121222672421466e-31 2.202229627869158158e-31 2.517767646804453670e-31 9.999999999999995559e-01 2.748408654479078852e-30
5.967833535511919418e-01 9.012500539910059417e-32 1.032464586012116397e-31 1.801403713782065052e-31 1.000000000000001776e+00 1.371188094389838548e-30
5.967833535511924969e-01 1.753283260674953929e-31 1.902935670823431964e-31 2.240502532553442972e-31 1.000000000000000222e+00 1.225352703425669405e-30
6.010345634255237490e-01 1.373704522135885835e-31 1.370651099748640590e-31 1.789390186067463574e-31 1.000000000000000222e+00 3.103913050902488979e-30
6.010345634255249703e-01 7.225830983739727581e-32 6.972561364465245205e-32 1.096390533270608203e-31 9.999999999999996669e-01 1.631032840268218314e-30
6.011494123016031255e-01 7.917779748203012088e-32 1.172416825646084453e-31 2.466298172466834026e-31 9.999999999999996669e-01 7.611694060070973908e-31
6.011494123016041247e-01 9.424986157070297539e-32 1.129014713270275493e-31 1.928185214202917876e-31 9.999999999999991118e-01 1.694309523779780581e-30
6.011654147170431006e-01 3.837367760798574193e-32 1.005939141606708199e-31 1.781353125351187008e-31 9.999999999999998890e-01 6.441341264756963949e-31
6.011654147170432116e-01 1.076204951124233877e-31 1.344242335523401325e-31 2.574659420491369757e-31 9.999999999999994449e-01 2.275143858091725478e-30
6.025062397613393239e-01 1.740684858029396063e-31 3.276317623769547634e-31 8.122618077182928461e-31 1.000000000000002665e+00 7.848509506776725383e-31
6.025062397613396570e-01 2.986403461858605841e-31 3.625839490349690585e-31 4.307695764277417105e-31 1.000000000000000666e+00 1.036690131938904448e-30
6.089564009849345316e-01 1.406340949201397902e-31 2.117016579809186321e-31 3.463234476338336339e-31 1.000000000000000888e+00 1.178850349865563102e-30
6.089564009849347537e-01 2.073525242650184378e-31 1.989379917380259698e-31 2.781574441113361887e-31 9.999999999999996669e-01 1.081706360518110550e-30
6.093952103434172596e-01 1.299037737601459657e-31 1.614673888003663795e-31 2.656079246930819077e-31 9.999999999999997780e-01 3.632571936272218507e-30
6.093952103434177037e-01 5.725744994005704745e-32 7.738984109060607487e-32 1.297998421304317304e-31 1.000000000000000222e+00 4.308254437144160896e-31
6.097876376278001942e-01 3.007626941508699978e-31 3.971271366757636164e-31 4.410111127715371336e-31 1.000000000000000222e+00 1.039133694851281322e-30
6.097876376278004162e-01 1.625098417454496461e-31 2.678131114720505974e-31 4.537954924539666645e-31 9.999999999999994449e-01 1.056347662015327631e-30
6.099751851010334347e-01 7.546532974305919725e-32 7.490150494307462855e-32 9.526591571999685039e-32 9.999999999999994449e-01 1.204297571681510366e-30
6.099751851010337678e-01 8.876927099502676040e-32 1.779333742727713463e-31 4.873403158171484986e-31 9.999999999999981126e-01 6.588434844894155779e-31
6.105564689604557893e-01 6.588465443246306784e-32 7.605118195805482629e-32 8.299891951494679805e-32 1.000000000000000666e+00 8.539694418877090287e-31
6.105564689604561224e-01 9.663017293573591104e-32 1.036656108094075921e-31 1.357133533371083206e-31 1.000000000000000444e+00 7.513116959270225322e-31
6.182805433844683618e-01 2.495097584903525775e-31 2.761256199031666679e-31 3.465858948483032565e-31 1.000000000000000888e+00 1.229927605185187403e-30
6.182805433844686949e-01 1.279230875349780351e-31 1.115337665835827450e-31 1.032017342098311594e-31 9.999999999999976685e-01 8.542498116275546618e-31
6.185007589663324978e-01 1.955086454023701505e-31 2.617056037992660093e-31 3.159741099426165370e-31 1.000000000000000444e+00 1.169319448092911074e-30
6.185007589663324978e-01 1.738011271277032144e-31 3.078591556763698288e-31 4.610808503574330304e-31 9.999999999999990008e-01 5.911654907847254241e-31
6.195336586403390466e-01 6.899766259699601835e-32 9.109944298414160481e-32 1.018933307942741466e-31 9.999999999999997780e-01 5.404435024903063177e-31
6.195336586403391577e-01 3.307784959582708524e-31 2.557293896783702492e-31 2.757187231051668907e-31 1.000000000000000222e+00 2.181398577826761425e-30
6.207416637718616848e-01 4.406773715457754850e-32 5.794332041768637594e-32 7.522762285063256215e-32 9.999999999999986677e-01 4.847092706417140249e-31
6.207416637718622399e-01 1.867867974328806199e-31 1.728809397442083006e-31 2.437221817835545447e-31 9.999999999999996669e-01 1.280053071954297219e-30
6.208878041192187336e-01 6.473210444364208245e-32 6.587174916461832877e-32 7.901031122973802693e-32 1.000000000000000666e+00 3.665286171701550567e-31
6.208878041192190667e-01 3.235946974376508579e-31 4.092421979920056172e-31 4.446522321065456753e-31 9.999999999999993339e-01 2.270281598487540783e-30
6.213148426572555616e-01 1.779761552427436678e-31 1.366018738195666416e-31 1.454825288730121721e-31 9.999999999999987788e-01 1.322187975300453023e-30
6.213148426572555616e-01 5.367508501385987413e-32 4.915980368570101677e-32 5.523876312516362654e-32 1.000000000000001332e+00 6.701394944153103085e-31
6.216208370143606610e-01 5.131560155367749732e-32 6.509835927692161931e-32 9.286142325961029085e-32 1.000000000000001332e+00 1.500522250380669378e-30
6.216208370143608830e-01 3.331617441503522850e-31 3.209065061489215784e-31 3.331728194685429598e-31 1.000000000000000888e+00 9.773090623073628068e-31
6.238885606070380119e-01 1.006728522773007742e-31 8.129276705591841506e-32 8.182726397876921130e-32 9.999999999999991118e-01 1.692242540538605164e-30
6.238885606070383449e-01 5.306073415316260794e-32 5.815707518331283409e-32 7.303456147575092622e-32 1.000000000000001776e+00 4.312406666794681811e-31
6.245400592962556674e-01 6.263207873282953180e-32 1.322369070835279191e-31 1.955762829979496802e-31 1.000000000000000000e+00 8.851685453961886799e-31
6.245400592962557784e-01 1.079761027535422244e-31 1.207987764433037336e-31 1.692005699641421268e-31 9.999999999999988898e-01 1.489145595973654552e-30
6.268928907139863504e-01 4.333707556214187342e-32 7.562571905572866141e-32 2.066340765668439118e-31 9.999999999999998890e-01 9.451565504210387219e-31
6.268928907139865725e-01 8.374243827196482216e-32 7.210049619019741365e-32 8.815655730905437359e-32 9.999999999999993339e-01 1.057582908648663203e-30
6.282885013269996488e-01 3.489549730781722697e-32 3.237892153541214294e-32 3.467091944223752353e-32 1.000000000000000222e+00 6.278680059180785855e-31
6.282885013269999819e-01 1.121892327523198029e-31 1.164818848450671290e-31 2.197820110950361359e-31 1.000000000000001332e+00 2.250985011326334581e-30
6.289330570624241945e-01 2.897658922033617542e-32 7.138561678262493187e-32 1.692226742186175268e-31 9.999999999999992228e-01 2.109555925519072866e-30
6.289330570624247496e-01 7.763444362536406796e-32 8.668746034832785233e-32 9.780266518766760484e-32 1.000000000000000000e+00 1.342497084128598590e-30
6.302137595443274565e-01 7.300715065867424738e-32 6.516859583505913340e-32 6.873414874001426904e-32 1.000000000000000000e+00 1.426826209174700448e-30
6.302137595443280116e-01 3.640370198584281762e-32 5.495021348939853291e-32 1.269707126136347753e-31 1.000000000000001998e+00 5.670466709182417439e-31
6.316951432176426406e-01 1.130853770149717367e-31 8.501961048826814744e-32 9.216689262713902952e-32 1.000000000000000000e+00 9.782437416398177399e-31
6.316951432176427517e-01 9.728619430767610314e-32 9.384260799760318241e-32 9.686148234512590480e-32 1.000000000000000222e+00 8.639017869176515699e-31
6.328625367310191097e-01 6.873145877650562749e-32 1.081356746330280557e-31 1.994831629883668801e-31 1.000000000000001332e+00 7.400219810801805068e-31
6.328625367310194427e-01 1.433239745049336312e-31 1.032605085497162946e-31 1.108902285097722705e-31 9.999999999999997780e-01 1.538935076740911679e-30
6.351589261955222776e-01 3.069689811425264523e-31 2.061857626236245464e-31 2.059969313202838802e-31 1.000000000000000444e+00 2.533365516866058159e-30
6.351589261955223886e-01 3.140155819429384105e-32 4.703465288795089328e-32 6.675275606535992284e-32 1.000000000000000222e+00 2.821915370189141957e-31
6.382577404244693664e-01 1.602278736937999673e-32 2.407549410266208600e-32 3.992503666559895126e-32 9.999999999999980016e-01 3.502621778278907909e-31
6.382577404244693664e-01 1.208604886075651516e-31 1.353259404509814992e-31 1.516649249131075299e-31 9.999999999999998890e-01 6.767340290416391336e-31
6.385100197769842945e-01 3.222912180732217787e-32 4.976415597619044170e-32 6.973360896396626978e-32 9.999999999999992228e-01 1.713440763155384910e-31
6.385100197769844055e-01 6.893015482067408633e-32 5.113220656735962016e-32 5.169912649012653838e-32 9.999999999999997780e-01 5.400823313870228641e-31
6.411680833509497690e-01 1.247168194903423981e-31 1.313967704682195339e-31 1.358354675544432301e-31 1.000000000000000000e+00 6.347868785374463795e-31
6.411680833509497690e-01 4.159713592599623091e-32 4.133862502486945373e-32 4.182006925228706059e-32 9.999999999999995559e-01 3.622269921146961912e-31
6.421333918581654254e-01 5.335906688069067490e-32 6.453971663997504467e-32 7.991440973396402745e-32 1.000000000000000444e+00 7.035280309909491764e-31
6.421333918581655364e-01 1.477697489901232583e-32 1.610164651480064691e-32 1.906946521947474104e-32 1.000000000000001776e+00 1.936558757029394375e-31
6.434063105138531080e-01 9.276092815787809219e-32 9.823133246976105127e-32 9.821397380767910386e-32 1.000000000000001776e+00 2.246666570252233878e-31
6.434063105138531080e-01 2.504243237442290600e-32 2.804635085078159010e-32 2.816575117220204027e-32 9.999999999999991118e-01 1.228177047533699061e-30
6.444688928962203356e-01 1.475061532127491852e-32 1.334582573947127458e-32 1.316013292002359735e-32 9.999999999999997780e-01 1.949277996666401204e-31
6.444688928962203356e-01 1.983386233541625590e-32 1.902498282391333214e-32 1.988534225708621510e-32 1.000000000000000444e+00 6.404940217813811091e-31
6.454428182242437639e-01 6.375342724285750826e-33 5.813350942320887191e-33 5.617739803558290852e-33 1.000000000000000444e+00 1.478870019109189841e-31
6.454428182242437639e-01 1.121796001206333394e-32 9.690210317221917096e-33 9.785366968095867767e-33 1.000000000000000444e+00 4.907838199383306923e-31
6.486276351536546247e-01 4.733374902856407954e-03 4.753949474818177333e-03 4.232013568170966619e-03 3.414448327163363463e-27 9.862806620541541003e-01
6.486276351536547358e-01 4.733374902856405352e-03 4.753949474818173863e-03 4.232013568170962282e-03 5.502688316382711860e-28 9.862806620541537672e-01
6.486554464646002716e-01 5.637317379715161132e-31 5.696296723785452121e-31 5.125255662008583316e-31 1.000000000000000222e+00 1.086578009899454731e-28
6.486554464646002716e-01 1.550180618893879809e-31 1.542115630861100375e-31 1.388414691375735330e-31 9.999999999999995559e-01 2.831379250732126909e-29
6.514899852573968753e-01 4.132448618109581695e-32 3.695358918991646227e-32 3.620184916304448756e-32 1.000000000000000000e+00 1.201681592867095003e-30
6.514899852573969863e-01 1.385621252745987505e-32 1.270144035034352296e-32 1.206202129792136658e-32 9.999999999999997780e-01 7.144629855026395110e-32
6.515504381126102640e-01 3.676833764343407696e-32 3.796414013112433020e-32 3.930191764004689429e-32 1.000000000000000222e+00 1.245125190321468790e-30
6.515504381126102640e-01 1.505369713893683698e-32 1.699600239777655289e-32 1.800726114493090830e-32 1.000000000000000444e+00 3.374131024791150171e-31
6.524646257479664868e-01 2.134480172279151188e-32 2.156739534613154179e-32 2.201719997633842149e-32 9.999999999999998890e-01 7.505317547516894613e-31
6.524646257479664868e-01 2.236266809586759147e-33 2.253266986203292141e-33 2.385897467833343635e-33 9.999999999999996669e-01 6.456507097724876075e-32
6.538254172934374608e-01 6.401679455654805802e-33 5.579248885964110119e-33 4.932749114238609589e-33 9.999999999999997780e-01 3.736227874861019053e-31
6.538254172934374608e-01 1.053892303084887452e-32 8.385721094476844858e-33 8.421809021931644144e-33 1.000000000000000222e+00 4.967472746036116751e-31
6.558638358624883091e-01 5.539732885022206665e-32 6.805718757572555358e-32 8.072534907416126447e-32 9.999999999999995559e-01 5.381890227708809401e-31
6.558638358624883091e-01 3.504317005325641846e-32 3.853575003759816374e-32 4.459959494071348747e-32 9.999999999999995559e-01 4.867493312666234460e-31
6.593142250545893646e-01 3.995584046789620653e-32 5.288173674817134056e-32 6.046735786084666207e-32 1.000000000000001110e+00 9.340662990487489025e-31
6.593142250545894756e-01 5.944940297515051984e-32 6.232096897381073101e-32 6.502997867095745599e-32 9.999999999999993339e-01 2.920826883212488075e-31
6.619866325518599659e-01 7.598145735685612648e-32 5.660630728929309282e-32 5.744844053100995013e-32 1.000000000000000222e+00 7.641859600002023479e-31
6.619866325518600769e-01 4.515212202054413372e-32 7.092205121171231524e-32 9.330172811822051890e-32 9.999999999999994449e-01 3.884415674426355543e-30
6.634700704264480109e-01 3.164177398445439897e-32 3.447655325111261570e-32 4.586124184538762117e-32 1.000000000000000888e+00 6.749737451739647761e-31
6.634700704264482329e-01 3.226596863525457140e-31 2.450029259986301232e-31 2.552614264664118642e-31 9.999999999999995559e-01 5.358473636403830029e-30
6.645882376588682083e-01 2.342023594564047661e-32 3.554312420927067937e-32 4.431007872701925796e-32 1.000000000000000666e+00 1.596632594535648717e-30
6.645882376588683194e-01 3.638154527277056625e-31 2.559613565383233082e-31 2.677025706699756219e-31 1.000000000000000222e+00 5.337927246640300411e-30
6.679340428411145725e-01 2.773513509186618452e-31 3.326330764008878796e-31 4.045325024453157656e-31 9.999999999999995559e-01 1.770990632217715763e-29
6.679340428411149055e-01 3.264565850234958275e-31 4.866952949253868175e-31 7.403761942585306244e-31 1.000000000000000888e+00 1.317341929149402225e-29
6.689357256963310849e-01 3.510507167014294796e-30 7.036157152217948259e-30 9.831469896219122897e-30 9.999999999999984457e-01 6.130533976660033081e-28
6.689357256963314180e-01 2.848062006832483275e-31 2.928188600945942236e-31 3.435884848223241612e-31 9.999999999999995559e-01 1.819362086785614615e-29
6.690556674123296910e-01 1.764667672256917141e-30 3.554084337931416353e-30 4.982996102550654301e-30 1.000000000000000666e+00 3.079134977301262995e-28
6.690556674123299130e-01 3.736904784369234957e-31 4.158671142271111492e-31 5.294078083940522684e-31 1.000000000000004885e+00 2.773222957428244803e-29
6.698199364984291915e-01 1.743748505290057469e-29 3.534379714243955994e-29 4.989111388110083641e-29 1.000000000000000222e+00 3.098143389660860849e-27
6.698199364984295245e-01 1.059204807253243118e-29 2.164302312647543309e-29 3.054666173008588219e-29 9.999999999999997780e-01 1.895309286864575790e-27
6.704011154770186387e-01 3.226401108126245446e-29 6.550431067393956495e-29 9.248426131183224915e-29 9.999999999999998890e-01 5.744233608284771216e-27
6.704011154770188607e-01 1.479214085394551656e-28 3.021945782120159698e-28 4.265068262505662484e-28 1.000000000000000222e+00 2.647366668435827737e-26
6.708532949077210539e-01 5.405075076281615210e-03 1.103619694810558695e-02 1.559082086029909414e-02 4.176242396848612733e-26 9.679679071153131087e-01
6.708532949077210539e-01 5.405075076281596128e-03 1.103619694810554358e-02 1.559082086029902822e-02 2.521418153595371185e-26 9.679679071153091119e-01
6.733846041897578738e-01 2.277304989475309336e-30 4.146879262667930528e-30 5.681141186613116796e-30 9.999999999999991118e-01 3.592986067556292270e-28
6.733846041897579848e-01 5.571575795346106620e-30 3.646023479679317427e-30 1.320622205929582582e-30 1.000000000000000444e+00 3.175927599102663821e-28
6.743048091634537000e-01 1.692811154792182859e-02 1.099243921953746428e-02 3.816162982624873943e-03 1.335343407360780334e-27 9.682632862499165327e-01
6.743048091634539221e-01 1.692811154792178349e-02 1.099243921953743652e-02 3.816162982624864836e-03 3.309626434583106599e-28 9.682632862499143123e-01
6.773410994999670143e-01 1.952392724702224244e-31 1.979805053097127944e-31 1.847068322973736540e-31 1.000000000000004219e+00 6.804065636844239249e-30
6.773410994999671253e-01 2.688750038263474973e-30 1.988808153040675390e-30 1.030149012973438303e-30 1.000000000000000444e+00 1.628196992830526353e-28
6.829690429183338241e-01 2.388254638008900903e-31 1.942954850876633927e-31 1.653691357697378962e-31 1.000000000000000444e+00 1.005855507624584595e-29
6.829690429183341571e-01 1.236729373183244735e-31 1.129773219313501258e-31 1.019731435862744868e-31 1.000000000000000222e+00 5.134152320260498581e-30
6.833233111201426624e-01 3.921581600186619514e-31 3.753502513913765931e-31 3.564252636500116080e-31 9.999999999999992228e-01 2.201440741705585856e-29
6.833233111201426624e-01 2.272800522136983083e-31 2.852288088270096702e-31 3.305625341596913318e-31 1.000000000000000000e+00 9.678525988325463654e-30
6.843106270610441744e-01 3.685707629712339836e-31 4.339124852471612499e-31 4.735411887523239160e-31 9.999999999999982236e-01 2.957229006407945876e-30
6.843106270610442854e-01 3.778996305559428323e-31 3.062258036410560407e-31 2.308250962240756368e-31 9.999999999999997780e-01 1.994625053241142067e-29
6.853042365035952876e-01 1.315417486861749136e-31 1.434923450352659853e-31 1.669777493919947046e-31 9.999999999999977796e-01 2.874689991983412642e-30
6.853042365035955097e-01 2.704038767107796268e-31 2.812562128980772578e-31 3.718591595225555474e-31 9.999999999999996669e-01 5.208873655413215532e-30
6.864781037276193043e-01 1.637468893907110119e-31 1.337816854864896042e-31 1.369429329766548211e-31 1.000000000000000444e+00 3.888370215459110811e-30
6.864781037276198594e-01 2.308626494755467041e-31 3.597657746409298776e-31 5.386189802652204841e-31 9.999999999999986677e-01 5.497074358870662682e-30
6.875262943113726877e-01 5.116770428581437746e-31 5.515735218198336538e-31 4.939424501180550493e-31 9.999999999999988898e-01 1.989867211559131377e-29
6.875262943113731318e-01 1.485508486391351601e-31 1.521618655371442808e-31 1.804253523457795569e-31 9.999999999999998890e-01 4.778216633987816428e-30
6.889510429872761632e-01 4.645299291214608820e-31 4.461303149730489429e-31 4.201496645229226917e-31 1.000000000000000444e+00 2.286149660155608966e-29
6.889510429872764963e-01 1.346143069348563316e-31 1.896530346161686095e-31 2.811126369792406932e-31 1.000000000000000000e+00 5.295364134272733766e-30
6.897542748972415039e-01 6.070353446932235608e-31 8.169218635346134008e-31 1.754535349225060042e-30 1.000000000000000222e+00 6.614997575320954941e-30
6.897542748972417259e-01 1.211726423323398521e-30 1.145614862266360819e-30 1.073207347051963331e-30 9.999999999999993339e-01 6.387287555028492165e-29
6.927047123353642366e-01 2.170082675213343622e-29 2.069532745274776671e-29 1.805155481512379178e-29 1.000000000000000000e+00 1.215442357763950008e-27
6.927047123353650138e-01 1.096543459867584014e-29 1.038248402969198062e-29 9.041909793215933565e-30 1.000000000000000222e+00 5.970660535820192700e-28
6.939578275912344774e-01 5.375209931576825024e-29 5.252497747961088253e-29 4.579808229399560120e-29 1.000000000000001110e+00 3.042333121604584850e-27
6.939578275912353655e-01 2.828632181336992862e-31 2.808090168077961235e-31 3.041460000064586729e-31 1.000000000000003775e+00 7.016532969771179156e-30
6.953628295457282560e-01 1.683098967189971054e-02 1.626032905717293003e-02 1.415040676182492511e-02 5.124416959897468991e-26 9.527582745091037753e-01
6.953628295457284780e-01 1.683098967189968279e-02 1.626032905717289534e-02 1.415040676182490256e-02 2.035929786620936959e-27 9.527582745091022209e-01
6.956951346302279182e-01 2.864868862730732514e-28 2.765041540205117812e-28 2.416747632035456961e-28 1.000000000000000444e+00 1.618768117244924121e-26
6.956951346302279182e-01 2.851815695479968260e-30 3.118644268444671805e-30 3.010153009348482968e-30 1.000000000000000222e+00 1.638872146007224718e-28
6.960450059652565358e-01 3.124131004303171329e-30 3.128782363937399294e-30 2.947750416054012415e-30 9.999999999999982236e-01 1.651835379219640771e-28
6.960450059652568688e-01 2.396426731869323093e-28 2.309183885927891834e-28 2.011718483755178620e-28 1.000000000000000888e+00 1.353434081465540439e-26
6.975905020882802177e-01 2.616333509053170224e-29 2.546515149122076890e-29 2.224787178229810939e-29 1.000000000000000444e+00 1.473511221950400083e-27
6.975905020882803287e-01 8.552254058712931688e-31 9.557904412358536810e-31 8.462782035260650049e-31 9.999999999999991118e-01 3.769614555131961886e-29
6.984797737571534215e-01 8.979155472400815745e-31 8.370854768694057459e-31 8.851501279098372653e-31 9.999999999999977796e-01 3.169280977425405974e-29
6.984797737571537546e-01 1.889720568996482982e-30 1.936209135130529277e-30 1.874363415908577364e-30 1.000000000000000000e+00 9.416863124765722885e-29
6.989642282471509871e-01 1.370808083868552150e-30 1.274592186566319248e-30 1.096088751242591826e-30 9.999999999999986677e-01 4.836053269259346758e-29
6.989642282471513202e-01 2.822677193640673370e-30 2.682060597717239692e-30 2.386846124687261637e-30 1.000000000000000000e+00 1.417365122706046770e-28
7.027126702778964118e-01 2.894759127166108734e-30 7.635797160428647969e-30 1.145506797610969377e-29 9.999999999999995559e-01 3.640543530905856474e-28
7.027126702778969669e-01 3.345569890475415726e-30 9.403476953361574277e-30 1.524626777972416200e-29 9.999999999999991118e-01 4.426747569597819558e-28
7.037838032800636245e-01 3.876389855965124432e-30 1.113918755945400854e-29 1.718432507738233001e-29 9.999999999999974465e-01 5.254255895480497307e-28
7.037838032800637356e-01 1.082819687703320695e-30 1.611798658726444317e-30 2.158082491306076564e-30 1.000000000000000000e+00 6.518440960816861909e-29
7.045909062927750988e-01 3.284927997516724393e-30 9.366790934067180391e-30 1.471052627413063676e-29 9.999999999999992228e-01 4.411223753349513634e-28
7.045909062927753208e-01 2.323626256167999524e-30 5.952747588427852942e-30 9.227414695296002916e-30 9.999999999999993339e-01 2.814285483937798902e-28
7.051574771972902722e-01 7.270552162205002508e-29 2.233447348857118723e-28 3.478288649499314348e-28 9.999999999999995559e-01 1.064653682872056701e-26
7.051574771972907163e-01 6.113538860955254873e-29 1.870288854744083582e-28 2.910290690666832685e-28 9.999999999999975575e-01 8.889862144779420094e-27
7.056379088583263348e-01 6.374004049272543465e-03 1.975652801017130020e-02 3.088282823428172355e-02 1.988570540511800060e-26 9.429866397062731664e-01
7.056379088583267789e-01 6.374004049272553873e-03 1.975652801017132448e-02 3.088282823428177559e-02 1.480723502136474258e-26 9.429866397062747208e-01
7.072867056819154286e-01 1.713587295115692446e-29 1.527526548887132857e-29 1.214774314755800403e-29 1.000000000000000000e+00 7.087884786198657338e-28
7.072867056819158726e-01 2.156789167116495765e-30 5.371911966564375896e-30 8.069752246947676033e-30 1.000000000000000666e+00 2.371661397622998014e-28
7.076147669440655541e-01 7.073760902052855865e-30 1.937194165132557130e-29 2.916635023645232761e-29 1.000000000000000444e+00 9.166302239293561920e-28
7.076147669440656651e-01 1.519334871171686249e-29 1.081455283338180908e-29 5.595265142919843156e-30 1.000000000000000000e+00 5.011860781748104644e-28
7.080964624219006076e-01 7.430120815093483292e-30 6.615368421845409644e-30 5.276253867410386709e-30 1.000000000000001776e+00 3.092648165238963209e-28
7.080964624219014958e-01 8.125091975586522816e-30 2.442705306105565629e-29 3.751324034278515779e-29 1.000000000000000000e+00 1.153749505661853884e-27
7.101909410533646660e-01 1.223172438837947745e-30 8.047144045321485899e-31 4.185705547598302621e-31 9.999999999999995559e-01 3.271211680293168757e-29
7.101909410533646660e-01 6.246729674985818412e-29 3.641316203851830398e-29 7.518596345496707672e-30 9.999999999999995559e-01 1.736638503668024530e-27
7.110909534655240893e-01 1.159565515361794165e-29 6.867836915452871980e-30 2.390906028280741662e-30 1.000000000000000222e+00 3.139277330936854588e-28
7.110909534655242004e-01 8.774460713996843905e-29 5.169341653529800475e-29 1.207900914053249010e-29 1.000000000000000888e+00 2.468227039369685803e-27
7.126819093753653522e-01 6.116284240660066666e-29 3.539279055593818665e-29 7.673190134513607331e-30 9.999999999999988898e-01 1.693605207627995153e-27
7.126819093753662404e-01 1.248919147268475098e-29 7.436289281945805454e-30 1.906221320947284617e-30 1.000000000000001332e+00 3.392385671712345873e-28
7.129058996047334951e-01 3.617033195593989607e-28 2.085758295936051275e-28 4.047728223277190673e-29 1.000000000000000222e+00 1.003796646110550331e-26
7.129058996047339392e-01 8.934495756852136103e-29 5.116060153337536021e-29 8.994262622608846670e-30 1.000000000000000444e+00 2.444728394539324512e-27
7.148476160803213242e-01 3.452280022467941328e-02 1.956642526387992326e-02 3.257985729708590128e-03 2.237893688742282155e-26 9.426527887817328644e-01
7.148476160803217683e-01 3.452280022467942022e-02 1.956642526387993714e-02 3.257985729708591863e-03 5.772335148190610585e-27 9.426527887817328644e-01
7.184604454367222726e-01 6.679726773915945405e-30 4.682649109886715158e-30 2.525135325376609729e-30 1.000000000000000222e+00 2.189610193032948628e-28
7.184604454367226056e-01 1.225614244478990556e-30 1.256984265382167833e-30 1.652078164675238862e-30 9.999999999999991118e-01 3.834548356678217489e-29
7.188930618471163214e-01 8.341080901867293767e-30 6.274830497092656997e-30 4.059285242755674026e-30 1.000000000000000666e+00 2.853821127941414205e-28
7.188930618471172096e-01 1.425728440862641745e-30 1.305297158340287982e-30 1.378552393276355227e-30 9.999999999999997780e-01 4.506473997286894301e-29
7.217202930091162205e-01 5.431205562628579656e-31 4.888431672266154632e-31 5.375624286541844110e-31 1.000000000000001776e+00 1.187983148223509727e-29
7.217202930091163315e-01 3.358861344605512695e-30 4.078503241098093390e-30 4.380767835330190648e-30 1.000000000000000444e+00 1.485786992562077523e-28
7.226484664019996451e-01 1.107813793996039691e-29 7.975091507068120975e-30 3.990491994254741276e-30 1.000000000000000000e+00 3.285832472304639676e-28
7.226484664020002002e-01 1.443310238725812300e-30 1.248342283630536030e-30 1.077278994357356438e-30 1.000000000000000444e+00 3.968318655755179903e-29
7.254094554936856287e-01 3.942781637111661446e-30 5.000840943697397776e-30 5.489506554089573267e-30 9.999999999999994449e-01 1.925105057589386736e-28
7.254094554936856287e-01 5.044180051649495504e-30 6.838458600140689932e-30 8.041823211389086235e-30 9.999999999999995559e-01 2.568575401579019218e-28
7.259141542082934162e-01 8.308760784225859673e-31 1.047981493435245022e-30 1.302151363939453740e-30 1.000000000000001110e+00 2.110719844492940381e-29
7.259141542082941934e-01 2.908726008734202341e-30 3.112954077188287238e-30 3.034485742923318601e-30 1.000000000000000222e+00 1.186675039726609353e-28
7.274680076377606497e-01 6.011477544040083288e-29 8.503876968779052281e-29 1.009819387791396775e-28 1.000000000000000666e+00 3.322519699755614694e-27
7.274680076377606497e-01 5.716491475722525196e-28 8.000092823136074899e-28 9.530705708920989708e-28 1.000000000000000000e+00 3.156241791087251015e-26
7.278188518240766847e-01 1.901372406305463398e-28 2.686977606693922619e-28 3.212127002562316397e-28 9.999999999999995559e-01 1.056743936740118186e-26
7.278188518240770177e-01 2.420684403658529655e-28 3.416435440345038388e-28 4.034738777236636549e-28 9.999999999999988898e-01 1.335918117743271573e-26
7.285063383190596431e-01 1.677610387097366179e-02 2.364926498823572559e-02 2.828676832708497402e-02 4.122523233814919846e-26 9.312878628137064574e-01
7.285063383190597541e-01 1.677610387097362710e-02 2.364926498823570478e-02 2.828676832708494279e-02 1.288151579101367470e-25 9.312878628137051251e-01
7.289004188097252257e-01 1.013356846268410219e-27 1.396571837623648664e-27 1.669118091397269877e-27 9.999999999999993339e-01 5.535494398627131338e-26
7.289004188097258918e-01 4.087142037214354251e-28 5.802322790548412653e-28 6.908303891074723452e-28 1.000000000000003109e+00 2.270750140989397633e-26
7.303800777505600195e-01 2.859135800380384732e-30 3.431572957179504876e-30 4.101844596582138510e-30 1.000000000000002220e+00 1.280423351111693991e-28
7.303800777505602415e-01 7.653721265443163348e-29 1.058227964043007661e-28 1.275783831506179320e-28 9.999999999999984457e-01 4.185370807937752995e-27
7.329251195426714771e-01 2.670076869953924193e-29 1.944490603273144859e-29 1.072893893179841803e-29 1.000000000000000222e+00 7.516928971393897702e-28
7.329251195426719212e-01 1.107901520961300650e-29 9.347675007225524008e-30 7.363284906374228884e-30 9.999999999999996669e-01 3.633170492990388799e-28
7.337383940054859055e-01 2.437873014052750766e-28 1.748273326536248769e-28 9.157540617481810799e-29 1.000000000000001998e+00 6.820919935857845231e-27
7.337383940054864606e-01 2.826362779142480049e-28 2.032003286108453838e-28 1.062898168163867142e-28 9.999999999999996669e-01 7.928573613511521875e-27
7.342723060397453594e-01 3.345075242506351243e-02 2.367347053304763235e-02 1.222791826815531127e-02 1.081513140829497230e-26 9.306478587737336827e-01
7.342723060397466917e-01 3.345075242506353325e-02 2.367347053304758725e-02 1.222791826815528005e-02 2.027145163694513607e-26 9.306478587737330166e-01
7.358402979518410270e-01 1.111241227276608099e-28 7.830526614205116096e-29 4.125884729798095135e-29 1.000000000000000444e+00 3.093513740788492463e-27
7.358402979518415821e-01 1.030051030249265029e-29 1.279112402142401195e-29 1.356860874681847065e-29 1.000000000000000000e+00 4.835497368768598277e-28
7.402702205193735230e-01 8.465303206090175661e-30 6.438456674783225988e-30 3.883245981001756722e-30 1.000000000000000000e+00 2.334620567973711813e-28
7.402702205193736340e-01 2.146191450454370004e-30 2.892701295056895379e-30 3.549020146976715629e-30 1.000000000000000222e+00 9.051852198042171575e-29
7.416585126413095530e-01 1.666947256638114510e-30 4.506606543847987936e-30 6.890156958439294932e-30 1.000000000000000444e+00 1.342261544919580672e-28
7.416585126413097750e-01 5.690768696601157725e-30 4.948167695778121547e-30 3.970534565615374553e-30 1.000000000000001776e+00 1.890857727371522212e-28
7.423582117920117796e-01 1.571194882575498113e-30 1.564123376117758786e-30 1.632281231783111502e-30 9.999999999999983347e-01 3.494026721437124532e-29
7.423582117920122236e-01 1.974952752270467213e-30 2.831225769387349756e-30 3.535863815398713569e-30 1.000000000000000666e+00 9.459204745264915477e-29
