3.945111949756958669e-01
3.945111949756960890e-01
3.951422895150151215e-01
3.951422895150151771e-01
3.975880282385316766e-01
3.975880282385317321e-01
3.988411434944005296e-01
3.988411434944017508e-01
4.009283218684224770e-01
4.009283218684235872e-01
4.029665293122077774e-01
4.029665293122088321e-01
4.034109562236101176e-01
4.034109562236101731e-01
4.038475441503170948e-01
4.038475441503174834e-01
4.062223622719062788e-01
4.062223622719071670e-01
4.067602553067041216e-01
4.067602553067043991e-01
4.075959861810621865e-01
4.075959861810628526e-01
4.115863470987327632e-01
4.115863470987341510e-01
4.121700215850809812e-01
4.121700215850825355e-01
4.143644356693907405e-01
4.143644356693911845e-01
4.175652252785308494e-01
4.175652252785313490e-01
4.186798876205416464e-01
4.186798876205419795e-01
4.199520868565453369e-01
4.199520868565453924e-01
4.209934037575857602e-01
4.209934037575864263e-01
4.237763777502832063e-01
4.237763777502835394e-01
4.260756029656008748e-01
4.260756029656015409e-01
4.307974701114594129e-01
4.307974701114595240e-01
4.311785985689908784e-01
4.311785985689919887e-01
4.318717191703831393e-01
4.318717191703836944e-01
4.338654623625501361e-01
4.338654623625505247e-01
4.385331283142361869e-01
4.385331283142373526e-01
4.386217099086517912e-01
4.386217099086522908e-01
4.410962530015634098e-01
4.410962530015636318e-01
4.421320780147721119e-01
4.421320780147725005e-01
4.423493682574334840e-01
4.423493682574334840e-01
4.444365466314549318e-01
4.444365466314561530e-01
4.457850946763874944e-01
4.457850946763882716e-01
4.472415276951774987e-01
4.472415276951778318e-01
4.473557689133499937e-01
4.473557689133503823e-01
4.484869215324961411e-01
4.484869215324971403e-01
4.511042109440949743e-01
4.511042109440953629e-01
4.517249598640784014e-01
4.517249598640784569e-01
4.538432453109831344e-01
4.538432453109834119e-01
4.556782463481148793e-01
4.556782463481149348e-01
4.566485843540298295e-01
4.566485843540302181e-01
4.604065538463342211e-01
4.604065538463343321e-01
4.610734500415645254e-01
4.610734500415658577e-01
4.638023190489499181e-01
4.638023190489501957e-01
4.656383353700827010e-01
4.656383353700832561e-01
4.663007706596181690e-01
4.663007706596188351e-01
4.668337791654356139e-01
4.668337791654360580e-01
4.672846025133152725e-01
4.672846025133153836e-01
4.743056948744919787e-01
4.743056948744921453e-01
4.757219513627874430e-01
4.757219513627876650e-01
4.777872586112164033e-01
4.777872586112166253e-01
4.794926022094599394e-01
4.794926022094600504e-01
4.797968382539417043e-01
4.797968382539418708e-01
4.802597945400288171e-01
4.802597945400292057e-01
4.821299346716850232e-01
4.821299346716850787e-01
4.894984259074268151e-01
4.894984259074268151e-01
4.907497524582103421e-01
4.907497524582103421e-01
4.917164705677796732e-01
4.917164705677797287e-01
4.924154305336609916e-01
4.924154305336610471e-01
4.934059777154641835e-01
4.934059777154642390e-01
4.936685457895313434e-01
4.936685457895313989e-01
4.955751920564820945e-01
4.955751920564820945e-01
4.957557241635529577e-01
4.957557241635530132e-01
4.964550054831318171e-01
4.964550054831318726e-01
4.986749464454475755e-01
4.986749464454475755e-01
5.001568091170622843e-01
5.001568091170622843e-01
5.019559512560621828e-01
5.019559512560621828e-01
5.024233884761922786e-01
5.024233884761922786e-01
5.069974238802117394e-01
5.069974238802117394e-01
5.080274368854102995e-01
5.080274368854102995e-01
5.083746377969696750e-01
5.083746377969696750e-01
5.103420039284682908e-01
5.103420039284684018e-01
5.115697112614742137e-01
5.115697112614742137e-01
5.123926275736617741e-01
5.123926275736618852e-01
5.137607050355759153e-01
5.137607050355760263e-01
5.151477828059034536e-01
5.151477828059036757e-01
5.186037800454127433e-01
5.186037800454130764e-01
5.212954833742489136e-01
5.212954833742489136e-01
5.233428344018633549e-01
5.233428344018636880e-01
5.256248724065893940e-01
5.256248724065896161e-01
5.256803373494137732e-01
5.256803373494139953e-01
5.282278784906644375e-01
5.282278784906645486e-01
5.290611583119076977e-01
5.290611583119083638e-01
5.316971947646285113e-01
5.316971947646285113e-01
5.330066506704592699e-01
5.330066506704594920e-01
5.334491122037819943e-01
5.334491122037819943e-01
5.393373536068551966e-01
5.393373536068555296e-01
5.420689299903073133e-01
5.420689299903075353e-01
5.436168270784663692e-01
5.436168270784664802e-01
5.436826174818540913e-01
5.436826174818544244e-01
5.454641760190946931e-01
5.454641760190949151e-01
5.455335780431084247e-01
5.455335780431084247e-01
5.502471222748860358e-01
5.502471222748862578e-01
5.514759866491596441e-01
5.514759866491596441e-01
5.514959128449570258e-01
5.514959128449572479e-01
5.527490281008270445e-01
5.527490281008274886e-01
5.548362064748488809e-01
5.548362064748492140e-01
5.559955208360456425e-01
5.559955208360458645e-01
5.577554287567431102e-01
5.577554287567442204e-01
5.586560075689364080e-01
5.586560075689368521e-01
5.589980149983072577e-01
5.589980149983075908e-01
5.615038707874888679e-01
5.615038707874890900e-01
5.616611814605655395e-01
5.616611814605662056e-01
5.621667545887238937e-01
5.621667545887238937e-01
5.634700677721607986e-01
5.634700677721610207e-01
5.660779061915077737e-01
5.660779061915079957e-01
5.693925417095108132e-01
5.693925417095112573e-01
5.714731098849585855e-01
5.714731098849586965e-01
5.725693830749412072e-01
5.725693830749415403e-01
5.726146609063460513e-01
5.726146609063469395e-01
5.733012203884901847e-01
5.733012203884901847e-01
5.749925342032993214e-01
5.749925342033005427e-01
5.776842623567093327e-01
5.776842623567104429e-01
5.813121740233477830e-01
5.813121740233497814e-01
5.820199952824187672e-01
5.820199952824188783e-01
5.843258282025562966e-01
5.843258282025568517e-01
5.847053547178849842e-01
5.847053547178852062e-01
5.871908422448873788e-01
5.871908422448874898e-01
5.891149311116868903e-01
5.891149311116874454e-01
5.912377101175416705e-01
5.912377101175423366e-01
5.916507014324892122e-01
5.916507014324893232e-01
5.925295945150773624e-01
5.925295945150781396e-01
5.967833535511918308e-01
5.967833535511922749e-01
6.010345634255237490e-01
6.010345634255238600e-01
6.011494123016034585e-01
6.011494123016039026e-01
6.011654147170426565e-01
6.011654147170427676e-01
6.025062397613395460e-01
6.025062397613403231e-01
