5.559955208360461976e-01
5.559955208360465306e-01
5.577554287567433322e-01
5.577554287567436653e-01
5.586560075689355198e-01
5.586560075689367411e-01
5.589980149983071467e-01
5.589980149983081459e-01
5.615038707874877577e-01
5.615038707874882018e-01
5.616611814605648734e-01
5.616611814605656505e-01
5.621667545887231165e-01
5.621667545887242268e-01
5.634700677721610207e-01
5.634700677721615758e-01
5.660779061915069965e-01
5.660779061915073296e-01
5.693925417095100361e-01
5.693925417095101471e-01
5.714731098849572533e-01
5.714731098849585855e-01
5.725693830749406521e-01
5.725693830749410962e-01
5.726146609063459403e-01
5.726146609063467174e-01
5.733012203884891855e-01
5.733012203884892966e-01
5.749925342032995434e-01
5.749925342033003206e-01
5.776842623567093327e-01
5.776842623567096657e-01
5.813121740233477830e-01
5.813121740233484491e-01
5.820199952824177680e-01
5.820199952824181011e-01
5.843258282025564077e-01
5.843258282025568517e-01
5.847053547178853172e-01
5.847053547178858723e-01
5.871908422448867126e-01
5.871908422448873788e-01
5.891149311116861131e-01
5.891149311116867793e-01
5.912377101175423366e-01
5.912377101175425587e-01
5.916507014324896563e-01
5.916507014324896563e-01
5.925295945150779175e-01
5.925295945150780286e-01
5.967833535511919418e-01
5.967833535511924969e-01
6.010345634255237490e-01
6.010345634255249703e-01
6.011494123016031255e-01
6.011494123016041247e-01
6.011654147170431006e-01
6.011654147170432116e-01
6.025062397613393239e-01
6.025062397613396570e-01
6.089564009849345316e-01
6.089564009849347537e-01
6.093952103434172596e-01
6.093952103434177037e-01
6.097876376278001942e-01
6.097876376278004162e-01
6.099751851010334347e-01
6.099751851010337678e-01
6.105564689604557893e-01
6.105564689604561224e-01
6.182805433844683618e-01
6.182805433844686949e-01
6.185007589663324978e-01
6.185007589663324978e-01
6.195336586403390466e-01
6.195336586403391577e-01
6.207416637718616848e-01
6.207416637718622399e-01
6.208878041192187336e-01
6.208878041192190667e-01
6.213148426572555616e-01
6.213148426572555616e-01
6.216208370143606610e-01
6.216208370143608830e-01
6.238885606070380119e-01
6.238885606070383449e-01
6.245400592962556674e-01
6.245400592962557784e-01
6.268928907139863504e-01
6.268928907139865725e-01
6.282885013269996488e-01
6.282885013269999819e-01
6.289330570624241945e-01
6.289330570624247496e-01
6.302137595443274565e-01
6.302137595443280116e-01
6.316951432176426406e-01
6.316951432176427517e-01
6.328625367310191097e-01
6.328625367310194427e-01
6.351589261955222776e-01
6.351589261955223886e-01
6.382577404244693664e-01
6.382577404244693664e-01
6.385100197769842945e-01
6.385100197769844055e-01
6.411680833509497690e-01
6.411680833509497690e-01
6.421333918581654254e-01
6.421333918581655364e-01
6.434063105138531080e-01
6.434063105138531080e-01
6.444688928962203356e-01
6.444688928962203356e-01
6.454428182242437639e-01
6.454428182242437639e-01
6.486276351536546247e-01
6.486276351536547358e-01
6.486554464646002716e-01
6.486554464646002716e-01
6.514899852573968753e-01
6.514899852573969863e-01
6.515504381126102640e-01
6.515504381126102640e-01
6.524646257479664868e-01
6.524646257479664868e-01
6.538254172934374608e-01
6.538254172934374608e-01
6.558638358624883091e-01
6.558638358624883091e-01
6.593142250545893646e-01
6.593142250545894756e-01
6.619866325518599659e-01
6.619866325518600769e-01
6.634700704264480109e-01
6.634700704264482329e-01
6.645882376588682083e-01
6.645882376588683194e-01
6.679340428411145725e-01
6.679340428411149055e-01
6.689357256963310849e-01
6.689357256963314180e-01
6.690556674123296910e-01
6.690556674123299130e-01
6.698199364984291915e-01
6.698199364984295245e-01
6.704011154770186387e-01
6.704011154770188607e-01
6.708532949077210539e-01
6.708532949077210539e-01
6.733846041897578738e-01
6.733846041897579848e-01
6.743048091634537000e-01
6.743048091634539221e-01
6.773410994999670143e-01
6.773410994999671253e-01
6.829690429183338241e-01
6.829690429183341571e-01
6.833233111201426624e-01
6.833233111201426624e-01
6.843106270610441744e-01
6.843106270610442854e-01
6.853042365035952876e-01
6.853042365035955097e-01
6.864781037276193043e-01
6.864781037276198594e-01
6.875262943113726877e-01
6.875262943113731318e-01
6.889510429872761632e-01
6.889510429872764963e-01
6.897542748972415039e-01
6.897542748972417259e-01
6.927047123353642366e-01
6.927047123353650138e-01
6.939578275912344774e-01
6.939578275912353655e-01
6.953628295457282560e-01
6.953628295457284780e-01
6.956951346302279182e-01
6.956951346302279182e-01
6.960450059652565358e-01
6.960450059652568688e-01
6.975905020882802177e-01
6.975905020882803287e-01
6.984797737571534215e-01
6.984797737571537546e-01
6.989642282471509871e-01
6.989642282471513202e-01
7.027126702778964118e-01
7.027126702778969669e-01
7.037838032800636245e-01
7.037838032800637356e-01
7.045909062927750988e-01
7.045909062927753208e-01
7.051574771972902722e-01
7.051574771972907163e-01
7.056379088583263348e-01
7.056379088583267789e-01
7.072867056819154286e-01
7.072867056819158726e-01
7.076147669440655541e-01
7.076147669440656651e-01
7.080964624219006076e-01
7.080964624219014958e-01
7.101909410533646660e-01
7.101909410533646660e-01
7.110909534655240893e-01
7.110909534655242004e-01
7.126819093753653522e-01
7.126819093753662404e-01
7.129058996047334951e-01
7.129058996047339392e-01
7.148476160803213242e-01
7.148476160803217683e-01
7.184604454367222726e-01
7.184604454367226056e-01
7.188930618471163214e-01
7.188930618471172096e-01
7.217202930091162205e-01
7.217202930091163315e-01
7.226484664019996451e-01
7.226484664020002002e-01
7.254094554936856287e-01
7.254094554936856287e-01
7.259141542082934162e-01
7.259141542082941934e-01
7.274680076377606497e-01
7.274680076377606497e-01
7.278188518240766847e-01
7.278188518240770177e-01
7.285063383190596431e-01
7.285063383190597541e-01
7.289004188097252257e-01
7.289004188097258918e-01
7.303800777505600195e-01
7.303800777505602415e-01
7.329251195426714771e-01
7.329251195426719212e-01
7.337383940054859055e-01
7.337383940054864606e-01
7.342723060397453594e-01
7.342723060397466917e-01
7.358402979518410270e-01
7.358402979518415821e-01
7.402702205193735230e-01
7.402702205193736340e-01
7.416585126413095530e-01
7.416585126413097750e-01
7.423582117920117796e-01
7.423582117920122236e-01
