2.357509422382848829e-02 5.037520158192973496e-02 1.562681868646453309e-01 2.908269817806328206e-01 3.480661842223492508e-01 1.281179340946242140e-01 7.112912139509117099e-32 6.190575061516001468e-32 9.172351380178073296e-04 1.853182093971381334e-03
3.279765336840884810e-02 4.115264243734650246e-02 2.025730925858933718e-01 2.445220760593538323e-01 2.723767208017323638e-01 2.038073975152746575e-01 5.554168463641314312e-32 5.310524447452161946e-32 1.239316913367915877e-03 1.531100318621082292e-03
3.047606878372579112e-03 2.201031913095452541e-03 1.203456472702189688e-02 7.633674397228849655e-03 3.537515489991975293e-01 6.211178147642720804e-01 7.755440286237161278e-32 6.716649994454198560e-32 1.249306703126729470e-04 8.882765049723652915e-05
2.997725649325560463e-03 2.250913142141823704e-03 1.177525890349037825e-02 7.892980220758863408e-03 3.695050953347895351e-01 6.053642684286830722e-01 5.454010411762792736e-32 4.520828014497230164e-32 1.228034363704785120e-04 9.095488443928559971e-05
1.633025235845706191e-01 4.518100921010439336e-02 1.675495175731024355e-01 3.003445383469939833e-01 1.757520838974170885e-01 1.357613823511404916e-01 2.006127572401561759e-32 1.751227580177861192e-32 5.954587280664073480e-03 6.154357756008097327e-03
1.880548296139639142e-02 1.896780498332807374e-01 3.299965333681155188e-01 1.378975225519839809e-01 1.268317999298122500e-01 1.846816663187400009e-01 2.139768381667796379e-32 1.887025498911220005e-32 6.198964798544460975e-03 5.909980238127915397e-03
9.254882790425324190e-02 1.466879401017663342e-01 1.695131126852019998e-01 3.610251958955923990e-01 6.874678661917452138e-02 1.189458539848547158e-01 1.058070280762280020e-32 9.638378553916668935e-33 3.153550080720754489e-02 1.099678200195203931e-02
1.657725725615906698e-01 7.346419544443322236e-02 4.285353114356075244e-01 1.020029971451728995e-01 1.366415773097095776e-01 5.105106329432395479e-02 1.896397595990317800e-32 1.593933777107921407e-32 3.756657742727071304e-03 3.877562506643529583e-02
1.861207759789521854e-01 1.158819309296596212e-01 1.941530726667424211e-01 3.122967979689353357e-01 9.167305969572629720e-02 8.417244328397657793e-02 3.540124338703179520e-32 3.275530006988925434e-32 7.600415176826259486e-03 8.101504299181102459e-03
4.979448467203689832e-02 2.522082222365787940e-01 4.234577530089190245e-01 8.299211762675834381e-02 7.711514352821770280e-02 9.873035945148325720e-02 8.834253563735271899e-32 8.249132382190248085e-32 8.572977035113015648e-03 7.128942440894968195e-03
3.230109175869101679e-02 2.983527771497943015e-02 2.198646545472957570e-01 1.583088739568878356e-01 3.299823542023016532e-01 2.271087805209928145e-01 8.412063149926475078e-33 8.107047650932563597e-33 1.306698261726689384e-03 1.292269037124618887e-03
3.167502831128529012e-02 3.046134116238148962e-02 2.042358100681071764e-01 1.739377184360434980e-01 3.038630349659752206e-01 2.532280997573574943e-01 5.115493098262325111e-32 4.987964468988762960e-32 1.303034721030769168e-03 1.295932577820468629e-03
6.999729580537022988e-02 6.205211543311381361e-02 1.973642927564948635e-01 2.259430014885758509e-01 2.453428507579494267e-01 1.935599223311640638e-01 2.400913064390046154e-32 2.204622371026032059e-32 2.601552824076818100e-03 3.138968603257320193e-03
7.349853445087833892e-02 5.855087678760723113e-02 1.847703836488205908e-01 2.385369105962546199e-01 2.681622685293611474e-01 1.707405045597453208e-01 1.302332158856868724e-32 1.206569598094353143e-32 2.364727376872898402e-03 3.375794050461182645e-03
1.298870334073470301e-01 3.320478230880471310e-02 6.660075211838684117e-01 1.333087945320037826e-01 6.780223134350150949e-03 2.505224299200480009e-02 9.183090651085365911e-32 8.754866968905092627e-32 4.744775291996555094e-03 1.014627149626897611e-03
1.200496889976852277e-01 4.304212671846122801e-02 6.118058369955298170e-01 1.875104787203230594e-01 8.639387048704084276e-03 2.319307907767422655e-02 2.897561112380034489e-32 2.880118558176357324e-32 4.365235598220325135e-03 1.394166843402926560e-03
3.644417274021256870e-02 6.352550866726439094e-02 1.865318539216491156e-01 7.245579522685190177e-02 1.109552845394274623e-01 5.248167259720299960e-01 3.278212436014079907e-32 2.937614743164753026e-32 3.797105965215132051e-03 1.473552967349565836e-03
5.674530278756801521e-02 4.322437861988523422e-02 1.010163937873438528e-01 1.579712553611072878e-01 4.212005016413661318e-01 2.145715088701712070e-01 5.518343414510904760e-32 5.517722234247826580e-32 2.055288216317228620e-03 3.215370716243653743e-03
3.251530385678273044e-02 2.736997121228439828e-02 1.299456926247721800e-01 1.464620367669759171e-01 3.744861521270256843e-01 2.858297501554730724e-01 6.397778527954817758e-33 5.489989302352272712e-33 1.561678438219965895e-03 1.829414818468317987e-03
2.814317965653763062e-02 3.174209541259687128e-02 1.439800637555798402e-01 1.324276656363102267e-01 2.991524803608971439e-01 3.611634219213839536e-01 1.673076533440009614e-32 1.467935869679989511e-32 1.789181067936975855e-03 1.601912188756848300e-03
1.945169954115281638e-02 1.922174086384793520e-02 1.050923921787908222e-01 9.766043770218896247e-02 3.502155783887350160e-01 4.066819716472709900e-01 2.422983967526382411e-32 2.289876944206304051e-32 8.778820856295895415e-04 7.982975923839653442e-04
1.902158255129638223e-02 1.965185785370500079e-02 9.119159084485392586e-02 1.115612390361264555e-01 4.558308801510210229e-01 3.010666698849842615e-01 4.628812306834846262e-32 4.022086817325996423e-32 7.290264604575191418e-04 9.471532175560817141e-04
2.796701926946805819e-02 4.191634435930293584e-02 1.458820358581530419e-01 2.691719723157472433e-01 7.195680909307816675e-02 4.397742420725292423e-01 2.543559978749432889e-32 2.137328611170439439e-32 1.376653705107546387e-03 1.954923326614087676e-03
4.119566767866744000e-02 2.868769595010699572e-02 2.628023320937165064e-01 1.522516760801809754e-01 4.207713551963050969e-01 9.095969596930039702e-02 3.262951105214150887e-32 2.873498388398488943e-32 1.925047656740938151e-03 1.406529374981382863e-03
4.535232688449101351e-02 1.144805870735507158e-01 2.271306806405618550e-01 5.897448271325921310e-01 8.721392259510650502e-03 8.731249667789729718e-03 8.383576695698308278e-32 7.393212575457284680e-32 1.632699342480416682e-03 4.206236999021607109e-03
1.045435418004939249e-01 5.528937215756155737e-02 5.376197891164883336e-01 2.792557186567340977e-01 8.729832685578425497e-03 8.722809241640896299e-03 1.200048461162321409e-32 1.094639757947056141e-32 3.836296252140063059e-03 2.002640089362525602e-03
1.467400214407894865e-01 1.332668145914085722e-01 2.502867799087030720e-01 2.763587028628755604e-01 9.270368677233280230e-02 8.832597095818797706e-02 1.141497046636937743e-31 1.013149709709281239e-31 6.016606184447759013e-03 6.301417281253269068e-03
6.985852998942784775e-02 2.101483060427636329e-01 3.990596996841200839e-01 1.275857830874529975e-01 6.772334432641946567e-02 1.133063134041151498e-01 4.670663775443206108e-32 4.308880723438986332e-32 7.641809608478413764e-03 4.676213857222515438e-03
3.017827054124317190e-02 3.291204992913600302e-02 8.551332113519613531e-02 1.774206500094685224e-01 4.175838134425826631e-01 2.539151628733240518e-01 8.715946171109464161e-32 7.425089760529708753e-32 7.536952351556130535e-04 1.723036833894743894e-03
3.048647558186247386e-02 3.260384488852450385e-02 9.587491144981789837e-02 1.670590596948511031e-01 3.991318844688409029e-01 2.723670918470529889e-01 7.882935752269032563e-32 6.622451072308346114e-32 8.629783646306529591e-04 1.613753704420006589e-03
7.854919372765944985e-02 1.001750122177645780e-01 2.834741532272136433e-01 1.682369802595604369e-01 2.943289377730808343e-01 5.522413824546626437e-02 2.407129264476030896e-32 2.205293693136321189e-32 4.590008196710703738e-03 1.542157635254660757e-02
9.138605677832126184e-02 8.733814916710577747e-02 2.150705546116081224e-01 2.366405788751680950e-01 1.523987922067589484e-01 1.971542838117800178e-01 1.214580857667891924e-32 1.095089443229498146e-32 1.101951545924451104e-02 8.992069090013488086e-03
1.210351188385817151e-01 1.030167303167510429e-01 2.395717484352278825e-01 2.681363086876249469e-01 1.362252642575568218e-01 1.212657796162995294e-01 1.442077239812964255e-32 1.262509428430902501e-32 5.197734752193641436e-03 5.551315095764730589e-03
6.904725801042715938e-02 1.550045911449118297e-01 3.219881299677668784e-01 1.857199271550894204e-01 9.306315768806125432e-02 1.644278861857834673e-01 3.234915997890164564e-32 2.605822053544624718e-32 6.217908430369969985e-03 4.531141417589015265e-03
9.533000567493411792e-02 3.551616813443769782e-02 5.397447292430171961e-01 2.836727726487154461e-02 6.009619120465285041e-02 2.359657230549744300e-01 8.141661340776106228e-32 7.248303549710038952e-32 4.378455607503778900e-03 6.014498156080628523e-04
8.363312603888323205e-02 4.721304777048915963e-02 4.397424429772189836e-01 1.283695635306648652e-01 9.448831233062379709e-02 2.015736019290076120e-01 8.481522048223920261e-32 7.565327305046979101e-32 3.639844210056271141e-03 1.340061213055620485e-03
3.105993131355239828e-02 6.255432941516823886e-02 2.208232110951412752e-01 1.241173643139587279e-01 2.132644514140921155e-01 3.424370717762428296e-01 2.714284605277175822e-32 2.265533678930812648e-32 3.397847507577766123e-03 2.345793164264834037e-03
4.975131571964213489e-02 4.386294500908531624e-02 1.634299518027785836e-01 1.815106236063336875e-01 2.899261832604749789e-01 2.657753399298422581e-01 1.393702332168651982e-32 1.208136190310491598e-32 2.773471322216422390e-03 2.970169349626953625e-03
1.112827923897933280e-01 1.215065595899798706e-01 3.064681562666282666e-01 2.179563944926971031e-01 1.090662484354927020e-01 1.046475993089923395e-01 4.828271832593328639e-33 4.289924799570734497e-33 1.228977842519059227e-02 1.678247109122513875e-02
1.237334434640053882e-01 1.090559085157710162e-01 1.986772568620756574e-01 3.257472938972542642e-01 1.036851538334171569e-01 1.100286939110600021e-01 1.450779891824518223e-32 1.264602145362852891e-32 1.776104431703016961e-02 1.131120519938573835e-02
4.430831602070756103e-02 4.444766597712757755e-02 1.113599967952011160e-01 1.108007102670193617e-01 3.400485508004487123e-01 3.383442994555997951e-01 2.079543047548856038e-32 1.831766129092886704e-32 5.335643943082687621e-03 5.354816740812894625e-03
4.503685875534645111e-02 4.371912324249236509e-02 1.084359618891906074e-01 1.137247451729955644e-01 3.311384659519250317e-01 3.472543843041568379e-01 2.919495824791178056e-32 2.511899605518619813e-32 5.435882241291291155e-03 5.254578442605835863e-03
1.812920377174948028e-02 2.625018300063749338e-02 2.036455025666739915e-01 2.712753513564570840e-01 1.908828275899567828e-01 2.864877387475002757e-01 7.818329937974075501e-33 7.140285026386536198e-33 1.760920935228353548e-03 1.568272031793635762e-03
7.557174372631245141e-03 3.682221239977086225e-02 1.156038108553182758e-01 3.593170430678157556e-01 6.642272210622848783e-02 4.109478442312088919e-01 2.125765439109401978e-32 1.929538341679673761e-32 2.011714566566107781e-03 1.317478400458425283e-03
4.962157299238850738e-02 5.794054595612074116e-02 1.999680221147001058e-01 2.119038225571931999e-01 2.172991026749115928e-01 2.569520281767710967e-01 4.781214369380831978e-32 4.102034463654136041e-32 3.166814886709943318e-03 3.148090641204821533e-03
6.366002826998529152e-02 4.390209067852388070e-02 2.201099556736519913e-01 1.917618889982372621e-01 2.842143124863278913e-01 1.900368183653603216e-01 3.862576741230693322e-32 3.322927454211201002e-32 3.135217298368310132e-03 3.179688229545284649e-03
2.211759925228529849e-02 2.333428959559535193e-02 9.212950472823538961e-02 1.059931698595455024e-01 4.217061501291447523e-01 3.313045020776839156e-01 2.128928203976013641e-32 1.842337788562811065e-32 1.680134023426114575e-03 1.734650334082539318e-03
2.450391614363259252e-02 2.094797270424574726e-02 1.193205632096925040e-01 7.880211137808071364e-02 2.443997541865030321e-01 5.086108980203372099e-01 3.596764269320152261e-32 3.348261275499347917e-32 1.787057854694941222e-03 1.627726502813296771e-03
2.831789768181137978e-02 1.262498054276222671e-02 2.919722508614832623e-01 1.341540973947268345e-01 4.556154802833772832e-01 7.535817898728500164e-02 3.911108434566621567e-33 3.575538103982868140e-33 9.690498211322193332e-04 9.880644274193823087e-04
1.307648208664546723e-02 2.786639613793105708e-02 1.386946897722221572e-01 2.874316584840045374e-01 8.629857694420632608e-02 4.446750823264393193e-01 5.597397001865916485e-33 5.439003487166908232e-33 9.875173574245442107e-04 9.695968911264691431e-04
3.058159413473085508e-02 4.852279509624949499e-02 1.164184580921304168e-01 2.317480158696091364e-01 2.676747320635708416e-01 3.020403116204825600e-01 7.858643092789771311e-32 6.220453468105229495e-32 1.120950511485959171e-03 1.893142611740908799e-03
4.232865029450316730e-02 3.677573893649600800e-02 1.919308385063112909e-01 1.562356354554800819e-01 2.901757003032461868e-01 2.795393433807359385e-01 8.346344956756244877e-33 7.626477454480442949e-33 1.626545649029160351e-03 1.387547474198415386e-03
1.723110513049027487e-02 1.369318265518977215e-02 1.421376406756035826e-01 1.445040882691580042e-01 2.634208285298430541e-01 4.175326285201336196e-01 3.439649579313188218e-33 3.002173697589378726e-33 7.382177217457163571e-04 7.423084978369111353e-04
1.633882957453766313e-02 1.458545821114341084e-02 1.427344664559694609e-01 1.439072624888024787e-01 3.022883257616906794e-01 3.786651312882736153e-01 1.316474251456180085e-32 1.277818837914216320e-32 7.392494287819080740e-04 7.412767908008660025e-04
4.713104915022679753e-02 6.686325635769602149e-02 2.085828414437891076e-01 2.607218232083894915e-01 1.789160951875234107e-01 2.331341367901497708e-01 1.320323504623940356e-32 1.141991512198364836e-32 2.154346028573490921e-03 2.496451833651658347e-03
3.059531268379451358e-02 8.339899282413307247e-02 1.648899867609975589e-01 3.044146778911955287e-01 1.334809728902379700e-01 2.785692590874155883e-01 1.214521944289215425e-32 1.028196893287481858e-32 1.867658818322527701e-03 2.783139043902695293e-03
9.744423729158461361e-03 8.416889643776404029e-03 2.810838436404192731e-01 2.026450679385665143e-01 2.918165968026862345e-01 2.045504351103580865e-01 1.077435655369271952e-32 1.032799559728073306e-32 8.700764616169229726e-04 8.726666734164979355e-04
5.701026771034880571e-03 1.246028660190342391e-02 4.217539634366651580e-02 4.415535152353241011e-01 2.602173954092970587e-02 4.703452923721072043e-01 4.415618502257628981e-33 4.194752517005246537e-33 8.779657163084364762e-04 8.647774187251041278e-04
9.853574738047979342e-02 4.769513947504847723e-02 5.082180994489425840e-01 1.859057619465176725e-01 4.409781880955750133e-02 1.096577426820081747e-01 6.476193187334368190e-33 5.607402258186993895e-33 4.228719629295864257e-03 1.660970628148932503e-03
8.240198384129727993e-02 6.382890301423134460e-02 4.059354703997719027e-01 2.881883909956842738e-01 6.490261153298343411e-02 8.885294995858813993e-02 3.573186076442042535e-33 3.119881410378424459e-33 3.413869907405559477e-03 2.475820350039359581e-03
3.842647964064076216e-02 2.895979231843999815e-02 2.613529334700403495e-01 1.781005819295023440e-01 3.203447719964369056e-01 1.688382335225050435e-01 1.085585156623250983e-32 9.572184960918466671e-33 2.308624650069778395e-03 1.668582472363526383e-03
2.910654778178376617e-02 3.827972417729050281e-02 1.793911851795367274e-01 2.600623302199942533e-01 1.711869339176017024e-01 3.179960716013582878e-01 1.602794539128289604e-32 1.534688198048158051e-32 1.678504600680691319e-03 2.298702521752358022e-03
4.350197382616839692e-02 5.190571283196224878e-02 1.620435435424447124e-01 1.017517824063407794e-01 2.275990195389901993e-01 4.056964433766676592e-01 9.057474268018589522e-33 8.583754866818242548e-33 3.742120820022513689e-03 3.759403657402915228e-03
5.366639336427928703e-02 4.174129329384330261e-02 8.911996102078921511e-02 1.746753649279783049e-01 4.430099138203004161e-01 1.902855490953841988e-01 7.046998284521852850e-33 6.250210793753807481e-33 3.763024611753891698e-03 3.738499865670959557e-03
7.731422223558694073e-02 9.736047255092192265e-02 2.326280516543536847e-01 1.891932324970189427e-01 2.206039487868904914e-01 1.672997553125429304e-01 1.004125543503405688e-32 9.907029192170785868e-33 7.223771010719219274e-03 8.376545951965814335e-03
8.749681950417248499e-02 8.717787528215421855e-02 2.105651090110165768e-01 2.112561751399564258e-01 1.935278060504576625e-01 1.943758980495739197e-01 5.159603716891088281e-33 4.809403455355932223e-33 7.809329046926716256e-03 7.790987915741013486e-03
5.019064623922921825e-02 3.428129661309217702e-02 1.103550387169352359e-01 1.171403354991421286e-01 2.369271218458178507e-01 4.437550057963615124e-01 2.938011313779743295e-32 2.700973307395747276e-32 4.232950649833398978e-03 3.117604639588065184e-03
4.083109751797696363e-02 4.364084533438263025e-02 1.143468622241755883e-01 1.131485119919786869e-01 3.586049843756783373e-01 3.220771432663834810e-01 1.763430050905008087e-32 1.600469988905549895e-32 3.576787100144006044e-03 3.773768189281161319e-03
1.074916576701301536e-02 9.981823263554692738e-03 2.123992838375628744e-01 2.674180288788876592e-01 2.216051786510510602e-01 2.751388914163480082e-01 3.632357988144070168e-33 3.346149231174235390e-33 1.354352264231613225e-03 1.353275921351087359e-03
1.278177200320022508e-02 7.949217027365621663e-03 6.666065503235532597e-02 4.131566576841279037e-01 7.980023767310918947e-02 4.169438323942588065e-01 3.420779150848516084e-33 3.185014221606720992e-33 1.357203378618605403e-03 1.350424806964730957e-03
5.683230741060252972e-02 4.339443080569942157e-02 1.785161206922784571e-01 1.890928619477997008e-01 2.643800252982907439e-01 2.606296513547391447e-01 5.217397523243132662e-33 4.827563168684572099e-33 3.291114998560939163e-03 3.863487492032472576e-03
4.877883393586786298e-02 5.144790428041660924e-02 1.848548829576610875e-01 1.827540996823965591e-01 2.621323832070565629e-01 2.628772934460111843e-01 4.353006620078362873e-33 3.966625585880161432e-33 3.634144394451093926e-03 3.520458096140805133e-03
3.456678224352184581e-02 4.255467217166301191e-02 1.764625283219154461e-01 1.848681294457991953e-01 3.215647271346915304e-01 2.351580242438793544e-01 3.901380701623724381e-33 3.228973770874064479e-33 2.636737256204908092e-03 2.188399182324437392e-03
3.860320916018385867e-02 3.851824525498827312e-02 1.807100323476457104e-01 1.806206254200548034e-01 2.779018393800533060e-01 2.788209119985453621e-01 1.558212317772377902e-33 1.314193017336238328e-33 2.410183825266447397e-03 2.414952613262410196e-03
9.840973040991746190e-02 9.372832318809555530e-02 2.647497701297240047e-01 2.705249478723267820e-01 1.235197764771950590e-01 1.275982349216739364e-01 7.011520122689271767e-33 6.435560875835870258e-33 1.097502471068870396e-02 1.049419229038130175e-02
1.150172005806422010e-01 7.712085301737374443e-02 2.442621074362123779e-01 2.910126105658608631e-01 1.090512900265412921e-01 1.420667213722989486e-01 8.286095190071818524e-33 7.390655213611120042e-33 1.268079600957176985e-02 8.788420991501590812e-03
1.531353144618498308e-02 3.176282691347949438e-02 1.548646533924057100e-01 2.778969176439901601e-01 1.323941780950604052e-01 3.849955629363458476e-01 2.764433230675089950e-32 2.352744987966888071e-32 1.469084643714552640e-03 1.303244928816082266e-03
3.388088436202400799e-02 1.319547399764739275e-02 2.937388972747264626e-01 1.390226737626012177e-01 4.175212261614195119e-01 9.986851486906025976e-02 4.285337739934104526e-32 3.714998723172232808e-32 1.281890941685622865e-03 1.490438630834467308e-03
3.771344467478377621e-02 2.037582178497348781e-02 8.148460359607136161e-02 1.161791833129654922e-01 5.929464805517538073e-01 1.468443371466098823e-01 2.625593298271623842e-33 2.403875961109715424e-33 2.262719252754306909e-03 2.193409680087543903e-03
2.881079053302616072e-02 2.927847592673263680e-02 9.929983961659451241e-02 9.836394729290130756e-02 3.638785673851787639e-01 3.759122503127302894e-01 4.861868621104936529e-33 4.242033645667395641e-33 2.227129647528429748e-03 2.228999285308085054e-03
1.041335658119979662e-01 4.178146094480550410e-02 5.496610182584257265e-01 1.962826771051337238e-01 3.162207659707361174e-02 7.042608199162753158e-02 1.266463707182023987e-33 1.096374858082715141e-33 4.478157748150293424e-03 1.614961542787084420e-03
1.265325919686201284e-02 1.332617675599517826e-01 3.119962760106201674e-02 7.147440677624973260e-01 8.855363197828078348e-02 1.349452661041014231e-02 7.135674273281083954e-34 6.025582152606407605e-34 2.774003346866788910e-04 5.815718956251091434e-03
4.689566452067944757e-03 2.954365417924189642e-03 4.454453226057262794e-01 5.018299776565493531e-02 4.548392491065988419e-01 4.041774565262153812e-02 1.315762942810134329e-33 1.255421358528519328e-33 2.640919382395822616e-04 1.206661061168752720e-03
3.545655034327215537e-03 4.098276835676393191e-03 1.848731597883332689e-01 3.107551605830661812e-01 1.816366171159548015e-01 3.136203776432353041e-01 9.051583560326075150e-34 8.680099041048879371e-34 8.854698423087979621e-04 5.852831570999170868e-04
2.348900921936958753e-03 1.137145024569293991e-02 8.971739641001546389e-03 5.285575650359957550e-02 8.535964602930300460e-01 7.020898783678396204e-02 2.556560737943496119e-33 2.161055324592929612e-33 1.398647483873798330e-04 5.068398095678780437e-04
1.140041663780821599e-02 2.319934529824029760e-03 5.299664369574312583e-02 8.830852448879928165e-03 6.769396598533124199e-02 8.561114821444566481e-01 1.170766882776882290e-33 1.082793910910363103e-33 5.080179625640860938e-04 1.386865953913921470e-04
6.056208784634192765e-02 5.293797917551194832e-02 2.983993044428510100e-01 2.036096120473467330e-01 1.821659283031267784e-01 1.971218870243298393e-01 2.763904453664247898e-33 2.583098761332293042e-33 3.093973137976761822e-03 2.109228022513461032e-03
5.765704231639027372e-02 5.584302470547207464e-02 2.622811975180394661e-01 2.397277189721729318e-01 1.878646588570931364e-01 1.914231564703430533e-01 7.196291971294810111e-33 7.047730274585547717e-33 2.718751650543472110e-03 2.484449509947193532e-03
1.703393585713719460e-02 1.605382310109077643e-02 9.221846712693471115e-02 1.129692996231893287e-01 3.581151032972492709e-01 4.022987913981909691e-01 6.502186734859143668e-33 5.645212252197773482e-33 6.809236211322969084e-04 6.296559750734780298e-04
1.572713155249882977e-02 1.736062740575928728e-02 1.198859748322574220e-01 8.530179191766859570e-02 4.170261147582010608e-01 3.433877799374077666e-01 6.734760376385882993e-33 6.030696595405369975e-33 6.125674242112710962e-04 6.980121719950246927e-04
1.118386591887027617e-02 1.065701003562210224e-02 2.018434407664516095e-01 2.534450868823668879e-01 2.285452367672692331e-01 2.926897330359577998e-01 1.058855017730320568e-33 9.731141170279994007e-34 9.096959720272360149e-04 7.259306214330805149e-04
1.122207443257641248e-02 1.061880152183307217e-02 1.981011987839892685e-01 2.571873288654471512e-01 2.238933652674551245e-01 2.973416045352362813e-01 4.670898157656514598e-33 4.304963062236462729e-33 9.230229579218874420e-04 7.126036355371666428e-04
2.980194476188275515e-02 1.189191650810956236e-01 1.526932539155899105e-01 6.375303403897437660e-01 3.817083009317125825e-02 1.649468328410846202e-02 4.614673951774513765e-33 4.020786906171464575e-33 1.253807413651660896e-03 5.135975060755855297e-03
5.117767428661686852e-02 9.754343555636323104e-02 2.689866749503744825e-01 5.212369193549739599e-01 3.297157174927412698e-02 2.169394162798899545e-02 6.660001323584522353e-33 5.793141353393917971e-33 2.184987328116302571e-03 4.204795146291279324e-03
3.315888004615878681e-02 1.030810520957964604e-01 2.729195849047016953e-01 1.334657994880275034e-01 2.359496799169889525e-01 2.113020324256895122e-01 8.462029092985500966e-34 7.559474725058280248e-34 4.742516374961836326e-03 5.380454747675570554e-03
1.087746099436950470e-01 2.746532219827722138e-02 1.221104858428619239e-01 2.842748985498604886e-01 2.092950466200413917e-01 2.379566657226268034e-01 1.655612677295640917e-33 1.537710557894965320e-33 5.432400202486156737e-03 4.690570920152421081e-03
1.608219101103532458e-02 5.943768007537725273e-02 1.672478986335688422e-01 1.068332378455449372e-01 4.142152287269409983e-01 2.306231998343015732e-01 2.181043058172729565e-33 1.902031312834827354e-33 2.699434614581986119e-03 2.861129258650379342e-03
5.744245988109705076e-02 1.807741120533719326e-02 1.096135213537675346e-01 1.644676151254168828e-01 2.390721074929441081e-01 4.057663210682007082e-01 6.131405125379310917e-33 5.905981162082632411e-33 2.853688068939729851e-03 2.706875804294127906e-03
5.076390768981618035e-02 5.170805742696665125e-02 2.147596065171490654e-01 2.931039020865000011e-01 1.355848549598856478e-01 2.485693465534585256e-01 2.821238496411842164e-33 2.594946867053361712e-33 2.658288495122318983e-03 2.852036271099369583e-03
5.209397992974826308e-02 5.037798518696594285e-02 3.251272405834525481e-01 1.827362680200912415e-01 2.947519127880203760e-01 8.940228872550448624e-02 6.012195062231170877e-33 5.517825534723030508e-33 2.931230940831000293e-03 2.579093825385560430e-03
1.200826234996583627e-02 3.813691710296351206e-02 1.058265993880604383e-01 7.461547910958254981e-02 5.818728589829095244e-01 1.838029731496681751e-01 8.314375268539222964e-34 8.114963910034657225e-34 1.749321151032558717e-03 1.987588765820229048e-03
2.765567372915544997e-02 2.248950572367274664e-02 8.713550169378095345e-02 9.330657680351696348e-02 3.434846480238106237e-01 4.221911841092215179e-01 1.274924678847391673e-33 1.240804990957964290e-33 1.892010142183540942e-03 1.844899774661725930e-03
2.651106378057786067e-02 1.445372044014043567e-01 3.265263267613582321e-01 1.920794959539796065e-01 1.693005484463726562e-01 1.297558816661443515e-01 1.728576100332400876e-33 1.464113473735546749e-33 5.495355348865481153e-03 5.794123641298517743e-03
8.928926786579036157e-02 8.175900031614842522e-02 2.550139436685882055e-01 2.635918790467522421e-01 1.482667067182086573e-01 1.507897233943533144e-01 9.707369004929300170e-34 9.225916547603569185e-34 5.654270456463519196e-03 5.635208533695189662e-03
1.047144837666956763e-01 5.855074078722099368e-02 1.851982381114177512e-01 2.918313353920801156e-01 2.225521682651366573e-01 1.248953223638065851e-01 1.848369370113200346e-33 1.667087829133489895e-33 6.133880609224064834e-03 6.123830704415593809e-03
4.996227286795450195e-02 1.133029516859609398e-01 3.116697383468337024e-01 1.653598351566585578e-01 1.067268933329515307e-01 2.407205972960001494e-01 6.731755279861030038e-33 6.549762403336722713e-33 6.121960984166237296e-03 6.135750329473440429e-03
8.772063181028053047e-02 2.769704871160062754e-02 2.759290572751271209e-01 2.074058355414051535e-01 3.252833057563854768e-01 6.760302332742815223e-02 3.738760048117268301e-33 3.161954697718781935e-33 4.314455427910490054e-03 4.046642149862405072e-03
7.352883288902296866e-02 4.188884763287024221e-02 2.597276288684891021e-01 2.236072639480392588e-01 2.643581399227857287e-01 1.285281891610187133e-01 2.776643567010504170e-33 2.333403648635306950e-33 4.251134446486571836e-03 4.109963131287960869e-03
5.196765067391492798e-02 4.890690629889671293e-02 2.590369312803008639e-01 2.143898626094379867e-01 2.242809875610472792e-01 1.962155326945301537e-01 3.655537914334405454e-34 3.493189767672763775e-34 2.832325797879540336e-03 2.369803083992955573e-03
5.066735644402433486e-02 5.020720052878276107e-02 2.400695433964935011e-01 2.333572504932401870e-01 2.123579569022393532e-01 2.081385633533463508e-01 1.406289421316876860e-33 1.367782520496138023e-33 2.635832545790894529e-03 2.566296336081307344e-03
7.776938278867814858e-02 8.351330734707204662e-02 2.584654028611619303e-01 2.728147102213215325e-01 1.414989985680433771e-01 1.443107393751221490e-01 6.681329832175768518e-34 6.350864129808780383e-34 1.117620178497174058e-02 1.045125705363096624e-02
9.521644086125616302e-02 6.606624927448224993e-02 3.020511422401159773e-01 2.292289708423646544e-01 1.500396060651643382e-01 1.357701318780134281e-01 8.831535424311642530e-33 8.138496743166440721e-33 8.974196396748380933e-03 1.265326244185470406e-02
2.385830718848681864e-02 2.558927342009927747e-02 1.353500611809447529e-01 1.368581934136163802e-01 3.371280976523571282e-01 3.387680373888760088e-01 4.335818788336686557e-33 4.268975471956288721e-33 1.199960425523496996e-03 1.248069330093643913e-03
2.569276405429575874e-02 2.375481655429583297e-02 1.369483612969398523e-01 1.352598932976432355e-01 3.388660857507056479e-01 3.370300492905002887e-01 2.642540136582847021e-34 2.417912148052764336e-34 1.250945654861589052e-03 1.197084100755819655e-03
2.318170625723683931e-02 2.121949569249698478e-02 1.014324397280113865e-01 8.580319923008247751e-02 6.988632895977667792e-01 6.747305046223127378e-02 9.573226133517865869e-34 9.034741299523291426e-34 1.074373200676567155e-03 9.524458314980150872e-04
2.118456211339054748e-02 2.321663983633833611e-02 8.552494911813895984e-02 1.017106898399313536e-01 5.623229920835325774e-02 7.101040408516762215e-01 2.495743828901768506e-33 2.414377353752282173e-33 9.502751371430742319e-04 1.076543895031407613e-03
3.982532564590565705e-02 1.712389140762494433e-01 3.868256761877132410e-01 1.790680772164159329e-01 5.542606467805452630e-02 1.497136185208561565e-01 4.219156631210856289e-33 4.037073212351989102e-33 1.171631880529585938e-02 6.186004869504949967e-03
8.548101514502808029e-02 1.255832245771273947e-01 3.146465618128841402e-01 2.512471915912453668e-01 8.818343271963664798e-02 1.169562504792742708e-01 2.678558719412135084e-33 2.551737666820900427e-33 9.794977953859623082e-03 8.107345720941263462e-03
1.213613054908412210e-02 1.502185360099538881e-02 9.901278307561499348e-02 8.661737138010552894e-02 3.962005236611532144e-01 3.899831140199403468e-01 6.105217599722912031e-33 5.624885805632862847e-33 5.106485224101800502e-04 5.175751906979172458e-04
1.303669192918273378e-02 1.412129222089747449e-02 9.514448772551296896e-02 9.048566673020687345e-02 3.942602269291428652e-01 3.919234107519503629e-01 5.325789750652803155e-33 4.965714004159419730e-33 5.128101608767119540e-04 5.154135522314592845e-04
3.343969920430910070e-02 5.892201201702901292e-02 8.944471390231102659e-02 3.483055971497046599e-01 1.317253468556796037e-01 3.327552819657710881e-01 1.002209042134070393e-33 9.527814953511084044e-34 1.310973846540668293e-03 4.096375058654235304e-03
4.253289580444014062e-02 4.982881541689974242e-02 1.818175263998214608e-01 2.559327846522084782e-01 2.034615638899366363e-01 2.610190649315023426e-01 8.582967848663623079e-34 8.240533784280270925e-34 2.304926044606294896e-03 3.102422860588489005e-03
1.439734154664955579e-01 4.315924022634248097e-02 1.700628476393384880e-01 3.716527209288764122e-01 1.837951704090976246e-01 7.432754857727222331e-02 1.406257798994828078e-33 1.267544843851339430e-33 5.400939092775164721e-03 7.628117659807615025e-03
7.446648475181623372e-02 1.126661709410235052e-01 3.090501807414462454e-01 2.326653878267704867e-01 1.083220696468263772e-01 1.498006493395406813e-01 1.189746939455502824e-33 1.145284483219611695e-33 6.936480557843800743e-03 6.092576194739065740e-03
6.291799420679260180e-02 2.264490884480771515e-02 3.374944759851308818e-01 7.034803229482447517e-02 3.995447037174451599e-01 1.005701061552234654e-01 1.561171178808763388e-33 1.524655710585333731e-33 5.454093548203798464e-03 1.025685247578225637e-03
5.930765248244683485e-02 2.625525056915785360e-02 3.135457284904505926e-01 9.429677978952777373e-02 3.727426731702943030e-01 1.273721367023468165e-01 1.822246433981460766e-33 1.817051352201485700e-33 5.057102179986175221e-03 1.422676615795859722e-03
2.498276591147330361e-02 3.110681944870151427e-02 1.807166218632214050e-01 1.703287456001137956e-01 1.984951976994040468e-01 3.913099113040275912e-01 1.380516121097963231e-34 1.227571790504919376e-34 1.547966913054160069e-03 1.511971260005342751e-03
2.859188209994806273e-02 2.749770326022616534e-02 1.745946877297036570e-01 1.764506797336305721e-01 3.121275655446574815e-01 2.776775434587757108e-01 4.753918510729188445e-36 4.491768754424611011e-36 1.526753431927093969e-03 1.533184741132422296e-03
3.112730662391490974e-02 2.260677637746701107e-02 2.655296607959942157e-01 1.747072732540274620e-01 3.750806889471406946e-01 1.264916225140937101e-01 8.402757790550422157e-35 7.366687621682012402e-35 2.738066323506597750e-03 1.718605163855999951e-03
2.310527746568355467e-02 3.062880553569877207e-02 1.800209166206560574e-01 2.602160174293660644e-01 1.410355436729341383e-01 3.605367677883006272e-01 1.268187814720550122e-34 1.156975988104353912e-34 1.778249632308297927e-03 2.678421855054325361e-03
2.973213500772396017e-02 2.034776433424172193e-02 2.773015569693714211e-01 1.959342661523481299e-01 2.845128433806028423e-01 1.879837661449577091e-01 7.372213550852166628e-34 6.914161929374261208e-34 2.005290395057364276e-03 2.182377615697804907e-03
2.037209622309306412e-02 2.970780311887350270e-02 1.961452360665934813e-01 2.770905870551254591e-01 1.882340476885844549e-01 2.842625618369767904e-01 1.092516700962333774e-33 9.613933787554776618e-34 2.181918462205273759e-03 2.005749548549829505e-03
7.971496265198874109e-02 7.232003067648379302e-02 3.697562408388432864e-01 2.084413696156133255e-01 1.373169861002504211e-01 1.046144186943509524e-01 4.449398470142297598e-34 3.910474945350104783e-34 1.132832716858406946e-02 1.650766425388812061e-02
7.418666435964516026e-02 7.784832896882822040e-02 2.491605774754594438e-01 3.290370329789978343e-01 1.128692226665679310e-01 1.290621821280329984e-01 4.884049746200982145e-34 4.728345856573082858e-34 1.520029251715045854e-02 1.263569890532164133e-02
4.103009481703535910e-02 1.602738998228466633e-02 1.766586408360584781e-01 1.072756435575258072e-01 1.687212631276360231e-01 4.852774298087116356e-01 3.785087514359290533e-34 3.420159859846252431e-34 3.643281690908214271e-03 1.366256179845664991e-03
3.498331027671026938e-02 2.207417452260602292e-02 1.598786949030784332e-01 1.240555894904904755e-01 2.452788574952241285e-01 4.087198354411403223e-01 4.719839047866034984e-34 4.297237396674329969e-34 3.092593965351289609e-03 1.916943905402198039e-03
2.276823118594908935e-02 2.268897033744221234e-02 1.828688225511076182e-01 2.497600475267783282e-01 1.736636371246091104e-01 3.443392640141259009e-01 4.185102193759160135e-34 3.733079439627355337e-34 2.178320549476084941e-03 1.732706710510024169e-03
2.269420821959478030e-02 2.276299330378140154e-02 2.453396008506859849e-01 1.872892692271469206e-01 3.330603181159839665e-01 1.849425830228175749e-01 1.470358485625427381e-33 1.309773485935215638e-33 1.762154701841140911e-03 2.148872558144117751e-03
3.098828521329448707e-02 3.250926974129499103e-02 1.173197406870371828e-01 1.629655876236592027e-01 2.742692415464235145e-01 3.762390556735234481e-01 2.503394488910590052e-34 2.407883042929017755e-34 3.027257656973359173e-03 2.681561857791531656e-03
2.947410126903682315e-02 3.402345368554626770e-02 7.187798419268157102e-02 2.084073441179858932e-01 1.727553520185545199e-01 4.777529452014320221e-01 4.496409673871642176e-34 4.189696919044891780e-34 3.371407790705643198e-03 2.337411724056221839e-03
1.126905100598439846e-01 2.422993385072971101e-02 6.510711635166601674e-01 9.178270648571708323e-02 6.597572261231429702e-02 4.763332997700459731e-02 1.653657488022949721e-33 1.659830075533580729e-33 5.734491154090528078e-03 8.821423436409373594e-04
2.756271720891040333e-02 1.093577267016680316e-01 1.128540960458390557e-01 6.299997739565534882e-01 4.832438607843295153e-02 6.528466651086382855e-02 1.292936549563773443e-33 1.286609026216102910e-33 1.064956293725563769e-03 5.551677204006125882e-03
6.545580315293395013e-02 8.256883016771351946e-02 1.895259353933280710e-01 4.172689809712171183e-01 8.433481748271784428e-02 1.228808701550045124e-01 3.446434152811851166e-34 3.150612565707614981e-34 2.513763623238900874e-02 1.282712644469853093e-02
7.800352496827550608e-02 7.002110835238063713e-02 3.565131305179535248e-01 2.502817858466112044e-01 1.125977978188734685e-01 9.461788981880514537e-02 1.266021710825574820e-33 1.123044748695596374e-33 1.611124644830686653e-02 2.185351622879565595e-02
3.502158877186387770e-02 7.821608024861741171e-02 1.658426424226145945e-01 2.906350843652033000e-01 1.091853915989500212e-01 3.021923178147927214e-01 1.334346279853431313e-34 1.263299990364251750e-34 1.504696872021006604e-02 3.859926057749435944e-03
6.638456129783913695e-02 4.685310772264337370e-02 2.564528520647636478e-01 2.000248747230632118e-01 2.493252732661935811e-01 1.620524361475386699e-01 2.080637164198268593e-34 1.978411860657957130e-34 6.924198902246875634e-03 1.198269587571279722e-02
1.055709983464146566e-02 4.408718269088501319e-03 3.931066443525346177e-01 8.612907423007287733e-02 4.342372918544272764e-01 6.892563262740188101e-02 2.356443274006273004e-33 2.258711026560513137e-33 9.556161121157849244e-04 1.679922719717911713e-03
8.771121333927154803e-03 6.194696769806107284e-03 3.039359683632134601e-01 1.752997502194001966e-01 3.281217616967613826e-01 1.750411627850572693e-01 3.441835582744239213e-33 3.238503922740909391e-33 1.166012297731986325e-03 1.469526534102219562e-03
3.072916973620724856e-02 5.395733928420325815e-02 1.745587769965799285e-01 2.242242203464370753e-01 3.496861104920948038e-01 1.608611988415533101e-01 3.616538105127119325e-33 3.291245770217805900e-33 2.264798536874214081e-03 3.718385766047976188e-03
5.127914522974593575e-02 3.340736379066535505e-02 2.184978244366808653e-01 1.802851729063392749e-01 1.826325982051566210e-01 3.279147111284886895e-01 9.028950209025758366e-33 8.615707515236286554e-33 3.550788028020206849e-03 2.432396274902118294e-03
3.332500209843708427e-02 3.905714951675378493e-02 1.731578326092871878e-01 1.432285629462057563e-01 2.808290786017809126e-01 3.263522844839803483e-01 3.199488659070632034e-34 3.043829272111030322e-34 2.199086510104317996e-03 1.851003233449870916e-03
3.927357104421205086e-02 3.310858057099626273e-02 1.420985609097683011e-01 1.742878346457589211e-01 3.280710472847681580e-01 2.791103158009410889e-01 1.027352273303315335e-34 9.686098923535937408e-35 1.837861088122534538e-03 2.212228655433892167e-03
5.682650921537034383e-02 8.929574967605688474e-02 3.098093022775049721e-01 4.963458687606391861e-01 2.168347369788137941e-02 1.868030179431058938e-02 8.386029645461386382e-34 7.783417067222969918e-34 2.835689707301413363e-03 4.523104870936483536e-03
4.471858989458885915e-03 1.416503999019740334e-01 9.030578968857597491e-03 7.971245920693215137e-01 2.652590340515569717e-02 1.383787208699551949e-02 3.913517164395056883e-33 3.418540704295697552e-33 1.148366961267931413e-04 7.243957882111448643e-03
4.352309466219264622e-02 3.664982743098310625e-02 2.251297617617334379e-01 2.247438833729694663e-01 2.665385658650055722e-01 1.970982941071018346e-01 1.231600121839369808e-33 1.131721384933940783e-33 3.097609753110941531e-03 3.218963046902103761e-03
4.004149682502070040e-02 4.013142526815033362e-02 2.249342981898033444e-01 2.249393469448823790e-01 2.313641587261794641e-01 2.322727012459498142e-01 2.112337335541203989e-33 2.061190696311952871e-33 3.159080281025067674e-03 3.157492518988131141e-03
1.232883143274236294e-02 1.192094226067245619e-02 2.127430715177091036e-01 2.352004116726605365e-01 2.500296432352089870e-01 2.736824095644354027e-01 1.095042548810693344e-33 1.013086826574992309e-33 2.082028140010717086e-03 2.012662176561447885e-03
1.054801307552531014e-02 1.370176061789108238e-02 3.107903999107432536e-01 1.371530832796565846e-01 3.532961267851245091e-01 1.704159260144881838e-01 1.343354615483755040e-33 1.230306579937785737e-33 1.779180725727234815e-03 2.315509590845726828e-03
1.122328905942689137e-02 1.194594975301839501e-02 5.181914449227551650e-02 7.336610425914046052e-02 6.589451873005782723e-01 1.895117944602787152e-01 2.298214108422175424e-34 2.050317161005169519e-34 2.001016606981083443e-03 1.187514068301356298e-03
1.203108258855191751e-02 1.113815622389664056e-02 7.590443766834739647e-02 4.928081108305269048e-02 1.342103283913090306e-01 7.142466533695592812e-01 6.799235953487936792e-34 6.590289508504092404e-34 1.091679635288974118e-03 2.096851039994027024e-03
2.172075603518036635e-02 1.998996775953728114e-02 1.486519267317250037e-01 1.303338558368871969e-01 2.702378365697204465e-01 4.068060310032680649e-01 1.149624747389353123e-33 9.644328187604625761e-34 1.348450717323092371e-03 9.111753463563321406e-04
2.013615085811805427e-02 2.157457293660699355e-02 1.318810077335867414e-01 1.471047748351010098e-01 3.952714244250743469e-01 2.817724431478328406e-01 3.569976922140910571e-34 2.984383106663871579e-34 9.481078062996561731e-04 1.311518257380648927e-03
1.856391067586702151e-02 1.598932067620877084e-02 6.373438678251962253e-02 7.290320107575869180e-02 3.711078191744122678e-01 4.498062598300295312e-01 9.071261599467358698e-34 8.939957475398776774e-34 4.461562211114801502e-03 3.433539574089616766e-03
1.529673924313552057e-02 1.925649210894891245e-02 7.536967167640640231e-02 6.126791618191376743e-02 4.709766515496696671e-01 3.499374274547175645e-01 2.319527022240702673e-34 2.147555239567663296e-34 3.156994807242074173e-03 4.738106977965359477e-03
8.953703897922000998e-02 7.209073064234480799e-02 2.152772369984667644e-01 3.804283298189332641e-01 9.498912306198613320e-02 1.204066725088211859e-01 6.233135608473196146e-34 6.035927882333855949e-34 1.600717427233531651e-02 1.126369371789108856e-02
7.154959303425985351e-02 9.007817658729964927e-02 3.855508729733546636e-01 2.101546938440415624e-01 1.211950565981944339e-01 9.420073897262329354e-02 8.213988328974909518e-34 7.851223131094835273e-34 1.111656369636078445e-02 1.615430429386451386e-02
5.349314680318745241e-02 2.132565509722331859e-02 8.335895419259820027e-02 4.296366749105018923e-01 1.314487824914337410e-01 2.675822976311313939e-01 9.322338181893519898e-33 7.799230424365589604e-33 8.768600300697487401e-03 4.385888573226743962e-03
2.932388003732263465e-02 4.549492186308240482e-02 3.435371080756087214e-01 1.694585210274840159e-01 2.337336380611694242e-01 1.652974420614108653e-01 2.186997717742272753e-33 1.893483399593737381e-33 5.475619614873729335e-03 7.678869259048363115e-03
3.491554594356616886e-02 2.933175245038671664e-02 2.047351919506127382e-01 3.030091420989354800e-01 1.811367701159878330e-01 2.325150585474955456e-01 8.936686443359670952e-34 8.556779794428813285e-34 8.378387971219359437e-03 5.978150921795558938e-03
4.287786434938957447e-02 2.136943404457206444e-02 6.459955064615779952e-02 4.431447834034013544e-01 1.078729053012582734e-01 3.057789233622052461e-01 4.447517565349934985e-33 4.288637353053822399e-33 1.180105244838995301e-02 2.555486444627045294e-03
1.450121254839661228e-02 1.531176611811758265e-02 9.521064502011611363e-02 1.102771890211382555e-01 4.261004603373491073e-01 3.360810311691918018e-01 1.485976660361638163e-32 1.334916934127359647e-32 1.412062480405943277e-03 1.105633305285424724e-03
1.372663886217854491e-02 1.608633980433542623e-02 8.081289395048973923e-02 1.246749400907620348e-01 5.121239925093619139e-01 2.500574989971821038e-01 1.361098489247209333e-32 1.217534558439347722e-32 1.704889487286710779e-03 8.128062984047190222e-04
3.214065048268231056e-02 2.703339407101876257e-02 2.161678153442841421e-01 1.870696927479484351e-01 3.390114538623849594e-01 1.932973357472065334e-01 5.003573345890428160e-33 4.194376128115287701e-33 3.249945711425500719e-03 2.029712033052921433e-03
3.405229790526387301e-02 2.512174664843658256e-02 2.270592503105038074e-01 1.761782577817345152e-01 3.935522867237783995e-01 1.387565028858075977e-01 3.905931780288731743e-33 3.407845108651085355e-33 3.706679499232601489e-03 1.572978245244494901e-03
1.427849032936584365e-03 2.972036415177906326e-03 1.417225213268875073e-01 3.503217694701608598e-01 1.439029782959280468e-01 3.579037344540995647e-01 1.974452612428305387e-33 1.897482524499111796e-33 1.229953278373521058e-03 5.191577264338074387e-04
2.327357621049796609e-03 2.072527827065104127e-03 2.632342091807816087e-01 2.288100816162696172e-01 2.685611125617252681e-01 2.332456001883019270e-01 1.692728027971172335e-32 1.363203041280982524e-32 8.159059220000267976e-04 9.332050828072585482e-04
3.697277439112952712e-03 7.739535251781244803e-04 1.565021601699742582e-02 5.439649183129217913e-03 9.891788735640789920e-02 8.752122429169212348e-01 7.940530559662923775e-33 6.280528013747799143e-33 2.470437734345742116e-04 6.172978882122923398e-05
9.800180867491270140e-04 3.491212877543046090e-03 6.159390149223730425e-03 1.493047505091289924e-02 8.204913974895782225e-01 1.536387327837363259e-01 1.481017974801226535e-33 1.447673859970146920e-33 7.479253729409350571e-05 2.339810249617790036e-04
6.366403638897202844e-02 8.083430617930796591e-02 2.791987396304620450e-01 4.318657902898367928e-01 6.376108447765657661e-02 7.082319732895724085e-02 5.671239418849585816e-33 5.065661249901291017e-33 4.080316498678321357e-03 5.772529206133327623e-03
6.395761007174124990e-02 8.054073249653620481e-02 2.818090089417138455e-01 4.292555209785786086e-01 6.388183100658911817e-02 7.070245080003381699e-02 5.540947757829860178e-33 5.188839882337233223e-33 4.109249597727830487e-03 5.743596107083218279e-03
2.076508098796864960e-02 1.216890286500996177e-02 1.291187650184424662e-01 2.202976724445238621e-01 1.736296415754826072e-01 4.408360523686800647e-01 7.563876218124537952e-33 6.666153414527120630e-33 2.016144568895067435e-03 1.167740170999757984e-03
1.555520601788081166e-02 1.737877783509902269e-02 1.843794518963132734e-01 1.650369855666867225e-01 3.355750982104837021e-01 2.788905957336430541e-01 4.190781849291811677e-33 3.784880390007135540e-33 1.501953171988043914e-03 1.681931567907052338e-03
1.355009621666789475e-02 1.059250984696186691e-02 1.104317327341703958e-01 1.153869197175340228e-01 3.158583787488152828e-01 4.329710079895038310e-01 1.031200973763076112e-32 1.005882610436017397e-32 6.868140101828327680e-04 5.225407361619459042e-04
1.046471848190500681e-02 1.367788758172728235e-02 1.156010233917544594e-01 1.102176290599378161e-01 4.380312094123518518e-01 3.107981773259793634e-01 4.451975562792942184e-33 4.233985404328741011e-33 5.154428180272435612e-04 6.939119283175786959e-04
8.281150536854797739e-02 2.072922650328678715e-02 2.046494336515499168e-01 3.009458791541758660e-01 2.491839116850463054e-01 1.319664839129732203e-01 2.081430271399229537e-32 1.743787775627866735e-32 4.292185355261851631e-03 5.421374369158519363e-03
3.218075973023157288e-02 7.135997214159671420e-02 2.831832910941684545e-01 2.224120217115488907e-01 1.535881011191401746e-01 2.275622944788951996e-01 6.193126180178409526e-33 5.721262738726047328e-33 5.213087145356258209e-03 4.500472579063147412e-03
5.781121604701896372e-02 8.891916898268728553e-02 2.456665303670614309e-01 3.691760490163847330e-01 1.045794660833534034e-01 1.190459418665122671e-01 4.763374202275005441e-33 3.924507890489298088e-33 6.142895442234110222e-03 8.658732194749023045e-03
5.896705058530973126e-02 8.776333444439432530e-02 2.502556001703870048e-01 3.645869792130508880e-01 1.051169766161875047e-01 1.185084313336896705e-01 4.654632125604842307e-33 3.895256774306003166e-33 6.236372856748016724e-03 8.565254780234853732e-03
1.554745752543925351e-03 1.626282581732546844e-03 3.864400856296264404e-03 8.063454578487769253e-03 8.027873100127322914e-01 1.818063196505362300e-01 5.950580840600451161e-33 5.330267170034369273e-33 1.401021548664465655e-04 1.573844128054067699e-04
1.629308438960964901e-03 1.551719895315714377e-03 8.241065708389247110e-03 3.686789726393076977e-03 1.555401314467904916e-01 8.290534982164788902e-01 1.137782986200839055e-32 1.006250417010075234e-32 1.581154159226451611e-04 1.393711517494989846e-04
1.292169092701254129e-01 5.489703660990842560e-02 2.062215116266533366e-01 4.001105071417449532e-01 1.131070727315076352e-01 7.475693720836840139e-02 9.383376475220793298e-33 8.064574477670421365e-33 1.252198540758282103e-02 9.168040004108302804e-03
7.617479182711116292e-02 1.079391540529247573e-01 3.446001511870349643e-01 2.617318675813726792e-01 8.573656845636727641e-02 1.021274414834970334e-01 1.065710876310833418e-32 9.528979308561358073e-33 1.012827347535344424e-02 1.156175193633824511e-02
2.180768172666602833e-02 9.818512571137516520e-02 3.220811888144217150e-01 1.038273860762053274e-01 7.725600271789752338e-02 3.560787343608595168e-01 2.855292099125365887e-33 2.697252801928896968e-33 6.484163626341932565e-03 1.427971696623265077e-02
8.075359354760912323e-02 3.923921389042719227e-02 1.536391889306699954e-01 2.722693859599386590e-01 2.924433577227590342e-01 1.408913793560206129e-01 6.462943383140976375e-33 5.974458275486530517e-33 1.250054720498889813e-02 8.263333387584826523e-03
4.746524365944706364e-02 8.012653517174056494e-02 1.645632954598783559e-01 3.753894733751992341e-01 2.146466601775686711e-01 1.092028450026125141e-01 7.997212173560316822e-33 6.601728150038581784e-33 3.583725881747061928e-03 5.022221271805605257e-03
7.779916907611077181e-02 4.979260975507678044e-02 3.603665004359223878e-01 1.795862683991870101e-01 1.167165209495901607e-01 2.071329842305610347e-01 1.419645447956482842e-32 1.150199954937871122e-32 4.919717505281700695e-03 3.686229648268963752e-03
3.468933170006625877e-02 3.106619688845543500e-02 1.289125257379470368e-01 1.385145774539444652e-01 3.558939618505191360e-01 3.023857528179303422e-01 9.490313100971976332e-33 8.005851204577140322e-33 4.242925495640670688e-03 4.294728055497655343e-03
3.275527038929925555e-02 3.300025819924250897e-02 1.340381856136528549e-01 1.333889175783176673e-01 3.273308080402467790e-01 3.309489066281012803e-01 5.046391701631416140e-33 4.647220972584746423e-33 4.270578158882702702e-03 4.267075392259128339e-03
3.900183350850575104e-02 4.342850013967884670e-02 2.145050113822961069e-01 1.181962912313149622e-01 2.159636286370150426e-01 3.612660868183103502e-01 2.602825227016421013e-32 2.328503122292610831e-32 3.921490114133400345e-03 3.717158168746701428e-03
4.496846340275974241e-02 3.746187024536636045e-02 8.469209873004865385e-02 2.480092038833803803e-01 4.118143811178127667e-01 1.654153343377606222e-01 2.399616041051917104e-32 2.242941298273783445e-32 3.646074503403591398e-03 3.992573779467880994e-03
4.009432856560455477e-02 8.552521287856561238e-02 2.824362707894777502e-01 1.713476213015845406e-01 1.585084670880312074e-01 2.489867945760918244e-01 9.441186929150679900e-33 7.910361816156381213e-33 6.702431500918861959e-03 6.398873299726605748e-03
1.000861318650326515e-01 2.553340957916336654e-02 1.357429252898846861e-01 3.180409668012696423e-01 2.779857369586490323e-01 1.295095247053520693e-01 1.370488464968365012e-33 1.169214415479767634e-33 6.301580754313843361e-03 6.799724046334403374e-03
2.483369930779834658e-02 2.476407281741706268e-02 1.618376994329329688e-01 1.625235817682389450e-01 3.091477012496942067e-01 3.136415307728924184e-01 1.263363056827084127e-32 1.264448863407311107e-32 1.618349504632923819e-03 1.633365146391212424e-03
2.610182742357838870e-02 2.349594470162913451e-02 1.493455191043144004e-01 1.750157620968387784e-01 2.273002386831634025e-01 3.954889933394507562e-01 6.540224821504731931e-33 5.428076896410504339e-33 1.344865125562535839e-03 1.906849525460751907e-03
1.182579888749871605e-01 2.841241841889350847e-02 7.054980552333275368e-01 1.004836005392845122e-01 8.771576191874949635e-03 3.001927975706025764e-02 6.795941104574288244e-32 5.307833868649746770e-32 7.322137825213017107e-03 1.234943159355727030e-03
1.580384001214303960e-02 1.308665672817390657e-01 1.557822178213054062e-02 7.904034339904856266e-01 3.300109995147398195e-02 5.789755997457892919e-03 2.236922794613554935e-32 1.772216908957823256e-32 3.806899019943614450e-04 8.176391082574577251e-03
7.580818505296237075e-02 9.216459274479939234e-02 3.225490338719960159e-01 2.700634718772167986e-01 1.028199493377921908e-01 1.180921303688257512e-01 1.499886082730211624e-32 1.472816795241109008e-32 9.388854979439940907e-03 9.113781766966503814e-03
6.246489314740720500e-02 1.055078846503471057e-01 3.653659034265804850e-01 2.272466023226242804e-01 9.036115194348025292e-02 1.305509277631550502e-01 9.243920481386692923e-33 8.502122080022188160e-33 9.613255241317328337e-03 8.889381505088420760e-03
1.944756255963959318e-02 1.817460225070099619e-02 1.803890491659815853e-01 2.417634208651174288e-01 1.845419550181454371e-01 3.519338001741476596e-01 8.689007296930827953e-33 8.044253485610327132e-33 1.746135956322401699e-03 2.003474009943418364e-03
2.027869434520710584e-02 1.734347046513003143e-02 1.403169504679743773e-01 2.818355195630986021e-01 7.524971536461216859e-02 4.612260398277117091e-01 1.183152092632863688e-32 1.117273594122574429e-32 1.578116706626235891e-03 2.171493259639380342e-03
1.503277537523730299e-02 1.678519378148927640e-02 7.298366332609175500e-02 6.458304197938008473e-02 4.491109521745494937e-01 3.803245478346459763e-01 7.749258191779368531e-32 6.715495435628557810e-32 5.928233240000173798e-04 5.870022046074182360e-04
1.584500696482539495e-02 1.597296219191321476e-02 6.909004408220625892e-02 6.847666122333911920e-02 4.172290167077575829e-01 4.122064833013519558e-01 2.790677330855851465e-32 2.449300086981413250e-32 5.901252828014722819e-04 5.897002458067322501e-04
3.223331684536600433e-02 4.774737432119826458e-02 1.234599722310295855e-01 3.342102078399120657e-01 9.249129459757975125e-02 3.626196998986911946e-01 5.082783207755924808e-33 4.798719027392212815e-33 2.436797629169737238e-03 4.801336637052226741e-03
4.635908398643611567e-02 3.362160718015988481e-02 3.153510205767707797e-01 1.423191594942410376e-01 3.384470000865457129e-01 1.166639944096203307e-01 1.445957017165840508e-32 1.368365642465110845e-32 4.589743592747903139e-03 2.648390673477701157e-03
6.556005257832307753e-02 5.457834682672424442e-02 3.927599909937343758e-01 3.298705730118793311e-01 7.563004290902869409e-02 7.364577976493549838e-02 6.374527608783719352e-32 5.261302498676635591e-32 4.292051689407092897e-03 3.663162225967276763e-03
3.737723403404035610e-02 8.276116537107207349e-02 2.313642028138494788e-01 4.912663611920091156e-01 7.053774400764838137e-02 7.873807866600701644e-02 2.398729027085146922e-32 2.229873975161266955e-32 2.678105911449913876e-03 5.277108003924262797e-03
2.081340658372306945e-02 5.367153928331385576e-02 2.131987129541062231e-01 3.426510058041423168e-01 1.147545735161030478e-01 2.469334335272081460e-01 4.377299435617500607e-32 3.563884348226781130e-32 3.577157635063184411e-03 4.400170696338412402e-03
2.224239152101757655e-02 5.224255434589249181e-02 2.188285330741842893e-01 3.370211856834726682e-01 1.205029707767980018e-01 2.411850362672341153e-01 3.780838819592532144e-33 3.224272378622903904e-33 3.612950091030510142e-03 4.364378240370230151e-03
1.189006723466188437e-02 2.208448250260727080e-02 1.101119072127350051e-01 1.189016612494899483e-01 4.260894144997367516e-01 3.090122098879339863e-01 7.959277308283602772e-32 6.880926317850326843e-32 7.139649546008277302e-04 1.196292458232964435e-03
1.868762467396135538e-02 1.528692506332179554e-02 1.159728473816327432e-01 1.130407210806653323e-01 3.480232378467451038e-01 3.870783865408373714e-01 6.182503209105230476e-32 5.400860862837513592e-32 1.035577212324100341e-03 8.746802005106305272e-04
4.642799668961858361e-02 4.873955641866120625e-02 3.265155779025875615e-01 1.962824449059205889e-01 2.333073707629703397e-01 1.389593155120223134e-01 1.683419697060991188e-32 1.532661862015547860e-32 5.313576306723685055e-03 4.454161501496406786e-03
4.633080434291574068e-02 4.883674876535040732e-02 3.319913887388378226e-01 1.908066340696344398e-01 2.372743497601409179e-01 1.349923365149011401e-01 2.026120837665525723e-32 1.590712178420647159e-32 5.349711449869697100e-03 4.418026358348608844e-03
1.790000164847858205e-02 7.637422765896300855e-03 9.415423774879924657e-02 3.714960985405464655e-02 1.205540803520781246e-02 8.287484462556222731e-01 9.135500296015831485e-33 8.526446846907964056e-33 1.866880514433826932e-03 4.879931775078093833e-04
9.032708507275251722e-03 1.650471590710592129e-02 4.489987861242204781e-02 8.640396899044730517e-02 7.177120133719224748e-01 1.230918409188841156e-01 4.574508094040484419e-33 4.059024645965751251e-33 6.754647538232609431e-04 1.679408938119303016e-03
7.537602437257338861e-02 6.237009120162012588e-02 5.577127091260478675e-01 1.648537136171727702e-01 6.727670754857235924e-02 6.282257914941088983e-02 1.036756224749699230e-32 8.569447357289113226e-33 6.567771565355425695e-03 3.020403419247736851e-03
6.279841485384646260e-02 7.494770072031875507e-02 1.777917164164724562e-01 5.447747063267210921e-01 6.296926670492317135e-02 6.713001999311725421e-02 2.354309833012166244e-32 2.204562808749067267e-32 3.137228691238397836e-03 6.450946293363261572e-03
1.020921785483994496e-02 1.551497597479540615e-02 1.614023687987765909e-01 3.293794549518865300e-01 1.326079373772506564e-01 3.471707542948774816e-01 3.389791422466851829e-32 2.879258463825351823e-32 1.857003218263891852e-03 1.858287529309292059e-03
1.386427151225255901e-02 1.185992231740242396e-02 2.771191521920217116e-01 2.136626715586762981e-01 2.804169009573111437e-01 1.993617907147628987e-01 5.764836390217061943e-32 4.877251925569282072e-32 1.857887960025686458e-03 1.857402787548287186e-03
1.156733704459680934e-02 1.031461049607099341e-02 8.287900950202312100e-02 9.124901155996519020e-02 3.886353144008357074e-01 4.146685435690756760e-01 6.141880477957837434e-32 4.965935743175674439e-32 3.409023150004777654e-04 3.452711124310712566e-04
8.817376304976429560e-03 1.306457123569029766e-02 1.012526737920834974e-01 7.287534726990449463e-02 4.457829482738923654e-01 3.575209096960203503e-01 5.835290158076361469e-32 4.719616734485242489e-32 3.504926134001176913e-04 3.356808140313544608e-04
6.031508585331944727e-02 5.547235844579526121e-02 2.637114388936567799e-01 3.247458651881998115e-01 1.365664078624876376e-01 1.503072234669318719e-01 1.625505808921805939e-32 1.481873985379419164e-32 4.304925051633186686e-03 4.576695237974156422e-03
5.594117414476673655e-02 5.984627015436941311e-02 3.188372325489459147e-01 2.696200715329987174e-01 1.489769999111807963e-01 1.378966314181293007e-01 6.300963779821518392e-33 5.571081666343141988e-33 4.550385656794384177e-03 4.331234632814358852e-03
1.223962426437391615e-02 2.804956012609881311e-02 9.472301647187439388e-02 9.023495718786679609e-02 6.631695274481459457e-01 1.089346490774054932e-01 2.173530827130231334e-32 2.001892950448962501e-32 1.340733762562267874e-03 1.307931661674621585e-03
2.591195389960957579e-02 1.437723049084984987e-02 9.084177201333641649e-02 9.411620164633510699e-02 1.838708118361090660e-01 5.882333646895225865e-01 5.709830192706602714e-32 4.404478161446738170e-32 1.312366719204862905e-03 1.336298705030955795e-03
2.317883924639353721e-02 2.333232995403883292e-02 1.410132709307778121e-01 1.806194893011600633e-01 3.049236157505635925e-01 3.209660933298567054e-01 1.094489363743234778e-32 9.950839823848122083e-33 2.990775396200108516e-03 2.975586091009623131e-03
2.347830711098687628e-02 2.303286208943830168e-02 2.182869366930208221e-01 1.033458235391690461e-01 3.362232727604583804e-01 2.896664363197125613e-01 5.763427187970367990e-32 4.709557337481526292e-32 2.961140320176557268e-03 3.005221167034896525e-03
1.077291667321697045e-02 1.050816830237383259e-02 5.461414131166504593e-02 3.308760856313143206e-01 1.585607366507233440e-01 4.312058069417433748e-01 4.306681854557934242e-32 3.757028129363373972e-32 2.007589449635983556e-03 1.454555039328231381e-03
1.063367137699761794e-02 1.064741359860314589e-02 1.999150402365446610e-01 1.855751867065985605e-01 3.019593285134080651e-01 2.878072150788827943e-01 3.173335201062690922e-32 2.988805207858953110e-32 1.716719141199196013e-03 1.745425347768387106e-03
1.481090668092004820e-02 2.261305710095720678e-02 1.537930255554426084e-01 2.647422636650036409e-01 1.688505957235752197e-01 3.708618129446870082e-01 4.111138827567935570e-32 3.840454379949733877e-32 1.712093503479276968e-03 2.616244825935404479e-03
2.605035937801465987e-02 1.137360440388226687e-02 3.136218735494013532e-01 1.049134156710813115e-01 4.598595353109990458e-01 7.985287335720676893e-02 7.739279015125908333e-32 6.953928409340437842e-32 3.014576213074341305e-03 1.313762116341736595e-03
4.300304872497718450e-02 4.333451288996621048e-02 2.453239507987615142e-01 2.892087015649334458e-01 1.770203440923680260e-01 1.889530151925305768e-01 1.975770004454832328e-32 1.740089067276290604e-32 6.580563511897199319e-03 6.575863224567078842e-03
4.470753197270700696e-02 4.163002964222398822e-02 4.709918522281224540e-01 6.354080013556552553e-02 2.383815412879353446e-01 1.275918179969856847e-01 4.808114939329319366e-32 4.193331542160923872e-32 6.556393294237206418e-03 6.600033442224418484e-03
9.850809769160053658e-03 8.012654542985721620e-03 5.963292166491890312e-02 9.117594129217551635e-02 5.834426277631720170e-01 2.466926255373646515e-01 3.586848332578123975e-32 3.491236761565525888e-32 4.267290307116037109e-04 7.656903995117904805e-04
8.671269010774612651e-03 9.192195301363085755e-03 7.987401815278037664e-02 7.093484480418914273e-02 3.673507834214068124e-01 4.627844698792644151e-01 9.224850070139156602e-32 9.018086988302450392e-32 6.442399048331294391e-04 5.481795253898834926e-04
1.346156172890238152e-02 2.342465090611443868e-02 1.149603126828468713e-01 1.816129050280750612e-01 3.077270743053344693e-01 3.562259366620038614e-01 4.148207327862530263e-32 4.249528916294293333e-32 7.076225202240606429e-04 1.879936166496501502e-03
1.860607339451274267e-02 1.828013924049730690e-02 1.493768508432497533e-01 1.471963668676100345e-01 3.327698054026706487e-01 3.311832055647394024e-01 4.202911387136709692e-32 3.696542308997326263e-32 1.312954975021130097e-03 1.274603711699046939e-03
2.767424390999730088e-03 4.212330199471616549e-03 5.781017471818340747e-02 4.298301225293902905e-01 5.128739439457104254e-02 4.518700647353002253e-01 5.260079254600703280e-32 4.693843357448927671e-32 1.571686380674497223e-03 6.508026514100137333e-04
3.149464997114049571e-03 3.830289593359019647e-03 1.561741826105398356e-01 3.314661146370238010e-01 1.572035345875005263e-01 3.459539245423790543e-01 5.074748009439398168e-32 4.630264952919062803e-32 1.328199936073031330e-03 8.942890960113236091e-04
3.050291906548326451e-02 4.696411238013852713e-02 2.388562644811395019e-01 3.296020685814318174e-01 2.188811062900267168e-01 1.293039966024685239e-01 2.864850754130623068e-32 2.612549445273087822e-32 2.261622597128915783e-03 3.627910002185595270e-03
5.846264829160854881e-02 1.900438315402247155e-02 3.929901758296991954e-01 1.754681572329145345e-01 6.673225025961153356e-02 2.814528526328342051e-01 4.864873741863148582e-32 4.412104666787546329e-32 4.582294322455596723e-03 1.307238276859973378e-03
4.764165361412284324e-04 8.788170070925754949e-04 1.670417924579842804e-03 5.100083001403745223e-03 8.467190284794238186e-01 1.443244209218003671e-01 1.273184568021957317e-31 9.848743251309989821e-32 3.413233694299007176e-04 4.894927601291128739e-04
8.857142758736170386e-04 4.695192673599412085e-04 5.158868523714228715e-03 1.611632402267213892e-03 1.322851596676342112e-01 8.587582897335928056e-01 1.142291432715485266e-31 9.011949938023923176e-32 4.920324294052644872e-04 3.387837001534923652e-04
9.759321278867198702e-04 3.077627592112672575e-03 7.046296190350890068e-03 1.283972216110793735e-02 7.751366415737261928e-01 1.957231852606968192e-01 5.475407455130136604e-33 6.414494403733519105e-33 1.059150312251223598e-03 4.141444781867317619e-03
3.052245228958668302e-03 1.001314491040737479e-03 1.276975444009468760e-02 7.116263911364130272e-03 2.027208131353313847e-01 7.681390136990932094e-01 1.402007567673168473e-32 1.281201150005678167e-32 4.104219637260464980e-03 1.096375456858087512e-03
5.353774734036361100e-05 1.164193322120860800e-03 3.292850952166997752e-04 4.034350647819695372e-03 9.689939074442281974e-01 2.441773772831097936e-02 4.292712151497640110e-32 3.883126803608763395e-32 4.575051482212947397e-05 9.612375001415429665e-04
1.164194540228251579e-03 5.353652923298081413e-05 4.034354711336479715e-03 3.292810316998334664e-04 2.441670176790096403e-02 9.689949434046382093e-01 4.576163902451141497e-32 4.215460516207024278e-32 9.612385041985077073e-04 4.574951076518100294e-05
3.368425125987486155e-04 3.032341074362244690e-03 8.380109709787638556e-03 1.210808234595792642e-02 9.571367651973112789e-01 1.141086881511070919e-02 8.387203518159013243e-32 5.905745497302691547e-32 1.158329899940598457e-04 7.479157354877937966e-03
3.041012702730509689e-03 3.281708842305053548e-04 1.212007552366774210e-02 8.368116532077833278e-03 8.368395104315043409e-03 9.601792389081074131e-01 2.236277372889817496e-32 2.214879643471578446e-32 7.502845741639792287e-03 9.214460323218770271e-05
3.457292954173206206e-04 1.924689314260377530e-03 1.242764341114243470e-02 8.049329770957210431e-03 9.534563895330692151e-01 1.344846507527817404e-02 8.619479507900119497e-33 8.303951528321115529e-33 1.513100992915041227e-04 1.019644350058380132e-02
1.922669035266152959e-03 3.477495744115737604e-04 8.054931822289721974e-03 1.242204135980999082e-02 1.465120500633724197e-02 9.522536496020107544e-01 1.341875350501646226e-32 1.247560483605628007e-32 1.018359075462260503e-02 1.641628452526915473e-04
3.367512946762301826e-04 6.544295214112033762e-04 1.681006338402865272e-02 2.830677967542734059e-03 9.645514773326607783e-01 1.765037135528633571e-03 1.118929336640726197e-32 1.114596140942146809e-32 3.450992855024373896e-05 1.301705343560293458e-02
6.543865957016426014e-04 3.367942203858011489e-04 2.832566907318305027e-03 1.680817444425314680e-02 1.895131953583027197e-03 9.644213825146056296e-01 8.265937113113213220e-33 8.024041024559742870e-33 1.301529919233055353e-02 3.626417182260160141e-05
3.141993290847163643e-05 1.120489676520981717e-03 3.740207715168039756e-04 3.810233956035279264e-03 9.829720266398260797e-01 1.011394018302320778e-02 1.809124387166141136e-32 1.745986162177391310e-32 2.144924118225281654e-05 1.556419598989320675e-03
1.119083974134216100e-03 3.282563529524112851e-05 3.805798709253987999e-03 3.784560182980768630e-04 1.136964390828103418e-02 9.817163229145697834e-01 1.390788898670390949e-32 8.597225885934029143e-33 1.554438356274390632e-03 2.343048389718782690e-05
2.757216579365956926e-05 9.198598972564043510e-04 5.820152084815889432e-04 3.032877835412635566e-03 9.887233098415699750e-01 4.292379993332876703e-03 7.648315870421628518e-33 9.076884784671701559e-33 1.358634980800224812e-05 2.408398708346045410e-03
9.202668061132888468e-04 2.716525693678340154e-05 3.033995499227483839e-03 5.808975446667597516e-04 3.843451189076076743e-03 9.891722386458312588e-01 2.327386949530254523e-33 2.664958863739547994e-33 2.409490811627187142e-03 1.249424652686750420e-05
4.745802891765047902e-05 5.409730879562678514e-04 9.096101503674250410e-04 1.790856159516198386e-03 9.544091478280610774e-01 3.884803849274112014e-02 2.960470834639126964e-32 1.694341178116571319e-32 1.375234956448330556e-04 3.316392756801027266e-03
5.398235808332067657e-04 4.860753604071748046e-05 1.788803540156090046e-03 9.116627697275621117e-04 4.098058540799408983e-02 9.522766009128099673e-01 2.920982354310500998e-32 1.942893686565900993e-32 3.308988458204516550e-03 1.449277942413442865e-04
2.773891035736979072e-05 1.738991811873117190e-04 1.170706909303271658e-03 5.624748685939987914e-04 9.934116821825116350e-01 2.636205262646326209e-04 7.177286836597848327e-33 5.365465661227881851e-33 2.236167414144933725e-06 4.387641254371800817e-03
1.738903132614561670e-04 2.774777828322797532e-05 5.625117716225086408e-04 1.170670006274798346e-03 3.238774163624777284e-04 9.933514252924132704e-01 5.819811808318000050e-33 3.844549224246137086e-33 4.387375180376827839e-03 2.502241409112726659e-06
