2.190619294994158427e-03 3.108526487335062406e-03 2.764246958531950751e-02 3.161019041468930979e-01 2.685658457127041224e-02 6.170797473381570697e-01 1.814363365231306139e-34 1.793111343964547830e-34 6.825527094220598841e-03 1.946214818100832776e-04
3.114608325619503196e-03 2.184537456709714168e-03 3.180131688665405743e-01 2.573120486567229831e-02 6.209904279141965633e-01 2.294590399523036006e-02 3.101368481911831452e-35 2.994536568435742829e-35 1.506866527219848334e-04 6.869461923308685901e-03
4.764165361412284324e-04 8.788170070925754949e-04 1.670417924579842804e-03 5.100083001403745223e-03 8.467190284794238186e-01 1.443244209218003671e-01 1.273184568021957317e-31 9.848743251309989821e-32 3.413233694299007176e-04 4.894927601291128739e-04
8.857142758736170386e-04 4.695192673599412085e-04 5.158868523714228715e-03 1.611632402267213892e-03 1.322851596676342112e-01 8.587582897335928056e-01 1.142291432715485266e-31 9.011949938023923176e-32 4.920324294052644872e-04 3.387837001534923652e-04
9.759321278867198702e-04 3.077627592112672575e-03 7.046296190350890068e-03 1.283972216110793735e-02 7.751366415737261928e-01 1.957231852606968192e-01 5.475407455130136604e-33 6.414494403733519105e-33 1.059150312251223598e-03 4.141444781867317619e-03
3.052245228958668302e-03 1.001314491040737479e-03 1.276975444009468760e-02 7.116263911364130272e-03 2.027208131353313847e-01 7.681390136990932094e-01 1.402007567673168473e-32 1.281201150005678167e-32 4.104219637260464980e-03 1.096375456858087512e-03
5.353774734036361100e-05 1.164193322120860800e-03 3.292850952166997752e-04 4.034350647819695372e-03 9.689939074442281974e-01 2.441773772831097936e-02 4.292712151497640110e-32 3.883126803608763395e-32 4.575051482212947397e-05 9.612375001415429665e-04
1.164194540228251579e-03 5.353652923298081413e-05 4.034354711336479715e-03 3.292810316998334664e-04 2.441670176790096403e-02 9.689949434046382093e-01 4.576163902451141497e-32 4.215460516207024278e-32 9.612385041985077073e-04 4.574951076518100294e-05
3.368425125987486155e-04 3.032341074362244690e-03 8.380109709787638556e-03 1.210808234595792642e-02 9.571367651973112789e-01 1.141086881511070919e-02 8.387203518159013243e-32 5.905745497302691547e-32 1.158329899940598457e-04 7.479157354877937966e-03
3.041012702730509689e-03 3.281708842305053548e-04 1.212007552366774210e-02 8.368116532077833278e-03 8.368395104315043409e-03 9.601792389081074131e-01 2.236277372889817496e-32 2.214879643471578446e-32 7.502845741639792287e-03 9.214460323218770271e-05
3.457292954173206206e-04 1.924689314260377530e-03 1.242764341114243470e-02 8.049329770957210431e-03 9.534563895330692151e-01 1.344846507527817404e-02 8.619479507900119497e-33 8.303951528321115529e-33 1.513100992915041227e-04 1.019644350058380132e-02
1.922669035266152959e-03 3.477495744115737604e-04 8.054931822289721974e-03 1.242204135980999082e-02 1.465120500633724197e-02 9.522536496020107544e-01 1.341875350501646226e-32 1.247560483605628007e-32 1.018359075462260503e-02 1.641628452526915473e-04
3.367512946762301826e-04 6.544295214112033762e-04 1.681006338402865272e-02 2.830677967542734059e-03 9.645514773326607783e-01 1.765037135528633571e-03 1.118929336640726197e-32 1.114596140942146809e-32 3.450992855024373896e-05 1.301705343560293458e-02
6.543865957016426014e-04 3.367942203858011489e-04 2.832566907318305027e-03 1.680817444425314680e-02 1.895131953583027197e-03 9.644213825146056296e-01 8.265937113113213220e-33 8.024041024559742870e-33 1.301529919233055353e-02 3.626417182260160141e-05
3.141993290847163643e-05 1.120489676520981717e-03 3.740207715168039756e-04 3.810233956035279264e-03 9.829720266398260797e-01 1.011394018302320778e-02 1.809124387166141136e-32 1.745986162177391310e-32 2.144924118225281654e-05 1.556419598989320675e-03
1.119083974134216100e-03 3.282563529524112851e-05 3.805798709253987999e-03 3.784560182980768630e-04 1.136964390828103418e-02 9.817163229145697834e-01 1.390788898670390949e-32 8.597225885934029143e-33 1.554438356274390632e-03 2.343048389718782690e-05
2.757216579365956926e-05 9.198598972564043510e-04 5.820152084815889432e-04 3.032877835412635566e-03 9.887233098415699750e-01 4.292379993332876703e-03 7.648315870421628518e-33 9.076884784671701559e-33 1.358634980800224812e-05 2.408398708346045410e-03
9.202668061132888468e-04 2.716525693678340154e-05 3.033995499227483839e-03 5.808975446667597516e-04 3.843451189076076743e-03 9.891722386458312588e-01 2.327386949530254523e-33 2.664958863739547994e-33 2.409490811627187142e-03 1.249424652686750420e-05
4.745802891765047902e-05 5.409730879562678514e-04 9.096101503674250410e-04 1.790856159516198386e-03 9.544091478280610774e-01 3.884803849274112014e-02 2.960470834639126964e-32 1.694341178116571319e-32 1.375234956448330556e-04 3.316392756801027266e-03
5.398235808332067657e-04 4.860753604071748046e-05 1.788803540156090046e-03 9.116627697275621117e-04 4.098058540799408983e-02 9.522766009128099673e-01 2.920982354310500998e-32 1.942893686565900993e-32 3.308988458204516550e-03 1.449277942413442865e-04
2.773891035736979072e-05 1.738991811873117190e-04 1.170706909303271658e-03 5.624748685939987914e-04 9.934116821825116350e-01 2.636205262646326209e-04 7.177286836597848327e-33 5.365465661227881851e-33 2.236167414144933725e-06 4.387641254371800817e-03
1.738903132614561670e-04 2.774777828322797532e-05 5.625117716225086408e-04 1.170670006274798346e-03 3.238774163624777284e-04 9.933514252924132704e-01 5.819811808318000050e-33 3.844549224246137086e-33 4.387375180376827839e-03 2.502241409112726659e-06
