2.677934874643790597e-02 1.180798815966885643e-02 1.856371481491312508e-02 1.349358517291040019e-02 2.365892319925966825e-01 6.917627298743839193e-01 5.035835478295629815e-32 4.575035554626451495e-32 5.594390678217309870e-04 4.439621712675535271e-04
2.478069713732584944e-02 1.380663976877470091e-02 1.788686098397147817e-02 1.417043900383709726e-02 2.973541329975082914e-01 6.309978288694928494e-01 1.713615484738483146e-32 1.511799102079602300e-32 5.440230951868987603e-04 4.593781439023356095e-04
3.487943236048912099e-01 2.326819506756781786e-01 8.816319777006802194e-02 1.047505303442223257e-01 9.473964004440668663e-02 1.136355580294538398e-01 2.522662966127574623e-32 2.153502256519536022e-32 1.027998731816920711e-02 6.954812213109406310e-03
4.628722389310067076e-01 1.186040353495410454e-01 7.186649938091591028e-02 1.210472287334072305e-01 7.617480601745033053e-02 1.322003920563995794e-01 1.504688006702025437e-32 1.328520434414541755e-32 1.354690052052831377e-02 3.687899010749482159e-03
3.411998512734486511e-01 1.208038293207029795e-01 9.818354731846909433e-02 2.374379642010052693e-01 8.978556300374793131e-02 1.061148742208906509e-01 1.203579629911932824e-32 1.054358459738285130e-32 2.412056382133363243e-03 4.062314279601784463e-03
2.623385647683563193e-01 1.996651158257725656e-01 1.480110458802341156e-01 1.876104656392262870e-01 9.562845653205082064e-02 1.002719806926238855e-01 2.091003694679144294e-32 1.887120965467197329e-32 3.002545537547686612e-03 3.471825124187504896e-03
1.801184020857587442e-01 2.652283013318761928e-01 2.090001638031153131e-01 1.452553331548206428e-01 9.914391166394952160e-02 9.572857096569728497e-02 4.043640313136658238e-33 3.852342434645332968e-33 3.114516976244866529e-03 2.410800018537186812e-03
3.328188461033680934e-01 1.125278573142751287e-01 9.463198771497711992e-02 2.596235092429501901e-01 9.301625735210414248e-02 1.018562252775421229e-01 6.810713232991115094e-33 6.648527856117435694e-33 1.851938911219256105e-03 3.673378083563024702e-03
1.976739834433064169e-01 1.534307550074809900e-01 1.184989362982959982e-01 1.176704086846924874e-01 1.694658929128835256e-01 2.349079587860345986e-01 5.601631535493881748e-33 4.808766905673244209e-33 3.815015327771533599e-03 4.537049539535632781e-03
1.894326323852266181e-01 1.616721060654379427e-01 1.183446033717152623e-01 1.178247416112095936e-01 1.816560304297880069e-01 2.227178212693136650e-01 5.939929731855697482e-33 5.322121122801960015e-33 3.949511331463666577e-03 4.402553535844485125e-03
2.870125503136948530e-02 2.623736214391321486e-02 2.028823845614691757e-01 2.720924872703748276e-01 1.999322456518946578e-01 2.684885610138335044e-01 1.744998453935729611e-33 1.638299836683555698e-33 9.120096041488993943e-04 7.536947229976024990e-04
2.076759887325151793e-02 3.417101830205709900e-02 4.257366978952447645e-01 4.923817393658477121e-02 4.206813846748340135e-01 4.773942199088011817e-02 3.099223836469452951e-33 2.926703314598754933e-33 4.022407590140551097e-04 1.263463568133246003e-03
4.605129705812725793e-02 4.458350241095314359e-02 1.717010745339394573e-01 1.425661573288455053e-01 3.242694981645184438e-01 2.684315752834579016e-01 5.236048743180683274e-33 4.438524436511633077e-33 1.242166669233420260e-03 1.154728550923797298e-03
4.436246283148288783e-02 4.627233663760915716e-02 1.381786431358458245e-01 1.760885887269680317e-01 2.600227757175581078e-01 3.326782977303778255e-01 3.285923774682659650e-33 2.707441793854566247e-33 1.141560983554532754e-03 1.255334236602778479e-03
1.231791452953203414e-01 7.222546082512704135e-02 1.056128014632425199e-01 1.129677514979313818e-01 1.526175398892649360e-01 4.284643756662501746e-01 1.582933844859503617e-33 1.431578001926398911e-33 3.361231977544608309e-03 1.571693385319132162e-03
6.907946743410234292e-02 1.263251386864344128e-01 1.134218624114327612e-01 1.051586905497710611e-01 4.454957705755541175e-01 1.355861449798400897e-01 1.413910048883637028e-33 1.224272054739910500e-33 1.461203307070882721e-03 3.471722055794934647e-03
5.820432599331081674e-02 4.383474523452792621e-02 8.910184532197155949e-02 7.721113741007760989e-02 5.684490992599281478e-01 1.610986703653028707e-01 6.143717311825661686e-33 5.604357696091827014e-33 7.249758384651168799e-04 1.375200576415538164e-03
4.269206672163906868e-02 5.934700450612458156e-02 7.626558049630377534e-02 9.004740223552276657e-02 1.287058963439602355e-01 6.008418732815696828e-01 1.052040432678572190e-32 9.777548366652575096e-33 1.426906875231679804e-03 6.732695396475842087e-04
2.177751369440121543e-01 2.294024931027023595e-01 8.380012852417080549e-02 1.562629389651248313e-01 1.744698406151791170e-01 1.295227731322944054e-01 3.994382001964084245e-33 3.581475078206492248e-33 5.413695287958277501e-03 3.352993428557695700e-03
2.351420344329754331e-01 2.120355956136519282e-01 1.920323167807284903e-01 4.803075070855400419e-02 1.073358247002209470e-01 1.966567890473543134e-01 5.451604243002887069e-33 5.307338035233141758e-33 2.335781662608645351e-03 6.430907053906145636e-03
5.423981928980393247e-02 7.009199400977859928e-02 1.074156233378957270e-01 2.079808407771604473e-01 1.913370241879575884e-01 3.665787819419722982e-01 5.706747912868897773e-33 4.907245813549779171e-33 1.132071017904158526e-03 1.223845437529116550e-03
4.928668371870756348e-02 7.504512958089359920e-02 7.599323716604310108e-02 2.394032269490719289e-01 1.365813708336289234e-01 4.213344352962241079e-01 6.756627109606118335e-33 5.783380498533907914e-33 1.103395385040548560e-03 1.252521070392938803e-03
4.034066744069897056e-03 5.380731866964165097e-03 1.817710736490126266e-01 3.223200987311298227e-01 1.750462535191981139e-01 3.108144005978045188e-01 1.018517565037987820e-32 8.834370526053726899e-33 3.706531442731201198e-04 2.627217475484022974e-04
3.599824036857372789e-03 5.814974574173003945e-03 1.364499406456851638e-01 3.676412317344584513e-01 1.312667520408185851e-01 3.545939020761847971e-01 7.830827031848622201e-33 6.968813761370724479e-33 4.054564677635963594e-04 2.279184240578241427e-04
5.732939121427146206e-02 7.847600493089564033e-02 1.797750636451102835e-01 1.659846432949472483e-01 2.752532703500382705e-01 2.320723553237163117e-01 4.072956617850427197e-33 3.485003332293721014e-33 5.803816277020128027e-03 5.305454964000640844e-03
8.381025681464976396e-02 5.199513933049951242e-02 1.625059976490683677e-01 1.832537092909946319e-01 2.211799315811204814e-01 2.861456940926475068e-01 1.507043490893544111e-32 1.240519892188506900e-32 5.179742885064666721e-03 5.929528355955687551e-03
1.962212704744227022e-03 9.876056311838972424e-03 8.915453746058347312e-04 2.859862491873498003e-03 9.015605366745884641e-01 8.247066143669111449e-02 7.597364023729374772e-33 6.710532994673843837e-33 6.204316083255730302e-05 3.170818448250945745e-04
9.095233502910644863e-03 2.743035513684860278e-03 2.665657630538934095e-03 1.085750235944475239e-03 1.632865189273492168e-01 8.207446791839133615e-01 4.836867984267922013e-33 4.158132259395595122e-33 2.919183425489625628e-04 8.720666310909155373e-05
2.487918419836037121e-01 1.472448307045257643e-01 1.585747925692571059e-01 2.265123303609465621e-01 8.864299555386116747e-02 1.215930175808326991e-01 8.732642249810252656e-33 7.673043801641426020e-33 5.398490952516182828e-03 3.241700294454968791e-03
1.586053256097126329e-01 2.374313470784246705e-01 2.189118698231377336e-01 1.661752531070093963e-01 1.179067588456463589e-01 9.232925428909780075e-02 6.372827861126760177e-33 6.148573451441299413e-33 3.482989614287322535e-03 5.157201632684070211e-03
6.500318935948026788e-02 3.559118586256340699e-02 1.484579315966336743e-01 2.132675957098725816e-01 4.114749229546801196e-02 4.942699009650465825e-01 2.027947130280362031e-33 1.791307524818951751e-33 1.272842647463812756e-03 9.898615634726436272e-04
4.341998330794339528e-02 5.717439191414251665e-02 1.960167568509284808e-01 1.657087704555711694e-01 3.736591593065327066e-01 1.617582339539448411e-01 4.136379112065809531e-33 3.983761007222144396e-33 1.065184605905938105e-03 1.197519605031560196e-03
4.984346094885514986e-03 5.327525761573519147e-03 4.458708510122890156e-01 5.956426331887210157e-02 4.258888138892975572e-01 5.771677574117595189e-02 3.514849193874647124e-33 3.158784594927003123e-33 1.364657995070643148e-04 5.109583823997767161e-04
5.377711206847786592e-03 4.934160649590333715e-03 3.072081483852914276e-03 5.023630328473261963e-01 3.876529708032651258e-03 4.797290599224453000e-01 1.657441045025871785e-32 1.494590661703622292e-32 5.657229237315084414e-04 8.170125817489793285e-05
8.234236337690295504e-02 6.816779523178628786e-02 2.430391996875796434e-01 1.699699352632682570e-01 1.966876117346733621e-01 2.364403217846218763e-01 2.199194830739083197e-33 1.934430270448210848e-33 1.693247155672729419e-03 1.659525765495824300e-03
6.814877634835395104e-02 8.236138226035902288e-02 1.698718937703415643e-01 2.431372411805487743e-01 2.364936604225506001e-01 1.966342730966764152e-01 9.453957197341350617e-33 8.213092329386701727e-33 1.659480519448345735e-03 1.693292401720674191e-03
2.680652305796510024e-02 4.269232996375529887e-02 1.720709974999591330e-01 2.656013991463533341e-01 1.947265679515014503e-01 2.964810909376506820e-01 6.376241660446804568e-33 5.169496567787503956e-33 8.362313146631671556e-04 7.848601281518268954e-04
3.325601755273302484e-02 3.624283546895253061e-02 2.100434979899433174e-01 2.276288986563860250e-01 2.360379876175513481e-01 2.551696712716188808e-01 1.112339814908904621e-32 9.094252164639597608e-33 8.153750757219462020e-04 8.057163670922541047e-04
7.715464477304233293e-02 1.249190627014239718e-01 2.469495134029515426e-01 1.374612810081395353e-01 2.926235111602591976e-01 1.169202246643496479e-01 3.780321922098164194e-33 3.332673162598172803e-33 2.359274236982828073e-03 1.612488052850806442e-03
1.372360850821525702e-01 6.483762239231974367e-02 1.092275231749265385e-01 2.751832712361365618e-01 7.161157429227654747e-02 3.379321615323529482e-01 5.549676887417850852e-33 4.790145506055264086e-33 1.419914113033237920e-03 2.551848176800870609e-03
8.738166655623957890e-02 1.050261572241538710e-01 1.703017383154286080e-01 1.716593007692794048e-01 2.942088305512352564e-01 1.676333989711190631e-01 2.157299165471267009e-32 1.917362239519615974e-32 2.510229196013713179e-03 1.278678416533175896e-03
9.977781292713294725e-02 9.263001085326666439e-02 1.712554945446060073e-01 1.707055445400957050e-01 2.052831932882165367e-01 2.565590362341351183e-01 6.335209662967478862e-33 5.753819914042196998e-33 1.645002536148109209e-03 2.143905076398810658e-03
3.242760001567732836e-02 4.866034102082417157e-02 1.506960950751752848e-01 2.096456105431429295e-01 3.235272802782216406e-01 2.323540653750079954e-01 2.517980152334863255e-33 2.166404323939893053e-33 1.384358688492029477e-03 1.304649003459757177e-03
5.570896037287968727e-02 2.537898066364377078e-02 2.352428091547828226e-01 1.250988964635123546e-01 1.927646154631154074e-01 3.631167301901147004e-01 9.209545193563373765e-33 8.203887817499648535e-33 1.270037274714555259e-03 1.418970417237686975e-03
9.274486357977096418e-02 9.395242549797409859e-02 1.784605001022896431e-01 1.924029825108700686e-01 2.438728726942590852e-01 1.948105801771486123e-01 2.853347830712563120e-33 2.720078906174338040e-33 1.848930809025575630e-03 1.906844628662798455e-03
9.380843398109961484e-02 9.288885509666547358e-02 1.907404597357005849e-01 1.801230228774404196e-01 2.006608424418649395e-01 2.380226104295404821e-01 1.270411258072388740e-32 1.137651238167894085e-32 1.899938896862952281e-03 1.855836540825906225e-03
1.932306547348634218e-01 2.049779594255749238e-01 1.924374153623720773e-01 1.919703651414379209e-01 1.016232178160000055e-01 1.059416306278321146e-01 1.004341369689845725e-32 8.895072855244568183e-33 4.735854834388195100e-03 5.082902057531320239e-03
2.365007036738383528e-01 1.617079104865804251e-01 1.907170815109818229e-01 1.936906989928081080e-01 1.175296694339736381e-01 9.003517900990028189e-02 1.035914439099492770e-32 8.624498344874174321e-33 6.014169369070843964e-03 3.804587522848268486e-03
1.016996758730827344e-01 9.497757398194425771e-02 1.701135713465816157e-01 1.853935465298487684e-01 2.069953384454097933e-01 2.363135559342637304e-01 4.312032302704251386e-33 4.025737549942146727e-33 2.159298815626833467e-03 2.347439073241914479e-03
8.025788553289708860e-02 1.164193643221244079e-01 2.188527945222412674e-01 1.366543233541853419e-01 3.005129736618218361e-01 1.427959207178610967e-01 4.784448181351317320e-33 4.765814287786243612e-33 2.759418246074139391e-03 1.747319642794491461e-03
2.579086600582493061e-01 1.406730102381602565e-01 2.463484387503591666e-01 1.860923843073880035e-01 9.637220297673336489e-02 6.342674310577804675e-02 3.031004431595058000e-33 2.747600592077592689e-33 6.054912389927525132e-03 3.123648173404902553e-03
1.096025560348593830e-01 2.889791142614774877e-01 1.701229843601745895e-01 2.623178386976101062e-01 5.469535121519375487e-02 1.051035948673541276e-01 1.444080568742545839e-33 1.306115939923490263e-33 2.346787971435131907e-03 6.831772591895208038e-03
2.185401530804753079e-01 2.138779437362881564e-01 1.813253188377126901e-01 1.800098740626535632e-01 9.956758307026433719e-02 9.863907388052647884e-02 3.559408456343686158e-33 2.994194458416577412e-33 4.001021540139518620e-03 4.039031791939567961e-03
1.889557707471177794e-01 2.434623260697328651e-01 1.729780700785388814e-01 1.883571228217678084e-01 9.367566169972477153e-02 1.045309952510367485e-01 6.540121571778926914e-33 5.754053364535067538e-33 4.242218307345551644e-03 3.797835024735317800e-03
2.114689890351797441e-01 3.273902813955403834e-01 1.070582245756577511e-01 1.143800572838700180e-01 1.069031412499270584e-01 1.224037980569893519e-01 3.736689764626894121e-33 3.509143816560959535e-33 5.263593179551821766e-03 5.131915223285021463e-03
1.488955130595641940e-01 3.899637573709515692e-01 1.031059521869503864e-01 1.183323296727070428e-01 9.853599871236563834e-02 1.307709405946290704e-01 8.715539031520286077e-34 8.228443843610025269e-34 5.334671988845232291e-03 5.060836413987435459e-03
1.451559356725229677e-01 2.620384443281228992e-01 3.081705437072603249e-01 8.071265242295186382e-02 9.866546986824509258e-02 9.590673299559311638e-02 9.972471614514888526e-34 9.570247022291487746e-34 4.957212907223210521e-03 4.393008098078827507e-03
1.901227960881591572e-01 2.170715839125074709e-01 2.206632907790087028e-01 1.682199053512016262e-01 9.760413282728228057e-02 9.696807003653848400e-02 1.733891723588749678e-33 1.677147474036555942e-33 4.740152893792580827e-03 4.610068111510250838e-03
2.612982821771402953e-01 2.001580313009320711e-01 1.717027100707956278e-01 2.938484259072228211e-01 3.636208311198414062e-02 2.639937384145766425e-02 4.408997777835954466e-33 4.308126686864890119e-33 5.890910746591532590e-03 4.340182843874757120e-03
2.361678894825960662e-01 2.252884239954661139e-01 2.219080945914182201e-01 2.436430413866306210e-01 3.226712450972060026e-02 3.049433244370238633e-02 1.657040508631322840e-33 1.455935163354518915e-33 5.253517203071886646e-03 4.977576387394230459e-03
2.934685150164781375e-02 4.207284269620391315e-02 1.264842465677422367e-01 1.233085513790094512e-01 2.858995289458164391e-01 3.907090356934220798e-01 1.133357947391460772e-33 1.060689620124951635e-33 1.178907360396787372e-03 1.000035855760240044e-03
3.243203650810166927e-02 3.898765768969555262e-02 1.257143570533164612e-01 1.240784408934270389e-01 3.113086867718470874e-01 3.652998778674555469e-01 1.334737084430518229e-33 1.271224035335627036e-33 1.135543218793964859e-03 1.043399997362104556e-03
2.462887385577727795e-01 2.145960225623586015e-01 1.049448603210268449e-01 1.840610157633979505e-01 1.345239441760677224e-01 1.070225037376675709e-01 5.114494394276712589e-33 4.717276409069090540e-33 4.744777036125349609e-03 3.818137845584353065e-03
2.413902572077032960e-01 2.194945039123892272e-01 1.171731910194821341e-01 1.718326850649546100e-01 1.302732736716354922e-01 1.112731742421304015e-01 1.114190960651301521e-32 9.947181193943927628e-33 4.601554069883574509e-03 3.961360811825455526e-03
3.590346079609543078e-02 4.167125589615762460e-02 9.679728710062039665e-02 1.030665954715524329e-01 4.176338633616681895e-01 3.013592545220435959e-01 3.697397089546968816e-33 3.100643850837106453e-33 1.788411514876146226e-03 1.779871336988049588e-03
4.123346400864347228e-02 3.634125268362976835e-02 1.025907373147312285e-01 9.727314525743555040e-02 3.101848247083713872e-01 4.088082931753243554e-01 3.775834304493909650e-33 3.388275821350294282e-33 1.780519560535111321e-03 1.787763291329826521e-03
9.981926148474216942e-02 1.928791965794212637e-01 2.993397880741531236e-01 1.745412925671636084e-01 8.278397642621132535e-02 1.442339140806136732e-01 8.269226696151974789e-33 7.741146988123893474e-33 4.375000928086352978e-03 2.027569859608691419e-03
1.357919102703706304e-01 1.569065477937776065e-01 2.510984859146205284e-01 2.227825947266990902e-01 1.065376683119008128e-01 1.204802221949358015e-01 9.452543982417312620e-33 8.546911610967722786e-33 3.467593102270300886e-03 2.934977685424436031e-03
3.983291066052900564e-02 5.618129163541644988e-02 1.947603822764958359e-01 2.647425976503151590e-01 1.749441265082810615e-01 2.676616492612155507e-01 2.204892216903867027e-33 1.999341261701177035e-33 1.000847207790938991e-03 8.761947999556229634e-04
1.406177110893230310e-02 8.195243118701417417e-02 8.444233663645137056e-02 3.750606432903590415e-01 2.878676564085789341e-02 4.138190101286385314e-01 2.086290627527956264e-33 1.857706664527199187e-33 1.197345845955980230e-03 6.796961617906229240e-04
4.329184207051964273e-02 9.618483221865821442e-02 1.602422662506466366e-01 1.718032643235487822e-01 1.261872597138323782e-01 3.987962036857971015e-01 1.702624418280919525e-33 1.572251447032341852e-33 2.490818790191143099e-03 1.003512946804980361e-03
9.746740577139903494e-02 4.200926851776259213e-02 1.720836007221984154e-01 1.599619298520068011e-01 4.054065507432625393e-01 1.195769126563742402e-01 7.348542592898308065e-33 7.109068604599955336e-33 9.674480706417679186e-04 2.526883666353878927e-03
1.623536583382331200e-01 2.040086013341775306e-01 4.159866429162408785e-01 1.735954309400352669e-01 1.422066781960974399e-02 2.205823739310506376e-02 5.560904196919372368e-34 5.005571879322142633e-34 3.399141012136121590e-03 4.377620246462062166e-03
1.851368121144488232e-01 1.812254475580268309e-01 2.834108701684381337e-01 3.061712036877645149e-01 1.850742324362076446e-02 1.777148196910015299e-02 2.787039411988393329e-34 2.576736030235288425e-34 3.934319823079605698e-03 3.842441435520411661e-03
9.317260252766436379e-02 9.253259327809085222e-02 5.627043403746598976e-02 3.296499894058686486e-01 3.765187795011880056e-01 4.782444056867118931e-02 8.951791734629320153e-34 7.737651054303659111e-34 1.277039539337066973e-03 2.754121141712665474e-03
9.259831083287532738e-02 9.310688497290303678e-02 3.015787765058315362e-01 8.434164693751659836e-02 8.157549687851536890e-02 3.427677231913067724e-01 1.431172489227852878e-33 1.282631912569563791e-33 2.602451160118926347e-03 1.428709520931358608e-03
2.732872821640142114e-01 4.000762275181479199e-01 8.818350475772841757e-02 6.230274647189438381e-02 6.498462694463640055e-02 9.636524921800540544e-02 1.819904921317856964e-33 1.713831510596050500e-33 6.052605688183685349e-03 8.747757237388841325e-03
5.642234356954557439e-01 1.091400739866850850e-01 2.879624315435145437e-02 1.216900080753398061e-01 1.369921471125526424e-01 2.435772905004340502e-02 8.729006559223249270e-34 8.233672865452605457e-34 1.223703306645325221e-02 2.563329859118437023e-03
2.605064999331033193e-01 1.650682159151991568e-01 1.559124495734775517e-01 1.907553493748891105e-01 1.159607069556424230e-01 1.040260173800976184e-01 7.312483468973835389e-34 6.560558579078500219e-34 3.845687183540873882e-03 3.925073684048785774e-03
1.289261356142623605e-01 2.966485802340471656e-01 2.039502102789748639e-01 1.427175886693910767e-01 9.950640019034540096e-02 1.204803241453888674e-01 7.904648604787767822e-33 7.334952688925947984e-33 3.955137020850636384e-03 3.815623846739191541e-03
1.088302934726946697e-01 7.837442173980699311e-02 7.004808039277650444e-02 1.241505385183741123e-01 4.445122551232282282e-01 1.695685311393593242e-01 2.326734755814943148e-33 2.086862957847417011e-33 2.634776885545384549e-03 1.881102728213854616e-03
6.535125016586151858e-02 1.218534650466556457e-01 1.472851774124059043e-01 4.691344149872964109e-02 5.200042072546211258e-02 5.620803655371249263e-01 5.185007571401047882e-34 4.933116992596433672e-34 1.558825699079081310e-03 2.957053914680722942e-03
1.470001913610602395e-01 3.535655188396718551e-01 9.818148126783959873e-02 1.456505595316597290e-01 9.713632689812506937e-02 1.450814744904926346e-01 1.167434462551081651e-33 1.147430908729294851e-33 9.848051420883217194e-03 3.536396190267336419e-03
1.340935070944609675e-01 3.664722031062864205e-01 9.521550235425468856e-02 1.486165384452382554e-01 9.414060206063670777e-02 1.480771993279719756e-01 8.379591574269520435e-34 8.062343377396793192e-34 1.024241838583141856e-02 3.142029225319525366e-03
4.305018620133065077e-02 2.050016951403495491e-01 3.566497850578679296e-01 6.942998531980407173e-02 2.305760447201003760e-01 9.138358869601614920e-02 4.369991927702266521e-34 4.186221340528882276e-34 2.706058044830213227e-03 1.202656819701636293e-03
1.505559788769563756e-01 9.749590246471935562e-02 1.659890592315866886e-01 2.600907111460905030e-01 1.381780459773394309e-01 1.837815874387769000e-01 4.334040612660386855e-34 4.190591467836545129e-34 1.708078208298877956e-03 2.200636656232978286e-03
6.443594279793382618e-02 1.233759438897727295e-01 2.606272874571001208e-01 5.371898147074045671e-01 5.618319544168214053e-03 5.168013325107949189e-03 3.297864738339368644e-33 3.271240702443231615e-33 1.252841552728170289e-03 2.331836725781330760e-03
1.331170602742135223e-01 5.469482641349794616e-02 5.828977840934556065e-01 2.149193180710775308e-01 5.093590433892592265e-03 5.692742435352399731e-03 7.443477536296432873e-33 7.013126700043473102e-33 2.510164132707804439e-03 1.074514145801851216e-03
1.381141232551529874e-01 1.431544834422474877e-01 3.744610122600329216e-01 8.500110951305207829e-02 1.017019800371552346e-01 1.524891815437151854e-01 4.141403090419611608e-34 3.525691095615978450e-34 3.037877564451488613e-03 2.040232384191508364e-03
1.394140106210600971e-01 1.418545960763404612e-01 2.998105395653001271e-01 1.596515822077824720e-01 1.147997824040055403e-01 1.393913791768656707e-01 4.858423809222731910e-34 4.289129903709697760e-34 2.780589133199777140e-03 2.297520815443203357e-03
1.232960567868512380e-01 4.165144072306195544e-02 8.558156120865548222e-02 3.495264462676557771e-01 8.957962829825519280e-02 3.075082835799907710e-01 2.810398728703045482e-33 2.685815172700314890e-33 1.065314401784962653e-03 1.791268733743236682e-03
5.036149237794923517e-02 1.145860051319026601e-01 3.213681463852345876e-01 1.137398610910958924e-01 2.842591100754084943e-01 1.128288018028796857e-01 1.520912945619730235e-33 1.416037270940833633e-33 1.713822111598186249e-03 1.142761023929701270e-03
1.302490748166986179e-01 1.138691895822802475e-01 1.675332599167456415e-01 1.787654952673329856e-01 1.883254358089879177e-01 2.122113206835453403e-01 4.564582355523941420e-33 4.222785555368232500e-33 4.374512389796016316e-03 4.671711534608634538e-03
1.459512054711449847e-01 9.816705892787368215e-02 1.567657835581905967e-01 1.895329716258672970e-01 1.654278831260523608e-01 2.351088733664634112e-01 3.435071969430142031e-34 3.199938122129706781e-34 4.089610527821037345e-03 4.956613396583729736e-03
6.893978994508132008e-02 7.143834691448797125e-02 1.798294048191193817e-01 1.949611157822439544e-01 2.435269783493567430e-01 2.384820056439914682e-01 1.307748499189497798e-33 1.270923321388534315e-33 1.395249061400737458e-03 1.427109484321631167e-03
6.110501918059267623e-02 7.927311767900054040e-02 1.323806221328883703e-01 2.424098984684495972e-01 2.593465914873889222e-01 2.226623925059602604e-01 3.499447676281944905e-33 3.390919946338633280e-33 1.295343750814942135e-03 1.527014794907589771e-03
1.022868822308382053e-01 1.074775613303843302e-01 3.306444268582778845e-01 3.711124647623833539e-01 4.305621041818259720e-02 4.099632548675317956e-02 1.297552919485667040e-34 1.208618576085901836e-34 2.125722861365134629e-03 2.300406051815688958e-03
9.358783666511467925e-02 1.161766068961081755e-01 2.628241476748605088e-01 4.389327439458051705e-01 4.650836620259397175e-02 3.754416970233294404e-02 1.613416561718941262e-34 1.512135851615414250e-34 1.832971758060473631e-03 2.593157155120461629e-03
7.230723989209393576e-02 1.002800014474165002e-01 1.640434915967993457e-01 1.907038798604396845e-01 1.734486963212642507e-01 2.958966784070536371e-01 7.505630468616125796e-34 7.080507386584536507e-34 1.755001595066435537e-03 1.565010879866051037e-03
8.464552468372998906e-02 8.794171665576888675e-02 1.758029120030300818e-01 1.789444594541963474e-01 2.274583110726988433e-01 2.418870636556428311e-01 6.838744769172109828e-34 6.737333748068127618e-34 1.671200088830518534e-03 1.648812386101754452e-03
5.421974031893261187e-02 5.576797137104273772e-02 1.960363385533080149e-01 1.851622628625312350e-01 2.848661601761534046e-01 2.199145479244509760e-01 2.889112798344703732e-34 2.816060326419710449e-34 2.102146482261917949e-03 1.930832311318870804e-03
5.781414584961110797e-02 5.217356584037770306e-02 1.707908574278791947e-01 2.104077439879573352e-01 1.340731412755523655e-01 3.707075668250418010e-01 1.256673823265179331e-34 1.165179215849575531e-34 1.704419926732593429e-03 2.328558866848776891e-03
6.460820469178865655e-02 4.985310454993416296e-02 1.162233144587062617e-01 1.239589447507512820e-01 3.926961411623945963e-01 2.495391563100686494e-01 1.604340742695711631e-34 1.522404976634923451e-34 1.442919837063906443e-03 1.678214239293362824e-03
3.827262061575210234e-02 7.618868862598439373e-02 1.300302246103704484e-01 1.101520345990826683e-01 1.371829440708135506e-01 5.050523534016376770e-01 7.933406229397934196e-35 7.790304014807941107e-35 1.862884151298624868e-03 1.258249925058942771e-03
3.533406705525146685e-01 1.821490842589744696e-01 8.712485732769988112e-02 6.722415109082649498e-02 1.110968250566480714e-01 1.915425909433978169e-01 3.054454339038654218e-33 2.914495899836149346e-33 4.077503344174709249e-03 3.444317425760829495e-03
3.239134877671452362e-01 2.115762670442951354e-01 8.370400159137315887e-02 7.064500682718667657e-02 1.249251463446056781e-01 1.777142696554568913e-01 3.791066579757486020e-34 3.565851606362475407e-34 3.968661092275992466e-03 3.553159677659044075e-03
1.480858443035050764e-01 8.842770859519961946e-02 2.581289791143280832e-01 1.201315229134993501e-01 2.524625424653362815e-01 1.287516348200735961e-01 4.385739724956856772e-34 3.846750563505702398e-34 2.046875514014492945e-03 1.964892274044108354e-03
9.760426273186337265e-02 1.389092901668396718e-01 1.413581521488091741e-01 2.369023498790071847e-01 1.477807215963740928e-01 2.334334556890463319e-01 3.506349534724577737e-34 3.321087357230387849e-34 1.977502853153827872e-03 2.034264934904706206e-03
3.120086850968623038e-01 1.308074895898459489e-01 1.231224574415004935e-01 2.430292597389179243e-01 1.013197021756882810e-01 8.231056562505620344e-02 1.480691852278614909e-34 1.466558363259622153e-34 3.027443496588317230e-03 4.374396835540189134e-03
8.522151115450658787e-02 3.575946635322005407e-01 2.731950038913648071e-01 9.295671328905352748e-02 7.752831191836359603e-02 1.061019558823815823e-01 4.277024217105463944e-34 4.137633905418086176e-34 4.713258760214879446e-03 2.688581571913553625e-03
2.600467505063738805e-01 5.347956876414052679e-02 1.464317467423487396e-01 1.444432085156490686e-01 1.853232611227376148e-01 2.054870163945065609e-01 6.519152838681097421e-34 6.313509780368939087e-34 2.107987087278062350e-03 2.680460866965258659e-03
1.855627224922177243e-01 1.279635967783492312e-01 1.457147193048854705e-01 1.451602359530699271e-01 1.925939112805256093e-01 1.982163662367079637e-01 1.673797889639482076e-33 1.637548738530320814e-33 2.314409775935682805e-03 2.474038178308044563e-03
4.857431774148104897e-02 1.697043709912100240e-01 6.365293534471189174e-02 7.854080340796762427e-02 4.879051395349347509e-01 1.484482762596240901e-01 1.760282198623557193e-33 1.748179412553798139e-33 1.617641370646807908e-03 1.556515349425882395e-03
1.917830421244369754e-01 2.649564660822537054e-02 8.125445154076435528e-02 6.093928721166750467e-02 8.657464335742240391e-02 5.497787724374125773e-01 1.718047110559523237e-33 1.667032217250226846e-33 1.545373760001619422e-03 1.628782960069698931e-03
8.362967690038745905e-02 9.675141381379043226e-02 1.972483934336932698e-01 2.040901396038192206e-01 2.071705777137535232e-01 2.080688844791071246e-01 3.057655588539173386e-34 2.843565810153520906e-34 1.569074266728645844e-03 1.471839788723147951e-03
1.307788525555657888e-01 4.960223815860514973e-02 2.218322342844462614e-01 1.795062987530496312e-01 2.103983838913041082e-01 2.048410783015778558e-01 7.445347287431808642e-34 6.952544048023454513e-34 1.219690224549331656e-03 1.821223830902237491e-03
1.390065958863880846e-01 1.384891519284591477e-01 1.331114306614236131e-01 1.327002733498129083e-01 2.271506210629298250e-01 2.227904501563072737e-01 1.058604333630896909e-33 1.030631956229759685e-33 3.322153258510018078e-03 3.429323696172717310e-03
1.456069565177773306e-01 1.318887912970808929e-01 1.383560305668273538e-01 1.274556734444070583e-01 2.827676593087490309e-01 1.671734119104745786e-01 4.796383760763026854e-34 4.476262906427765118e-34 1.955119154125526098e-03 4.796357800557322915e-03
2.638935734122304644e-01 2.140349709621293395e-01 1.906161199919473304e-01 9.438134149848025067e-02 1.461953313783641295e-01 7.743802296365942528e-02 1.064956834347683270e-33 1.041804891742853533e-33 3.598684244167633592e-03 9.841955549023152783e-03
2.179390252207514256e-01 2.599895191536183425e-01 1.019167672493407339e-01 1.830806942410900251e-01 8.282189354037182427e-02 1.408114608016439451e-01 2.403543778028471668e-34 2.368328292376377788e-34 9.353091667413250543e-03 4.087548125778008544e-03
5.999113071853875989e-02 9.520307814578853056e-02 2.233537986146360288e-01 1.016008991420003227e-01 2.557899596358143568e-01 2.610160593965427100e-01 3.061035499484580407e-34 3.070227073113445837e-34 1.973512376688591960e-03 1.071561969998513324e-03
8.102363683004763784e-02 7.417057203427337986e-02 1.506293743963295351e-01 1.743253233602966301e-01 2.589115698615475636e-01 2.578944491708259901e-01 1.761242990299604129e-33 1.750546727406329945e-33 1.434766898887901475e-03 1.610307447799096906e-03
8.800935516843455542e-02 4.634109823952582696e-02 1.504424211602514994e-01 1.603346919100683554e-01 4.270410032320322014e-01 1.254104289394292193e-01 8.427698798715243843e-34 8.419807794111424612e-34 8.563429432019185406e-04 1.564658407059436093e-03
5.068168916765236620e-02 8.366876424030414428e-02 1.593042120234573200e-01 1.514729010468631731e-01 1.568313481454823577e-01 3.956200840259818108e-01 3.884276584217725405e-34 3.875438714155329078e-34 1.490873038933292552e-03 9.301283113280362771e-04
1.448096546083420429e-02 3.519261798038801903e-01 3.425451956043925605e-01 4.935426566745403087e-02 1.667497993697976688e-01 6.887985319956427266e-02 2.500762989264594545e-34 2.443911866052788370e-34 4.290447986872887413e-03 1.773292907210164077e-03
3.059802006860433687e-01 6.042694457868424962e-02 8.927465502799222796e-02 3.026248062438529063e-01 8.220566228462476699e-02 1.534239902847247261e-01 6.660434530253358302e-36 6.390296549773939826e-36 2.116024556114245569e-03 3.947716337969005632e-03
2.882223165308785487e-02 3.990975904451476985e-01 3.214382623849869614e-01 6.466320188964451432e-02 6.561192015690696377e-02 1.138278323235943496e-01 2.035060696502007969e-35 2.014985937816091391e-35 4.981909155727050689e-03 1.557051990913416043e-03
4.051974745449938853e-01 2.272234755322205535e-02 6.043311184568795486e-02 3.256683524289470388e-01 1.146221370727759231e-01 6.481761540774036434e-02 6.556596428925753274e-36 6.530441591576617925e-36 1.500631191451862927e-03 5.038329955188349668e-03
4.961316673019028345e-02 3.322937846557591501e-02 3.913177774123531294e-01 8.223544813409240650e-02 3.997032888666402495e-01 4.051563493311243630e-02 5.985737945575004663e-35 5.976432679332069308e-35 1.624573872620181225e-03 1.760731585419820448e-03
3.410397184679666432e-02 4.873857334889652310e-02 9.873476777077648536e-02 3.748184577756863423e-01 5.968965864924279108e-02 3.805292651505661761e-01 7.508762539628803415e-34 7.471431379525263100e-34 1.753463264290070541e-03 1.631842193749202764e-03
5.308348629393210699e-02 8.597384288614351444e-02 3.716477853385542485e-01 7.188420285595972792e-02 3.152916070147610550e-01 9.977722387970935913e-02 1.438353969064232332e-34 1.432320985543668728e-34 1.817735458640493216e-03 5.241162723031170473e-04
8.684171136573376470e-02 5.221561781434787275e-02 6.397442651060773755e-02 3.795575616839053645e-01 9.409050718222045084e-02 3.209783237122492139e-01 1.319017188256905747e-34 1.193546080662047306e-34 4.899819109665829939e-04 1.851869819977078986e-03
7.897840960266322430e-02 7.775094998098283638e-02 2.505290231101534593e-01 1.845665366010177944e-01 1.558737284235303389e-01 2.447973639110190003e-01 4.788964467972227925e-34 4.797812944638331730e-34 3.954333376659817899e-03 3.549654993971359390e-03
7.758162505557328337e-02 7.914773452812995380e-02 1.754671797567625424e-01 2.596283799544932269e-01 2.570641527179357566e-01 1.436069396164719736e-01 4.740439148499172945e-34 4.755572795521138088e-34 3.493830642796826470e-03 4.010157727835174379e-03
6.447442598073299669e-02 1.015304935536303632e-01 3.456382696654803910e-01 7.695133233448929466e-02 2.728705891571768238e-01 1.356296332606383714e-01 1.553835627281065274e-33 1.454102474934674499e-33 2.219929923647270039e-03 6.853261242066743418e-04
1.042094421565124274e-01 6.179547737784431283e-02 5.752675378309479726e-02 3.650628482168544187e-01 1.257078716939566132e-01 2.827923507238863099e-01 2.265111826509754287e-33 2.197157211392748695e-33 5.743827625992396334e-04 2.330873285254492569e-03
9.169465127822479245e-02 5.972969560961102764e-02 9.456816736067279183e-02 1.316817570676207527e-01 2.048021625061503537e-01 4.128325109976112017e-01 2.377632245611398211e-34 2.258587670478924170e-34 2.068064899138936583e-03 2.622990280970848975e-03
9.057795717007920133e-02 6.084638971774705002e-02 9.586472873831344832e-02 1.303851956899655107e-01 2.120696921996504947e-01 4.055649813041392049e-01 6.506881781089172126e-35 6.104328203467373184e-35 2.087451189261343293e-03 2.603603990848177719e-03
8.170641603535251651e-02 9.558818262916295161e-02 2.026262481591565023e-01 2.843416224663800618e-01 1.903386806939951215e-01 1.419830513322864196e-01 2.954699647658537408e-34 2.769505526398302395e-34 1.500027505030029212e-03 1.915771178631221284e-03
1.054577764252009192e-01 7.183682223931706079e-02 3.424392389227132183e-01 1.445286317028073308e-01 1.076033910544055977e-01 2.247183409718914449e-01 2.756690554471956299e-34 2.572970581523597039e-34 2.211354680485202485e-03 1.204444003176032181e-03
5.683023818820073098e-03 7.386336133799124848e-02 1.904561923937380524e-02 2.060965643552659793e-02 8.667512852738179507e-01 1.261870421676876755e-02 2.413390180917867163e-34 2.151478032376960325e-34 4.549540079972159892e-04 9.733956697055046485e-04
7.217587217758783535e-02 7.370512979240204619e-03 2.057094592291660445e-02 1.908432975198563405e-02 3.375880889415205921e-02 8.456111805964140471e-01 1.176146628709900069e-33 1.118493739456231555e-33 9.605640423438143415e-04 4.677856353589728662e-04
8.493441033714339838e-02 7.265203482914515953e-02 3.007193085460269089e-01 2.295601464888023524e-01 1.500742910944585784e-01 1.589685736043946196e-01 1.442761964712801656e-33 1.443280858321858590e-33 1.690591125825252963e-03 1.400643974206360574e-03
4.847850835836314820e-02 1.091079368079404116e-01 8.950842062321570647e-02 4.407710344115791101e-01 1.764738333606031828e-01 1.325690313382655305e-01 4.525325548183242692e-34 4.517446387313434160e-34 8.299852168517786021e-04 2.261249883179716758e-03
2.309855529806784796e-02 2.725507982662905837e-02 2.766247436812919736e-01 1.684754647027876251e-01 3.101704799531816992e-01 1.925970089367910476e-01 8.048927220358383009e-34 7.896685535839070505e-34 8.931696879196565414e-04 8.854979133290094909e-04
2.967233960669309750e-02 2.068129551795832785e-02 1.055803944292043883e-01 3.395198139549872596e-01 1.242212250966274467e-01 3.785462637932794916e-01 8.524973143480877955e-34 8.332666987230467384e-34 8.810363320167626877e-04 8.976312692310274175e-04
4.103079637553884162e-01 4.084175373190839231e-01 3.201997560842802931e-02 3.205057418489330040e-02 5.498436941780031340e-02 5.519990102646649133e-02 1.539936000649565939e-33 1.371913082120325540e-33 3.512876965377381613e-03 3.506801722560335278e-03
4.460099513383870562e-01 3.727155497358035086e-01 3.144210070362388199e-02 3.262844908978963787e-02 5.091390855981716562e-02 5.927036188464010480e-02 3.740438924126635682e-33 3.353435592787238442e-33 3.627612053432719731e-03 3.392066634503294095e-03
4.896500447766981290e-02 3.904424167312028904e-02 1.210528756743251000e-01 2.362542422527771080e-01 2.143910409927505811e-01 3.379700712897967252e-01 6.717352329465756193e-34 6.357311346375866819e-34 1.403062573119553177e-03 9.194610664420750385e-04
4.311068308452280923e-02 4.489856306627984517e-02 1.890341224963553723e-01 1.682729954307222719e-01 2.873160141087239827e-01 2.650450981738354250e-01 2.001553717688859512e-33 1.877203363632986426e-33 1.117685460282987278e-03 1.204838179278964680e-03
7.094096851523905289e-02 9.621294726938184327e-02 1.618386234609328622e-01 1.607869530388381096e-01 3.026721961498018976e-01 2.045917469105846820e-01 4.626037203069327311e-34 4.512211420641240495e-34 1.395767815226827899e-03 1.560796839990137054e-03
5.207177290493472666e-02 1.150821428797847296e-01 1.626238478830047685e-01 1.600017286167293440e-01 3.759034694207868954e-01 1.313604736395367067e-01 7.421970772477583761e-34 7.404639834293219694e-34 1.272549725344363555e-03 1.684014929873119864e-03
2.237024004286519152e-01 7.658739985992071841e-02 2.074381890372010984e-01 2.824633914038170990e-01 8.849943594294006066e-02 1.148442850572465035e-01 2.205565941692480153e-33 2.110458988934109529e-33 2.940918444962008042e-03 3.523979825258849972e-03
1.719118229857996560e-01 1.283779773027798610e-01 2.338501697211173569e-01 2.560514107198919587e-01 9.777391470445184751e-02 1.055698062957355077e-01 3.138300255158868691e-33 2.926543051726086000e-33 3.146180216049022146e-03 3.318718054171887911e-03
1.458755162852975462e-01 1.349335288288820434e-01 2.350542162062732865e-01 2.930267063925672821e-01 1.104517401437585256e-01 7.244415118735034187e-02 4.251268244346159382e-34 4.170529286204719926e-34 3.110442220559044707e-03 5.103698735312726768e-03
1.387388313136566076e-01 1.420702138005041637e-01 2.728655737067671172e-01 2.552153488920602120e-01 8.566207647495013844e-02 9.723381485619059239e-02 8.768085543344213447e-35 8.253308091403791919e-35 4.410502549645019775e-03 3.803638406226096842e-03
2.234521889071205969e-02 2.237978104458387962e-02 1.093744843612749762e-01 1.096499792857672795e-01 3.675699748510686815e-01 3.668521651536479911e-01 1.372574177853423403e-33 1.217318347848877782e-33 9.154302503703484317e-04 9.129661625726941034e-04
2.216762560748945093e-02 2.255737432781125540e-02 1.079588883213465078e-01 1.110655753257111522e-01 3.712583497528310073e-01 3.631637902518655148e-01 4.963528130825777554e-34 4.991364420607258921e-34 9.280916557844099855e-04 9.003047571587778327e-04
6.734662266299991373e-03 7.227593989655890262e-03 4.798870849466085366e-03 5.066775106825754764e-03 5.061543280074526363e-01 4.697989905841781777e-01 4.955977633743964488e-33 4.837609799525917876e-33 1.066046443897327876e-04 1.121745517355801159e-04
1.319949130622949558e-02 7.627649497243132754e-04 8.312451211276472227e-03 1.553194745015232595e-03 2.935190285787965536e-02 9.466014157337525603e-01 5.462814555469837440e-33 5.365106094418544081e-33 1.796543124330990165e-04 3.912488369218168616e-05
7.992025869784349923e-02 8.826262073288740351e-02 3.689106528657459250e-01 1.831656320601751653e-01 1.079472871436701481e-01 1.679608921167530244e-01 6.977757719048763103e-34 6.427818011127775947e-34 2.279389608413707590e-03 1.553266774511255889e-03
8.281446705342980497e-02 8.536841237732090137e-02 3.044702954512769622e-01 2.476059894746764356e-01 1.287677545642033350e-01 1.471404246961675322e-01 7.986592420628368589e-34 7.866355181911937957e-34 2.027476449500380772e-03 1.805179933424468650e-03
1.705270271723633227e-02 1.480375264224110740e-02 1.670808455112709756e-01 3.336925541554219277e-01 1.559591484083096280e-01 3.101155651310109063e-01 3.863209198232581113e-33 3.663138522977285432e-33 6.820243490502296254e-04 6.134070854593644696e-04
1.583620851108172994e-02 1.602024684852463784e-02 2.572038680299537639e-01 2.435695316367962049e-01 2.393448979977305935e-01 2.267298155414021743e-01 3.398286289505892048e-33 2.951584205411624300e-33 6.449081388999306462e-04 6.505232956119703057e-04
1.405926626222482601e-01 2.230984931294019702e-01 1.969869262770446994e-01 1.405285604008396083e-01 1.276235027782483544e-01 1.626604534540126989e-01 5.139490658757618308e-34 4.788336415970997306e-34 3.776390431148157235e-03 4.733010907056768406e-03
1.267395378722923349e-01 2.369516178793653061e-01 2.064665567571365989e-01 1.310489299207469316e-01 1.217406306758943152e-01 1.685433255563586197e-01 4.226638619441216505e-34 4.279410244272353430e-34 3.615769264017874851e-03 4.893632074187154006e-03
1.011116972717236995e-01 1.054084450962308461e-01 4.299956238402630193e-01 1.812560917290838569e-01 9.655698888198445407e-02 8.099178516321701993e-02 3.559803537429959270e-34 3.340842396023240737e-34 2.841551315186289714e-03 1.837816702311428560e-03
1.026709261006552576e-01 1.038492162672766533e-01 3.397315764229037471e-01 2.715201391464096559e-01 9.090859727091039899e-02 8.664017677434772413e-02 6.841621712593475980e-34 6.811122336481611305e-34 2.477310263826085907e-03 2.202057753671212564e-03
3.334986095484651636e-02 4.663730869660078632e-02 2.829617631400972999e-01 1.489257301540709566e-01 3.169278717223324437e-01 1.692018882841114513e-01 4.995609836394025282e-33 4.758302587296759072e-33 9.687693828696654092e-04 1.026807665068395778e-03
4.771989014462348772e-02 3.226727950685237545e-02 1.380052791016768143e-01 2.938822141925018228e-01 1.571660622800271634e-01 3.289636977263836193e-01 4.792362639793698854e-33 4.652104465515826895e-33 1.031536275769807595e-03 9.640407721689865130e-04
2.346167364397446220e-01 6.004486038986515117e-01 3.426902393042764033e-02 5.420513674000018017e-02 3.198614353789620141e-02 3.867836578702982947e-02 1.402659869148368088e-33 1.227597567556061610e-33 1.970536851579929999e-03 3.825452814670685965e-03
1.060844167583954029e-01 7.289809235799622478e-01 2.726461821081702097e-02 6.120954245962247076e-02 2.963488076933005338e-02 4.102962855562390654e-02 8.454655564339549078e-34 8.053547809245922882e-34 1.318825853284053690e-03 4.477163812965886600e-03
7.913406288266400333e-04 3.679247894580162190e-03 1.550672652844306077e-03 2.667539588082153308e-03 8.614751227742726281e-01 1.297877687994200835e-01 7.155438575035153720e-34 6.565785421357064784e-34 1.903067963558604907e-05 2.927698234030374867e-05
4.038744166605495386e-03 4.318443568062952514e-04 2.806570887436366998e-03 1.411641353500393391e-03 3.870490088358480990e-02 9.525579906900916161e-01 1.570898485473955105e-33 1.458338243477392437e-33 3.055247607518825207e-05 1.775518590078929151e-05
8.201600667401862110e-02 4.110938799047830772e-02 2.991387619066181447e-01 1.482441340839640576e-01 2.852834238946933554e-01 1.428090419677235934e-01 2.018677255783221066e-33 1.642845492617370317e-33 7.236720289482058855e-04 6.755714535591445880e-04
9.488576913032022164e-02 2.823962553347203822e-02 3.466122045565763199e-01 1.007706914343702576e-01 3.301077459868653197e-01 9.798471987589499332e-02 1.264480501022849838e-33 1.065865045267337697e-33 7.388051051862815988e-04 6.604383773163653888e-04
4.370229209154063987e-02 6.278024748239730002e-02 1.239833342977500336e-01 2.696631554595944058e-01 1.426356929580471777e-01 3.536751344970633371e-01 5.314320293735378763e-33 4.624352521602627022e-33 2.054786943737964364e-03 1.505356269868898941e-03
3.852425733823382215e-02 6.795828223575373084e-02 8.444371061274441592e-02 3.092027791445641216e-01 8.535651705979761805e-02 4.109543103952985055e-01 7.702169439761063816e-33 6.670688679980789956e-33 2.203910425032054587e-03 1.356232788576400110e-03
1.000073270378999124e-01 1.074219251885643323e-01 2.003694790896137778e-01 2.113616960959200930e-01 2.060061522469164852e-01 1.674904071870702837e-01 3.875627134641113078e-34 3.356800582768441430e-34 3.688104635068674940e-03 3.654908518948603389e-03
8.304563222265411160e-02 1.243836200038095918e-01 1.752235943883194147e-01 2.365075807972125133e-01 2.941150827662500356e-01 7.938147666773749667e-02 1.049352867106931830e-33 9.199578188389826094e-34 3.764044339316233341e-03 3.578968814701153842e-03
8.801198550628974715e-02 8.226603079104670424e-02 1.496453271420317976e-01 1.468200679675326081e-01 2.752101203210844949e-01 2.520737081105134392e-01 9.140290212900792184e-34 8.332989561477310844e-34 2.930609313877954696e-03 3.042150847623180821e-03
1.238264347816533523e-01 4.645158151572496841e-02 1.672551250623929009e-01 1.292102700471348675e-01 4.194190294741002578e-01 1.078647989574907651e-01 3.857398884950506184e-33 3.812662629352370551e-33 2.235372612516058066e-03 3.737387548986831256e-03
7.297138684606721548e-02 6.652314798576126897e-02 1.215409306150080637e-01 1.376535039589277254e-01 3.539263977038800135e-01 2.430826580600143338e-01 2.651842688929226643e-33 2.375588401478787988e-33 1.758514488342198361e-03 2.543460341999259199e-03
6.883469721403431829e-02 7.065983761787110462e-02 1.318775072433501783e-01 1.273169273305254368e-01 2.828176564650270453e-01 3.141913992988483728e-01 2.296119315509415620e-33 2.021484980501475292e-33 2.262074831703173548e-03 2.039899998642235278e-03
1.685904717993170210e-01 1.433520756567019938e-01 1.638221388609929496e-01 1.483747415695716165e-01 1.985474742277941185e-01 1.664520292096269283e-01 4.547787365461459206e-33 3.887581989596051185e-33 4.739840595377024096e-03 6.121228080619105401e-03
1.690880258965555827e-01 1.428545215592632034e-01 1.641266715172996771e-01 1.480702089134127708e-01 1.991802093701856013e-01 1.658192940672981730e-01 3.475961268834905364e-33 2.944149016292363550e-33 4.712607684079965151e-03 6.148460991906338005e-03
6.547881953713040326e-02 1.236747178662384317e-01 2.209027049542851007e-01 4.662222001166601570e-01 4.538575964575942978e-02 7.349146260183544999e-02 2.625662007444573105e-33 2.530433210876782115e-33 1.998097516738981793e-03 2.846237761349746861e-03
6.790999753165999353e-02 1.212435398717110757e-01 2.311511137835269292e-01 4.559737912872291465e-01 4.655989680174138501e-02 7.231732544603779178e-02 3.361711547432940603e-33 2.989308955491632435e-33 2.033529221691072249e-03 2.810806056399620112e-03
1.097651325985971316e-01 9.381424092380394320e-02 2.346983671673102123e-01 2.087969394715615545e-01 1.904732428820768986e-01 1.548778931875677833e-01 2.687760245634647751e-33 2.493699752114175685e-33 3.698717389906624152e-03 3.875466379173517391e-03
6.873847400181154477e-02 1.348408995205801486e-01 1.680783278044934437e-01 2.754169788345251502e-01 9.891984954706756206e-02 2.464312865224411175e-01 1.906749120171818290e-33 1.747791637195907668e-33 4.153326485607943333e-03 3.420857283470453945e-03
1.142893952600963353e-01 1.073187219863270953e-01 1.497362019365731101e-01 1.428907869024408084e-01 2.490403688593500475e-01 2.297780730249845693e-01 1.559372102672015153e-33 1.329913869066737911e-33 3.290314840606395168e-03 3.656137189624412802e-03
7.520763742328381851e-02 1.464004798231073323e-01 1.113567166058025831e-01 1.812702722332094618e-01 1.410444333717186249e-01 3.377740085126498815e-01 1.213269815466307601e-33 1.076277218828245129e-33 5.341333428639341227e-03 1.605118601590196708e-03
1.348610242234630219e-01 1.187223086987108933e-01 1.845165268334149899e-01 2.248353994364929997e-01 1.806516576223479165e-01 1.508404316808373558e-01 2.588146276094419349e-33 2.480163515310939166e-33 2.698069642316922295e-03 2.874581862414386617e-03
1.626839500384291148e-01 9.089938288381307907e-02 1.150073394602076499e-01 2.943445868094152207e-01 2.320458052263691673e-01 9.944628407703047512e-02 2.988502651210359371e-33 2.930811207671730113e-33 2.393764978314975086e-03 3.178886526418114953e-03
1.151163873336777804e-01 6.903731429999865332e-02 5.152959016251834612e-01 2.756472724947713893e-01 8.492260441262985959e-03 1.249941196446974906e-02 1.910335018106641072e-33 1.768591483716195055e-33 2.503995532024939040e-03 1.407456308609406981e-03
1.395987609133238494e-01 4.455494072037644027e-02 6.426241415383353583e-01 1.483190325815233745e-01 6.363211957452942144e-03 1.462846044835074133e-02 2.335553820901201923e-33 2.168122674826518774e-33 3.086600197113065127e-03 8.248516435218927094e-04
1.872507135191852634e-01 8.171241642183865728e-02 1.140522728947681030e-01 4.010069508944509864e-01 1.260419864947927016e-01 8.381051694074290181e-02 2.458078016258565991e-33 2.227789210160327757e-33 2.152216752721702007e-03 3.972926081501185896e-03
1.619015624563941991e-01 1.070615674844937193e-01 1.829756654525247217e-01 3.320835583369228794e-01 1.158984468435389215e-01 9.395405659190514402e-02 2.556022342838178941e-33 2.221444046949631424e-33 2.589531330325380715e-03 3.535611503896115507e-03
1.182580794548364761e-01 1.304222723404563355e-01 3.345713848047620620e-01 2.456192240699149876e-01 7.828850869039312432e-02 8.701048727881821598e-02 4.795645712017855810e-33 4.073524356553060709e-33 3.137796272103839448e-03 2.692247088714016644e-03
1.267613506217291630e-01 1.219190011737760759e-01 2.723901656543812333e-01 3.078004432199277218e-01 8.438553047776466143e-02 8.091346549159841861e-02 1.462396438729787855e-32 1.194336313520238109e-32 2.826339066505395136e-03 3.003704294315295061e-03
1.149994228677533314e-01 1.917974290939076787e-01 2.315694885891871335e-01 1.680853471181666670e-01 1.281303151035403376e-01 1.587413684527977931e-01 1.911298019780208709e-33 1.649264614850881297e-33 3.378731489118142958e-03 3.297897285528229253e-03
2.332254302652718714e-01 7.357142169635851048e-02 1.338393918327969723e-01 2.658154438745348180e-01 1.752542288294075823e-01 1.116174547269835199e-01 1.382626607703330489e-33 1.250798563048073996e-33 3.254291993599539318e-03 3.422336781046296864e-03
3.404434669823450804e-02 9.059485097309608048e-02 1.776505007516048784e-01 2.532259736812562667e-01 1.251854728350593471e-01 3.163392387522883653e-01 7.189339716257189870e-33 7.068172879927028756e-33 1.767798401663512459e-03 1.191817906798139579e-03
7.769309287312396728e-02 4.694610479822198396e-02 2.359837495395967488e-01 1.948927248932650902e-01 2.727283164556771333e-01 1.687963951316549249e-01 2.344892846241061456e-33 2.017365540677976234e-33 1.323225417842322513e-03 1.636390890619177736e-03
5.817245749787060966e-02 1.057608762294391935e-01 9.985491587525738288e-02 1.172313898486043032e-01 3.182972841540746001e-01 2.928438360200145141e-01 2.736062589734111194e-33 2.519626661623569694e-33 4.463199004877785835e-03 3.376041369859363386e-03
9.863796159286108978e-02 6.529537213445094079e-02 1.146305229970470962e-01 1.024557827267858351e-01 2.966536440174894484e-01 3.144874761566288646e-01 2.224526075579468427e-33 2.073678190463606600e-33 3.538764386029154621e-03 4.300475988707348415e-03
1.145216265466090511e-01 1.217601095276093920e-01 2.382224401546090553e-01 1.007453024316578294e-01 1.823782285489378152e-01 2.339899200957040182e-01 2.914840823042219189e-33 2.596071461649131138e-33 3.429287064209861000e-03 4.953085630663669157e-03
1.187566673809394152e-01 1.175250686932914623e-01 1.577882810122963053e-01 1.811794615740077996e-01 2.125748349100835266e-01 2.037933137345086243e-01 9.329720496186400277e-33 8.133272363524987581e-33 4.320820437868181339e-03 4.061552257005681885e-03
3.863147732132072437e-02 3.028519097010382716e-02 8.816651935948677243e-02 8.528586909464527799e-02 4.894931595106536415e-01 2.643269894417967780e-01 6.514874340036458727e-33 5.696093078773229713e-33 1.884056009508976344e-03 1.926738292483190767e-03
3.368676538605643034e-02 3.522990290536322233e-02 8.645989378417745508e-02 8.699249466994544988e-02 3.560946872194937773e-01 3.977254617329717412e-01 8.781941117626652413e-33 7.350073812497649037e-33 1.909342895815267739e-03 1.901451406175926843e-03
7.769425418326891819e-02 5.998626403339909346e-02 1.650044686220415169e-01 2.008292717710693509e-01 2.789343386174455430e-01 2.148425707932716255e-01 3.479846524278670808e-33 2.929734640037615817e-33 1.266862310955860563e-03 1.441969668546853271e-03
7.536788622400919513e-02 6.231263199267300656e-02 1.697109131980592267e-01 1.961228271950825608e-01 2.705143522803525880e-01 2.232625571303190337e-01 3.676389887558923656e-33 3.140674322612848843e-33 1.289866849736740363e-03 1.418965129766302635e-03
2.224514538555452670e-02 2.951098224021949518e-02 2.812502526423776295e-01 1.596629998530038064e-01 3.530349110775706789e-01 1.528994273031710482e-01 8.415382072855441841e-33 7.138756963694042368e-33 7.227237776158347733e-04 6.735577204876481419e-04
2.792642225630202410e-02 2.382970536949358120e-02 1.861791877580024068e-01 2.547340647373768086e-01 1.965456975533267370e-01 3.093886408273938127e-01 1.196507446342859583e-33 1.075047088882168341e-33 6.842800320744630953e-04 7.120014660295413212e-04
6.301554268055058194e-02 6.230061122653844652e-02 1.824404649415968804e-01 1.850319200012951748e-01 2.487895169603489554e-01 2.556815668318254686e-01 5.751053875258996710e-33 5.601010040139512641e-33 1.350749493397614479e-03 1.389627864448196018e-03
6.229581972640552828e-02 6.302033418066352310e-02 1.850492880401429230e-01 1.824230969027268445e-01 2.557277576349170634e-01 2.487433261572994658e-01 6.038293219947204310e-33 5.396816759799733693e-33 1.389888428896574437e-03 1.350488928948853987e-03
7.762538369107357950e-02 7.409997792617754875e-02 1.748157498805198717e-01 1.846638250823687821e-01 2.819897858753124265e-01 2.019378086298876940e-01 3.653034547029173261e-33 3.301470984343081250e-33 2.674183901445725906e-03 2.193285013214618748e-03
7.756177518349673117e-02 7.416358643373702209e-02 1.749934376157404881e-01 1.844861373471532728e-01 2.805454168748794386e-01 2.033821776303339768e-01 1.739888943076573011e-32 1.581132546124660294e-32 2.665507095819772809e-03 2.201961818840213626e-03
1.263625943345159652e-01 8.746689355523598608e-02 1.927745218459304966e-01 2.370690123405080896e-01 1.635730698526562388e-01 1.875713560189294082e-01 2.508177949082527505e-33 2.481723503591864229e-33 1.581628824822281943e-03 3.600923227402936123e-03
9.902173866183805462e-02 1.148077492279221679e-01 2.239103349934973564e-01 2.059331991929595485e-01 1.804421238950639772e-01 1.707023019764955796e-01 1.197241877551789680e-33 1.039773679703661943e-33 3.001046285248307882e-03 2.181505766976384562e-03
1.070086459672645873e-01 2.137529996965276124e-01 2.451189800129390806e-01 1.696965987581119106e-01 1.253945645074380222e-01 1.322530184662811248e-01 4.382225517246001407e-33 3.897559505754801413e-33 4.023955855287001879e-03 2.751236736150650640e-03
1.088841056126308576e-01 2.118775400511574980e-01 2.437938360829693396e-01 1.710217426880740188e-01 1.255150650602069595e-01 1.321325179135236227e-01 8.203302559583602604e-33 6.747104016207461553e-33 4.001594641185625238e-03 2.773597950251857711e-03
4.116609245769727032e-02 4.206446536446266371e-02 1.466282477137915707e-01 1.461363298550051593e-01 2.989137983778586971e-01 3.216974458028556416e-01 2.525477223977136207e-33 2.399182414977129812e-33 1.662195051699163172e-03 1.731425376627898551e-03
3.851856947842633577e-02 4.471198834374411069e-02 1.480779395123780207e-01 1.446866380564349741e-01 2.317699323334900530e-01 3.888413118471982233e-01 6.109080471603872343e-33 5.333515572515401933e-33 1.458171895242851065e-03 1.935448533084489081e-03
1.788606528339660162e-01 1.683146463884230837e-01 2.165984955627243969e-01 1.651686790645394698e-01 1.303193734980110929e-01 1.279596975885240462e-01 2.326487325629975298e-32 1.975586328090965470e-32 5.378430513099953167e-03 7.400024550710794513e-03
1.716900351708623429e-01 1.754852640515437434e-01 1.816294717434354111e-01 2.001377028838299266e-01 1.287149430585560750e-01 1.295641280279596075e-01 2.140475858547437119e-33 1.898714605298616437e-33 6.752986653245909507e-03 6.025468410565516450e-03
1.557772165287620303e-01 1.895029977208517180e-01 2.239965094265908840e-01 2.010301237689283982e-01 1.087578530301901991e-01 1.131027742793845881e-01 6.924736371971448245e-33 5.765166084282260519e-33 4.093346091785883892e-03 3.739179153505147422e-03
2.441436366632804278e-01 1.011365775863371785e-01 1.638212603364151976e-01 2.612053728591008372e-01 1.201421745488162052e-01 1.017184527607585542e-01 9.363801063194419742e-33 7.926516013788413375e-33 3.165377535991234503e-03 4.667147709299767321e-03
7.820678243660321438e-02 7.446484375839385050e-02 2.846291760790063963e-01 2.355362822325294259e-01 1.745292812462951870e-01 1.477547659926574664e-01 3.836467833368726222e-33 3.552372121659178613e-33 2.553472153504921221e-03 2.325396101010418753e-03
8.303004670827218714e-02 6.964157948669552622e-02 3.479086740199847094e-01 1.722567842914956016e-01 2.090409539165935526e-01 1.132430933224459618e-01 5.006851756781988567e-33 4.522500515594045402e-33 2.847456414024940145e-03 2.031411840490093650e-03
6.587410539574277413e-02 6.574054791333956704e-02 2.551332524848649030e-01 2.544641528080377468e-01 1.780963784378056802e-01 1.777465105463247874e-01 2.558233087315884892e-33 2.468626066245339369e-33 1.473526925552185850e-03 1.471525488335088732e-03
3.940248310403282606e-02 9.221217020506697337e-02 1.225150449460846308e-01 3.870823603469522034e-01 1.087511758575825521e-01 2.470917131263935529e-01 1.117530624280454265e-33 1.012479411062543756e-33 1.076834137544358319e-03 1.868218276343972493e-03
9.984281989851256922e-02 6.838173502268944659e-02 3.322859056604320349e-01 1.867898529049692447e-01 1.972585439831455456e-01 1.101381006011306479e-01 5.907275468948214602e-33 5.157124216197736320e-33 2.887152643363252030e-03 2.415889285756051691e-03
6.832957663187838593e-02 9.989497828933836809e-02 1.865486393545041921e-01 3.325271192108162910e-01 1.099936662261725429e-01 1.974029783581722486e-01 3.230939200953434026e-33 2.993640649973375003e-33 2.415107992341127344e-03 2.887933936776852350e-03
1.156179750783893206e-01 1.127368556208625944e-01 3.526116379415883406e-01 1.606829133647828534e-01 8.711839215098754474e-02 1.653135194573472078e-01 8.537154156068977962e-33 7.090325367442196471e-33 3.353311563689817792e-03 2.565394822350316670e-03
1.138742849296832393e-01 1.144805457695738521e-01 2.364539321498269064e-01 2.768406191565305208e-01 1.344430779791827291e-01 1.179888336291603501e-01 2.373765330856301754e-33 2.026310464409739798e-33 2.876454328116251694e-03 3.042252057923827691e-03
5.153863815333971365e-02 9.023073687225993678e-02 1.478309411326540201e-01 3.325231640346472672e-01 1.464823247148239749e-01 2.257074686657598583e-01 3.074628642999350544e-33 2.616009976158555384e-33 2.631606735950958037e-03 3.055119690563393164e-03
5.769516324317841560e-02 8.407421178247419247e-02 1.772183959835763323e-01 3.031357091837645346e-01 1.590882986119355191e-01 2.131014947685523353e-01 3.087355473775506325e-33 2.651720950262610482e-33 2.698994347823224348e-03 2.987732078694152211e-03
3.823545662642464926e-02 4.597304338423111036e-02 1.190728911061897932e-01 1.106753645068410397e-01 3.037193139031586497e-01 3.797002013581576296e-01 1.779732537288149688e-33 1.633891689322865584e-33 1.361582929433266531e-03 1.262146185562677651e-03
4.678366531237022896e-02 3.742483469824797737e-02 1.097956045225342014e-01 1.199526510903547449e-01 3.876602766917679466e-01 2.957592385697289106e-01 3.053760965174352785e-33 2.624712895196724876e-33 1.251728776676625052e-03 1.372000338319260366e-03
2.935284057205021085e-02 1.842767273841059913e-02 6.650522940159725449e-02 6.587943371024705674e-02 5.425182561771531020e-01 2.760281984024292035e-01 4.748997308523866492e-33 3.788668803695496946e-33 5.806584411993045850e-04 7.077105569131231060e-04
1.349442208149806768e-02 3.428609122893828270e-02 6.559685617439954541e-02 6.678780693740968277e-02 1.556948293805729966e-01 6.628516251990679287e-01 2.113152037465591169e-33 1.824648956287024560e-33 7.650808365138089730e-04 5.232881615980470181e-04
7.669842751954800142e-02 3.441390461555952074e-01 3.303403303035436500e-01 8.107885414323454110e-02 7.542688361114746609e-02 8.427885043472047033e-02 3.253284212518675927e-33 2.954480400144675523e-33 5.490786847953933736e-03 2.546820984257316262e-03
3.160722847523854129e-01 1.047651889227596556e-01 1.072377914583006187e-01 3.041813929884822909e-01 8.334987396864125542e-02 7.635586007722000579e-02 5.924893621146037355e-33 5.096028137376268582e-33 2.855777745937693873e-03 5.181830086273535307e-03
1.718138250750667062e-01 1.525854785422846582e-01 1.736347104374731665e-01 1.895297668307782679e-01 1.537665507222187311e-01 1.519430144243412717e-01 4.288579233400510120e-33 3.694641373127279219e-33 3.275378105266328003e-03 3.451275862569787474e-03
2.042294550956244570e-02 3.039763581077791210e-01 2.987815380143297728e-01 6.438293925392998829e-02 1.394092702566658015e-01 1.663002948898950895e-01 3.231813464926287656e-33 2.821492459450461369e-33 4.660277017210979165e-03 2.066376950625151490e-03
6.100274324742645249e-02 9.064738782080347668e-02 1.522766243172216927e-01 1.135864945751982047e-01 1.293476589899737184e-01 4.484448164059473552e-01 1.650439893581604126e-32 1.371597151570628381e-32 2.903732391978374686e-03 1.790542251452117376e-03
7.276074488919509475e-02 7.888938617905939810e-02 1.369308977762690172e-01 1.289322211161625931e-01 2.559116625314120652e-01 3.218808128644722877e-01 1.479207385517642879e-32 1.192138148744173051e-32 2.462206049253468261e-03 2.232068594177740676e-03
5.846642813087987028e-02 5.645915351366405377e-02 1.163309771440906581e-01 1.193087748709233120e-01 2.629939800566910013e-01 3.810207742094826600e-01 1.165632660840228365e-32 9.892671785688679347e-33 2.715480376519239115e-03 2.704431697750062785e-03
5.899070324016078559e-02 5.593487840437093295e-02 1.155532134961907431e-01 1.200865385188160939e-01 2.321668526309772773e-01 4.118479016352163957e-01 1.087781408503326197e-32 9.216198292877626856e-33 2.718366153691807816e-03 2.701545920576463224e-03
4.764165361412284324e-04 8.788170070925754949e-04 1.670417924579842804e-03 5.100083001403745223e-03 8.467190284794238186e-01 1.443244209218003671e-01 1.273184568021957317e-31 9.848743251309989821e-32 3.413233694299007176e-04 4.894927601291128739e-04
8.857142758736170386e-04 4.695192673599412085e-04 5.158868523714228715e-03 1.611632402267213892e-03 1.322851596676342112e-01 8.587582897335928056e-01 1.142291432715485266e-31 9.011949938023923176e-32 4.920324294052644872e-04 3.387837001534923652e-04
9.759321278867198702e-04 3.077627592112672575e-03 7.046296190350890068e-03 1.283972216110793735e-02 7.751366415737261928e-01 1.957231852606968192e-01 5.475407455130136604e-33 6.414494403733519105e-33 1.059150312251223598e-03 4.141444781867317619e-03
3.052245228958668302e-03 1.001314491040737479e-03 1.276975444009468760e-02 7.116263911364130272e-03 2.027208131353313847e-01 7.681390136990932094e-01 1.402007567673168473e-32 1.281201150005678167e-32 4.104219637260464980e-03 1.096375456858087512e-03
5.353774734036361100e-05 1.164193322120860800e-03 3.292850952166997752e-04 4.034350647819695372e-03 9.689939074442281974e-01 2.441773772831097936e-02 4.292712151497640110e-32 3.883126803608763395e-32 4.575051482212947397e-05 9.612375001415429665e-04
1.164194540228251579e-03 5.353652923298081413e-05 4.034354711336479715e-03 3.292810316998334664e-04 2.441670176790096403e-02 9.689949434046382093e-01 4.576163902451141497e-32 4.215460516207024278e-32 9.612385041985077073e-04 4.574951076518100294e-05
3.368425125987486155e-04 3.032341074362244690e-03 8.380109709787638556e-03 1.210808234595792642e-02 9.571367651973112789e-01 1.141086881511070919e-02 8.387203518159013243e-32 5.905745497302691547e-32 1.158329899940598457e-04 7.479157354877937966e-03
3.041012702730509689e-03 3.281708842305053548e-04 1.212007552366774210e-02 8.368116532077833278e-03 8.368395104315043409e-03 9.601792389081074131e-01 2.236277372889817496e-32 2.214879643471578446e-32 7.502845741639792287e-03 9.214460323218770271e-05
3.457292954173206206e-04 1.924689314260377530e-03 1.242764341114243470e-02 8.049329770957210431e-03 9.534563895330692151e-01 1.344846507527817404e-02 8.619479507900119497e-33 8.303951528321115529e-33 1.513100992915041227e-04 1.019644350058380132e-02
1.922669035266152959e-03 3.477495744115737604e-04 8.054931822289721974e-03 1.242204135980999082e-02 1.465120500633724197e-02 9.522536496020107544e-01 1.341875350501646226e-32 1.247560483605628007e-32 1.018359075462260503e-02 1.641628452526915473e-04
3.367512946762301826e-04 6.544295214112033762e-04 1.681006338402865272e-02 2.830677967542734059e-03 9.645514773326607783e-01 1.765037135528633571e-03 1.118929336640726197e-32 1.114596140942146809e-32 3.450992855024373896e-05 1.301705343560293458e-02
6.543865957016426014e-04 3.367942203858011489e-04 2.832566907318305027e-03 1.680817444425314680e-02 1.895131953583027197e-03 9.644213825146056296e-01 8.265937113113213220e-33 8.024041024559742870e-33 1.301529919233055353e-02 3.626417182260160141e-05
3.141993290847163643e-05 1.120489676520981717e-03 3.740207715168039756e-04 3.810233956035279264e-03 9.829720266398260797e-01 1.011394018302320778e-02 1.809124387166141136e-32 1.745986162177391310e-32 2.144924118225281654e-05 1.556419598989320675e-03
1.119083974134216100e-03 3.282563529524112851e-05 3.805798709253987999e-03 3.784560182980768630e-04 1.136964390828103418e-02 9.817163229145697834e-01 1.390788898670390949e-32 8.597225885934029143e-33 1.554438356274390632e-03 2.343048389718782690e-05
2.757216579365956926e-05 9.198598972564043510e-04 5.820152084815889432e-04 3.032877835412635566e-03 9.887233098415699750e-01 4.292379993332876703e-03 7.648315870421628518e-33 9.076884784671701559e-33 1.358634980800224812e-05 2.408398708346045410e-03
9.202668061132888468e-04 2.716525693678340154e-05 3.033995499227483839e-03 5.808975446667597516e-04 3.843451189076076743e-03 9.891722386458312588e-01 2.327386949530254523e-33 2.664958863739547994e-33 2.409490811627187142e-03 1.249424652686750420e-05
4.745802891765047902e-05 5.409730879562678514e-04 9.096101503674250410e-04 1.790856159516198386e-03 9.544091478280610774e-01 3.884803849274112014e-02 2.960470834639126964e-32 1.694341178116571319e-32 1.375234956448330556e-04 3.316392756801027266e-03
5.398235808332067657e-04 4.860753604071748046e-05 1.788803540156090046e-03 9.116627697275621117e-04 4.098058540799408983e-02 9.522766009128099673e-01 2.920982354310500998e-32 1.942893686565900993e-32 3.308988458204516550e-03 1.449277942413442865e-04
2.773891035736979072e-05 1.738991811873117190e-04 1.170706909303271658e-03 5.624748685939987914e-04 9.934116821825116350e-01 2.636205262646326209e-04 7.177286836597848327e-33 5.365465661227881851e-33 2.236167414144933725e-06 4.387641254371800817e-03
1.738903132614561670e-04 2.774777828322797532e-05 5.625117716225086408e-04 1.170670006274798346e-03 3.238774163624777284e-04 9.933514252924132704e-01 5.819811808318000050e-33 3.844549224246137086e-33 4.387375180376827839e-03 2.502241409112726659e-06
