5.569403403650739770e-02 6.773533460483521784e-02 3.450528359090599961e-01 2.875326334592159250e-01 9.446842919677830852e-02 1.384969311197118969e-01 2.061824770574121503e-31 1.801050796467354539e-31 5.660967409315759494e-03 5.358834264575394399e-03
8.181333664415517404e-02 4.161603199718071772e-02 2.202832925100123296e-01 4.123021768582382229e-01 1.899725450986698427e-01 4.299281521785415505e-02 8.853356553767986290e-32 7.649525127669388859e-32 5.005597419131620554e-03 6.014204254758436126e-03
3.247224805759554855e-02 3.629035657038437446e-02 2.713216792827104484e-01 2.662296986536610843e-01 1.763656017199506931e-01 1.997548285743839802e-01 2.492068475207999065e-31 2.140697819015286046e-31 8.570142863851902548e-03 8.995444277460911894e-03
3.970371633806992623e-02 2.905888828990895595e-02 2.616775069705893908e-01 2.758738709657740928e-01 2.206646182450693605e-01 1.554558120492777473e-01 4.799997726578507243e-32 3.835149800938877593e-32 9.375660483859104763e-03 8.189926657452604661e-03
4.044126254648040125e-02 5.269021000333523608e-02 3.721116572484464702e-01 2.123805695422300299e-01 1.519953983391286456e-01 1.408719194012139353e-01 6.608892321097513930e-32 5.634535807540282939e-32 1.213725985163397088e-02 1.737172306753315826e-02
4.476230026545358065e-02 4.836917228436159871e-02 3.157636275665895442e-01 2.687285992241041921e-01 1.480713899926075494e-01 1.447959277477109952e-01 5.097277089380243326e-32 4.516883451495564274e-32 1.398381140833912170e-02 1.552517151083206495e-02
1.030264797669127111e-02 1.771706199558766015e-02 2.417645162991506613e-01 1.422726237374802860e-01 4.407652250435923902e-01 1.442541267454982012e-01 3.331488205063459420e-32 3.011609161306894479e-32 1.355778274316322236e-03 1.568019927683355621e-03
1.177480257479679437e-02 1.624490739748741391e-02 2.220100964980349922e-01 1.620270435386133301e-01 3.818920388908427221e-01 2.031273128982238052e-01 4.105988217129612778e-32 3.673999963748088153e-32 1.397919504239504172e-03 1.525878697761043649e-03
1.258745037794753441e-02 1.696652801298343879e-02 1.720350928448740047e-01 1.747750213234716687e-01 4.842547944707642493e-01 1.354742390244550176e-01 4.361580333934324522e-32 4.229047134191276148e-32 2.537990802048284509e-03 1.368883143455466682e-03
1.703992999494856331e-02 1.251404839598291296e-02 1.748209479312084202e-01 1.719891662371503815e-01 1.296279887008370546e-01 4.901010447943665027e-01 4.973207660143237097e-32 4.885899057887582882e-32 1.349286592214041149e-03 2.557587353292043245e-03
1.007852248874258061e-02 1.327332286913594263e-02 8.694098178238100771e-02 1.107476500087530707e-01 4.622884623932453918e-01 3.149231769463016750e-01 3.236338447686384195e-32 3.554357759605355163e-32 9.422321302965776593e-04 8.056513811433637252e-04
1.541806205718025853e-02 7.933783300699463401e-03 1.267295857175458895e-01 7.095904607359179717e-02 2.159936461389514173e-01 5.612179932005904037e-01 4.009068560340653737e-32 4.133131030173506183e-32 7.139617448081034745e-04 1.033921766631964436e-03
4.152144541471817357e-02 4.802271974513553504e-02 3.935362506935656257e-01 2.650034787338200748e-01 1.068940973371029779e-01 9.417531314833622880e-02 4.264153985801799962e-32 3.280953119259996175e-32 2.101140673461893496e-02 2.983528819270139798e-02
5.616908628217587296e-02 3.337507887767712789e-02 1.039465813950246065e-01 5.545931480323580409e-01 7.823814873392566371e-02 1.228312617515185945e-01 6.438629847892334173e-32 5.054784864383822334e-32 4.089197784823014881e-02 9.954717079088683598e-03
3.848821716158269679e-02 3.871666377724321956e-02 3.078942159075560570e-01 3.061292606841983788e-01 1.352001147006225146e-01 1.354273819570570581e-01 5.068645850899813324e-32 4.657801142751947810e-32 1.901657582030991805e-02 1.912756999142924477e-02
1.620259334016924471e-02 6.100228759865194972e-02 4.800706697153243052e-01 1.339528068764180846e-01 1.130295407577517341e-01 1.575979558999471286e-01 3.876962177026948552e-32 3.854460164084621059e-32 8.188775475312649182e-03 2.995537033642412666e-02
5.643034811294866254e-02 3.697162841336611855e-02 2.609168556931540373e-01 3.631184955599043307e-01 1.295130608165505348e-01 1.150050041680038826e-01 2.124226186613783010e-32 1.851358534166916748e-32 2.174794004628756092e-02 1.629666718978437998e-02
4.251948586368927557e-02 5.088249066262631737e-02 3.339798812048424548e-01 2.900554700482178561e-01 1.191413826867435827e-01 1.253766822978071016e-01 1.643404121174398644e-32 1.443770771489918515e-32 1.785087451675945389e-02 2.019373271931288252e-02
1.364554039486823300e-02 1.548246661335860724e-02 1.076945165462972615e-01 1.057471313425610016e-01 3.871013163337755913e-01 3.668534215036762802e-01 4.303417508560525128e-32 3.529411007583749424e-32 1.656774778459802876e-03 1.818832487003824248e-03
1.546563734223147663e-02 1.366236966600979826e-02 1.057649726000520762e-01 1.076766752888778794e-01 3.670389255856774113e-01 3.869158122516830334e-01 6.348820817573876631e-32 5.497375169831757988e-32 1.817347771350776194e-03 1.658259494118412888e-03
7.212695194859300440e-02 1.210489798324893181e-02 1.295522677858134408e-01 3.930515699323307577e-01 2.662662898940556522e-01 1.063083182522036318e-01 3.344641820725042856e-32 3.717710013682265692e-32 1.243963144682906467e-02 8.150072756923707265e-03
1.496848842215515313e-02 6.926336150966005967e-02 3.804802893372214445e-01 1.421235483807932187e-01 1.139397485009926991e-01 2.586348596454335347e-01 5.367690886833390404e-32 5.042474036443607368e-32 8.354723188553856220e-03 1.223498101518969219e-02
2.203929707178117758e-02 2.227704252692448011e-02 1.282827692282796916e-01 1.272000408437102270e-01 3.407020724448946991e-01 3.500356987490703675e-01 3.279785809732783833e-32 3.170497466946675980e-32 4.702370738644302828e-03 4.760708396695820938e-03
1.656161918576513209e-02 2.775472041292439615e-02 1.532289341298027074e-01 1.022538759420965754e-01 1.256544351713806129e-01 5.650833360226938940e-01 3.349468722755144629e-32 3.038651309732270806e-32 3.358265551731639577e-03 6.104813583605212500e-03
9.470611980487519954e-02 3.105137040665699455e-02 6.730747136943291409e-01 1.374621425881928649e-01 2.245156240827875932e-02 2.994081438191976974e-02 1.338967670283999340e-32 1.146205181267658177e-32 9.149327274756041337e-03 2.163949440991911038e-03
3.680311031277595790e-02 8.895437989875479290e-02 1.858592257371333156e-01 6.246776305453730638e-01 2.926409772132692808e-02 2.312827906888924312e-02 3.711578724713624778e-32 2.810661559725613012e-32 2.795136851603402094e-03 8.518139864144487830e-03
1.531940506596685819e-02 2.826706243000728924e-02 2.486975090281426382e-01 2.610220184919820330e-01 1.588840764810113271e-01 2.766725145527255680e-01 7.616803541294534644e-33 7.247879667420045091e-33 5.198298113707328777e-03 5.939115836458096383e-03
2.694210337462965565e-02 1.664436412134334686e-02 2.597608273777569643e-01 2.499587001423196342e-01 2.646189937301178241e-01 1.709375973036698082e-01 1.747667967779119203e-32 1.875537777302095130e-32 5.863306512612546581e-03 5.274107437551540239e-03
8.251057017751554576e-03 9.860517667245282530e-03 4.446499689757906632e-02 4.917107770054784249e-02 5.115701661408307288e-01 3.746088072099106325e-01 2.605571524958424100e-32 2.442106841097672831e-32 1.133718776150141475e-03 9.396585899890794093e-04
9.815502010538415881e-03 8.296072674460620855e-03 4.903945142072262120e-02 4.459662317746282412e-02 3.784395349245297524e-01 5.077394384261442184e-01 4.394116677125167783e-32 4.033093073079929593e-32 9.450863379270496622e-04 1.128291028213988670e-03
4.722868647798370706e-02 6.526191010413938398e-02 4.382012396344488886e-02 5.690559424123565746e-01 9.562839338933448730e-02 1.654047729047389281e-01 1.668238793396977984e-32 1.420562263395245312e-32 2.592665937241666295e-03 1.100750481076165702e-02
6.530704864308092827e-02 4.718354793904149663e-02 5.703706478657727397e-01 4.250541851003311611e-02 1.655794285231220464e-01 9.545373777094776080e-02 1.205604729631548375e-31 1.176229304331472638e-31 1.102856779650661714e-02 2.571602951496834537e-03
1.183859051759947843e-02 1.289324875890171702e-02 1.381564865498444705e-01 1.397984458534479169e-01 3.755803753637507736e-01 3.194249227804189517e-01 7.818718732480947029e-33 7.053357726646043671e-33 1.113421336182169631e-03 1.194508839854984978e-03
1.462812356549107393e-02 1.010371571101092644e-02 1.424994097464829801e-01 1.354555226568277260e-01 2.270512266160703285e-01 4.679540715280788299e-01 1.600305019906771955e-32 1.455718191072203501e-32 1.327894861736722814e-03 9.800353143010094581e-04
1.121742929054722962e-02 1.137669316750682634e-02 2.238043050712670845e-01 1.618078849703107336e-01 4.020575672485340313e-01 1.869267809085261578e-01 3.837198925560529959e-32 4.020256122929910011e-32 1.268287619467204849e-03 1.541051723841910769e-03
1.139835504823969066e-02 1.119576740981390386e-02 1.533755958425676302e-01 2.322365941990131577e-01 1.576663012268795516e-01 4.313180469301766129e-01 1.123252183114350610e-32 9.966972739316667378e-33 1.578151056158438436e-03 1.231188287150765002e-03
4.328377830039732005e-02 6.699702244763561243e-02 2.424862535989298629e-01 4.475150143478175968e-01 1.257656339531180445e-01 6.238068765166160379e-02 2.834102211172325706e-32 2.200327099305997795e-32 4.265274286416573073e-03 7.306335414023625019e-03
6.415210668453359688e-02 4.612869406348609619e-02 4.229173865529880505e-01 2.670838813937436718e-01 6.998508086572485798e-02 1.181612407390822128e-01 4.729843338420252099e-32 4.002101902340136210e-32 6.941494454906284826e-03 4.630115245533706833e-03
6.615282798677968486e-03 1.154989424268846807e-02 1.641499994186139677e-01 3.341402198725593187e-01 1.104584267280537546e-01 3.676380593022912646e-01 1.892498446363410499e-32 1.619081297555928276e-32 2.480511591692757638e-03 2.967606045422457699e-03
8.467010973169821278e-03 9.698166068227539321e-03 2.279393542998762734e-01 2.703508649913520245e-01 2.069658776084251361e-01 2.711306084218342294e-01 7.619238415437776054e-33 6.133644891332946216e-33 2.663295288813912875e-03 2.784822348302355005e-03
9.161863689930620572e-03 1.124676489920684030e-01 3.609723132737573809e-02 8.087274811491580451e-01 7.756411272469830934e-03 1.431644026298560524e-02 4.682338334573942719e-32 3.757482101466373252e-32 6.078177436577964464e-04 1.086510556235421691e-02
1.122242511106627538e-01 9.405261571341678659e-03 8.069070935942195266e-01 3.791761888235077593e-02 1.430098423448169370e-02 7.771867300929744676e-03 1.669656129561672954e-32 1.586327045827341589e-32 1.084093845383513922e-02 6.319848521773510771e-04
7.356015010016274738e-03 8.074914137467151254e-03 5.587623216331488035e-02 6.204286136290190767e-02 4.870735636792654644e-01 3.772954625194081535e-01 1.838069577623896847e-32 1.550045713056254723e-32 1.064169075301526308e-03 1.216782052324509329e-03
7.487389860104808233e-03 7.943539287379427008e-03 5.700314963435987314e-02 6.091594389184164238e-02 4.670122212292873165e-01 3.973568049694016224e-01 1.604595339936539475e-32 1.333891462601205025e-32 1.092058255038009509e-03 1.188892872588125441e-03
1.269738578331561576e-02 2.228213374971898392e-02 1.897389313712818937e-01 2.271054592173932796e-01 4.645492311271522956e-01 8.002746055558124239e-02 4.900993449888073280e-32 3.980579970906705506e-32 1.163656164696200580e-03 2.435742030859442894e-03
2.185861913189693362e-02 1.312090040113433019e-02 2.254543703399594645e-01 1.913900202487025803e-01 9.701805762473705852e-02 4.475586340580139932e-01 4.082023128999186358e-32 3.629265941453264694e-32 2.379533254026264082e-03 1.219864941529048711e-03
4.140722475021638670e-03 1.787246971095557630e-03 4.083446770512947355e-01 6.161478843185980159e-02 4.472976663172968381e-01 7.401604553514870566e-02 5.545563172732051181e-32 4.757156139062947592e-32 1.191462753957162231e-03 1.607390464325947474e-03
1.547419121381845512e-03 4.380550324735351005e-03 2.628173164825017491e-02 4.436777338349073840e-01 3.597726913807838128e-02 4.853364427143640469e-01 2.299880861562450040e-32 2.012183327289308171e-32 1.649775034825093356e-03 1.149078183458056464e-03
1.394761874689891615e-02 1.324434652943994907e-02 5.428996448802330538e-02 6.435724657285948891e-02 3.980490716619160541e-01 4.549572950474624067e-01 5.250117623711707384e-32 4.339163457646561739e-32 5.518386750186284745e-04 6.026182783816443110e-04
1.320050640712303047e-02 1.399145886921841601e-02 6.498481420177935897e-02 5.366239685907545770e-02 4.585048025590619525e-01 3.945015641503427650e-01 5.645179074281301931e-32 5.766179233444040039e-32 6.057837439970859819e-04 5.486732094031590481e-04
1.818749309688897503e-02 1.623421390863696856e-02 1.170599828327737180e-01 9.707090555563996359e-02 3.320601092610664939e-01 4.161081359807853319e-01 2.284095972480619792e-32 2.084610963546286982e-32 1.849523620821688598e-03 1.429635743386444046e-03
1.796337324390931411e-02 1.645833376161521741e-02 1.147664299769001056e-01 9.936445841150934322e-02 3.417038056178833827e-01 4.064644396239743829e-01 3.012765480068434512e-32 2.769910162345475802e-32 1.801345557017695843e-03 1.477813807190132139e-03
2.856350312229064339e-03 8.070914231884393844e-04 4.169729695972275163e-01 6.730316460282920188e-02 4.421703820041658073e-01 6.787295315864146084e-02 3.749612708039782109e-32 3.377952883094235722e-32 4.829975720931319657e-04 1.534091329625157261e-03
1.199866639058973445e-03 2.463575096358809786e-03 1.343233121666879137e-01 3.499528220333694151e-01 1.396134024502270754e-01 3.704299327125797903e-01 4.129434554324489515e-32 3.511284078473343682e-32 1.332631387339418055e-03 6.844575143789352481e-04
1.185419371780450232e-02 8.566761386383993371e-03 3.015338737318187246e-01 1.292232747586814501e-01 4.571604859821253308e-01 8.782216087684223405e-02 1.517240868784698439e-32 1.727982648937260889e-32 1.757321127488207114e-03 2.081928418857170119e-03
8.547359544660541528e-03 1.187359555952990052e-02 1.282063282084801026e-01 3.025508202820073600e-01 8.564239168212380016e-02 4.593402551768518416e-01 1.071457996248414754e-32 8.870721373270700217e-33 2.083844193435596594e-03 1.755405352910061447e-03
4.877364662457114863e-02 4.756952633157023741e-02 2.492318638930920982e-01 3.612875018339449240e-01 1.478109233873740880e-01 1.289205434429058494e-01 1.855772038226575600e-32 1.792427688303389870e-32 7.468176376457979354e-03 8.937818110083917827e-03
4.723160654550118132e-02 4.911156641064087086e-02 3.927343742277547567e-01 2.177849914992865399e-01 1.236192183288762070e-01 1.531122485013964585e-01 2.814401668722788488e-32 2.667314283209624294e-32 9.350252833683998441e-03 7.055741652858029712e-03
3.599455665705606627e-03 1.776332865896301750e-03 2.919444687786139359e-02 5.032788986974196660e-03 5.770412060264815818e-02 9.020967854360102400e-01 1.845019773044148546e-32 1.734131145720991172e-32 4.509205669450222866e-04 1.451489979576070142e-04
2.393698901308428592e-03 2.982089630293804396e-03 1.321467719693742923e-02 2.101255866789774815e-02 6.161591887620317953e-01 3.436417172766266792e-01 1.419385870024612414e-32 1.323452233720471839e-32 2.486927533794678702e-04 3.473768115231926014e-04
1.168648967626456647e-02 1.173595257966013154e-02 9.109887550660185351e-02 9.042267519272675913e-02 3.975559977462453931e-01 3.962760590566528629e-01 8.762902737937417659e-33 7.018050853732394754e-33 6.124159936887798574e-04 6.115342481577868035e-04
1.241533181734755242e-02 1.100711043857512464e-02 8.113497830808716338e-02 1.003865723912294172e-01 3.786959391784680551e-01 4.151361176244485751e-01 2.012325157787058526e-32 1.878675397078544927e-32 5.994233617036680718e-04 6.245268801426868445e-04
8.964878898610671026e-03 8.465827839689873610e-03 4.546527459035015761e-02 4.298320574162609042e-02 4.183196727725050357e-01 4.743126773782884165e-01 1.162290064617378479e-32 9.469413240196289650e-33 7.540090973240858941e-04 7.344536816069689288e-04
9.199429377547203857e-03 8.231277360753061489e-03 4.663182944843687755e-02 4.181665088352869153e-02 3.920033554085548544e-01 5.006289947422500886e-01 5.730811016638788692e-33 4.951141252428930335e-33 7.632000048278114474e-04 7.252627741031659634e-04
3.419366214564392020e-02 2.871199536260313212e-02 2.527607616389729861e-01 1.920638854573303300e-01 2.099695166044689976e-01 2.751526153113528217e-01 1.850980530378158407e-32 1.537196683024323381e-32 3.979875986306618749e-03 3.167687493321603379e-03
4.628344492971798313e-02 1.662221257853528991e-02 3.866273532709115779e-01 5.819729382543876312e-02 6.620858845065484555e-02 4.189135434651118928e-01 4.648917738117286525e-33 4.222883519315058092e-33 5.771152772828947418e-03 1.376410706800037338e-03
1.753756387158720079e-02 2.540829621274862463e-02 1.240229282065062055e-01 2.065817985048757910e-01 3.800626322851763939e-01 2.414104010349366614e-01 1.707052992897874108e-32 1.559036848077400106e-32 1.897474641771266027e-03 3.078905242399386424e-03
2.259687543193361972e-02 2.034898465240077281e-02 1.770918205032284420e-01 1.535129062081484197e-01 2.909368932782442907e-01 3.305361400418734275e-01 5.363180090840102875e-33 4.629144863388944296e-33 2.656898954073361966e-03 2.319480930096581416e-03
1.712469391316658734e-02 2.436539520449839541e-02 1.511337854384806612e-01 1.799152573614776762e-01 3.236821424660117907e-01 2.993456777348046383e-01 2.204727309534527808e-32 2.010419865045919343e-32 1.826394508026916389e-03 2.606653373534740907e-03
2.174133950361580372e-02 1.974874961405081314e-02 1.694847503649337950e-01 1.615642924350131904e-01 3.081652984382730609e-01 3.148625217625537487e-01 2.722354789408221276e-32 2.565089560796536541e-32 2.323884807090927530e-03 2.109163074470885892e-03
1.276066885247958277e-02 9.335572417899742903e-03 1.437165207410031065e-01 1.387475448970328928e-01 2.409880035992105762e-01 4.526966849282070271e-01 1.219234861901569410e-32 1.131175306175099406e-32 9.185846840829695915e-04 8.364198800837106904e-04
1.014478939675527401e-02 1.195145187362485657e-02 1.399215204907915677e-01 1.425425451472459581e-01 4.026781634720385528e-01 2.910065250553776628e-01 6.582145688781320731e-33 6.278989453883579924e-33 8.558322253215113959e-04 8.991723388453017008e-04
2.152220558892454019e-02 2.184673564729697898e-02 1.913022902710785900e-01 1.953729620023825220e-01 2.862463938063987690e-01 2.789682153127237552e-01 5.688369871457283773e-33 4.838211545802427097e-33 2.327720379936690752e-03 2.413476991258134939e-03
2.487068823479218066e-02 1.849825300143362328e-02 2.333032491885216886e-01 1.533720030849735350e-01 2.111505629247338311e-01 3.540640461943516670e-01 3.657864152625741929e-32 2.973267740588837827e-32 3.212552207895659484e-03 1.528645163299900862e-03
2.091437502949383687e-02 1.485862399473919515e-02 1.926319896818845800e-01 3.199294626322533031e-01 1.464976983805903743e-01 2.981348581687071064e-01 1.553468465040674567e-32 1.306644345879734087e-32 3.653337923060695578e-03 3.379654189266484161e-03
1.442435674204666125e-02 2.134864228218149446e-02 3.290581608788069046e-01 1.835032914353234845e-01 3.090089929224639764e-01 1.356235636268482425e-01 3.672464848029253808e-32 3.206006806152669258e-32 3.360027906332944264e-03 3.672964205993686435e-03
4.765084014200965390e-02 4.542323510342968773e-02 3.176807116415994448e-01 3.591384101032073506e-01 1.082462855106946231e-01 9.958118632814719207e-02 2.060400097503569197e-32 1.630956633658496334e-32 1.097745131015809457e-02 1.130187986075333745e-02
3.689118989047525388e-02 5.618288535496270691e-02 5.179273118937928189e-01 1.588918098510072596e-01 6.639261980949895392e-02 1.414348520293494949e-01 2.580636680755577006e-32 2.056708228600192013e-32 1.254448751072227003e-02 9.734843660188816777e-03
3.329092134833785965e-02 2.015668501797192314e-02 3.607203037823775160e-01 1.931940377726468205e-01 1.878206085901135691e-01 1.972307825228632461e-01 8.392803722029294420e-33 7.527649903385823358e-33 5.019586446449464563e-03 2.567074519239541039e-03
1.528925720457165877e-02 3.815834916173727748e-02 1.311103363574702974e-01 4.228040051975577862e-01 2.007181068846848326e-01 1.843332842282864592e-01 3.325297278479698772e-32 2.809091325380883636e-32 1.658196038075282963e-03 5.928464927613786607e-03
2.312331922397271172e-02 8.573304348108386208e-02 1.607789939266613954e-01 6.975788089952087434e-01 1.390673121876291607e-02 5.593998106944801305e-03 5.747874436953796977e-33 5.275718730934281722e-33 2.604891525983591121e-03 1.068021352137918031e-02
5.268034443729964489e-02 5.617601826775653340e-02 4.141933933150808156e-01 4.441644096067876024e-01 9.982426087366517639e-03 9.518303238344762857e-03 2.746514844012503301e-33 2.488690481270247156e-33 6.417118758345755417e-03 6.867986289017078902e-03
1.209622294517958413e-02 9.749535057018914042e-03 6.782032660034566229e-02 6.264381453385514664e-02 3.558196006261326039e-01 4.905416907542459182e-01 1.475197872465104683e-33 1.204297380158705893e-33 6.498299871794651142e-04 6.789794960410399684e-04
1.374793562997567165e-02 8.097822372221648649e-03 7.146380670962799997e-02 5.900033442456175531e-02 2.609956633187742736e-01 5.853656280616176266e-01 1.026244735367237821e-33 9.088778873371812069e-34 6.293131499019757576e-04 6.994963333182685743e-04
8.808282148487462521e-03 6.349156127936899686e-03 3.277929707517889812e-01 1.555933362298169975e-01 4.086889148578312647e-01 8.619353014456627993e-02 1.978550437809803347e-32 1.658661834510509795e-32 3.285650126706916863e-03 3.288159612865447327e-03
6.227896331479920028e-03 8.929541944944763970e-03 1.471021517774148135e-01 3.362841552041961335e-01 7.029124438042298750e-02 4.245912006219678125e-01 2.424734217242200168e-32 2.115387327238268540e-32 3.288283355926498262e-03 3.285526383646270553e-03
9.230017444279840430e-03 1.689164895802655261e-02 1.088206073852493738e-01 8.846355739635305970e-02 6.911078451399169653e-01 7.914921430083254883e-02 6.780017140665428172e-33 5.884754927081984118e-33 2.663792813655584645e-03 3.673316561686150970e-03
1.686765760928929381e-02 9.254008793019838364e-03 8.852730270762193543e-02 1.087568620740047842e-01 8.106547885887804838e-02 6.891915805818430441e-01 7.373090901032315918e-33 6.160056723537801452e-33 3.670155376467114025e-03 2.666953998875653750e-03
1.312958030784089521e-02 9.624111559859118564e-03 9.046769557083832181e-02 6.765643091562548173e-02 3.085041775802704889e-01 5.091087069905355644e-01 5.969382656450390865e-33 5.484628256912439233e-33 7.472897745938474447e-04 7.620073004362068209e-04
1.242455327783049263e-02 1.032913858986937543e-02 8.587984746069179942e-02 7.224427902577484906e-02 3.488501700122726423e-01 4.687627145585304689e-01 1.166702191054316034e-32 1.001528406345258256e-32 7.502497934329856871e-04 7.590472815972706738e-04
2.255481036493781066e-02 3.127756667667411922e-02 3.083175039984860089e-01 2.496115836747024308e-01 1.757854641462112122e-01 1.946896991262088150e-01 2.325587054266332551e-32 1.954161887652114979e-32 8.929220361894633917e-03 8.834151650880832027e-03
3.410165072681815845e-02 1.973072631479715414e-02 2.306049248491483794e-01 3.273241628240561307e-01 2.008101439235620012e-01 1.696650193488389025e-01 1.215909110499642996e-32 1.112653120005134853e-32 8.803372156322021580e-03 8.959999856454778366e-03
1.269292423073722573e-02 1.249812248962856032e-02 2.109138581688643210e-01 2.127782994938053340e-01 2.685831261161373273e-01 2.783994542462642219e-01 7.945668526092790889e-33 7.128568964170204160e-33 2.084501858230535572e-03 2.049713396333116382e-03
9.156294207142048891e-03 1.603475251322451084e-02 2.447628326671306143e-01 1.789293249955416221e-01 4.467987857342130553e-01 1.001837946281858571e-01 4.901547159439590652e-33 4.275262937484958847e-33 1.452916544254311600e-03 2.681298710309486071e-03
1.520631346629868451e-02 1.276096881763694180e-02 9.525077071794840755e-02 7.019916703305892347e-02 4.023530251358140575e-01 4.020736038461580342e-01 1.898129881487269783e-33 1.583169719506998417e-33 1.365605585962061845e-03 7.905453971236001999e-04
1.282206347555738153e-02 1.514521880837836100e-02 7.082505801258694167e-02 9.462487973839910083e-02 4.020805849267752863e-01 4.023460440552167894e-01 3.375451623335683070e-33 3.279545077223849845e-33 8.049127402052938356e-04 1.351238242880212085e-03
9.020331547011825948e-03 9.437586999448544303e-03 2.444623626772630121e-01 1.539111167089506904e-01 5.018133979890182506e-01 7.611600705033039205e-02 4.734643377858305532e-32 4.190533425569025935e-32 2.751692779688360343e-03 2.487504248289407888e-03
9.428836159452943372e-03 9.029082387008053115e-03 1.558101918679383469e-01 2.425632875183321713e-01 8.504389458764111120e-02 4.928855104516494667e-01 5.943494595701967246e-33 4.844610657133423516e-33 2.493044910617966264e-03 2.746152117361927436e-03
3.737717397596853480e-02 3.695712684541554299e-02 3.306338442670595512e-01 3.039277344982395102e-01 1.314806017064752974e-01 1.468026371869655677e-01 2.307376779379613716e-33 2.249789647605789538e-33 6.524902805258398983e-03 6.295978714619458044e-03
3.738420649085460318e-02 3.695009433053404041e-02 3.310809634134712076e-01 3.034806153518624927e-01 1.312240770578074756e-01 1.470591618355909236e-01 1.117829525128531449e-32 1.019372831684695647e-32 6.528735499158345654e-03 6.292146020720127200e-03
1.459743338997181172e-02 1.138833119773248470e-02 2.226252920285845538e-01 2.280736891453214454e-01 3.374241617525733372e-01 1.769734919533071382e-01 2.540572338544165174e-32 2.030680568712842211e-32 4.691080817808154779e-03 4.226519714700103549e-03
1.020556915010185570e-02 1.578019543760177459e-02 2.300817764370442498e-01 2.206172047368465394e-01 1.178370259304040019e-01 3.965606277754915587e-01 1.913936380095710332e-33 1.783361024165618251e-33 4.055298853335336136e-03 4.862301679172262997e-03
1.370574459583161729e-02 1.109910977201829067e-02 2.793916776328246865e-01 2.602255768542875436e-01 2.401806651178319263e-01 1.836592125347767668e-01 1.459421115405586162e-32 1.161662318917550243e-32 5.952362835915081182e-03 5.785650656513899488e-03
1.768149918037046839e-02 7.123355187494639223e-03 3.086246612259738731e-01 2.309925932611837929e-01 3.263896815012805597e-01 9.745019615126455925e-02 6.772438253602818523e-33 6.240549203653581715e-33 6.206639616650813651e-03 5.531373875781081355e-03
3.968355299937940950e-02 4.857625709164700711e-02 3.879613726927311768e-01 3.661943542269118224e-01 7.120694018418169402e-02 7.065539577634954993e-02 1.376084281473062555e-33 1.174554589382521136e-33 7.622721806175774412e-03 8.099405222620441672e-03
2.299843397240497120e-02 6.526137611862529997e-02 4.288021889615949434e-01 3.253535379580570486e-01 7.224178672787637256e-02 6.962054923264100748e-02 1.404232645102470946e-33 1.182046917546775711e-33 6.728334737964027437e-03 8.993792290833160091e-03
1.253828913197182864e-02 7.923980333327033249e-03 1.118591108551505175e-01 9.216965815299765774e-02 2.436168513272378155e-01 5.294641376199265004e-01 3.588698370962680787e-33 3.318896095178062806e-33 1.171060678709223181e-03 1.256911900676298613e-03
9.401996564911847473e-03 1.106027290039584068e-02 9.847641653322959654e-02 1.055523524749438918e-01 4.379039609325335869e-01 3.351770280146018632e-01 4.339475475007606784e-34 3.786497346680837641e-34 1.229412765896770740e-03 1.198559813488736091e-03
1.817935978341271228e-02 1.378083096623031190e-02 1.404819421709021798e-01 1.482545643752904430e-01 5.147185175025419390e-01 1.581980180595789487e-01 3.814025517153407455e-34 3.357994567541205685e-34 3.809497297988981377e-03 2.577269844053068845e-03
1.352561811501666600e-02 1.843457263463020579e-02 1.487055499563359473e-01 1.400309565898922026e-01 1.375118711770569324e-01 5.354046643850292053e-01 5.710590377917184625e-33 5.141548202589277494e-33 2.505773147104001491e-03 3.880993994938359247e-03
5.019528297518126118e-03 3.113281555199126334e-04 4.549076978549800865e-01 3.019453673491539342e-02 4.984084025824754294e-01 7.619025644919705936e-03 7.990053901623517543e-34 6.896041013674476921e-34 1.138568817200599900e-03 2.400911912469343070e-03
2.231918185859043269e-03 3.098938267179127647e-03 2.034454263317156397e-01 2.816568082581801802e-01 2.078240203167326661e-01 2.982034079106639091e-01 2.613268410792830577e-33 2.295650535960048014e-33 1.885971278995876056e-03 1.653509450674067131e-03
1.153137677081086422e-02 2.921125197791719919e-02 3.929386852795895835e-01 1.745933019046058687e-01 1.137507547428900923e-01 2.523845201853561759e-01 5.814778492176770534e-33 4.850292525498654675e-33 9.569940766783670283e-03 1.602016837204655458e-02
1.486531120625724650e-02 2.587731754247547464e-02 3.517647977986939622e-01 2.157671893855516165e-01 1.398932404284028153e-01 2.262420344997852772e-01 4.518739417325407307e-33 3.869945589707041643e-33 1.078627491381477406e-02 1.480383422501725665e-02
7.383860835452506557e-03 1.028032089891058563e-02 6.668454613780668006e-02 8.366442806786428266e-02 4.744895995918759213e-01 3.570453831625860497e-01 3.585350889815274752e-34 3.277740788128553005e-34 1.887695485603812368e-04 2.630917569407051760e-04
8.728078718052853513e-03 8.936103016309815406e-03 7.456473797016900662e-02 7.578423623550142874e-02 4.199849240660656347e-01 4.115500586883966694e-01 3.030172683143605002e-33 2.548447265324010624e-33 2.232617353643363074e-04 2.285995701366446667e-04
8.134635133538624038e-03 1.081505949537085384e-02 2.450675729246522827e-01 1.772758963959399081e-01 3.819200832897347020e-01 1.728823138021459149e-01 3.861944341904195450e-33 3.834544736682117009e-33 1.585813292507594037e-03 2.318625666108603111e-03
1.182596338157292266e-02 7.123731247337016653e-03 1.517087249320453468e-01 2.706347443885535053e-01 9.404513542586974417e-02 4.607572616660025044e-01 2.532086226444590892e-33 2.474469601424126074e-33 2.595000887464749342e-03 1.309438071151379068e-03
1.349077433062720668e-02 1.137581269273698140e-02 1.193802498330501921e-01 1.721990486099942153e-01 3.930889265020691692e-01 2.765459310520875791e-01 1.846099576115875923e-33 1.691341037902532513e-33 7.926749333873736245e-03 5.992507645559696193e-03
8.432521073555951374e-03 1.643406594981050226e-02 2.457044611858299477e-01 4.587483725726138051e-02 1.143585818179469055e-01 5.552762757361572321e-01 4.261122635815437739e-33 4.012937889808838539e-33 3.300715393310130630e-03 1.061854158612544376e-02
7.682504026684825946e-03 4.755925517880308512e-02 6.795749061984426853e-02 4.654798684495195515e-01 3.637822723209326869e-01 3.855071201352035931e-02 2.206211597607682422e-33 1.882657338130337101e-33 1.061409530973036293e-03 7.926487859722447168e-03
3.058458123640497503e-02 2.465717796908075896e-02 2.962631556154197709e-01 2.371742034539346677e-01 1.769947811138702365e-01 2.253382032205969443e-01 1.911700457739457694e-33 1.899733441926774017e-33 5.004171902361620287e-03 3.983725488333561549e-03
1.591525336282243602e-02 8.301022322783221941e-03 1.199886018397995774e-01 1.970727442348094993e-01 3.071219079635737481e-01 3.398053082363924893e-01 6.659027787511581503e-34 6.219429948522850153e-34 8.365430878860373454e-03 3.429731160958093307e-03
6.842207976888176578e-03 1.737406770871132225e-02 2.118413337580700717e-01 1.052200123163772733e-01 3.460671372958136760e-01 3.008600789043315848e-01 8.103526690705104814e-33 7.933931795900831287e-33 2.484097975195434169e-03 9.311064064611270299e-03
1.501522180311914284e-02 1.115715805210867537e-02 1.853935913361989263e-01 2.607047221669513970e-01 2.317572441307890752e-01 2.748604626251288652e-01 1.398074893628997822e-33 1.374067047558689942e-33 1.232098985843405048e-02 8.790610027266783366e-03
1.490966068274102163e-02 1.126271917248826762e-02 1.874541916426492871e-01 2.586441218605692316e-01 2.329365984208069118e-01 2.736811083350378926e-01 1.745268211407078743e-33 1.717651401267584170e-33 1.222439455198558698e-02 8.887205333722820663e-03
5.677918313036303156e-03 3.610676978774285395e-02 6.399166594269262154e-02 3.424362405589718161e-01 4.775496473717371071e-01 6.641399268712509796e-02 2.835655491757866107e-33 2.421000067015019712e-33 9.028946723578090824e-04 6.920870666335475485e-03
3.780154013815893027e-02 3.983147962616204012e-03 3.579445356941317047e-01 4.848337080750077244e-02 4.351531318422676570e-02 5.004483268746698910e-01 1.094700759044976919e-33 1.048810157197862864e-33 7.256048853806687862e-03 5.677164848863960195e-04
5.512495069447028925e-03 9.869887214823964972e-03 1.946295283113457508e-01 1.558915551318025006e-01 4.709439705239764629e-01 1.599811804866987375e-01 1.981868214570226581e-34 1.766270577465053867e-34 1.864287656176832984e-03 1.307095605732999004e-03
1.027886577026828653e-02 5.103516514002539098e-03 1.522556647222999271e-01 1.982654187208462981e-01 1.307946605630080916e-01 5.001304904476706614e-01 2.109061018687813180e-33 2.006295201049063938e-33 1.254798361809732025e-03 1.916584900099671702e-03
1.216392107059160142e-02 1.180388345025098693e-02 2.143765523923346628e-02 7.483297321689639237e-01 3.037086496527377846e-02 1.234936287974630620e-01 1.218248544303635632e-33 1.200875927610309547e-33 4.944138395688528476e-02 2.958930351342471850e-03
1.180350927175422178e-02 1.216429524908871698e-02 7.490851737379684572e-01 2.068221367023665921e-02 1.235904090610707440e-01 3.027408470165711407e-02 1.880358798032495617e-35 1.819688248060369617e-35 2.910622247846848809e-03 4.948969206038175001e-02
1.499735228210057763e-04 8.914771928966525386e-04 8.283217238481958193e-04 9.488936189710056590e-03 9.802687648136804155e-01 8.125512531467250082e-03 1.159680096479838751e-32 1.072472357454344861e-32 1.009308667577404347e-04 1.460831588220838791e-04
8.671836183424943894e-04 1.742670973754054044e-04 9.205192100905711799e-03 1.112065812656843917e-03 3.997543523559555362e-02 9.484188421095485211e-01 6.274968162146173993e-33 5.771634480174254713e-33 1.446038531654470741e-04 1.024101724143816036e-04
3.562812452778760242e-02 3.325755464037683656e-02 4.247419359099127156e-01 2.790031935301824362e-01 8.741306244907939837e-02 1.204701793615199912e-01 5.615514844851471932e-34 5.396773391785499201e-34 1.106569508169443286e-02 8.420254499452772823e-03
3.050624397307714203e-02 3.837943519508781737e-02 1.098571334719749271e-01 5.938879959681256926e-01 1.588366493290968018e-01 4.904659248149777218e-02 1.198687863179734973e-33 1.082766261140978445e-33 5.349925743366769348e-03 1.413602383778057858e-02
4.805773734886447865e-03 5.634944107477071751e-03 3.290630637250487878e-01 8.807519732368931931e-02 4.710675183886020578e-01 9.871108395029869198e-02 2.153295529000997093e-34 1.910568763101992703e-34 6.303302162086205779e-04 2.012088553791564673e-03
5.668259815149912124e-03 4.772458027214125306e-03 7.839240887022069781e-02 3.387458521785342014e-01 8.374996313618138233e-02 4.860286392027008961e-01 1.365505333311628580e-33 1.280345154228270667e-33 2.067607007382004682e-03 5.748117626183711724e-04
1.356463130764697274e-02 1.335676285594936466e-02 7.738776243886756612e-02 7.472744054402416514e-02 4.089170011383567727e-01 4.099375666020553810e-01 4.948028866247738632e-34 4.741104873129921141e-34 1.070691581805002096e-03 1.038143531298408532e-03
1.414204508525340395e-02 1.277934907834417204e-02 8.477756354825138896e-02 6.733763943465467805e-02 4.060820901411872352e-01 4.127724775992083206e-01 1.135890653942846708e-33 1.068634851837164148e-33 1.161103054268621849e-03 9.477320588351128465e-04
6.526996182675347258e-02 1.460514604567783939e-02 7.265070095728853872e-01 5.670259376300017251e-02 5.945755334741920084e-02 6.061981185108510084e-02 5.063303201067750973e-34 4.716272211311162741e-34 1.492036156090100797e-02 1.917562032288608245e-03
2.526617242593068649e-02 5.460893544649596254e-02 1.976446348317968948e-01 5.855649685040250629e-01 6.037524630050260244e-02 5.970211889807181677e-02 3.655435924121210006e-34 3.314714528862194264e-34 4.653645972486294274e-03 1.218427762070196409e-02
1.089269412283253025e-02 1.216011931584629058e-02 9.951720150574677737e-02 8.943391398848454799e-02 4.304985401725496263e-01 3.547073017893659364e-01 7.358460486878267658e-34 7.072715130339677255e-34 1.360435566099744021e-03 1.429793539078435920e-03
1.107743796803748425e-02 1.197537547064068952e-02 9.804743009948671539e-02 9.090368539473424325e-02 4.194509731137925912e-01 3.657548688481339072e-01 2.715953932545156580e-33 2.531879804814729116e-33 1.370545400348110055e-03 1.419683704829899449e-03
5.281325260306488079e-03 5.201690837283837882e-03 2.719660064224578289e-01 1.868363954063825827e-01 3.439716396711041124e-01 1.830746286123919597e-01 8.804130333778531430e-34 7.895281694999759516e-34 1.522156674087698841e-03 2.146157115986895968e-03
5.167678212090258752e-03 5.315337885499947512e-03 1.504767227616319036e-01 3.083256790672074255e-01 1.143539733458163871e-01 4.126922949376790051e-01 1.830428872269916371e-34 1.738864629713322890e-34 2.412673684391642044e-03 1.255640105682925226e-03
3.958549231192502217e-03 9.401920946013378119e-03 2.330692495359180244e-02 7.118898829151651397e-02 8.479876360823722647e-01 4.172528028927617594e-02 1.823984350036482036e-34 1.767142323090609724e-34 7.703416809976682119e-04 1.660358525039232376e-03
9.215670722721353708e-03 4.144799454485993337e-03 6.955065722475774204e-02 2.494525602037122453e-02 6.931232590478410283e-02 8.204005904668411064e-01 1.067781534014432291e-33 8.958734712762688161e-34 1.629905738674649511e-03 8.007944673628822991e-04
6.516439254541128365e-03 9.238538102173590033e-03 1.397948736788075796e-01 9.044598093268645111e-02 4.634871989085049826e-01 2.893722633832371272e-01 9.394148357282520029e-34 9.227939711203914184e-34 4.372166091675876122e-04 7.074891308808834442e-04
9.662725069542523262e-03 6.092252287172921985e-03 8.275590120791330440e-02 1.474849534035521659e-01 2.622397856121999604e-01 4.906196766795718478e-01 1.386929945073160690e-32 1.235232958296976447e-32 7.496059266937648864e-04 3.950998133545511291e-04
1.082133336347895769e-02 1.015254126952287728e-02 1.548811163236971655e-01 1.522875588374265343e-01 3.092030851656049628e-01 3.593905700009537574e-01 2.783082805345129612e-33 2.731405729751632070e-33 1.675421256031650163e-03 1.588373783287776999e-03
1.116530108391470578e-02 9.808573549082912069e-03 1.562150137551733264e-01 1.509536614058606119e-01 2.833910653926562384e-01 3.852025897739971838e-01 7.882619310543602058e-34 7.505811764947957245e-34 1.720190805550127818e-03 1.543604233766244062e-03
6.885928832771098101e-03 8.323536925992346472e-03 1.449462371121625348e-01 1.348160569518319363e-01 3.841715143981995206e-01 3.191797583210923550e-01 4.290521425108513881e-33 4.025016508443564126e-33 7.581152487988589714e-04 9.188522091596128651e-04
8.630115126191224839e-03 6.579350632572067079e-03 1.326557377272229998e-01 1.471065563367688067e-01 3.053198922700796070e-01 3.980313804492077168e-01 3.041978763015940160e-34 2.704060607614902524e-34 9.531302910967388940e-04 7.238371668617345689e-04
8.280606659996136987e-03 7.830732671110549048e-03 2.497239880629489595e-01 2.229460617910085096e-01 2.885187239542105209e-01 2.162840396228275508e-01 2.626255647235836686e-33 2.503434625131361161e-33 3.011459505064087959e-03 3.404387732834246883e-03
7.259209620814343483e-03 8.852129710293595022e-03 1.889271976614170234e-01 2.837428521925565716e-01 1.245165933027608390e-01 3.802861702742571515e-01 9.640986290082812273e-34 8.787458560833383670e-34 3.903566491396474533e-03 2.512280746502723334e-03
7.792533050062052519e-03 8.221331093781078514e-03 7.102125377778700788e-02 6.669791398743403488e-02 4.232261818522649044e-01 4.228015803025828578e-01 4.455882884734807417e-33 3.888732752259001393e-33 1.081858156222511295e-04 1.310201204650980502e-04
8.589093772524900722e-03 7.424770371318361283e-03 6.298996091789897667e-02 7.472920684732187180e-02 4.224374167864385354e-01 4.235903453684083386e-01 1.534808027889446726e-33 1.480268568124900473e-33 1.506041769673441906e-04 8.860175912000443346e-05
5.188163746762704948e-02 2.030094876364644738e-02 6.751378886399792556e-01 2.087192560852429990e-01 7.086671552412000807e-03 1.923450625839702791e-02 1.709451768066218335e-33 1.650606172440080271e-33 1.287956522403210444e-02 4.759526008660940923e-03
2.838526425363931821e-02 4.379732197763258617e-02 3.281173924377343565e-01 5.557397522874828466e-01 1.612479167288458082e-02 1.019638613793210843e-02 4.227735302012446566e-33 4.175346430913896870e-33 6.838168416478641876e-03 1.080092281621475997e-02
2.214021149128175825e-02 2.111207389490962760e-02 2.035832236337419276e-01 5.223029237087537524e-01 1.578894777744000444e-01 5.317518656418283862e-02 1.095461887887172489e-32 9.124016457204472039e-33 8.156115549700224815e-03 1.164078738302707153e-02
2.115938798820245562e-02 2.209289739798967270e-02 5.076356907650310113e-01 2.182504565774642802e-01 5.799405687985108304e-02 1.530706074587321885e-01 4.129054771219955963e-32 3.543119180496844236e-32 1.148042549294019457e-02 8.316477439786768705e-03
2.947534586719654549e-03 2.028458606028045799e-03 3.043435671328429959e-01 1.622540134423520186e-01 3.493988158607244654e-01 1.759019749908707908e-01 2.865813203503935280e-33 2.396206264403136180e-33 1.155768563031870418e-03 1.969866817431859853e-03
2.701082809227261204e-03 2.274910383520177201e-03 2.662420131745383278e-01 2.003555674006536891e-01 3.028753447658863451e-01 2.224254460857113536e-01 8.463472037945141490e-33 6.982410438143269770e-33 1.374070385802980514e-03 1.751564994660528797e-03
7.730709349065772269e-04 3.111450480292601243e-03 7.196107493198540539e-02 3.982329334924100683e-01 7.451762153403097833e-02 4.485974918204460593e-01 4.469906677226743904e-33 3.680541749361352234e-33 2.317878067782287808e-03 4.884787381455813144e-04
2.927735526090909871e-03 9.567858891072939008e-04 3.725993618719334322e-01 9.759464655245840559e-02 4.192078803808547693e-01 1.039072329736267508e-01 1.551537708591577065e-32 1.257614987904126672e-32 6.322056257341782809e-04 2.174151180193432693e-03
3.285042155492599002e-03 2.435491744307608300e-03 2.534861723085201149e-02 2.179047890618573263e-02 3.609844798740328708e-01 5.849119636577115866e-01 7.269847723912739054e-33 6.630056157115441582e-33 6.414049724374993808e-04 6.025214589792499652e-04
1.398250477726401594e-03 4.322283422074046401e-03 1.744624240889646599e-02 2.969285372814298510e-02 8.583116628918119329e-01 8.758478063993047069e-02 1.230362597793276489e-33 1.129965247590304240e-33 5.550474253993393711e-04 6.888790060175308634e-04
1.497207617052642541e-02 1.452784389139256949e-02 2.610148832059528967e-01 2.565802255840486379e-01 2.153527716746498899e-01 2.295008475591345798e-01 2.787853732009597171e-33 2.514061801139620696e-33 4.119921917396747457e-03 3.931429996900349770e-03
1.744522534421030432e-02 1.205469471770752657e-02 2.857037010791917964e-01 2.318914077107928906e-01 1.365869911883995647e-01 3.082666280454043339e-01 1.132550795183628410e-33 1.025456960836564940e-33 5.169302296350738839e-03 2.882049617945852283e-03
1.022597821665627640e-02 1.775321477881110568e-02 7.520265799153862118e-02 2.020463988031386549e-01 4.964670248964773158e-01 1.928698011715971328e-01 3.067210745201520437e-33 2.520376826595812395e-33 1.772151384915050592e-03 3.662772756863835397e-03
1.871516489751185591e-02 9.264028097955059535e-03 2.182565113089436626e-01 5.899254548574478507e-02 1.540713147699306063e-01 5.352655112981327123e-01 1.642725026017356760e-33 1.462251302244518647e-33 3.904386453756886373e-03 1.530537688022393832e-03
8.213794941037858705e-03 2.004426158802667668e-02 1.345131772973323925e-01 2.928908412661866967e-01 4.098804233443215650e-01 1.279808526539890634e-01 8.160120265032681856e-33 6.700645564161619088e-33 1.187158346247861769e-03 5.289490562856933795e-03
2.019331852493128077e-02 8.064738004129753945e-03 2.948863068863868953e-01 1.325177116770994701e-01 1.244290834992737294e-01 4.134321924990728703e-01 1.191269868804822094e-32 1.133308233062344355e-32 5.341177541284372263e-03 1.135471367819147846e-03
1.091044679021235461e-02 1.371885078551460767e-02 1.122832601558301224e-01 1.538291101618896040e-01 4.096082581003613887e-01 2.945436807300053084e-01 1.192335242534426794e-32 1.043511687570791368e-32 2.209707639364190054e-03 2.896685636821155676e-03
1.564569119956405602e-02 8.983606376171526103e-03 1.823336354942421411e-01 8.377873482361142266e-02 2.155981022899603472e-01 4.885538365402602445e-01 1.084455854001751209e-33 9.204694596447073427e-34 3.368019879073035593e-03 1.738373397115353710e-03
9.069372612430792735e-03 7.569878412067155941e-03 1.571244820929953434e-01 1.607033981493639907e-01 2.768777224267519599e-01 3.856606955745035537e-01 6.526705229152513220e-33 6.049214520494627583e-33 1.556454144312450312e-03 1.437996587572983953e-03
1.140101998402129509e-02 5.238231040476961503e-03 1.515594254132521523e-01 1.662684548291119557e-01 1.077249952256324472e-01 5.548134227756172931e-01 5.078258790611275481e-33 4.707929505827545226e-33 1.740650422463944956e-03 1.253800309421765563e-03
2.628212906406609921e-03 3.532009308904209520e-03 1.408986480487754364e-02 2.602850212760541432e-02 7.119297796053545291e-01 2.409509731385264253e-01 1.405350002697903501e-32 1.253084757118240708e-32 3.874831813575216007e-04 4.531749269646555148e-04
3.629317261613391500e-03 2.530904953697113088e-03 2.731388493373392359e-02 1.280448199874544696e-02 1.902426683696896714e-01 7.626380843741950022e-01 1.519683789677485971e-33 1.360126699608595858e-33 4.602476805817695975e-04 3.804104277403237092e-04
1.680961379325995528e-02 1.735657580159612190e-02 4.119498170527965408e-01 3.926020378118356136e-01 6.592693338599092678e-02 6.668164621939980108e-02 3.134362202247318729e-33 2.511154178274788518e-33 1.429792043734984079e-02 1.437545549776980854e-02
1.127751861073080647e-02 2.288867098412535744e-02 6.076375516675363020e-01 1.969143031971001268e-01 5.829360023624879927e-02 7.431497936913707136e-02 2.607760835188005971e-32 2.288417007070486459e-32 1.351371362282043596e-02 1.515966231229948918e-02
9.685989799167897540e-03 9.156789198217623119e-03 5.561146048060489067e-02 5.592682595808838586e-02 3.593907795840494135e-01 5.087298437088630942e-01 3.231341322310620667e-33 2.954069849620294791e-33 6.890835790799253440e-04 8.092276919277666385e-04
9.098195659368289029e-03 9.744583338019047886e-03 5.596174349091402600e-02 5.557654294777889664e-02 5.252647914015894370e-01 3.428558318913240144e-01 5.323619652198567275e-33 5.118797492028558687e-33 8.225301498823794303e-04 6.757811211252095530e-04
5.876047516899797832e-03 3.747004160114506682e-03 7.714248001017309786e-02 3.187313595885932771e-01 7.526471143695366572e-02 5.167148757365136458e-01 1.603168115342001079e-32 1.467936853644763596e-32 2.039004625073083648e-03 4.845169256776834252e-04
3.993483492012342255e-03 5.629568185001850369e-03 2.907626169875249245e-01 1.051112226112351916e-01 4.656081938476940296e-01 1.263713933257811783e-01 3.013242665195572141e-32 2.555066857138084287e-32 6.644799538468257891e-04 1.859041596903948873e-03
1.067030204541625713e-02 5.258964933145692314e-03 8.329957877905522223e-02 5.385355401754012700e-02 2.604905528357202016e-01 5.855794279899187993e-01 9.982619119875168639e-33 8.093084952072593930e-33 4.188718099924240669e-04 4.287475892128476138e-04
1.122326270115893074e-02 4.706004277403199113e-03 8.630853808491922852e-02 5.084459471167747380e-02 2.272711555129574013e-01 6.187988253126777138e-01 1.551832686856637736e-32 1.227882888653425004e-32 4.178626477021692609e-04 4.297567515031374937e-04
3.194671098993116928e-04 1.225139065470440790e-03 8.984924611497292074e-03 1.348484420942070751e-02 9.429422120500924320e-01 3.252248856608742217e-02 3.739742774998185926e-32 3.212879382398618850e-32 1.184103694474834020e-04 4.025140180860620827e-04
1.141151642586846768e-03 4.034545327827434094e-04 1.306754449300836368e-02 9.402224327902565168e-03 1.169501953613835826e-01 8.585145052548018851e-01 1.248829692664530221e-32 1.060495936773525899e-32 3.761676869070386875e-04 1.447567006264238829e-04
2.127023089175288095e-02 3.171204927735484652e-02 3.413222323193940699e-01 5.587026033658871738e-01 1.570075438159162715e-02 1.281138698609896737e-02 1.885283744983570557e-32 1.685811800279474580e-32 7.251137482948433362e-03 1.122960529496951944e-02
1.650236086722680143e-02 3.647991930188199117e-02 2.420635288293578047e-01 6.579613068559418965e-01 1.702007709782638045e-02 1.149206426984358993e-02 4.660570820623531272e-32 3.968645386099751362e-32 5.434517357603666984e-03 1.304622542031468220e-02
4.533623386332269641e-03 4.494256686026900510e-03 2.011497264415266217e-01 1.792628063989461507e-01 3.220431754711911565e-01 2.860477747480774102e-01 2.570543293179970159e-32 2.123480460325254989e-32 1.158308541009988582e-03 1.310328326886341273e-03
4.541647974643084340e-03 4.486232097716083209e-03 2.056112007685217680e-01 1.748013320719424835e-01 3.293805512145219216e-01 2.787103990047594126e-01 2.747597464178069053e-32 2.337275535673060012e-32 1.127320518457588508e-03 1.341316349438705351e-03
6.830528384862910411e-03 7.082034385921887401e-03 8.573552749195999245e-02 8.390856911017606501e-02 4.158045076883438163e-01 4.000175908743940911e-01 3.065202825118089307e-32 2.434503446451607981e-32 3.013819952967334648e-04 3.198600690432804690e-04
7.979525606016219311e-03 5.933037164768993968e-03 7.738912583559770519e-02 9.225497076651967276e-02 3.436824769081511244e-01 4.721396216546031033e-01 2.027438769225336006e-32 1.954206044052454193e-32 3.857984915134576691e-04 2.354435728263319975e-04
7.393326871661841208e-03 4.074493352097773892e-03 6.908575575314009065e-02 3.937965677242658696e-02 1.394059370470990267e-01 7.388662620753373433e-01 6.703384807675840055e-33 6.123487466243514121e-33 5.473380645890863275e-04 1.247230063651199976e-03
5.171032667080991893e-03 6.296787556676911035e-03 4.919452251819655952e-02 5.927089000734059310e-02 5.408051631102375190e-01 3.374670360122288826e-01 4.147538788744210836e-33 3.800599905164790042e-33 1.015986438837610754e-03 7.785816894025059803e-04
9.297523137927886372e-03 1.021609502787841454e-02 1.176773253262843183e-01 1.330136370319569827e-01 3.825502449633401136e-01 3.438532339592487164e-01 5.769963850120891876e-33 4.998707229385776042e-33 1.587482139263732793e-03 1.804458414099510211e-03
1.184835750021385331e-02 7.665260665590953142e-03 1.602655988378320906e-01 9.042536352034680203e-02 2.750903210672487886e-01 4.513131578554056000e-01 1.389078216893650434e-32 1.268728679491682278e-32 2.190015858946383221e-03 1.201924694414950286e-03
5.969576909580154994e-03 7.148158843078375284e-03 1.726054656683817523e-01 1.845601331335955941e-01 3.913670751233991885e-01 2.342808825645137927e-01 6.369827898666340638e-32 5.219320815692392899e-32 2.217861424707723642e-03 1.850846332744423769e-03
7.589524479809121524e-03 5.528211272849961264e-03 1.890370212206336498e-01 1.681285775813544658e-01 1.754538757780227942e-01 4.501940819098787516e-01 5.786081863969953409e-32 4.750702348639334661e-32 1.713403321656919477e-03 2.355304435796120449e-03
1.708052781171098822e-02 1.478053935541875051e-02 4.419931565885804603e-01 2.595708576877905349e-01 8.627585190801291548e-02 1.646487834841603992e-01 5.727932341420178972e-32 5.200796402739759705e-32 9.477210747218120512e-03 6.173072417106834249e-03
1.653530234183007291e-02 1.532576482530163126e-02 3.987489031823896468e-01 3.028151110939887314e-01 1.048546053481306112e-01 1.460700300440347654e-01 1.291096465540383936e-32 1.152607565198109452e-32 8.693945784012703515e-03 6.956337380313031872e-03
1.381759390830336956e-02 2.580873337089565917e-03 8.076270528847541430e-02 7.222950304885282780e-01 7.187124938855680989e-02 7.912643248675538254e-02 1.645113918736319146e-32 1.448522508026484321e-32 2.071331396650915452e-02 8.832801135782329324e-03
7.552665800317178921e-03 8.845801445075752653e-03 4.384430330011756527e-01 3.646147027758663839e-01 7.591630864158568914e-02 7.508137323368652138e-02 4.681343967824792536e-33 4.255981284945466245e-33 1.408944552564300561e-02 1.545666957665078542e-02
5.895668133970708401e-03 6.166952178872840001e-03 2.796483507207018215e-01 2.699804886948977689e-01 2.460953602220658787e-01 1.852561503457578196e-01 7.771336156890888373e-33 6.264519042363459472e-33 3.177091333252438608e-03 3.779938370482276416e-03
6.012090470025870104e-03 6.050529842820015838e-03 2.754993596434761050e-01 2.741294797721537391e-01 2.199860365423236819e-01 2.113654740254645448e-01 4.508497590269545617e-32 3.942944091429169637e-32 3.435804890782678724e-03 3.521224812953444895e-03
2.696374648897435430e-03 2.158102876773295310e-03 3.377508552408641229e-01 1.342852072778972228e-01 3.805470155164464297e-01 1.382837279796664265e-01 1.864078408284025901e-32 1.508612248187120303e-32 1.171696689523291394e-03 3.107019769931573284e-03
2.006779728093177530e-03 2.847697797577668135e-03 7.708536122892425957e-02 3.949507012898372249e-01 7.017678762311317653e-02 4.486539558729995547e-01 4.463191403172893839e-32 3.537384542978329303e-32 3.651092852354521912e-03 6.276236071003671617e-04
2.282352919828285233e-03 2.078309283801502236e-03 3.103005731296596403e-01 2.315692965499857869e-01 2.540912610934458193e-01 1.900890170444185512e-01 2.572086648212789256e-32 2.196199587700254042e-32 4.203037350611770265e-03 5.386152628248816639e-03
2.254963982937383416e-03 2.105698220692280888e-03 2.997324122814854497e-01 2.421374573981466549e-01 2.455001898046587083e-01 1.986800883332185408e-01 2.123360338037408485e-32 1.804563968606060013e-32 4.361847839900710906e-03 5.227342138959010370e-03
9.886084096952935107e-03 1.038671237778043821e-02 9.557082489152803062e-02 9.796111893235170953e-02 4.103369310650269997e-01 3.733583682963260708e-01 3.163059633280961927e-32 2.924607318367082817e-32 1.259286736919655158e-03 1.240673603113087980e-03
1.109841459152952070e-02 9.174381883204624569e-03 1.013592041495559870e-01 9.217273967432113024e-02 3.207889750128521400e-01 4.629063243485016521e-01 2.244308011781232873e-32 2.163431233077388535e-32 1.214212835628145776e-03 1.285747504405089156e-03
6.724656855206895614e-03 6.450589190834977657e-03 1.322667152548644143e-01 1.476174895662464293e-01 3.238529742118043120e-01 3.796303361233883122e-01 6.173964999270569387e-33 5.790041678143428800e-33 1.635416416324329825e-03 1.821822381329523365e-03
6.935592669246175811e-03 6.239653376795063419e-03 1.204520121852187542e-01 1.594321926358878705e-01 2.809240016646760707e-01 4.225593086705220491e-01 1.145681485808344704e-32 9.668492577537859844e-33 1.491949312823780995e-03 1.965289484830063955e-03
7.567707067162554070e-03 6.733492253351240804e-03 7.511119669510937791e-02 7.101692045203718273e-02 3.871450470278623435e-01 4.507826762889582950e-01 5.240754233021055406e-32 3.989669647523866763e-32 8.355774425888049060e-04 8.073827729292714110e-04
6.910179677511067882e-03 7.391019643003378381e-03 7.188409172632395649e-02 7.424402542074438893e-02 4.373041709836232305e-01 4.006235523332748460e-01 1.762964107684764251e-32 1.559349275364311600e-32 8.133544285214386761e-04 8.296057869971512275e-04
2.917588503047641342e-03 3.103953090940388473e-03 2.521497109413274249e-02 2.643257452334129079e-02 4.902069915778740072e-01 4.510421120743789425e-01 3.428364269090565965e-32 3.215596832868769222e-32 5.327642533228841779e-04 5.490448829613620626e-04
4.512262151659337389e-03 1.509279442328880210e-03 3.563368918317930123e-02 1.601385643430255218e-02 1.550832322767044802e-01 7.861658713755406147e-01 4.655700363760825786e-32 4.058911627413789820e-32 6.720733965529276759e-04 4.097357397315539991e-04
3.567968217360107698e-03 3.493502618906706592e-03 3.531723486895305131e-01 3.829669688655690241e-01 1.129318664592357802e-01 1.193980980776796486e-01 2.389755243196333290e-32 2.463267287980265783e-32 1.267688472349118300e-02 1.179236234822618815e-02
3.876917701218464060e-03 3.184553135047813333e-03 2.295577841600679458e-01 5.065815333950510757e-01 8.610419082753889564e-02 1.462257737093585752e-01 2.236881801306441701e-32 2.209204986092638378e-32 1.634666965744775366e-02 8.122577414269050236e-03
6.152091060959202252e-03 1.075053777548475899e-02 1.361995089392935288e-01 1.312317243521394228e-01 4.996059122505652761e-01 2.136922585717029865e-01 7.857598699561176927e-32 7.176709237794098461e-32 9.667371488639100877e-04 1.401229900990795790e-03
9.070448435300606377e-03 7.832180401143798085e-03 1.330467550456196357e-01 1.343844782458092912e-01 3.181537238403367995e-01 3.951444469819346272e-01 1.312357164187538426e-32 1.043922670945720153e-32 1.242483548895437304e-03 1.125483500959314868e-03
2.352142457417195909e-02 8.272145235424945009e-03 7.536525159714227984e-01 1.567445489428842820e-01 1.275048743411670224e-02 2.683355898066711390e-02 3.063325245112059725e-32 3.336699962272901269e-32 1.409026673251242458e-02 4.135052128799454781e-03
1.660455172352336486e-02 1.518901808607353229e-02 4.829029008742189988e-01 4.274941640401133669e-01 1.913838374515191426e-02 2.044566266960540918e-02 1.944310917779124898e-32 2.062841270528583475e-32 9.574712122673714049e-03 8.650606738638882617e-03
9.509933985633977141e-03 6.225629192645909527e-03 4.601678810450476886e-02 7.940077148052471223e-02 3.809615805653925324e-01 4.770299276296690594e-01 3.269641938225172676e-32 2.824028830415218084e-32 4.495158874184814672e-04 4.058531542097705146e-04
7.808803732955581223e-03 7.926759445324428610e-03 6.330827219485907209e-02 6.210928739017559930e-02 4.307209000611981198e-01 4.272706081338593087e-01 6.609301800922791814e-32 5.466425788138514521e-32 4.269004479093553529e-04 4.284685937190405025e-04
7.437284145022609108e-03 8.514865530912612418e-03 5.292657548819673652e-01 1.614573353341268169e-01 1.956839296975903530e-01 8.349497184055008903e-02 1.880141977694485698e-32 1.458295759008033241e-32 8.041752168103990031e-03 6.104106401725675930e-03
8.540234481520619231e-03 7.411915194419451715e-03 1.527982087475047712e-01 5.379248814687729308e-01 8.085376425518292498e-02 1.983251372827629089e-01 8.490132421031387190e-32 6.819948011094308272e-32 6.058489392764802688e-03 8.087369177071626961e-03
8.627362279474668633e-03 6.381516651716939367e-03 2.030696868587663628e-01 3.736489349118531367e-01 1.536268381846841169e-01 2.446656678376566418e-01 4.467144575162011689e-32 4.232786754826284270e-32 5.191112655648848911e-03 4.788880620197887537e-03
6.668907091353116871e-03 8.339971839835992259e-03 3.518207003772957364e-01 2.248979213932120191e-01 2.330158514145906912e-01 1.652766546078685839e-01 3.474815346265855371e-32 3.492951370195033588e-32 4.840352386587883256e-03 5.139640889254750572e-03
6.579833902781623105e-03 6.792471201173091652e-03 6.185495346844503001e-02 5.063315105149387291e-02 4.001742235792060121e-01 4.736543543045787508e-01 2.553178127268128066e-32 2.387045160891232988e-32 1.114495759316358611e-04 1.995629163909245943e-04
6.745168035740422945e-03 6.627137068200700254e-03 5.312954646329229313e-02 5.935855805653029310e-02 4.573080086475966866e-01 4.165205692363161405e-01 1.106873666851085623e-32 1.057934691286149769e-32 1.799612757032869356e-04 1.310512166194430076e-04
1.041184018106653666e-03 2.072380599709882417e-03 9.097045288869549592e-03 1.879567757357872987e-02 8.022508573623376993e-01 1.663661618149002985e-01 3.335167920854034324e-32 3.092304759182085631e-32 2.179519329017725704e-04 1.587414095954461869e-04
2.107329553781863915e-03 1.006235064040158231e-03 1.912438022865377979e-02 8.768342633835763539e-03 1.448149799986977460e-01 8.238020391784931507e-01 2.465032762703701211e-32 2.151511677167928692e-32 1.567346672377315994e-04 2.199586752592496363e-04
4.202873672151776277e-03 4.849937889676105701e-03 1.053069754498228705e-01 2.669736204232749932e-01 1.583871157649681116e-01 4.573032628007707157e-01 3.723134890375002296e-32 3.415687975864146145e-32 2.199958375325965741e-03 7.762556240105550343e-04
4.731149616051540975e-03 4.321661945775844005e-03 2.372948016308522035e-01 1.349857942422533208e-01 4.024281327857799351e-01 2.132622457799505655e-01 1.411767861906325251e-32 1.316746486671413249e-32 1.037619469208861693e-03 1.938594530127700499e-03
4.266615582333142288e-04 5.006770561967883700e-04 7.431953876095292490e-03 1.058605601410976538e-02 5.882917415677720863e-01 3.924461089751416498e-01 1.059627221934637970e-31 1.005325097502447171e-31 1.541931180225005783e-04 1.626078344313450891e-04
5.229565921124096524e-04 4.043820223144989952e-04 1.153547787579268721e-02 6.482532014386438272e-03 3.334942688105360653e-01 6.472435817324049268e-01 3.654712912202730042e-32 3.442858285627877231e-32 1.651407630965269751e-04 1.516601893571359230e-04
1.221180430460361982e-02 6.532621206455143520e-03 9.173742208013650756e-02 7.195943277071906174e-02 2.140338975666881693e-01 6.016405775235230680e-01 6.618171915005564924e-32 5.336635700219794467e-32 1.096449454715585272e-03 7.877950931586431144e-04
7.899871811619206888e-03 1.084455369944031800e-02 7.672093937913430917e-02 8.697591547172286996e-02 5.083251378594643155e-01 3.073493372307449234e-01 6.367120977520651445e-32 5.392038694439069904e-32 8.621029390815521110e-04 1.022141608792681480e-03
6.475248808488710296e-03 6.164810001774234140e-03 1.560813282936564239e-01 1.530651638011779891e-01 3.260231114179575340e-01 3.498654579916794516e-01 1.775898388241253568e-32 1.593721832157154399e-32 1.172000716363417235e-03 1.152878968903767957e-03
6.448651947881930621e-03 6.191406862381289636e-03 1.558229182468608420e-01 1.533235738479704069e-01 3.280658056773407827e-01 3.478227637322969246e-01 4.946682066249688962e-32 4.636099441817638118e-32 1.170362459673968472e-03 1.154517225593205444e-03
7.171192172340957321e-03 3.176896970545454134e-03 3.808547284428241003e-02 2.410558614675489819e-02 2.430920786836663627e-01 6.835919336220832587e-01 6.984058561091285758e-32 5.419294432468253238e-32 3.982687311877950603e-04 3.785708291402861084e-04
3.887630967020581658e-03 6.460458175865809415e-03 2.659312906504628787e-02 3.559792992598567046e-02 6.052105905990939894e-01 3.214734217066600452e-01 3.652131367346058931e-32 3.541071891758387252e-32 3.820758201179720722e-04 3.947637402101230285e-04
2.734555511345561005e-03 2.780685736876884352e-03 1.869198440195141697e-01 2.305377454032161988e-01 2.513608376859252647e-01 3.224097173601456756e-01 2.966485513584510400e-32 2.241555226277944179e-32 1.821981381866259395e-03 1.434632901111747207e-03
2.604481335202857295e-03 2.910759913019817478e-03 6.392971071304551223e-02 3.535278787096813868e-01 5.102311154138089444e-02 5.227474435046965962e-01 2.888500201523231858e-32 2.949616848266434324e-32 2.914194435973768531e-03 3.424198470042418658e-04
2.831137086786030682e-03 3.023792052756487519e-03 1.445591460176912368e-01 4.474683533691504178e-01 8.241191107269675575e-02 3.106283448983262474e-01 1.605057171324062977e-32 1.614431633928018283e-32 5.004489655662183387e-03 4.072825846930799333e-03
3.080815201773324814e-03 2.774113937768692920e-03 5.371252006896717335e-01 5.490229869713904309e-02 3.781771861581579297e-01 1.486306981289424109e-02 4.242929897501995966e-32 5.349903666084886954e-32 3.797066517645724011e-03 5.280248984946307213e-03
4.764165361412284324e-04 8.788170070925754949e-04 1.670417924579842804e-03 5.100083001403745223e-03 8.467190284794238186e-01 1.443244209218003671e-01 1.273184568021957317e-31 9.848743251309989821e-32 3.413233694299007176e-04 4.894927601291128739e-04
8.857142758736170386e-04 4.695192673599412085e-04 5.158868523714228715e-03 1.611632402267213892e-03 1.322851596676342112e-01 8.587582897335928056e-01 1.142291432715485266e-31 9.011949938023923176e-32 4.920324294052644872e-04 3.387837001534923652e-04
9.759321278867198702e-04 3.077627592112672575e-03 7.046296190350890068e-03 1.283972216110793735e-02 7.751366415737261928e-01 1.957231852606968192e-01 5.475407455130136604e-33 6.414494403733519105e-33 1.059150312251223598e-03 4.141444781867317619e-03
3.052245228958668302e-03 1.001314491040737479e-03 1.276975444009468760e-02 7.116263911364130272e-03 2.027208131353313847e-01 7.681390136990932094e-01 1.402007567673168473e-32 1.281201150005678167e-32 4.104219637260464980e-03 1.096375456858087512e-03
5.353774734036361100e-05 1.164193322120860800e-03 3.292850952166997752e-04 4.034350647819695372e-03 9.689939074442281974e-01 2.441773772831097936e-02 4.292712151497640110e-32 3.883126803608763395e-32 4.575051482212947397e-05 9.612375001415429665e-04
1.164194540228251579e-03 5.353652923298081413e-05 4.034354711336479715e-03 3.292810316998334664e-04 2.441670176790096403e-02 9.689949434046382093e-01 4.576163902451141497e-32 4.215460516207024278e-32 9.612385041985077073e-04 4.574951076518100294e-05
3.368425125987486155e-04 3.032341074362244690e-03 8.380109709787638556e-03 1.210808234595792642e-02 9.571367651973112789e-01 1.141086881511070919e-02 8.387203518159013243e-32 5.905745497302691547e-32 1.158329899940598457e-04 7.479157354877937966e-03
3.041012702730509689e-03 3.281708842305053548e-04 1.212007552366774210e-02 8.368116532077833278e-03 8.368395104315043409e-03 9.601792389081074131e-01 2.236277372889817496e-32 2.214879643471578446e-32 7.502845741639792287e-03 9.214460323218770271e-05
3.457292954173206206e-04 1.924689314260377530e-03 1.242764341114243470e-02 8.049329770957210431e-03 9.534563895330692151e-01 1.344846507527817404e-02 8.619479507900119497e-33 8.303951528321115529e-33 1.513100992915041227e-04 1.019644350058380132e-02
1.922669035266152959e-03 3.477495744115737604e-04 8.054931822289721974e-03 1.242204135980999082e-02 1.465120500633724197e-02 9.522536496020107544e-01 1.341875350501646226e-32 1.247560483605628007e-32 1.018359075462260503e-02 1.641628452526915473e-04
3.367512946762301826e-04 6.544295214112033762e-04 1.681006338402865272e-02 2.830677967542734059e-03 9.645514773326607783e-01 1.765037135528633571e-03 1.118929336640726197e-32 1.114596140942146809e-32 3.450992855024373896e-05 1.301705343560293458e-02
6.543865957016426014e-04 3.367942203858011489e-04 2.832566907318305027e-03 1.680817444425314680e-02 1.895131953583027197e-03 9.644213825146056296e-01 8.265937113113213220e-33 8.024041024559742870e-33 1.301529919233055353e-02 3.626417182260160141e-05
3.141993290847163643e-05 1.120489676520981717e-03 3.740207715168039756e-04 3.810233956035279264e-03 9.829720266398260797e-01 1.011394018302320778e-02 1.809124387166141136e-32 1.745986162177391310e-32 2.144924118225281654e-05 1.556419598989320675e-03
1.119083974134216100e-03 3.282563529524112851e-05 3.805798709253987999e-03 3.784560182980768630e-04 1.136964390828103418e-02 9.817163229145697834e-01 1.390788898670390949e-32 8.597225885934029143e-33 1.554438356274390632e-03 2.343048389718782690e-05
2.757216579365956926e-05 9.198598972564043510e-04 5.820152084815889432e-04 3.032877835412635566e-03 9.887233098415699750e-01 4.292379993332876703e-03 7.648315870421628518e-33 9.076884784671701559e-33 1.358634980800224812e-05 2.408398708346045410e-03
9.202668061132888468e-04 2.716525693678340154e-05 3.033995499227483839e-03 5.808975446667597516e-04 3.843451189076076743e-03 9.891722386458312588e-01 2.327386949530254523e-33 2.664958863739547994e-33 2.409490811627187142e-03 1.249424652686750420e-05
4.745802891765047902e-05 5.409730879562678514e-04 9.096101503674250410e-04 1.790856159516198386e-03 9.544091478280610774e-01 3.884803849274112014e-02 2.960470834639126964e-32 1.694341178116571319e-32 1.375234956448330556e-04 3.316392756801027266e-03
5.398235808332067657e-04 4.860753604071748046e-05 1.788803540156090046e-03 9.116627697275621117e-04 4.098058540799408983e-02 9.522766009128099673e-01 2.920982354310500998e-32 1.942893686565900993e-32 3.308988458204516550e-03 1.449277942413442865e-04
2.773891035736979072e-05 1.738991811873117190e-04 1.170706909303271658e-03 5.624748685939987914e-04 9.934116821825116350e-01 2.636205262646326209e-04 7.177286836597848327e-33 5.365465661227881851e-33 2.236167414144933725e-06 4.387641254371800817e-03
1.738903132614561670e-04 2.774777828322797532e-05 5.625117716225086408e-04 1.170670006274798346e-03 3.238774163624777284e-04 9.933514252924132704e-01 5.819811808318000050e-33 3.844549224246137086e-33 4.387375180376827839e-03 2.502241409112726659e-06
