1.524640176322906993e-01 1.341240690512501554e-01 1.960473163806545904e-01 2.133081361913080898e-01 1.332631568895099039e-01 1.564739500518583237e-01 2.588388827395897240e-31 2.217798062963920381e-31 7.388411072179976516e-03 6.930942730949230662e-03
1.627157495009396715e-01 1.238723371825794783e-01 1.863987998785237021e-01 2.229566526934161352e-01 1.202887024133891120e-01 1.694484045280237328e-01 3.712940747476732680e-31 3.145414516682651459e-31 7.644128407044349649e-03 6.675225396084293744e-03
5.951655844243095711e-02 6.642500458113043127e-02 8.500630101256706483e-02 8.857824025049766681e-02 3.734894512200473971e-01 3.174911262175776905e-01 1.869248059065931161e-31 1.612440996692191162e-31 4.821579280756516442e-03 4.671738994991142362e-03
4.089731103001811169e-02 8.504425199353093934e-02 7.537941544709161890e-02 9.820512581598510315e-02 5.244129218482500576e-01 1.665676555893752520e-01 2.787086891715136748e-31 2.420267188680848617e-31 5.225420216473728417e-03 4.267898059273334509e-03
3.997684984264877200e-02 3.853593228224772710e-02 1.877223258165868491e-01 1.979080930514338643e-01 9.951452233052436591e-02 4.340847656930065801e-01 2.537719094576816369e-31 2.181054878897415136e-31 1.148646338711957916e-03 1.108864644839948352e-03
3.877687780206402063e-02 3.973590432283859164e-02 1.962048623819364346e-01 1.894255564860959362e-01 3.781390243012707764e-01 1.554602637222410322e-01 1.608593108744625133e-31 1.365070133061448052e-31 1.115516809524750826e-03 1.141994174027299858e-03
9.939552381830812910e-02 9.437520555658819588e-02 2.165960104637313088e-01 2.248014838699508022e-01 1.834222746035058527e-01 1.749175959522180634e-01 2.458172810866356521e-31 2.072770533995412679e-31 3.226525902182599513e-03 3.265379833514962023e-03
9.023067179213868638e-02 1.035400575827307434e-01 2.315755288234183362e-01 2.098219655102638026e-01 1.678965415115303283e-01 1.904433290442218152e-01 2.760987630082316942e-31 2.426901207907047967e-31 3.297455774103123100e-03 3.194449961593509059e-03
6.941502349178195475e-02 8.816627637285522068e-02 3.546836694355590125e-01 1.471763476100211299e-01 5.257922177313398282e-02 2.822644506821074817e-01 1.038321188729031693e-31 8.361656459643389285e-32 2.798390318937869596e-03 2.916620315603758382e-03
7.414758967482107388e-02 8.343371018980666465e-02 3.023115884749196236e-01 1.995484285705777794e-01 1.105487107438267863e-01 2.242949617115067296e-01 1.025674413011285203e-31 8.167969499298275953e-32 2.828229993523942616e-03 2.886780641017981566e-03
5.769889575184018737e-02 7.716670593260629984e-02 2.999146727664285805e-01 2.300780143851626769e-01 3.615300293624559153e-02 2.946428196209540662e-01 1.491813343905316509e-31 1.319548094357971632e-31 2.528395324804093465e-03 1.817493281958991631e-03
7.269235027998037502e-02 6.217325140442740705e-02 2.461288205249197447e-01 2.838638666266241062e-01 2.352331910255754388e-01 9.556263153171107305e-02 1.975115205591271613e-31 1.609924232477024488e-31 1.980882412231782345e-03 2.365006194530349520e-03
1.243870945725544519e-01 4.589114712535175000e-02 1.851043526374024917e-01 3.187732930084632432e-01 7.827852694109611875e-02 2.331094284662790228e-01 2.488124483848409201e-31 1.998975505667485073e-31 3.433867151201465580e-03 1.102229009765201898e-02
7.383330556916013754e-02 9.644493612875081057e-02 2.711912351782969632e-01 2.326864104675514522e-01 1.779943591778401779e-01 1.333935962295470512e-01 1.046423371844491319e-31 9.538684773930403591e-32 8.321043432008132582e-03 6.135113816845829023e-03
1.195090077576502763e-01 5.214785459432089848e-02 5.468322642170754255e-01 2.349293387036787972e-01 2.566742358509066513e-02 1.635876426723741062e-02 7.854306690568781207e-32 6.602784617906143954e-32 3.119279412852902448e-03 1.436067462093475319e-03
8.485614424598364458e-02 8.680071810598660731e-02 3.863788129452665476e-01 3.953827899754741582e-01 2.087873328407568660e-02 2.114745456826647857e-02 1.197228180224230307e-31 1.018081784308622028e-31 2.253378054996956533e-03 2.301968819949416680e-03
7.214738653059726836e-02 3.984539422119061369e-02 1.361650862955900154e-01 3.536678114051847177e-01 7.360067721823793097e-02 3.155261682206510487e-01 5.279021694527392935e-32 4.747969047775756399e-32 3.162826787474193584e-03 5.884649321074268344e-03
5.763544144970941807e-02 5.435733930209225157e-02 2.338800374818981731e-01 2.559528602188804181e-01 1.822877639299596286e-01 2.068390815089106438e-01 8.703495271648414593e-32 7.169044639038291688e-32 4.385628735701337447e-03 4.661847372848101564e-03
3.175066443867698845e-02 2.700120103574048247e-02 1.089213246912130173e-01 9.246981773166494667e-02 3.254031820300848366e-01 4.122113445314014579e-01 7.952221386668887006e-32 6.944433923653118528e-32 1.120994693521654758e-03 1.121470847695742222e-03
2.445293077690710234e-02 3.429893469751819912e-02 8.364294986446349500e-02 1.177481925584815958e-01 4.587872711064171494e-01 2.788272554549944271e-01 8.879816946025743151e-32 7.692323652821586580e-32 1.121726322770946012e-03 1.120739218446351656e-03
6.855606877105860364e-02 5.649859886420618982e-02 2.312806345663837859e-01 2.161219506097245557e-01 1.894132913867935253e-01 2.332172389164785531e-01 1.072880021940825065e-31 9.242828577166968340e-32 2.369117127328081683e-03 2.543099758027224377e-03
5.024026089663188865e-02 7.481440673864744872e-02 2.082539510975840447e-01 2.391486340785392573e-01 2.559533444239380229e-01 1.666771858793035244e-01 8.743347049176194215e-32 7.173001078680821629e-32 2.633404118047891988e-03 2.278812767308226357e-03
7.468284843576374066e-03 1.148300407471647931e-02 2.299053603556250325e-02 3.572332061595188957e-02 6.484264917241624460e-01 2.732038827200647391e-01 1.163780200817651808e-31 1.073056135638621630e-31 2.994116194815085947e-04 4.050683664831497815e-04
1.343239014811662031e-02 5.518898770158175461e-03 4.190584833648668128e-02 1.680800831493939676e-02 9.101088582316485542e-02 8.306194886211699657e-01 6.070589656295247357e-32 5.920686769957946390e-32 4.563710303330862608e-04 2.481089556310315863e-04
9.904530127562896635e-02 2.966726774626166074e-02 4.858806515658971037e-01 1.243335759416961256e-01 1.253897999257497509e-01 1.319341477247666650e-01 1.680208489059815311e-31 1.407894489256259276e-31 2.854209056584463156e-03 8.950467634155920629e-04
6.269265605957996534e-02 6.601991296231425610e-02 2.964375108417781068e-01 3.137767166658277374e-01 1.288189019283863812e-01 1.285050457221134645e-01 9.126997317420887400e-32 8.134133602492269705e-32 1.827648801974678366e-03 1.921607018025348014e-03
2.922566245086199999e-02 5.343283063840441327e-02 1.227458437447411788e-01 3.067617052239677844e-01 2.697716294650343016e-01 2.153570458132713361e-01 5.249201077188892649e-31 4.273384209392802572e-31 1.005360006942350622e-03 1.699922656775446506e-03
5.366724024351351291e-02 2.899125284576613629e-02 3.085436189566341803e-01 1.209639300121642669e-01 2.148301233344553085e-01 2.702985519437461903e-01 1.326167717213322911e-31 1.136373990355229667e-31 1.706648439618113459e-03 9.986342240996719591e-04
3.386396025823740219e-02 3.189168415680342095e-02 1.710548355310068658e-01 1.804145182676953341e-01 2.811803480889791818e-01 2.988580826913610489e-01 2.221965934199109178e-31 1.903324871185026805e-31 1.375446847429448449e-03 1.361124158488099829e-03
2.214340864429893002e-02 4.361223577073562729e-02 2.266761780626591893e-01 1.247931757360300625e-01 3.862329827952080130e-01 1.938054479851505640e-01 1.707450493635410720e-31 1.347647793597740522e-31 1.290332083393049565e-03 1.446238922524083464e-03
9.458379311392288089e-03 9.702976186435764705e-03 2.361511785822828224e-01 2.548986085786512090e-01 2.347667777702852621e-01 2.536801713510394851e-01 3.564525454151773164e-32 3.334700064336189325e-32 6.845179886884307594e-04 6.573902312249505289e-04
1.032769743714544337e-02 8.833658060674185603e-03 3.027811414719746574e-01 1.882686456889578752e-01 3.019865893735934059e-01 1.864603597477423880e-01 5.327640408817472875e-32 5.041935683774783736e-32 5.881036282458624274e-04 7.538045916673151393e-04
9.064544040290385685e-02 1.043683506718182108e-01 2.172182173586524323e-01 3.628609085812457558e-01 1.245425039948906409e-01 9.344945983954591751e-02 1.222215756889150278e-31 9.804978894713394475e-32 3.111844733174402161e-03 3.803274417766841671e-03
1.062101160909681291e-01 8.880367498375374424e-02 3.824077588476549328e-01 1.976713670922460309e-01 8.927643149647374043e-02 1.287155323379612915e-01 2.005766246762239990e-31 1.573811716393950170e-31 3.896071882583156815e-03 3.019047268358026736e-03
4.454924008675832658e-02 5.096116827681647365e-02 1.172006195793027783e-01 1.107399480204449421e-01 2.865955035227516490e-01 3.810334323188425687e-01 1.065373727797851960e-31 9.853732638915054130e-32 5.186459669510215531e-03 3.733628525572666237e-03
4.022074329893833566e-02 5.528966506463105918e-02 1.215620215259584358e-01 1.063785460738027600e-01 2.228433435911388039e-01 4.447855922504477810e-01 1.019469499756429713e-31 1.005426304934863526e-31 6.167221579715893853e-03 2.752866615366282750e-03
4.586054628149659890e-02 3.365718934461103817e-02 9.750197299945995155e-02 1.524181169254969215e-01 4.128417399501873586e-01 2.526738718014945873e-01 8.541249805290469418e-32 7.272301152860948815e-32 1.455015902788804258e-03 3.591546794464290510e-03
3.281115129200001812e-02 4.670658433409442811e-02 1.562253601049384266e-01 9.369472982003115846e-02 2.415697049760252013e-01 4.239459067756595201e-01 5.089609947424209430e-32 4.543987521255642678e-32 3.739668859914111951e-03 1.306893837337340034e-03
5.470773610039094542e-02 1.218470401128347314e-01 1.917648032702487237e-01 1.356022634834035401e-01 1.368594167835915365e-01 3.527757077859854373e-01 5.549305002294643876e-32 5.093998407979132672e-32 3.130854571183007765e-03 3.312177892360547785e-03
1.187009556255071013e-01 5.785382058773111402e-02 1.382339871479796034e-01 1.891330796056716335e-01 3.426580739541618126e-01 1.469770506154042256e-01 1.748822725517765326e-31 1.493112874804479164e-31 3.303681252481509376e-03 3.139351211062648122e-03
1.991983526718079517e-02 2.129686053640026180e-02 8.262185059670941467e-02 3.981605955192822344e-01 7.958017217962495837e-02 3.946180586129596768e-01 7.106726322735073010e-32 6.513762817048443221e-32 1.402721699953416411e-03 2.399905587889494818e-03
2.091073706852300540e-02 2.030595873505792667e-02 3.096822522646238141e-01 1.711001938513563581e-01 3.062801581091624259e-01 1.679180726834338944e-01 8.259454276666678053e-32 7.753554897671361320e-32 2.120291183178486111e-03 1.682336104664068415e-03
3.374333946728441669e-02 6.879938176713254472e-02 1.080612641506357996e-01 7.549541105773037442e-02 1.962082016879214130e-01 5.137963109079936030e-01 4.603963525145980137e-32 4.240295686653316409e-32 1.879018679193746044e-03 2.017072282107675290e-03
7.811402051703052185e-02 2.442870071745797261e-02 6.684243321886737532e-02 1.167142419896394639e-01 5.981817210849722510e-01 1.118227915107283532e-01 2.169213064759660113e-32 1.980256099050203033e-32 2.053754102271679923e-03 1.842336859032306200e-03
1.907756563152048293e-02 4.190797795769966860e-02 1.532361922359335438e-01 2.860321550020201720e-01 1.244737402682929983e-01 3.733054990848608812e-01 3.296167156544322933e-31 2.881757247603493582e-31 1.218269683542685900e-03 7.486001361304841454e-04
3.541083348999835706e-02 2.557471009921027938e-02 2.482406976034228219e-01 1.910276496345269526e-01 3.024922407834777505e-01 1.952869985696911725e-01 1.327262186722030329e-31 1.200810293756874478e-31 8.822600480939801326e-04 1.084609771578726959e-03
7.695480023190659491e-02 1.413912381341956293e-01 2.237992134489964202e-01 2.403533837803750184e-01 1.123253793336233541e-01 1.969508227930393540e-01 6.852634400330281176e-32 6.488517800430883352e-32 3.839900941863058290e-03 4.385261336000453695e-03
1.317278775923157730e-01 8.661816077378670098e-02 2.378707990566876207e-01 2.262817981726787941e-01 1.842597709939635675e-01 1.250164311327048305e-01 1.084545831340075591e-31 9.299600912553156258e-32 4.303475093846835867e-03 3.921687184016973624e-03
1.252391511292837156e-01 3.952956248899664599e-02 5.107844437088426837e-01 4.853003752426114648e-02 1.007608520716484490e-01 1.668012173836938561e-01 4.415500075808512214e-31 3.648150088808100274e-31 3.158702009885889627e-03 5.196033683387410104e-03
4.487587143687289670e-02 1.198928421814141054e-01 7.736409106694581983e-02 4.819503901661435497e-01 1.626818160239713318e-01 1.048802534313791057e-01 1.189442545917560481e-31 9.889520961074628652e-32 5.068950999540354149e-03 3.285784693733741386e-03
7.899444893613752350e-02 1.628844884099360513e-01 2.829482264203250774e-01 1.552160571323152605e-01 1.400286586190672145e-01 1.713394466065837896e-01 8.839089394962808601e-32 8.527406745521581529e-32 4.719226344686721850e-03 3.869447530948366687e-03
1.862052798042531931e-01 5.567365754180374909e-02 1.197074879029001448e-01 3.184567956497188490e-01 1.800436069530461369e-01 1.313244982726420040e-01 3.648618655035568352e-32 3.316555185306494878e-32 3.633215499458321892e-03 4.955458376177458366e-03
6.682723488442367937e-03 9.720079832599886130e-03 6.355480277307978820e-02 4.398878955413925707e-01 4.522458499112102376e-02 4.334619289622035909e-01 9.223796056012980688e-32 8.377091002431167678e-32 9.307638480552961596e-04 5.372205631048527141e-04
9.252938197870291814e-03 7.149865123171443571e-03 3.820083331065996513e-01 1.214343652078720970e-01 3.737515074720465513e-01 1.049350064812794026e-01 6.098011866660861549e-32 5.709034660334075405e-32 5.977470317301244226e-04 8.702373794299489906e-04
8.513890541811389157e-02 1.360810492248077930e-01 1.264172233221074748e-01 2.238159188887578477e-01 1.991107046754624077e-01 2.090008656046659641e-01 4.846204458262212951e-32 4.366033657249575508e-32 1.518228149537515989e-02 5.253051370709427466e-03
9.536572529991772795e-02 1.258542293429930625e-01 1.459703642354810704e-01 2.042627779753845574e-01 2.010961903042001175e-01 2.070153799759403834e-01 6.851836915469569446e-32 6.212539551692023820e-32 1.318895258414532791e-02 7.246380281938222950e-03
1.504477619344675964e-02 8.080540596091079913e-03 4.462725071921755382e-02 2.357225539101844361e-02 1.700837193488894117e-01 7.368521767569782277e-01 1.204872107937668156e-31 9.809375446803274049e-32 5.590753463035509629e-04 1.180205648053867006e-03
1.506357648673450553e-02 8.061740302862458601e-03 4.468408970491966059e-02 2.351541640552501020e-02 1.685537002879803348e-01 7.383821958176168820e-01 5.353593996060997997e-32 4.714224290787296754e-32 5.573985747976357768e-04 1.181882419563085648e-03
6.979822110847767880e-02 2.452548940045813641e-02 2.726266962782049053e-01 6.856217766763882115e-02 1.306869067691864561e-01 4.288396228784584485e-01 9.313401067985064739e-32 8.114336642970457327e-32 2.242215754696896650e-03 2.718670142877347828e-03
4.371652209073821627e-02 5.060718841816434083e-02 1.550647742602075940e-01 1.861240996855916263e-01 3.024532020536098709e-01 2.570733275941161078e-01 8.434357327227642474e-32 7.910504181526158826e-32 2.516701951557006895e-03 2.444183946013939873e-03
4.391217614233193511e-02 4.751153729927079516e-02 1.433312757947939886e-01 1.180411067400781999e-01 2.790508070875903357e-01 3.644211347953580371e-01 1.743234231699286907e-32 1.571607338940677317e-32 1.982743137915568207e-03 1.749219002660934831e-03
5.224971412744144200e-02 3.917399931416470915e-02 8.474928417188713758e-02 1.766230983629920037e-01 4.768021076739555886e-01 1.666698342089814877e-01 8.414883681547019734e-32 7.603589711147015004e-32 1.441809271256972889e-03 2.290152869319845002e-03
1.253213495458088134e-01 1.227172778796719738e-01 2.852272945669371840e-01 1.661008358479058311e-01 1.823502898447401654e-01 9.818430854476717373e-02 1.018136764739136843e-31 8.808860251113579312e-32 7.015338930154135441e-03 1.308330484001436061e-02
1.259878087782119460e-01 1.220508186472431672e-01 3.157152912189393201e-01 1.356128391958546231e-01 2.038908626418913794e-01 7.664373574769195452e-02 5.338308962861965502e-32 4.369670131067691854e-32 5.462366346783417703e-03 1.463627742338387619e-02
1.421446218759719535e-02 1.381738320196259848e-02 1.013906430930607283e-01 9.661232142728296002e-02 3.715292091565211008e-01 4.013474789752637939e-01 1.749089904100222535e-31 1.724511133858085055e-31 5.568200344448587203e-04 5.316819238667186897e-04
1.426237941789361072e-02 1.376946597166766109e-02 1.019672637352350142e-01 9.603570078511541874e-02 3.679309101942636606e-01 4.049457779375114086e-01 4.795586922878640260e-32 4.432917677651570228e-32 5.598535584472858319e-04 5.286483998642591605e-04
3.794354584173306733e-02 1.496416390934553753e-01 2.495954517053512733e-01 2.077322423731428058e-01 1.165201122910085874e-01 2.316709153347179528e-01 1.354046349606589261e-32 1.288262044752823448e-32 3.782308114015425424e-03 3.113785246575182138e-03
1.410144596283348650e-01 4.657072530685369555e-02 2.109656137708106893e-01 2.463620803076835009e-01 2.227770603503425040e-01 1.254139672753832035e-01 3.356569977591614562e-32 2.863946749572820946e-32 3.165419670996032220e-03 3.730673689594735803e-03
4.677419638882009123e-02 2.681538916395064809e-01 3.969101655875044710e-01 6.505434092518258549e-02 9.441403043536897299e-02 1.163162720234728886e-01 5.259879226271213143e-32 4.954901517187893665e-32 6.968069660087295933e-03 5.409033340057463682e-03
2.373736591296239928e-01 7.755442889869509915e-02 1.111949746960292917e-01 3.507695318166505483e-01 1.132710239585851264e-01 9.745927850027061301e-02 1.519615620946821366e-31 1.248973645870754078e-31 5.625798930811178565e-03 6.751304069333669521e-03
3.321257354155913999e-02 4.045685818746928147e-02 1.542971261173144704e-01 2.255074295738269119e-01 7.989256523835566726e-02 4.643109485208548604e-01 2.576147725132376626e-31 2.086812872981410263e-31 9.551646223179989905e-04 1.367334198302739244e-03
3.805778772437056617e-02 3.561164400465689078e-02 2.019249029282076946e-01 1.778796527629255553e-01 3.370041357875727117e-01 2.071993779716461148e-01 9.145169128882371308e-32 7.506275757687671100e-32 1.230837096951286225e-03 1.091661723669472284e-03
3.586061802374596735e-02 2.347411532891709521e-02 1.793638313385098604e-01 2.618915203808883652e-01 1.571426666702755714e-01 3.401187923554827575e-01 4.541401913406324330e-32 3.986992501688350929e-32 1.020042137991160466e-03 1.128413764189526965e-03
3.026124739627833113e-02 2.907348595638970315e-02 2.166708201924640309e-01 2.245845315269364706e-01 2.398577936863886262e-01 2.574036653393625973e-01 1.192380936128661311e-31 1.194536785233960824e-31 1.069031987307966954e-03 1.079423914872879205e-03
8.071213050276772327e-02 8.027370590089194513e-02 2.364989518342012209e-01 2.330343795797052420e-01 1.767405970199894538e-01 1.837297126727055752e-01 2.611589400049833927e-31 2.148327505733160064e-31 4.487852312074415428e-03 4.522670177663184847e-03
8.185274826928008729e-02 7.913308813437636147e-02 2.455124803861614968e-01 2.240208510277439946e-01 1.585575173030928098e-01 2.019127923896065491e-01 1.902759628063939559e-31 1.568629258745385696e-31 4.397269174374400860e-03 4.613253315363059770e-03
1.137349503726763494e-01 4.467239263378464109e-02 5.720936165916786775e-01 1.378286007589411000e-01 7.490144253601178914e-02 5.212186660826634288e-02 5.108166469680448540e-32 4.631382242797299378e-32 3.636631981987271424e-03 1.010498516654587033e-03
4.262088702324905859e-02 1.157864559832051943e-01 1.249287437943434192e-01 5.849934735562509758e-01 5.144519853581419611e-02 7.557811060849453644e-02 2.128877883434798627e-31 2.096977655764295346e-31 9.324891333572269498e-04 3.714641365284466167e-03
2.580694851110459584e-02 1.462269113381639216e-02 1.067086372260497434e-01 6.927543526333568291e-02 8.780585829550235921e-02 6.933351158732609099e-01 7.550355360572551571e-32 7.007434693370585811e-32 1.713506160717207611e-03 7.318075362128431249e-04
1.825896930445996408e-02 2.217067034046793852e-02 8.144589330649462666e-02 9.453817918289542099e-02 4.964626059928605173e-01 2.846783681758905393e-01 3.726538287577539816e-32 3.624788898415281334e-32 1.050981993489217637e-03 1.394331703440971444e-03
6.450640497301689258e-02 1.576061306286395125e-01 3.425615105962686591e-01 1.391114813944439033e-01 1.155870199785665881e-01 1.738992882554006025e-01 5.202140637818861972e-32 4.478321658219289627e-32 4.756354981034483648e-03 1.971809192629867501e-03
1.635081814821610913e-01 5.860435411948611284e-02 1.262137804609012315e-01 3.554592115298043087e-01 1.775959905854001541e-01 1.118903176485818024e-01 4.125845368834054099e-31 3.497306490638258325e-31 1.795283099438901506e-03 4.932881074225270966e-03
6.504727834467674552e-02 6.046650750898262261e-02 3.555803212197485852e-01 1.680481790205637371e-01 5.916486419620203829e-02 2.864814367326776190e-01 1.531499593688918951e-32 1.308103106695651320e-32 3.582564321374965589e-03 1.628848655775063606e-03
6.375797105832740896e-02 6.175581479533678864e-02 3.027973800873250965e-01 2.208311201529971624e-01 1.231455617230888255e-01 2.225007392057747335e-01 4.164449362100163527e-32 3.906013469774301145e-32 3.032670005886148237e-03 2.178742971264507194e-03
4.195420397939798179e-02 2.765628175770682567e-02 9.411309660920777476e-02 7.686429346643183780e-02 2.180795114162992487e-01 5.386121917359895095e-01 7.031258647589602115e-32 6.177786572615116130e-32 1.330661033681955138e-03 1.389760001282265610e-03
2.629408095142796858e-02 4.331640478570158992e-02 7.522095444248130813e-02 9.575643563318943230e-02 5.691501866140120658e-01 1.875415165382215421e-01 4.772766043541687657e-32 4.793993063962832157e-32 1.395390515987699007e-03 1.325030518977881547e-03
1.088405127224926078e-01 7.001013126695065925e-02 3.119863752310246818e-01 2.245226488274469911e-01 1.237053069335178057e-01 1.530040813668860911e-01 1.189852024561092717e-31 1.084536660263566748e-31 4.577501336735165238e-03 3.353442314945721293e-03
8.830799049904031195e-02 9.054265349042457667e-02 2.657377719772907598e-01 2.707712520812167734e-01 1.391977567787696934e-01 1.375116315215768048e-01 2.041947034519013739e-31 1.778163103584956217e-31 3.930249928801038059e-03 4.000693722880137304e-03
2.148670519957802116e-01 9.903334531244313566e-02 1.600989316974308629e-01 3.318399485221457113e-01 1.011679375569543848e-01 8.279806891287767867e-02 1.325325747279826442e-31 1.116028876308952467e-31 4.016744202192552675e-03 6.177971800177876199e-03
6.976574934675326689e-02 2.441346479614652232e-01 3.752335930413934206e-01 1.167052871781897039e-01 7.815657112425432318e-02 1.058094353455752840e-01 1.063904766479252988e-31 9.156161316218772529e-32 6.724047186513113471e-03 3.470668815857088155e-03
2.744386630259815218e-02 2.017658642621202869e-01 3.278954935504673207e-01 1.015513879163425642e-01 1.022175354924913099e-01 2.311617173433205830e-01 9.912125810685764318e-33 9.451237818359129094e-33 5.365227395264787237e-03 2.598907737396025878e-03
1.823206989821381796e-01 4.688903158255251780e-02 1.267994839439027799e-01 3.026473975228942681e-01 2.167783293755989604e-01 1.166009234602529004e-01 3.513902362269193308e-32 3.498665718374912025e-32 2.907483497162808954e-03 5.056651635497407850e-03
4.476311930286373114e-02 5.759274092043555060e-02 1.866187221928232998e-01 1.571664383838085322e-01 2.304655813273179532e-01 3.194155057213529103e-01 1.143847218091034555e-32 1.103224126038733487e-32 2.095281302920957468e-03 1.882610848476884728e-03
5.705170940627134896e-02 4.530415081695003676e-02 1.584084558164507717e-01 1.853767047601495299e-01 3.156644432419641877e-01 2.342166438068194190e-01 1.662045875502145175e-32 1.541513465234811978e-32 1.891579267140547534e-03 2.086312884254809888e-03
1.557391543575600834e-01 1.484315347994734358e-02 7.774645857161466278e-01 3.232916064817788204e-02 2.775003291091448533e-03 1.165709746741119129e-02 2.011657364776408463e-32 1.964740548695434146e-32 4.904056559021173489e-03 2.877884806438910916e-04
1.188891267467653834e-02 1.586933951628293482e-01 1.670551296140270967e-02 7.930882334029196734e-01 1.184333302334374116e-02 2.588767735159910877e-03 5.054442240815883063e-33 4.565191639254274584e-33 1.909967517072272522e-04 5.000848287957795207e-03
1.490678094670632170e-01 1.288685193716698763e-01 2.110822560096537737e-01 2.425386816159527670e-01 1.151053866880663717e-01 1.270303359132868293e-01 1.139212032260692715e-32 1.041017048079029980e-32 1.455908975659609035e-02 1.174792117771140433e-02
1.580394595376816425e-01 1.198968693010573627e-01 1.971106737570411382e-01 2.565102638685689551e-01 1.098088405692031200e-01 1.323268820321396866e-01 1.288175876711454168e-32 1.197552018213660436e-32 1.580768912123532016e-02 1.049932181307232544e-02
8.131019393894421687e-02 1.015914385848135371e-01 3.544546644106051914e-01 8.968213642115742401e-02 1.480741546589535163e-01 2.166455691649669668e-01 8.429953407103030031e-33 7.291389709389748612e-33 4.306754877344959147e-03 3.935087943214433080e-03
1.008721070735834613e-01 8.202952545015683439e-02 9.907304048109856487e-02 3.450637603506870876e-01 2.142134906567890185e-01 1.505062331671280229e-01 2.296104727639586383e-32 1.942710486535465872e-32 3.948270158705714621e-03 4.293572661851421599e-03
1.112291975019656098e-01 9.327886348827285623e-02 3.219582050483030256e-01 2.089969874756998913e-01 1.450564542466222795e-01 1.082652982156012272e-01 2.219077232441233912e-32 2.194726132366558764e-32 3.960558718132011630e-03 7.254435305403329412e-03
9.259994869953937224e-02 1.119081122906618042e-01 2.047245855748209831e-01 3.262306069491605065e-01 1.068737887370013045e-01 1.464479637252824595e-01 1.196179403148845289e-32 1.058074476445769775e-32 7.379015802097500451e-03 3.835978221435748948e-03
2.405113353851140098e-02 5.922377662320059410e-02 1.077211459566573409e-01 3.833549248226337802e-01 4.777311320460232019e-02 3.739003843024666374e-01 2.919566965200324008e-32 2.857111299992637869e-32 2.269772031015173264e-03 1.705749520913339267e-03
4.298202603106365122e-02 4.029288413064578689e-02 2.560748941371372989e-01 2.350011766421459813e-01 2.233038600176461830e-01 1.983696374894339531e-01 1.957855337657387212e-32 1.826678840160207252e-32 1.966199465359375238e-03 2.009322086569080481e-03
3.849549313009842377e-02 2.198132930899626691e-02 1.492731493865141479e-01 8.594317440493287608e-02 3.281637237041018507e-01 3.736872029923999916e-01 2.850733931762525575e-32 2.698447512737880733e-32 1.256193776615206021e-03 1.199733296341288016e-03
2.250902871522816526e-02 3.796779372384961881e-02 8.796684272725306675e-02 1.472494810640732066e-01 3.722325297041468861e-01 3.296183969924924018e-01 1.110090889668537049e-32 1.055591823279001627e-32 1.201537454411529373e-03 1.254389618545298166e-03
3.955420788811155053e-02 4.519937909800484516e-02 1.892139383278940989e-01 7.038679622910136435e-02 3.180770007092989515e-01 3.342188413915231915e-01 2.580278453240450479e-32 2.347887877756883997e-32 1.866407924938715511e-03 1.483428431128544500e-03
4.603353647542120231e-02 3.872005051067965720e-02 5.282833191770108794e-02 2.067724026392450121e-01 3.366040366298461706e-01 3.156918054710406984e-01 3.831005537884339084e-33 3.522994478319184289e-33 1.426837557567769759e-03 1.922998798498842766e-03
6.849709921899434228e-02 8.253873600219162332e-02 3.354586260242664597e-01 4.061195513702431370e-01 5.223212214050025615e-02 5.034365668917997749e-02 6.353601526494147002e-33 5.587139405824998242e-33 2.180574785640698992e-03 2.629633768983979936e-03
7.776891572569109845e-02 7.326691949550359628e-02 3.821166577136529408e-01 3.594615196808980673e-01 5.098515176129035653e-02 5.159062706833919543e-02 4.900274024194763201e-33 4.363962109952896483e-33 2.477092389573104861e-03 2.333116165051886317e-03
3.682450424329220678e-02 1.563352356804580817e-02 1.090822512400204808e-01 6.197810018150455569e-02 2.363766057645066976e-01 5.377734507975884259e-01 8.422333183539998574e-33 7.871962811956968430e-33 1.544656788460805697e-03 7.869074165814200685e-04
2.360406188287574036e-02 2.885396592844233221e-02 7.969532840009568853e-02 9.136502302135805775e-02 4.244094145540271423e-01 3.497406420081595191e-01 9.038942502185382874e-32 8.769415205614307579e-32 1.071918785057297428e-03 1.259645419984092851e-03
7.666595752311106127e-02 6.738966803690184248e-02 2.083722424924866479e-01 2.142883861106335275e-01 2.096545723998524124e-01 2.114397282273978440e-01 4.128059903569539506e-32 4.016591374064906773e-32 5.914943090566658970e-03 6.274502119050327266e-03
1.019826023197581422e-01 4.207302324024394385e-02 1.922260337342351078e-01 2.304345948688617529e-01 2.047825644639577614e-01 2.163117361633288827e-01 7.763454946023439660e-32 7.412608008575820144e-32 4.933642515471779212e-03 7.255802694143688274e-03
1.187283084304210229e-02 3.036484946720127351e-02 8.520751654650084161e-02 3.568612915420490417e-01 2.655492085655560344e-02 4.874611992687192252e-01 1.522288325479857092e-31 1.505945770774885112e-31 7.219983625298082106e-04 9.553931134021710278e-04
2.935073966568012629e-02 1.288694064455882422e-02 3.419636883413677553e-01 1.001051197471784365e-01 4.621849120218354257e-01 5.183120810344922502e-02 1.730839020277034912e-32 1.719057241797840383e-32 9.425936506018504218e-04 7.347978253300069523e-04
3.911656673125577660e-02 4.856562361890856550e-02 1.630038962733942609e-01 1.427212106041009232e-01 3.136985397237207485e-01 2.856650843088003322e-01 6.450860838787588524e-32 6.294056564519970302e-32 3.689646422068675567e-03 3.539432317751568021e-03
4.688317423562435304e-02 4.079901611455222926e-02 1.463326389616235179e-01 1.593924679158934543e-01 2.906565739712052565e-01 3.087070500612801860e-01 4.821139750619048255e-32 4.788843510821814363e-32 3.566178651293694466e-03 3.662900088527513628e-03
6.914287127543806977e-02 2.618184641554919048e-02 5.156714840783988008e-01 4.702789439266771149e-02 2.254219963325726772e-01 1.131987143127140133e-01 3.483275209078272465e-32 3.474738622865500116e-32 2.629756434493662857e-03 7.254367581660011019e-04
3.197106939632267386e-02 6.335364829461488656e-02 1.101800712332831333e-01 4.525193072377431958e-01 1.283213890013195357e-01 2.102993216440585678e-01 6.049185515745140325e-33 6.026742817710855711e-33 9.820538027760495042e-04 2.373139389882324580e-03
2.577283118613433316e-02 3.899742672162576085e-02 1.431538194395866326e-01 3.521520172915803548e-01 1.523556202171214013e-01 2.850587976695495018e-01 2.554507009054436917e-32 2.555937364984772896e-32 1.001882468314160834e-03 1.507605006087718840e-03
4.235582995847332610e-02 2.241442794925131710e-02 4.052273814708099997e-01 9.007845526033148031e-02 3.187589421849863491e-01 1.186554757017464767e-01 1.099255934750197617e-32 1.026601477647514380e-32 1.636033902324673158e-03 8.734535720763127002e-04
3.445116044204764999e-02 3.518167358309023246e-02 1.936402518944897455e-01 2.085208948901340897e-01 1.974387148035952610e-01 3.280162229618783232e-01 4.442282557917548017e-33 4.319565264537781184e-33 1.336476587145409836e-03 1.414604837619378667e-03
3.591951901436435390e-02 3.371331501077485387e-02 2.235508975442473956e-01 1.786102492403775222e-01 4.599043607769874864e-01 6.555057698848357206e-02 1.470670025435885705e-32 1.469970059191255369e-32 1.493517275229131781e-03 1.257564149535664528e-03
2.065294964192428834e-02 2.082246958364646766e-02 1.143809347274756527e-01 1.140949870251664472e-01 3.633490754308323911e-01 3.642619006891876232e-01 6.634234265771360557e-33 6.666433056862742226e-33 1.209347159436377668e-03 1.228335742331242804e-03
2.270378269818045316e-02 1.877163652739748112e-02 1.109215718091245972e-01 1.175543499435518502e-01 3.743923320230682084e-01 3.532186440969090624e-01 3.018853732349663793e-33 3.025759157602098851e-33 1.439068884767717802e-03 9.986140170007336021e-04
3.937973359423803388e-02 1.966473558772213054e-02 1.314361534000130505e-01 2.561414638804342947e-01 1.433602635666039182e-01 4.067672046778691985e-01 8.536308650066871637e-34 8.619716653561873913e-34 2.056086283360520316e-03 1.194359009758879341e-03
2.826631464375935557e-02 3.077815453821728525e-02 2.017330086298093073e-01 1.858446086507191952e-01 2.918437526376123081e-01 2.582837156067614437e-01 5.283780681500758424e-34 5.249250018682906956e-34 1.570327359651167622e-03 1.680117933470114426e-03
2.904231948787641682e-02 7.040109643271929771e-03 1.433494208562542671e-01 1.012752134736270848e-02 2.450921093490614211e-02 7.845400910159874286e-01 7.870558938630235335e-32 7.867128698438078695e-32 1.226119778432408500e-03 1.652069359089368742e-04
7.199806675612072798e-03 2.888262245553720881e-02 1.109447612802038838e-02 1.423824660755977911e-01 7.790236144032820498e-01 3.002568754760916170e-02 1.270781178087951194e-32 1.244828094272597213e-32 1.729072820887576835e-04 1.218419432252683399e-03
4.806619049148994766e-02 1.538592548103836187e-02 7.339723137244004436e-02 4.168133390662885907e-01 4.902348192355113210e-02 3.919597278946416186e-01 2.922378154836077642e-32 2.833043983201467108e-32 2.508979730197037107e-03 2.845124040353511422e-03
1.545547755353190653e-02 4.799663841907336748e-02 4.160824605985083413e-01 7.412810984021132865e-02 3.912298706969128403e-01 4.975333912120698948e-02 1.164956843338677821e-32 1.161908800997741741e-32 2.844408638157401581e-03 2.509695132397939121e-03
2.139521172080226935e-02 2.020682687740403202e-02 1.051613150510308792e-01 1.156372776083887111e-01 3.610631614612987983e-01 3.747391117426851492e-01 5.235947739274104976e-32 5.189719599173382684e-32 8.309419996780119996e-04 9.661535387118643740e-04
2.010742731676051082e-02 2.149461128143484445e-02 1.165135140239035583e-01 1.042850786354976300e-01 3.758830033505644597e-01 3.599192698534496859e-01 1.619004833875806227e-31 1.604718897216702217e-31 9.774629791234239543e-04 8.196325592657513742e-04
1.382009077189339796e-01 8.162974775936779337e-02 1.694348705579115100e-01 2.735635471866119106e-01 1.124954847524945595e-01 2.107390134961264483e-01 1.059491069985878718e-31 1.045966686941335483e-31 8.080136810648111054e-03 5.856291717905085653e-03
5.423024700268009451e-02 1.656004084755909600e-01 3.239969085693552020e-01 1.190015091751654014e-01 2.583219805428768057e-01 6.491251770577935454e-02 2.930743510282496947e-32 2.772843270464543222e-32 4.779201459459482028e-03 9.157227069091770921e-03
1.583589127713731504e-01 6.559410094879758457e-02 7.655771345459537469e-02 4.010055366907434027e-01 1.400855649213935683e-01 1.474963409569624850e-01 1.905987337884388855e-32 1.876902503629900953e-32 5.160662226473764977e-03 5.741168029661243566e-03
1.330968788740776454e-01 9.085613484608343060e-02 1.649124650835802064e-01 3.126507850617457063e-01 1.421036930428128398e-01 1.454782128355675275e-01 1.008133182094131714e-32 9.852413161166222993e-33 5.318747571439662487e-03 5.583082684694838649e-03
3.471700600736461056e-02 6.248281584101954972e-02 1.108126384916299223e-01 2.194894820536834601e-01 3.665727145419477306e-01 1.960724553821894811e-01 4.270441536060587001e-33 4.263899132203817254e-33 6.341723751666406700e-03 3.511163930499133778e-03
4.695984183942718271e-02 5.023998000894632637e-02 1.587317434069055178e-01 1.715703771384424203e-01 2.913936833980698693e-01 2.712514865260451935e-01 5.761428569415240739e-33 5.396775730089965792e-33 5.093639168108128612e-03 4.759248514055987658e-03
7.483211020110414058e-02 4.505268318847076292e-02 3.194051357665051993e-01 1.138070743725209943e-01 1.318379969893732906e-01 2.999759839927745864e-01 1.557082864559870648e-33 1.396470643387721904e-33 5.525146646672588618e-03 9.563868842580154628e-03
4.180884402492597574e-02 7.807594936466903668e-02 9.141151104565468921e-02 3.418006990934392419e-01 3.182910639602036240e-01 1.135229170218559486e-01 1.392999378540053213e-32 1.394904832370511481e-32 1.000380226454376797e-02 5.085213224710245956e-03
3.029892725274989373e-02 6.223927715859235710e-02 1.798442597899164996e-01 2.688391105713285878e-01 1.543229893681611620e-01 2.984464221815213980e-01 4.828557473024077250e-32 4.683015014748016095e-32 3.247605845428733727e-03 2.761407832301816020e-03
6.639648840658650408e-02 2.614171600475582655e-02 2.804222771857183827e-01 1.682610931755278150e-01 3.172048752903897650e-01 1.355645362592913794e-01 1.275851128738731299e-32 1.123351006812429095e-32 2.698126501481016345e-03 3.310887176250108463e-03
7.143358474176470484e-03 6.220702774617338851e-03 4.850767673705208560e-02 4.351613545846373388e-01 4.637750850852828677e-02 4.537072808771364096e-01 4.767192096743716630e-33 4.710596844444128910e-33 1.038543614084147092e-03 1.843574429768325262e-03
6.244333439003746898e-03 7.119727809795283087e-03 4.252585454446063951e-01 5.841048587708429912e-02 4.432749244198783689e-01 5.680986496577988820e-02 7.099390314185758950e-33 6.385781632665317516e-33 1.822956323757596829e-03 1.059161720095281234e-03
5.523958107703339643e-02 3.507436633898213668e-02 2.073770579856886453e-01 9.041224028987959738e-02 1.217899762376543904e-01 4.804261326461337633e-01 6.756844109795179495e-33 5.991401894592923832e-33 3.535377463204144016e-03 6.145267961423794140e-03
3.577301760798298064e-02 5.454092980805371610e-02 9.446464535346553448e-02 2.033246529221766630e-01 4.680006956228391357e-01 1.342154132608570916e-01 1.946149591056865796e-33 1.790116841452350432e-33 6.054844758285767709e-03 3.625800666339606092e-03
5.395894617450692349e-02 6.227621152267581728e-02 1.436937813470166303e-01 1.295812731062661038e-01 3.325660184852842205e-01 2.718126583755985370e-01 1.423350916124513809e-32 1.293809328646504087e-32 3.216889472623111340e-03 2.894221516029478469e-03
5.270498328537454036e-02 6.353017441185360159e-02 1.458214712626761111e-01 1.274535831907340766e-01 3.417255746348104584e-01 2.626531022258948855e-01 1.602184098237609984e-32 1.583816521924228328e-32 3.265536909752351450e-03 2.845574078904367435e-03
5.355962202921010079e-02 2.318747044810737928e-02 2.722942394690912593e-01 9.930404573864433371e-02 1.262250632740767320e-01 4.223862267031464612e-01 1.105917002957886962e-32 1.106069954068988172e-32 2.081236754785152111e-03 9.620955829384146042e-04
4.229389612127146952e-02 3.445319635605089553e-02 2.081282187601353195e-01 1.634700664476218812e-01 2.360780146811915226e-01 3.125332752960044980e-01 4.069370717768551055e-33 3.989372196953557773e-33 1.666121689240728735e-03 1.377210648482984565e-03
9.504166844500389066e-02 4.904327410148295180e-02 4.776593628766342969e-01 6.744811402756803465e-02 4.581476179617961775e-02 2.595935234831225902e-01 6.094215249045413960e-32 5.259526476635868551e-32 3.955185994597709698e-03 1.444109275410365364e-03
5.470656899540914803e-02 8.937837355108657622e-02 1.179530784767288398e-01 4.271543984275073536e-01 2.332732097684529771e-01 7.213507551080826363e-02 9.019294481476352076e-32 8.194050941562102836e-32 1.753271544332615480e-03 3.646023725675576026e-03
2.311821635634441277e-03 4.258782385020965650e-03 7.476541938912868723e-02 4.253175389629924030e-01 7.138188560339406297e-02 4.205795923736818098e-01 9.385005062141576539e-32 8.772479006557612427e-32 9.804406081702259426e-04 4.045190419774098776e-04
4.137335680643514438e-03 2.433268340012626277e-03 4.034509452741347202e-01 9.663201307798985340e-02 3.987974836809435875e-01 9.316399429612787220e-02 1.891927136879068299e-32 1.843200031582588320e-32 4.404436368705696254e-04 9.445160132772924136e-04
7.425704529737379989e-02 9.446533094481283921e-02 2.343578984824226941e-01 3.292492922690382073e-01 1.413989235286410850e-01 1.200055289864342956e-01 1.784346400234199511e-32 1.676190818026553854e-32 2.970052114012376732e-03 3.295928377264925081e-03
7.595452957918481796e-02 9.276784666299385529e-02 2.423287205621361684e-01 3.212784701892905659e-01 1.396018907866322933e-01 1.218025617284852757e-01 2.703278993935221088e-32 2.650308088884010548e-32 2.997425531249976044e-03 3.268554960026918976e-03
4.602601409342103878e-02 2.792428171234080311e-02 2.689904488332802712e-01 1.781047198120017661e-01 1.638116783320352765e-01 3.123724399849310274e-01 2.641825637370946432e-32 2.245357738617540373e-32 1.701294314704216142e-03 1.069122917284885893e-03
2.750721400964839872e-02 4.644308179610902310e-02 1.760106935932704286e-01 2.710844750519947888e-01 3.157953110266845109e-01 1.603888072903028317e-01 1.677399161313883990e-32 1.450935278606374960e-32 1.054557555976943324e-03 1.715859676012034896e-03
1.789481999089386193e-03 3.459156792383802359e-03 5.494246572089494206e-03 1.417399255218035684e-02 7.510939754088915565e-01 2.237753883545551825e-01 3.223632213136682168e-32 2.729365813293078431e-32 7.127670071738822035e-05 1.424816200926701574e-04
4.117402863737314352e-03 1.131235927726748688e-03 1.759586171777975314e-02 2.072377406459078881e-03 1.588736747910188957e-02 9.589819962843837420e-01 2.537605052011748026e-32 2.293051485967443888e-32 1.705531694914647458e-04 4.320515131824492544e-05
1.043708748752204818e-01 1.041126579194542878e-01 2.338018811331301072e-01 2.340921747869710856e-01 1.558004435239688790e-01 1.557130227245819010e-01 9.450009442850436368e-32 9.263865111783183313e-32 6.054254166394607527e-03 6.054690870277656956e-03
8.473402893486819965e-02 1.237495038598135366e-01 2.558780911986006656e-01 2.120159647214990284e-01 1.491522791360435085e-01 1.623611871125013040e-01 1.594952485429062553e-32 1.573242715909497811e-32 6.087464560526147095e-03 6.021480476146468669e-03
8.430337419331947191e-02 1.549333938126990218e-01 1.403455856774600552e-01 3.901927229033332334e-01 6.110140660655584421e-02 1.265912339974727407e-01 7.074688215089349930e-32 6.448600129193494840e-32 3.466357306987825904e-02 7.868709739280907098e-03
8.091365298450095556e-02 1.583231150215189120e-01 1.283547615975283995e-01 4.021835469832637511e-01 5.795837680046354856e-02 1.297342638035648976e-01 6.784283675057309247e-32 5.923620769325556220e-32 3.594952933901911230e-02 6.582753470140541296e-03
4.804887038383252873e-02 2.539538365247844265e-01 4.263939256467809136e-01 8.005594498889469224e-02 7.692873409666076134e-02 9.891676888303863047e-02 6.121721682404160065e-32 5.274546893694713146e-32 8.585430376722918283e-03 7.116489099285437658e-03
1.966312207775448018e-01 1.053714861310754564e-01 1.764742070444947075e-01 3.299756635911777480e-01 9.279544168671176319e-02 8.305006129298452000e-02 8.106168639257339636e-32 7.216766854974681624e-32 7.525432885247262949e-03 8.176486590763455686e-03
3.237254184486198366e-02 2.976382762880666957e-02 2.216483112827604129e-01 1.565252172213557058e-01 3.329632463433406797e-01 2.241278883800241206e-01 8.771152207109246323e-32 7.489047196631693700e-32 1.307116366791463181e-03 1.291850932059731899e-03
3.034127362727643412e-02 3.179509584639635122e-02 1.709403915023162412e-01 2.072331370018212493e-01 2.482188913580050671e-01 3.088722433653340871e-01 1.494991520151466175e-31 1.258863240987685763e-31 1.295229977624180783e-03 1.303737321227236125e-03
7.027651537173766616e-02 6.177289586665665744e-02 1.963599436683104715e-01 2.269473505765703669e-01 2.471626718503259490e-01 1.917401012390673176e-01 3.427598191465610898e-32 3.332952620364391594e-32 2.582666279803208335e-03 3.157855147528760252e-03
8.717403262034988110e-02 4.487537861808211376e-02 1.355797975773160025e-01 2.877274966676325318e-01 3.572926985176390624e-01 8.161007457164745627e-02 1.977898428740573896e-31 1.790366253939481849e-31 1.439710176491154235e-03 4.300811250842005024e-03
8.737743164289257791e-02 7.571438407325682685e-02 4.317886188196475294e-01 3.675276968962211677e-01 1.481413089668397534e-02 1.701833522967442780e-02 1.624286881150407313e-32 1.554142064295839756e-32 3.104690268604462251e-03 2.654712173018902634e-03
8.159109140094164547e-02 8.150072431520706540e-02 3.999071096094422018e-01 3.994092061064203336e-01 1.590769380615310660e-02 1.592477232021205155e-02 3.554422277040395608e-32 3.468545829383333125e-32 2.881444470545490091e-03 2.877957971077863084e-03
5.481649435020496952e-02 4.515318705723762871e-02 1.091412095313636643e-01 1.498464396170751112e-01 3.917241330359881313e-01 2.440478774755689972e-01 6.493111346113062552e-32 5.872162792587875422e-32 2.220778155179215473e-03 3.049880777382703387e-03
5.013291148968231775e-02 4.983676991775434773e-02 1.288700986355271194e-01 1.301175505128881471e-01 3.201488474245363092e-01 3.156231630870496851e-01 6.759671908117840609e-32 6.207128562403934033e-32 2.622625132950702920e-03 2.648033799611248899e-03
2.856414260125160823e-02 3.132113246787499722e-02 1.426287869099105432e-01 1.337789424820082229e-01 3.064058617492405601e-01 3.539100405330197763e-01 2.654872866284330286e-32 2.633699062545874175e-32 1.767276343242763989e-03 1.623816913450282793e-03
2.387773395067833634e-02 3.600754111840587246e-02 1.576720005193705254e-01 1.187357288724295301e-01 2.256569271649693509e-01 4.346589751174571026e-01 3.928240283625342136e-32 3.715919219148940226e-32 2.011132703004332375e-03 1.379960553685571304e-03
1.954394433964487532e-02 1.912949606535221253e-02 1.080736197242436886e-01 9.467921015673078089e-02 3.275648520550505927e-01 4.293326979809641286e-01 1.270978995387722403e-31 1.100938269949635913e-31 9.098063236209507666e-04 7.663733543925835192e-04
1.943474339521214511e-02 1.923869700978351679e-02 1.045443923981477924e-01 9.820843748281803121e-02 3.543791629770077778e-01 4.025183870590169910e-01 9.924400555438914568e-32 8.427225258258863633e-32 8.720138735758465763e-04 8.041658044375627010e-04
3.300334562597486560e-02 3.688001800279576414e-02 1.903951827290106258e-01 2.246588254448819155e-01 2.047552506067068789e-01 3.069758005589075522e-01 1.435317609074163230e-32 1.385709689248030189e-32 1.585434740548734463e-03 1.746142291173286227e-03
3.930231863372070367e-02 3.058104499504983240e-02 2.460681258192340404e-01 1.689858823546585564e-01 3.708473064728185498e-01 1.408837446927953263e-01 1.607411004364733810e-32 1.570612774539077748e-32 1.846558824589508534e-03 1.485018207132444718e-03
1.267881765459679400e-01 3.304473741207698129e-02 6.543046184496200679e-01 1.625708893235510710e-01 8.733004679900955788e-03 8.719637247379329395e-03 2.194293778411779764e-32 1.999333966328969467e-32 4.664429421077219418e-03 1.174506920424934261e-03
1.092551309893617928e-01 5.057778296868180312e-02 5.623345568203159672e-01 2.545409509528472891e-01 8.730504539041387957e-03 8.722137388249702819e-03 1.602814866588663207e-32 1.349676726651318032e-32 4.011701392766197499e-03 1.827234948735926255e-03
1.775533403277821665e-01 1.024534957044286876e-01 1.906601086221953456e-01 3.359853741493921131e-01 1.027155536490268195e-01 7.831410408147418400e-02 1.187646031490688985e-31 1.109434601801250403e-31 5.365241201596056449e-03 6.952782264105712359e-03
1.918846559628372417e-01 8.812218006936640979e-02 1.629276644278650765e-01 3.637178183437094203e-01 1.073720862618248173e-01 7.365757146869511551e-02 2.090192522925223925e-31 1.845169134183207260e-31 5.062290480931201653e-03 7.255732984770055412e-03
3.178193676600042650e-02 3.130838370436778845e-02 1.394272103745314850e-01 1.235067607701131331e-01 3.215739129610007963e-01 3.499250633549372269e-01 2.758901924123357586e-32 2.566232845872425706e-32 1.322322092552009366e-03 1.154409976497766232e-03
3.169697837442071037e-02 3.139334209596775921e-02 1.365709817886701927e-01 1.263629893559974904e-01 3.266602872914547429e-01 3.448386890244385383e-01 2.366573944927317639e-32 2.223814820331539585e-32 1.292197605009634976e-03 1.184534464041031403e-03
7.915438302080861355e-02 9.956982292461932782e-02 2.802492901643936496e-01 1.714618433223817906e-01 2.876376920900308165e-01 6.191538392850733097e-02 2.319358939519251567e-31 1.941168954104939075e-31 4.893125004932085027e-03 1.511845954432601384e-02
1.002660581076331436e-01 7.845814783778186363e-02 1.677518253987808350e-01 2.839593080879770914e-01 5.421749383778523557e-02 2.953355821807842063e-01 3.991805909740666938e-32 3.829206391420084623e-32 1.546717785252603797e-02 4.544406696730993178e-03
8.129035178498994485e-02 1.427614973703503765e-01 3.025791473401206466e-01 2.051289097827392327e-01 1.032277943901633438e-01 1.542632494836769508e-01 2.734572594038190837e-32 2.357931522890185294e-32 5.977658460294663773e-03 4.771391387664330151e-03
5.226540470529740523e-02 1.717864444500331600e-01 3.485924103283640219e-01 1.591156467944947750e-01 7.913028702841902462e-02 1.783607568454336212e-01 1.667350203631941982e-32 1.590650727592232066e-32 6.547223865553779276e-03 4.201825982404436624e-03
6.518341044357960079e-02 6.566276336579139616e-02 2.820068931647571886e-01 2.861051133431322668e-01 1.487356734420007265e-01 1.473262408176258809e-01 5.175256011326854151e-32 4.925778092345585553e-32 2.474818096908514356e-03 2.505087326203459235e-03
7.436985670566678697e-02 5.647631710370731861e-02 3.605462692591254736e-01 2.075657372487380026e-01 1.217249336213625799e-01 1.743369806382867870e-01 8.018148640471183007e-32 7.565469243742164724e-32 3.054905617883394743e-03 1.924999805228850116e-03
3.313609357774132541e-02 6.047816715097759088e-02 2.144482034139220394e-01 1.304923719951682493e-01 2.217797219424793020e-01 3.339218012478682995e-01 1.041110039138224058e-31 9.431449827324126172e-32 3.328494363554250924e-03 2.415146308288459390e-03
4.970831783361494283e-02 4.390594289509551496e-02 1.635619799483756798e-01 1.813785954606935424e-01 2.897498296883931901e-01 2.659516935019852202e-01 3.942750971485740319e-32 3.642480501487064275e-32 2.774907644719088080e-03 2.968733027122891482e-03
1.327789638899556923e-01 1.000103880898134401e-01 1.203661085948467546e-01 4.040584421644740076e-01 9.977573569561112854e-02 1.139381120488842658e-01 1.731527952458948158e-31 1.469483337150963558e-31 2.173597278345878667e-02 7.336276732954936410e-03
1.045081324183692317e-01 1.282812195614189410e-01 3.651194418201473280e-01 1.593051089391860076e-01 1.119942146909118086e-01 1.017196330535485582e-01 1.365392641179572371e-31 1.208089164932466846e-31 9.312748082793908047e-03 1.975950143362278227e-02
5.464061117014379354e-02 3.411537082772300722e-02 6.989092402859167774e-02 1.522697830336046665e-01 2.136844789548815737e-01 4.647083713011522232e-01 4.948649551894559405e-32 4.741696686129045731e-32 6.757237534094611558e-03 3.933223149807942541e-03
3.207551382624337921e-02 5.668046817160150852e-02 1.604568293001300272e-01 6.170387776207439390e-02 4.896558425997462605e-01 1.887370076563055776e-01 3.571102122190867643e-32 3.072085621905635336e-32 3.652564535440374835e-03 7.037896148457767863e-03
8.213590288893431526e-03 3.616579648350128073e-02 1.210703079252866132e-01 3.538505459978515399e-01 7.415043370206161888e-02 4.032201326353839210e-01 1.029628211644663700e-31 9.700702458539307711e-32 1.996142822948602721e-03 1.333050144074602629e-03
2.620706796735895391e-02 1.817231880500842778e-02 2.709162982056371183e-01 2.040045557174923196e-01 2.859801633913788277e-01 1.913904029461061806e-01 5.682536633892352216e-32 5.148277392201958640e-32 1.569294822721240901e-03 1.759898144298005160e-03
6.674067288631556349e-02 4.082144606219704347e-02 2.245299675591040378e-01 1.873418771127976223e-01 2.988984053426703702e-01 1.753527255090011616e-01 8.988811245044937386e-32 7.593381137286038649e-32 3.128283420068025001e-03 3.186622107845952720e-03
4.256437416536944934e-02 6.499774478314646053e-02 1.898425754700687473e-01 2.220292692018401848e-01 1.836605056317930085e-01 2.905906252198681150e-01 1.486586404824243369e-31 1.230770781976056012e-31 3.182699145979378530e-03 3.132206381935155170e-03
2.615147316885911566e-02 1.930041567901860655e-02 1.380937695624842865e-01 6.002890502528018118e-02 1.219841608041198899e-01 6.310264914027297056e-01 1.720889153518185842e-31 1.465147641687157775e-31 1.860880032298553675e-03 1.553904325209663068e-03
2.174365128424275012e-02 2.370823756363543006e-02 8.786852786267143611e-02 1.102541467251534069e-01 4.494909622485986356e-01 3.035196899581912855e-01 4.332776605138269891e-31 3.804103717058367044e-31 1.663378516399552538e-03 1.751405841107974218e-03
2.747329496328181075e-02 1.346958326129198656e-02 2.834783780989982849e-01 1.426479701572036241e-01 4.351497920006065501e-01 9.582386727006665661e-02 4.226892201430238806e-31 3.885578918489485316e-31 9.700731992600671125e-04 9.870410492914855234e-04
1.707393280515556722e-02 2.386894541942592013e-02 1.788956470180846914e-01 2.472307012381322056e-01 1.831613723581034248e-01 3.478122869125476746e-01 1.900042307667296342e-31 1.750806641573988530e-31 9.826737741128414166e-04 9.744404744378496038e-04
4.748392756262331815e-02 3.162046166834015654e-02 2.250699716573085207e-01 1.230965023043750911e-01 3.000504066552263094e-01 2.696646370289007000e-01 1.108719378522270873e-31 9.983460548012298785e-32 1.848429590332531080e-03 1.165663532893607005e-03
2.740099926947190193e-02 5.170338996151567501e-02 9.597297063186978339e-02 2.521935033298929874e-01 2.615824428062746287e-01 3.081326008777487413e-01 2.280310087952212685e-31 2.063275718947225923e-31 9.840572101769296670e-04 2.030035913050324062e-03
2.064520681218906181e-02 1.027908097349924943e-02 1.398540144047862310e-01 1.467877145400254268e-01 1.147026587029952582e-01 5.662507983469219353e-01 1.678057839934307623e-31 1.413985178430845821e-31 7.342701153099526418e-04 7.462561042729672599e-04
1.620034043988588177e-02 1.472394734579725653e-02 1.428270991469763884e-01 1.438146297978120935e-01 3.083209084340237105e-01 3.726325486159214329e-01 3.399041885108405062e-31 2.849064545719704416e-31 7.394095589274769006e-04 7.411166606553687333e-04
6.235469641216175724e-02 5.163960909577015868e-02 2.488087248756132297e-01 2.204959397765929308e-01 2.207459995622661486e-01 1.913042324153700624e-01 6.802871940516980634e-32 6.142361667967135229e-32 2.418284981170856513e-03 2.232512881054981874e-03
3.700085331625679180e-02 7.699345219166740806e-02 1.818155320239531747e-01 2.874891326282337234e-01 1.510814300943782995e-01 2.609688018832853063e-01 1.088735510713808555e-31 9.846937436249331595e-32 1.978714444892340756e-03 2.672083417332990658e-03
8.439552052810085636e-03 9.721761320130119233e-03 2.039841006898200082e-01 2.797448108891670837e-01 2.060401606642947581e-01 2.903268712487444003e-01 1.009129739024927349e-31 8.376717212281150137e-32 8.726224557652773875e-04 8.701206792685262439e-04
1.177104807184623132e-02 6.390265301094303144e-03 4.008291172257562041e-01 8.289979435323677204e-02 4.250378297080543710e-01 7.132920220497825092e-02 1.486330414411126690e-31 1.277314188886165529e-31 8.661222231960187274e-04 8.766209118378730496e-04
1.212791100263361926e-01 2.495177682919782688e-02 6.524033615663145103e-01 4.172049982916836708e-02 1.476982323486716181e-02 1.389857382566700994e-01 1.389433841908969444e-31 1.357415674130682833e-31 5.377392887201232555e-03 5.122973702437807206e-04
6.192175075382697763e-02 8.430913610170104322e-02 2.760976877498214077e-01 4.180261736456332700e-01 9.131225880945983975e-02 6.244330268211162327e-02 2.076657205897489166e-31 1.981753970257264534e-31 2.379497970873547738e-03 3.510192286571347468e-03
3.273584117145995898e-02 3.465043078762652939e-02 2.113080742492627895e-01 2.281454411502804869e-01 2.292707873142691977e-01 2.599122182046663676e-01 5.066180417399758353e-32 4.677864527496629945e-32 1.923880915077037573e-03 2.053326207357034170e-03
3.489804888111396747e-02 3.248822307796096764e-02 2.303230549095240387e-01 2.091304604900161845e-01 2.638751419742507709e-01 2.253078635447011147e-01 7.774288112509061375e-32 7.188309635491759196e-32 2.070067652215156536e-03 1.907139470217753810e-03
4.303941489275288357e-02 5.236827176537536127e-02 1.653621250340391036e-01 9.843320091474191957e-02 2.177961741201404067e-01 4.154992887955263337e-01 2.626810540990473462e-31 2.274269762629040681e-31 3.741169537406349374e-03 3.760354940018719588e-03
4.047577295536937403e-02 5.493191370277214491e-02 1.837547104322048153e-01 8.004061551660379692e-02 1.634658308791545056e-01 4.698296320364683809e-01 6.416068839895002388e-32 5.805990474866179030e-32 3.735897240555216981e-03 3.765627236870966975e-03
7.016499466611732239e-02 1.045097001201557296e-01 2.481185000773558635e-01 1.737027840735043405e-01 2.396141778099176722e-01 1.482895262902849676e-01 8.011154377670231264e-32 7.094994234126164926e-32 6.812649216777488803e-03 8.787667745885418408e-03
8.140742766736920599e-02 9.326726711886235144e-02 2.237591791760095428e-01 1.980621049747585682e-01 2.097198676827772557e-01 1.781838364175633294e-01 2.386124537396391481e-31 1.947134349051036172e-31 7.459153916589468004e-03 8.141163046068773668e-03
2.889240004765885814e-02 5.557954280505969513e-02 1.194386860533554057e-01 1.080566881635828536e-01 5.138128082651961526e-01 1.668693193756864701e-01 3.319388335330714100e-31 2.996877643452914752e-31 2.739808914115690521e-03 4.610746375344674380e-03
3.344964513279921614e-02 5.102229771982565859e-02 1.174950327213221540e-01 1.100003414954053987e-01 4.545668063993557606e-01 2.261153212418395286e-01 2.889785329182593972e-31 2.483319482547219683e-31 3.059300611944504658e-03 4.291254677506700470e-03
1.188647979516709724e-02 8.844509235382672085e-03 1.308534418368573760e-01 3.489638708796121702e-01 1.422603720839225594e-01 3.544836979834760093e-01 7.329537669547033560e-32 6.712193533022776883e-32 1.355947562095483798e-03 1.351680623485987083e-03
9.685929286170864155e-03 1.104505974433414583e-02 2.886337379341178400e-01 1.911835747824940368e-01 2.957819590438330870e-01 2.009621110234702246e-01 4.522255887285091238e-32 4.294703330428747330e-32 1.352860874125700425e-03 1.354767311454424094e-03
5.378632451036067380e-02 4.644041370595752838e-02 1.809135659101768767e-01 1.866954167299452461e-01 2.635299226192731603e-01 2.614797540336915582e-01 9.939812214755958930e-32 9.460978984533339695e-32 3.420855498415086536e-03 3.733746992179942398e-03
5.676125920425782040e-02 4.346547901205728009e-02 1.785720416176996839e-01 1.890369410224339852e-01 2.643601964705507568e-01 2.606494801824052465e-01 8.294829101266190949e-32 6.572243604526144374e-32 3.294141223628678939e-03 3.860461266966445405e-03
5.042603831314709795e-02 2.669541610200998685e-02 1.931511133973153882e-01 1.681795443702344961e-01 1.500117839165280298e-01 4.067109674622464977e-01 1.311450182970446982e-31 1.166521491388949073e-31 1.746601264918573593e-03 3.078535173599101539e-03
3.717625085256533873e-02 3.994520356260272687e-02 1.792084540257829484e-01 1.821222037419184259e-01 2.933375506419527712e-01 2.633852007366480064e-01 2.116315880279018271e-31 1.930350802767787092e-31 2.490275031442154997e-03 2.334861407087314954e-03
1.024830128262570195e-01 8.965504077178178266e-02 2.597248003211364842e-01 2.755499176808539064e-01 1.199711185032157068e-01 1.311468928956860125e-01 2.560367820390502277e-31 2.272392231191295737e-31 1.139339597172411844e-02 1.007582102934284282e-02
1.334811154252570076e-01 5.865693817276884658e-02 2.214842577422004855e-01 3.137904602597768045e-01 9.296546244372352885e-02 1.581525489552070840e-01 2.238516566103025785e-31 1.903597388044199357e-31 1.457724475721208952e-02 6.891972243853091047e-03
2.524196547049645939e-02 2.183439288917062016e-02 2.291242300964193290e-01 2.036373409392228939e-01 2.848588346413837291e-01 2.325309063907674556e-01 8.384942349032203039e-32 7.617882843338536703e-32 1.368987428533880802e-03 1.403342144005290896e-03
2.901447968318414394e-02 1.806187867647072315e-02 2.573406948326844024e-01 1.754208762020728896e-01 3.427909397804571601e-01 1.745988012525813426e-01 3.992686697449068023e-31 3.542350538672143731e-31 1.330953417747814159e-03 1.441376154801256738e-03
4.110601314481687057e-02 1.698325331495549942e-02 7.469568345807328646e-02 1.229681034540602569e-01 6.802382664969172099e-01 5.955255119837106481e-02 3.367062042552435009e-31 2.908293942443115038e-31 2.276281519724185354e-03 2.179847413081723723e-03
1.689287587047590133e-02 4.119639058928240005e-02 1.231489591264569305e-01 7.451482778215567926e-02 5.722711293463390858e-02 6.825637047641469612e-01 1.415125403933253558e-31 1.273226140387667150e-31 2.179486116602989861e-03 2.276642816244481022e-03
1.834524915557590383e-02 1.275697776012475471e-01 6.345877865543231300e-02 6.824849167081344925e-01 8.501129752884484247e-02 1.703686105982389620e-02 9.966588366303052471e-32 9.358396489470300123e-32 5.387753770443798936e-04 5.554343913893749519e-03
4.093081098056054051e-02 1.049842157763233863e-01 1.914616486261669637e-01 5.544820467375218831e-01 7.095547271314583959e-02 3.109268587533935840e-02 1.015813161125979403e-31 9.287738918175734954e-32 1.575899866281916606e-03 4.517219424658075466e-03
3.445361136441236431e-03 4.198570733563306880e-03 1.620271618515317924e-01 3.336011585198699336e-01 1.576832266259493298e-01 3.375737681332343643e-01 3.109542264323329109e-31 2.878594347040652634e-31 9.399499454819755170e-04 5.308030539268219312e-04
4.567894092246496326e-03 3.076037777735267896e-03 4.177295139662049461e-01 7.789880640515897681e-02 4.257799981635769226e-01 6.947699659566872188e-02 2.240075845842063252e-31 2.048684267031752519e-31 3.301849195307220413e-04 1.140568079877123586e-03
3.832615679758224255e-03 9.887735487862540223e-03 1.618825474279270496e-02 4.563924140175809607e-02 7.247721654877312680e-01 1.990332826421417622e-01 6.310065514794037078e-32 5.642358219279723461e-32 2.002120287942821307e-04 4.464925291605150413e-04
6.070168936834626286e-03 7.650182230816244752e-03 2.707130135639611995e-02 3.475619478828154141e-02 5.304954563635743137e-01 3.933099917661401212e-01 1.298810935876305194e-31 1.092065623679674153e-31 2.912202587245606763e-04 3.554842992322294762e-04
6.458777205503245245e-02 4.891229496678591027e-02 3.484501870182470928e-01 1.535587294718717133e-01 1.742688783726048518e-01 2.050189369549681451e-01 1.698618347648460302e-31 1.422723013176800433e-31 3.613938557160236917e-03 1.589262603328375680e-03
4.645318811177948093e-02 6.704687891009589173e-02 1.229849283341526711e-01 3.790239881561150992e-01 2.098428845405361232e-01 1.694449307868295951e-01 2.360058312643457940e-31 1.975608242021789229e-31 1.271639446520890547e-03 3.931561713970524279e-03
1.774736443025708849e-02 1.534039452792143772e-02 7.711384092315577699e-02 1.280739258272046710e-01 3.259535939588329434e-01 4.344603007364233327e-01 2.005780603705039562e-31 1.752362779025494778e-31 7.182415759770133679e-04 5.923380202276480946e-04
1.813362794937931413e-02 1.495413100881355997e-02 6.893591492887718442e-02 1.362518518214590746e-01 3.085407537029251079e-01 4.518731409923405495e-01 2.195865393620483432e-31 1.782681062121967554e-31 7.384462118849535088e-04 5.721333843203402604e-04
1.202908502024507137e-02 9.811790934125933644e-03 1.190604666191471400e-01 3.362280610302347816e-01 1.256401440807619618e-01 3.955948257220280873e-01 1.325924931951870082e-31 1.261002731893163905e-31 1.204505215770694526e-03 4.311213776868266052e-04
9.448934120777926701e-03 1.239194183357025109e-02 3.717672083968244223e-01 8.352131925344859209e-02 4.397724998299831212e-01 8.146246997193710981e-02 1.216052408556827849e-31 1.100766539705929060e-31 3.045582858682658201e-04 1.331068307590419419e-03
4.764165361412284324e-04 8.788170070925754949e-04 1.670417924579842804e-03 5.100083001403745223e-03 8.467190284794238186e-01 1.443244209218003671e-01 1.273184568021957317e-31 9.848743251309989821e-32 3.413233694299007176e-04 4.894927601291128739e-04
8.857142758736170386e-04 4.695192673599412085e-04 5.158868523714228715e-03 1.611632402267213892e-03 1.322851596676342112e-01 8.587582897335928056e-01 1.142291432715485266e-31 9.011949938023923176e-32 4.920324294052644872e-04 3.387837001534923652e-04
9.759321278867198702e-04 3.077627592112672575e-03 7.046296190350890068e-03 1.283972216110793735e-02 7.751366415737261928e-01 1.957231852606968192e-01 5.475407455130136604e-33 6.414494403733519105e-33 1.059150312251223598e-03 4.141444781867317619e-03
3.052245228958668302e-03 1.001314491040737479e-03 1.276975444009468760e-02 7.116263911364130272e-03 2.027208131353313847e-01 7.681390136990932094e-01 1.402007567673168473e-32 1.281201150005678167e-32 4.104219637260464980e-03 1.096375456858087512e-03
5.353774734036361100e-05 1.164193322120860800e-03 3.292850952166997752e-04 4.034350647819695372e-03 9.689939074442281974e-01 2.441773772831097936e-02 4.292712151497640110e-32 3.883126803608763395e-32 4.575051482212947397e-05 9.612375001415429665e-04
1.164194540228251579e-03 5.353652923298081413e-05 4.034354711336479715e-03 3.292810316998334664e-04 2.441670176790096403e-02 9.689949434046382093e-01 4.576163902451141497e-32 4.215460516207024278e-32 9.612385041985077073e-04 4.574951076518100294e-05
3.368425125987486155e-04 3.032341074362244690e-03 8.380109709787638556e-03 1.210808234595792642e-02 9.571367651973112789e-01 1.141086881511070919e-02 8.387203518159013243e-32 5.905745497302691547e-32 1.158329899940598457e-04 7.479157354877937966e-03
3.041012702730509689e-03 3.281708842305053548e-04 1.212007552366774210e-02 8.368116532077833278e-03 8.368395104315043409e-03 9.601792389081074131e-01 2.236277372889817496e-32 2.214879643471578446e-32 7.502845741639792287e-03 9.214460323218770271e-05
3.457292954173206206e-04 1.924689314260377530e-03 1.242764341114243470e-02 8.049329770957210431e-03 9.534563895330692151e-01 1.344846507527817404e-02 8.619479507900119497e-33 8.303951528321115529e-33 1.513100992915041227e-04 1.019644350058380132e-02
1.922669035266152959e-03 3.477495744115737604e-04 8.054931822289721974e-03 1.242204135980999082e-02 1.465120500633724197e-02 9.522536496020107544e-01 1.341875350501646226e-32 1.247560483605628007e-32 1.018359075462260503e-02 1.641628452526915473e-04
3.367512946762301826e-04 6.544295214112033762e-04 1.681006338402865272e-02 2.830677967542734059e-03 9.645514773326607783e-01 1.765037135528633571e-03 1.118929336640726197e-32 1.114596140942146809e-32 3.450992855024373896e-05 1.301705343560293458e-02
6.543865957016426014e-04 3.367942203858011489e-04 2.832566907318305027e-03 1.680817444425314680e-02 1.895131953583027197e-03 9.644213825146056296e-01 8.265937113113213220e-33 8.024041024559742870e-33 1.301529919233055353e-02 3.626417182260160141e-05
3.141993290847163643e-05 1.120489676520981717e-03 3.740207715168039756e-04 3.810233956035279264e-03 9.829720266398260797e-01 1.011394018302320778e-02 1.809124387166141136e-32 1.745986162177391310e-32 2.144924118225281654e-05 1.556419598989320675e-03
1.119083974134216100e-03 3.282563529524112851e-05 3.805798709253987999e-03 3.784560182980768630e-04 1.136964390828103418e-02 9.817163229145697834e-01 1.390788898670390949e-32 8.597225885934029143e-33 1.554438356274390632e-03 2.343048389718782690e-05
2.757216579365956926e-05 9.198598972564043510e-04 5.820152084815889432e-04 3.032877835412635566e-03 9.887233098415699750e-01 4.292379993332876703e-03 7.648315870421628518e-33 9.076884784671701559e-33 1.358634980800224812e-05 2.408398708346045410e-03
9.202668061132888468e-04 2.716525693678340154e-05 3.033995499227483839e-03 5.808975446667597516e-04 3.843451189076076743e-03 9.891722386458312588e-01 2.327386949530254523e-33 2.664958863739547994e-33 2.409490811627187142e-03 1.249424652686750420e-05
4.745802891765047902e-05 5.409730879562678514e-04 9.096101503674250410e-04 1.790856159516198386e-03 9.544091478280610774e-01 3.884803849274112014e-02 2.960470834639126964e-32 1.694341178116571319e-32 1.375234956448330556e-04 3.316392756801027266e-03
5.398235808332067657e-04 4.860753604071748046e-05 1.788803540156090046e-03 9.116627697275621117e-04 4.098058540799408983e-02 9.522766009128099673e-01 2.920982354310500998e-32 1.942893686565900993e-32 3.308988458204516550e-03 1.449277942413442865e-04
2.773891035736979072e-05 1.738991811873117190e-04 1.170706909303271658e-03 5.624748685939987914e-04 9.934116821825116350e-01 2.636205262646326209e-04 7.177286836597848327e-33 5.365465661227881851e-33 2.236167414144933725e-06 4.387641254371800817e-03
1.738903132614561670e-04 2.774777828322797532e-05 5.625117716225086408e-04 1.170670006274798346e-03 3.238774163624777284e-04 9.933514252924132704e-01 5.819811808318000050e-33 3.844549224246137086e-33 4.387375180376827839e-03 2.502241409112726659e-06
