0.000000000000000000e+00 1.190246318163171822e-18 1.002567111269055793e-08 -1.002567111269055793e-08 -1.439292422778836020e-19
0.000000000000000000e+00 -7.439039488519829908e-20 1.002567156224951116e-08 -1.002567156224951116e-08 -3.234364995008623164e-19
0.000000000000000000e+00 1.512947167700551489e-31 -1.910782907880096208e-29 1.910782907880096208e-29 -5.343074256885955124e-32
0.000000000000000000e+00 1.207582706032186209e-31 -5.178387916107799096e-28 5.178387916107799096e-28 4.227498220069514997e-31
0.000000000000000000e+00 2.653699657563142257e-31 5.012480160927871700e-28 -5.012480160927871700e-28 -6.342349625515288178e-31
0.000000000000000000e+00 4.026559864288486288e-31 -6.274063467563604272e-28 6.274063467563604272e-28 -2.556772914094240061e-31
0.000000000000000000e+00 2.207274510869429908e-31 -5.027057002543641511e-28 5.027057002543641511e-28 7.072945986854385393e-31
0.000000000000000000e+00 1.483478779203472998e-31 3.588262202251100535e-29 -3.588262202251100535e-29 -4.396070745583582923e-31
0.000000000000000000e+00 -2.282509654761606231e-18 2.875259934134115866e-07 -2.875259934134115866e-07 3.760953408414012084e-19
0.000000000000000000e+00 -1.369505792856963662e-17 2.875259938201133445e-07 -2.875259938201133445e-07 1.745601133698365650e-17
0.000000000000000000e+00 -9.138977459312481146e-32 -1.233382567026767733e-28 1.233382567026767733e-28 -2.756970246168535134e-30
0.000000000000000000e+00 4.131261963526395246e-30 2.434871448952353564e-28 -2.434871448952353564e-28 2.510429147888452663e-30
0.000000000000000000e+00 1.560645805584432891e-19 2.171390417131101954e-07 -2.171390417131101954e-07 5.826411007515218310e-18
0.000000000000000000e+00 -1.248516644467546506e-18 2.171390415647448573e-07 -2.171390415647448573e-07 -3.563474589417790052e-18
0.000000000000000000e+00 1.169076584900913719e-18 5.260565120431697225e-09 -5.260565120431697225e-09 1.912164783277174470e-19
0.000000000000000000e+00 4.396248996145497268e-19 5.260564767774371951e-09 -5.260564767774371951e-09 -5.796535713436288190e-19
0.000000000000000000e+00 2.300020997130443214e-31 1.239711143792548819e-28 -1.239711143792548819e-28 1.342473654166907533e-31
0.000000000000000000e+00 -7.987381955466527064e-32 3.415560305095396331e-29 -3.415560305095396331e-29 8.797813308877436435e-31
0.000000000000000000e+00 -8.814989623535378941e-31 1.047872939975019097e-28 -1.047872939975019097e-28 -1.563334703121061112e-30
0.000000000000000000e+00 2.025967937293542434e-31 -2.842649800559209512e-29 2.842649800559209512e-29 1.209028562733339204e-31
0.000000000000000000e+00 -1.545209504375290676e-31 8.888655574936143437e-30 -8.888655574936143437e-30 2.209596011407296420e-31
0.000000000000000000e+00 3.938865711457495358e-31 -1.565486038898657250e-28 1.565486038898657250e-28 -8.736002306392770016e-31
0.000000000000000000e+00 -4.116875418682588503e-19 2.008478131941555583e-08 -2.008478131941555583e-08 2.038833540680901780e-18
0.000000000000000000e+00 -9.083264812648887846e-19 2.008478094896211631e-08 -2.008478094896211631e-08 -8.887223126044958798e-19
0.000000000000000000e+00 -1.308242152666799174e-20 8.750780698889474939e-09 -8.750780698889474939e-09 -3.597665919833699345e-20
0.000000000000000000e+00 4.497082399792126439e-20 8.750780896218187859e-09 -8.750780896218187859e-09 1.962363229000201394e-20
0.000000000000000000e+00 8.217316130486136027e-30 8.194363003914459655e-28 -8.194363003914459655e-28 1.645620913729860602e-30
0.000000000000000000e+00 2.713675564776917797e-30 1.181540971457969887e-28 -1.181540971457969887e-28 -2.153402432274645973e-30
0.000000000000000000e+00 -1.131103734764196510e-20 2.726645458458121823e-10 -2.726645458458121823e-10 3.725988773340883683e-20
0.000000000000000000e+00 -1.469923043548766178e-19 2.726644637703918359e-10 -2.726644637703918359e-10 7.370087683531421555e-20
0.000000000000000000e+00 -2.970230466859079673e-31 1.657148440655899610e-29 -1.657148440655899610e-29 -4.608673660223823148e-31
0.000000000000000000e+00 1.627691140645859847e-30 4.161088204155269516e-28 -4.161088204155269516e-28 -1.390172177334479202e-31
0.000000000000000000e+00 3.109621963553948144e-17 1.024885644039200832e-06 -1.024885644039200832e-06 -6.891594621930374227e-17
0.000000000000000000e+00 1.314892091261219892e-16 1.024885642853762764e-06 -1.024885642853762764e-06 -1.086660546807809831e-18
0.000000000000000000e+00 -1.209634963894135615e-18 5.893343958613025591e-08 -5.893343958613025591e-08 -1.341117025186977004e-18
0.000000000000000000e+00 2.892605348442498902e-19 5.893343907392875111e-08 -5.893343907392875111e-08 1.238561017378561476e-17
0.000000000000000000e+00 -2.097661591104816407e-31 1.646772309053469169e-28 -1.646772309053469169e-28 -2.206896956928066552e-32
0.000000000000000000e+00 1.140466178892933100e-31 -3.089431316136411391e-28 3.089431316136411391e-28 -1.193142004447973772e-31
0.000000000000000000e+00 2.719611741798136516e-19 3.825299904979359264e-09 -3.825299904979359264e-09 4.366332144524573148e-20
0.000000000000000000e+00 -2.356996842891719630e-19 3.825299952927866988e-09 -3.825299952927866988e-09 -2.406444329106231658e-19
0.000000000000000000e+00 -1.504063734647415677e-18 5.478471383924501702e-08 -5.478471383924501702e-08 -2.005418312863222059e-18
0.000000000000000000e+00 8.410882726646739819e-20 5.478471289300426888e-08 -5.478471289300426888e-08 2.216514977375141934e-18
0.000000000000000000e+00 -2.216735482909374641e-32 9.003094558131692839e-30 -9.003094558131692839e-30 -8.476597171022805265e-32
0.000000000000000000e+00 -9.036961531014768379e-32 3.459989540335528947e-29 -3.459989540335528947e-29 -1.562107776454395612e-30
0.000000000000000000e+00 3.659222632817834328e-31 -2.017959924772954834e-28 2.017959924772954834e-28 6.329986640886432335e-31
0.000000000000000000e+00 -1.273884785908853968e-30 -3.202241168990683731e-28 3.202241168990683731e-28 -6.590281919624010932e-31
0.000000000000000000e+00 3.587711753267345184e-19 2.953211387517957313e-08 -2.953211387517957313e-08 1.206926073679798662e-19
0.000000000000000000e+00 1.315425421056835285e-19 2.953211364100946988e-08 -2.953211364100946988e-08 -3.095021383463813704e-18
0.000000000000000000e+00 8.870496739620124519e-31 -1.259354750858957472e-28 1.259354750858957472e-28 -4.859327688161174552e-31
0.000000000000000000e+00 5.171898927755745040e-31 -7.075857027422236122e-29 7.075857027422236122e-29 -2.121858350257219233e-31
0.000000000000000000e+00 -3.799880526635331771e-31 3.301459617202442561e-28 -3.301459617202442561e-28 2.402686222882652712e-31
0.000000000000000000e+00 4.848516745661954301e-32 9.813086339930858991e-29 -9.813086339930858991e-29 5.278379478466286321e-31
0.000000000000000000e+00 6.657553895190095738e-30 1.010531730944701200e-26 -1.010531730944701200e-26 -2.425227029427904946e-29
0.000000000000000000e+00 1.633721984815544842e-29 -1.751150457195712184e-27 1.751150457195712184e-27 -1.889438997529767433e-29
0.000000000000000000e+00 -1.029221026258838947e-17 2.175613777127718620e-07 -2.175613777127718620e-07 -6.233684050794517100e-19
0.000000000000000000e+00 -1.094210498277760883e-19 2.175613789207272686e-07 -2.175613789207272686e-07 2.069052578561584915e-18
0.000000000000000000e+00 -3.700420934032965511e-30 -4.940305484210503896e-28 4.940305484210503896e-28 -5.182890712561076672e-30
0.000000000000000000e+00 -8.562992369965625017e-31 3.729592357344376398e-28 -3.729592357344376398e-28 -2.260479151345085102e-30
0.000000000000000000e+00 8.288308739468202319e-18 1.897891213204766578e-07 -1.897891213204766578e-07 5.313018422736029952e-20
0.000000000000000000e+00 2.018947000639690575e-18 1.897891204793195781e-07 -1.897891204793195781e-07 0.000000000000000000e+00
0.000000000000000000e+00 -7.112002082621232091e-20 2.295350194822851909e-09 -2.295350194822851909e-09 -3.671246622503458252e-19
0.000000000000000000e+00 3.820754403510385607e-20 2.295350265920447068e-09 -2.295350265920447068e-09 -1.059013448799074785e-20
0.000000000000000000e+00 9.117484298492154093e-33 1.041980257911527848e-28 -1.041980257911527848e-28 -5.027965819567859326e-32
0.000000000000000000e+00 -1.772423891433918388e-31 -1.833792758638421314e-29 1.833792758638421314e-29 9.735337133413909774e-32
0.000000000000000000e+00 -1.831106489225498634e-20 3.740162583245116348e-09 -3.740162583245116348e-09 2.563549084915698809e-19
0.000000000000000000e+00 -2.663427620691634639e-19 3.740162743663362739e-09 -3.740162743663362739e-09 1.373329866919124878e-19
0.000000000000000000e+00 9.328297664869344269e-31 -9.628327820231119097e-29 9.628327820231119097e-29 -1.766085089782599053e-30
0.000000000000000000e+00 3.709207194825378306e-30 4.998419243903801349e-30 -4.998419243903801349e-30 -1.159599256338501017e-30
0.000000000000000000e+00 -5.335857117428431360e-19 1.451773604640214428e-07 -1.451773604640214428e-07 -1.600757135228530178e-19
0.000000000000000000e+00 3.276549761170898785e-19 1.451773616042942053e-07 -1.451773616042942053e-07 1.173888565834256305e-17
0.000000000000000000e+00 -9.791945948512139197e-31 -6.505667710103023713e-28 6.505667710103023713e-28 2.046731871119522127e-31
0.000000000000000000e+00 -2.206098545473762751e-30 1.009262371356420626e-27 -1.009262371356420626e-27 -4.430322066393553755e-30
0.000000000000000000e+00 4.980337086393622154e-31 -1.141634584958537683e-28 1.141634584958537683e-28 1.175323032525490216e-30
0.000000000000000000e+00 1.890970070085601157e-30 -6.976598487659386036e-28 6.976598487659386036e-28 5.629157516761597873e-31
0.000000000000000000e+00 2.286127870768779155e-17 6.128501206902154880e-07 -6.128501206902154880e-07 -4.700449827748894392e-18
0.000000000000000000e+00 -3.760359862199113665e-17 6.128501213551154934e-07 -6.128501213551154934e-07 -6.943846336447230755e-18
0.000000000000000000e+00 1.820826436010645554e-19 1.811773556869063869e-09 -1.811773556869063869e-09 -5.654584849445906198e-19
0.000000000000000000e+00 -2.605953431354686829e-19 1.811773491424553366e-09 -1.811773491424553366e-09 1.188653037498923037e-19
0.000000000000000000e+00 2.736993148492470740e-30 -7.112661594157990754e-28 7.112661594157990754e-28 3.749193000770581141e-30
0.000000000000000000e+00 -5.106520063894053719e-30 -9.264491473573336436e-28 9.264491473573336436e-28 -3.665356383278466317e-30
0.000000000000000000e+00 -7.521228020624334159e-20 1.214935267980073754e-08 -1.214935267980073754e-08 -2.807925127699752575e-19
0.000000000000000000e+00 7.019812819249384327e-19 1.214935210815399066e-08 -1.214935210815399066e-08 -2.540503686966445099e-19
0.000000000000000000e+00 -9.070738433571133128e-31 5.174264499828835519e-28 -5.174264499828835519e-28 6.941459760649845313e-32
0.000000000000000000e+00 5.520703043785642980e-31 3.414885502398067565e-28 -3.414885502398067565e-28 -5.372072044032577710e-31
0.000000000000000000e+00 -4.313917914205351472e-20 -3.420958392694732344e-10 3.420958392694732344e-10 4.073092399577384709e-20
0.000000000000000000e+00 7.559827024408412473e-20 -3.420957620272026191e-10 3.420957620272026191e-10 7.371354882525656818e-20
0.000000000000000000e+00 -4.232842919244107431e-30 -2.048982933194502312e-28 2.048982933194502312e-28 4.488241859575595874e-30
0.000000000000000000e+00 -1.604260052788933544e-29 -5.376259731967293256e-29 5.376259731967293256e-29 1.359140002047790795e-30
0.000000000000000000e+00 2.115455587952260794e-30 -4.846109811977295791e-28 4.846109811977295791e-28 -2.679313333828537575e-30
0.000000000000000000e+00 -3.165664880845751332e-30 -5.000659493690295643e-30 5.000659493690295643e-30 2.979504407213834750e-32
0.000000000000000000e+00 4.303165124345879301e-19 1.283211148138884600e-08 -1.283211148138884600e-08 -2.958426022987793223e-19
0.000000000000000000e+00 -2.420530382444557829e-19 1.283211134837734324e-08 -1.283211134837734324e-08 -6.790932461858345407e-19
0.000000000000000000e+00 -9.959782713233162425e-20 -1.767089252981867112e-09 1.767089252981867112e-09 2.286127340083899906e-19
0.000000000000000000e+00 2.796723795635726120e-19 -1.767089660225195456e-09 1.767089660225195456e-09 4.866425477605067473e-19
0.000000000000000000e+00 -1.140866812464919273e-31 2.288627912838331996e-29 -2.288627912838331996e-29 -6.264476021319496205e-31
0.000000000000000000e+00 7.857466203889665560e-31 -6.978782699375356380e-28 6.978782699375356380e-28 2.876275777143998664e-31
0.000000000000000000e+00 -2.815603038304252750e-19 1.765818568664447881e-09 -1.765818568664447881e-09 -6.111713181947856367e-20
0.000000000000000000e+00 -2.255011415408345915e-20 1.765818431861546026e-09 -1.765818431861546026e-09 7.334055818337427640e-20
0.000000000000000000e+00 2.839870384336429221e-19 5.104650745429432941e-09 -5.104650745429432941e-09 3.634357932335313154e-20
0.000000000000000000e+00 1.332034442176848891e-18 5.104650668224682670e-09 -5.104650668224682670e-09 5.274044999481942182e-19
0.000000000000000000e+00 1.102371404515890970e-30 1.798095313789071201e-29 -1.798095313789071201e-29 -2.040325356244726742e-31
0.000000000000000000e+00 7.682585929764809738e-31 -9.930024377312902442e-29 9.930024377312902442e-29 -1.933132088580031875e-31
0.000000000000000000e+00 4.592777973054827685e-19 7.609376158244216812e-09 -7.609376158244216812e-09 2.503613775366905395e-19
0.000000000000000000e+00 4.499738271943220942e-19 7.609376763719527310e-09 -7.609376763719527310e-09 4.736566602045497553e-19
0.000000000000000000e+00 1.487737525707630987e-30 2.543612952363129821e-28 -2.543612952363129821e-28 2.480227739840979697e-30
0.000000000000000000e+00 3.316551112239215988e-30 8.425316860399556765e-28 -8.425316860399556765e-28 1.276373073610448982e-29
0.000000000000000000e+00 -9.215666068386426832e-19 2.822070813642037820e-08 -2.822070813642037820e-08 -2.642727769610814724e-19
0.000000000000000000e+00 6.098602545255724064e-20 2.822070856215705092e-08 -2.822070856215705092e-08 4.065735030170484635e-19
0.000000000000000000e+00 1.165796587543215307e-18 5.159838066809566078e-08 -5.159838066809566078e-08 2.473928804960894442e-19
0.000000000000000000e+00 2.135034448116936006e-19 5.159838135767792172e-08 -5.159838135767792172e-08 1.247131233185766699e-18
0.000000000000000000e+00 -1.443676854987476175e-30 3.057199536266281508e-29 -3.057199536266281508e-29 4.465385921467134127e-31
0.000000000000000000e+00 9.051062160546631477e-31 -4.374652093153961624e-29 4.374652093153961624e-29 5.475652659919930282e-31
0.000000000000000000e+00 -1.767844389546159998e-30 2.795186028093676065e-28 -2.795186028093676065e-28 -1.691861083038003926e-30
0.000000000000000000e+00 1.211601338304136710e-30 4.805238503912303399e-29 -4.805238503912303399e-29 2.422077535695089116e-31
0.000000000000000000e+00 -1.907325240517606932e-19 1.470979382981417254e-07 -1.470979382981417254e-07 5.558490700937029822e-18
0.000000000000000000e+00 5.449500687193163074e-19 1.470979381116597988e-07 -1.470979381116597988e-07 -3.542175446675558069e-19
0.000000000000000000e+00 6.930600172816131153e-20 -7.273937305393038485e-10 7.273937305393038485e-10 -2.956167535251189153e-20
0.000000000000000000e+00 1.266700462354702408e-19 -7.273935948334611382e-10 7.273935948334611382e-10 -4.392934263384996618e-20
0.000000000000000000e+00 -2.053028449417233165e-30 3.635809530138903133e-29 -3.635809530138903133e-29 -1.796537097896309610e-31
0.000000000000000000e+00 -1.022808655969526958e-30 2.864012269824079168e-29 -2.864012269824079168e-29 3.433947136991683405e-31
0.000000000000000000e+00 2.536957193506145639e-31 2.059946116416785409e-29 -2.059946116416785409e-29 7.684932236669122182e-31
0.000000000000000000e+00 1.321092647800234167e-30 1.483333253589667513e-28 -1.483333253589667513e-28 1.431100669601412003e-30
0.000000000000000000e+00 7.541244312053863221e-31 2.441970983601668248e-29 -2.441970983601668248e-29 1.633858112639527899e-30
0.000000000000000000e+00 -2.273688509583045891e-30 1.334913517193159358e-29 -1.334913517193159358e-29 -1.057522033064557670e-30
0.000000000000000000e+00 4.347991127109993218e-31 -1.516702264190697357e-29 1.516702264190697357e-29 8.766238039837869474e-32
0.000000000000000000e+00 6.888038764564220240e-32 2.832716524109496041e-29 -2.832716524109496041e-29 -1.215004089870943224e-31
0.000000000000000000e+00 0.000000000000000000e+00 1.046023449336019906e-08 -1.046023449336019906e-08 -9.789464967811927524e-20
0.000000000000000000e+00 2.078114493167092037e-19 1.046023410551190233e-08 -1.046023410551190233e-08 2.005981593404268647e-18
0.000000000000000000e+00 -1.003309304938960628e-31 1.478616745467111744e-29 -1.478616745467111744e-29 -1.820190728317491909e-30
0.000000000000000000e+00 8.663736598687790725e-31 -7.211359592816270772e-29 7.211359592816270772e-29 -8.945729378591518473e-31
0.000000000000000000e+00 -9.893752238204067336e-21 -1.836048038865578388e-10 1.836048038865578388e-10 2.604335359034051219e-20
0.000000000000000000e+00 8.065558889840273971e-23 -1.836047370852332386e-10 1.836047370852332386e-10 4.882351647983314626e-20
0.000000000000000000e+00 -7.144519728253570511e-31 1.338008542645975292e-28 -1.338008542645975292e-28 -3.099636309514183664e-32
0.000000000000000000e+00 7.191212407993906249e-31 -5.677455901354481299e-29 5.677455901354481299e-29 1.742880048161439580e-31
0.000000000000000000e+00 2.582140162326839724e-21 1.148186751002426498e-08 -1.148186751002426498e-08 -1.101713135926118764e-19
0.000000000000000000e+00 3.942067314485641835e-19 1.148186765461034558e-08 -1.148186765461034558e-08 -2.100140665359164254e-19
0.000000000000000000e+00 -4.376135016444017129e-31 -1.373063910913829388e-28 1.373063910913829388e-28 -1.128548776838084976e-31
0.000000000000000000e+00 -1.048413198806421353e-31 -1.515644274246028901e-28 1.515644274246028901e-28 1.482547439132714314e-30
0.000000000000000000e+00 -2.143407828130604407e-19 2.192333697575173344e-09 -2.192333697575173344e-09 3.004656290793356504e-19
0.000000000000000000e+00 -2.218955938890495262e-19 2.192333772667405247e-09 -2.192333772667405247e-09 -2.780170475963967990e-19
0.000000000000000000e+00 -2.772447771973024568e-30 5.968448059544922717e-29 -5.968448059544922717e-29 3.162892181872476982e-30
0.000000000000000000e+00 -1.525173500151433559e-30 -1.380400744342858503e-29 1.380400744342858503e-29 -1.291405213223808005e-31
0.000000000000000000e+00 -3.016400178541051716e-30 9.441285370660931153e-29 -9.441285370660931153e-29 1.931278177530106167e-29
0.000000000000000000e+00 5.716193849448259588e-31 1.121115356035513937e-29 -1.121115356035513937e-29 -4.016205348729959726e-31
0.000000000000000000e+00 -9.525136241674720082e-31 -3.041070800428608729e-29 3.041070800428608729e-29 9.073752357074809945e-31
0.000000000000000000e+00 -2.570276423236564226e-30 2.082228377513426522e-29 -2.082228377513426522e-29 1.917026372341503918e-31
0.000000000000000000e+00 -3.191629598985675955e-30 -1.281065419811916997e-28 1.281065419811916997e-28 8.983733083131244161e-31
0.000000000000000000e+00 9.708798154801283441e-31 -1.178828132971409725e-29 1.178828132971409725e-29 -2.139456476030892443e-31
0.000000000000000000e+00 -8.677458690949448395e-22 1.110196079878913232e-09 -1.110196079878913232e-09 4.035018291291495479e-20
0.000000000000000000e+00 -2.473075726920592887e-20 1.110196225621170649e-09 -1.110196225621170649e-09 9.458429973134903303e-20
0.000000000000000000e+00 -4.449490088480622621e-21 1.398228646828145359e-09 -1.398228646828145359e-09 6.337810272372404042e-20
0.000000000000000000e+00 -2.552487972708885111e-19 1.398228832052821776e-09 -1.398228832052821776e-09 -4.948701171578454079e-20
0.000000000000000000e+00 -2.788682033950740609e-32 7.244654567584509587e-29 -7.244654567584509587e-29 -9.500301058579744209e-32
0.000000000000000000e+00 1.477845201450798012e-31 -1.312138088103494759e-29 1.312138088103494759e-29 -8.469937666603759342e-32
0.000000000000000000e+00 1.200065637278415541e-31 -5.735733071764428233e-29 5.735733071764428233e-29 -2.418278510493249682e-30
0.000000000000000000e+00 -5.093848074235718483e-31 -8.909138301914817028e-29 8.909138301914817028e-29 2.816218376325706688e-30
0.000000000000000000e+00 1.675499562255288641e-30 -1.749537338761458504e-28 1.749537338761458504e-28 -7.273676942484079975e-30
0.000000000000000000e+00 -5.941695865781465277e-30 -7.841957927640367215e-29 7.841957927640367215e-29 -6.140492204880248882e-31
0.000000000000000000e+00 -9.642939367163808184e-19 -1.092555149897905133e-08 1.092555149897905133e-08 1.187898327839020564e-19
0.000000000000000000e+00 1.355601621180999278e-18 -1.092555142416940749e-08 1.092555142416940749e-08 -6.406789878455306872e-19
0.000000000000000000e+00 4.166380657198067416e-31 -2.105797813266236640e-29 2.105797813266236640e-29 1.050971961972711599e-31
0.000000000000000000e+00 -9.046410228926267331e-32 -2.753676286422746457e-28 2.753676286422746457e-28 2.187884840531371010e-31
0.000000000000000000e+00 6.033583755804336892e-20 2.772471439957014986e-09 -2.772471439957014986e-09 -2.518365393727029101e-19
0.000000000000000000e+00 1.783842153889978565e-19 2.772471466273060176e-09 -2.772471466273060176e-09 1.346625939701259034e-19
0.000000000000000000e+00 -2.314681283355708488e-32 4.077217401886322678e-29 -4.077217401886322678e-29 -5.783186174021737760e-30
0.000000000000000000e+00 -1.507405283460889349e-30 -4.449932242543149520e-29 4.449932242543149520e-29 -2.245030942273421608e-30
0.000000000000000000e+00 3.851572364887150090e-20 1.229243194503254107e-09 -1.229243194503254107e-09 1.094196694570213627e-19
0.000000000000000000e+00 1.207993150805515228e-19 1.229243076155377274e-09 -1.229243076155377274e-09 -9.891538118914732249e-20
0.000000000000000000e+00 -1.627084674300506676e-18 4.196319085897250296e-08 -4.196319085897250296e-08 -2.314387683272273822e-19
0.000000000000000000e+00 2.033855842875633923e-18 4.196319090402593396e-08 -4.196319090402593396e-08 -1.963722882776475248e-18
0.000000000000000000e+00 -6.933559481770473182e-31 3.881302409701198951e-29 -3.881302409701198951e-29 -1.272024968807334252e-29
0.000000000000000000e+00 -2.428362833374184404e-30 -7.568802791588207719e-29 7.568802791588207719e-29 7.961456428426839754e-32
0.000000000000000000e+00 7.595660889908774877e-19 5.426455947897627835e-08 -5.426455947897627835e-08 4.247943682874910530e-18
0.000000000000000000e+00 -1.519132177981755746e-18 5.426455891225560378e-08 -5.426455891225560378e-08 -1.566605058543686281e-17
0.000000000000000000e+00 2.050056724164439706e-30 1.084606686280154260e-28 -1.084606686280154260e-28 1.878773671615046243e-30
0.000000000000000000e+00 -5.358846951847591457e-30 3.203685353499738705e-28 -3.203685353499738705e-28 -1.106520597169765760e-31
0.000000000000000000e+00 -4.978818579761834231e-18 2.925541321126969952e-08 -2.925541321126969952e-08 -5.289113222126597686e-20
0.000000000000000000e+00 -4.513376616214694766e-19 2.925541335499254602e-08 -2.925541335499254602e-08 1.428060569974181694e-18
0.000000000000000000e+00 1.049795865068661545e-19 2.212229320054040321e-09 -2.212229320054040321e-09 6.281131562427624839e-19
0.000000000000000000e+00 1.325477552324088051e-19 2.212229435803298240e-09 -2.212229435803298240e-09 5.734179094912863771e-20
0.000000000000000000e+00 -5.351227833845125368e-19 3.786155124387209899e-09 -3.786155124387209899e-09 4.794912068940436639e-19
0.000000000000000000e+00 1.401827423470154798e-20 3.786155133396877675e-09 -3.786155133396877675e-09 1.223011641893647500e-19
0.000000000000000000e+00 1.496008341677916953e-30 8.700235186856352193e-29 -8.700235186856352193e-29 2.981029504124101968e-31
0.000000000000000000e+00 -1.688403903320090651e-31 -1.723525105366206458e-28 1.723525105366206458e-28 -6.942321957357788964e-31
0.000000000000000000e+00 -5.693644506901991255e-32 1.866541014903102977e-28 -1.866541014903102977e-28 -6.348725604102922541e-31
0.000000000000000000e+00 3.725051712368530887e-31 1.905427938948024334e-28 -1.905427938948024334e-28 2.717432486664837735e-31
0.000000000000000000e+00 1.220728538370910187e-19 1.514375401739891161e-09 -1.514375401739891161e-09 -1.459566730660871844e-20
0.000000000000000000e+00 2.087622717793731054e-19 1.514375498855039249e-09 -1.514375498855039249e-09 1.824458413326090406e-20
0.000000000000000000e+00 1.690545541671834410e-31 -3.167397506497377074e-29 3.167397506497377074e-29 -5.045431648593637767e-32
0.000000000000000000e+00 1.403370708857103126e-31 7.337743082702540805e-28 -7.337743082702540805e-28 1.375029521326231507e-31
0.000000000000000000e+00 1.569890911647174046e-20 -4.339949791699886310e-11 4.339949791699886310e-11 -6.282332413628640713e-20
0.000000000000000000e+00 1.104738048936900979e-20 -4.339951871723668307e-11 4.339951871723668307e-11 3.200694698173078372e-20
0.000000000000000000e+00 7.094079554160049386e-20 1.558994104064896095e-09 -1.558994104064896095e-09 5.592129898552730135e-20
0.000000000000000000e+00 5.985629623822546936e-21 1.558993986675061502e-09 -1.558993986675061502e-09 -4.203242135839834618e-19
0.000000000000000000e+00 -5.061395265428552877e-33 -1.082040779468617967e-28 1.082040779468617967e-28 -3.380936376461448279e-31
0.000000000000000000e+00 -8.163052489090108429e-31 7.468330434776385496e-29 -7.468330434776385496e-29 5.170967931414545314e-30
0.000000000000000000e+00 2.664689320983090260e-19 4.764733499255729587e-09 -4.764733499255729587e-09 -1.492226019750531624e-19
0.000000000000000000e+00 1.925238034410283473e-19 4.764733543130729310e-09 -4.764733543130729310e-09 -2.371573495674952888e-19
0.000000000000000000e+00 -4.205936089801627690e-31 2.319800062710948019e-29 -2.319800062710948019e-29 5.826336011825984107e-31
0.000000000000000000e+00 5.494334484895702519e-31 -5.270479120808402181e-29 5.270479120808402181e-29 -9.568408498801490775e-32
0.000000000000000000e+00 1.027756140724427821e-17 6.203427660315951592e-08 -6.203427660315951592e-08 -3.489955017012957955e-19
0.000000000000000000e+00 -1.623897436487661967e-18 6.203427666993877292e-08 -6.203427666993877292e-08 -1.766344580039212411e-18
0.000000000000000000e+00 -7.189720092884989796e-31 -8.889993281985393044e-29 8.889993281985393044e-29 -2.389561331643960151e-31
0.000000000000000000e+00 2.566308907668695669e-31 -1.628112577574515803e-28 1.628112577574515803e-28 2.163946013009770682e-31
0.000000000000000000e+00 -2.440021388393013030e-22 4.645435422749796335e-12 -4.645435422749796335e-12 -3.184227911852883424e-21
0.000000000000000000e+00 -5.158902364030945006e-22 4.645443080202693223e-12 -4.645443080202693223e-12 -2.307563084451680998e-21
0.000000000000000000e+00 -3.155471453084656835e-30 -3.563863032561694300e-28 3.563863032561694300e-28 6.137504378366857355e-31
0.000000000000000000e+00 9.825688940338008131e-31 2.207268499678964955e-28 -2.207268499678964955e-28 -1.392898450888866160e-31
0.000000000000000000e+00 -1.052152592496342909e-20 1.911103245100827659e-10 -1.911103245100827659e-10 -2.685467638870561031e-19
0.000000000000000000e+00 -1.379597559902306073e-19 1.911103656328700419e-10 -1.911103656328700419e-10 6.143956744504200597e-22
0.000000000000000000e+00 2.672774357894709389e-20 2.160261971730001250e-11 -2.160261971730001250e-11 -1.057701239843007842e-19
0.000000000000000000e+00 4.308634748857568107e-20 2.160247330706363253e-11 -2.160247330706363253e-11 1.784590878963546274e-20
0.000000000000000000e+00 2.581950279735801203e-19 8.546098876158288336e-10 -8.546098876158288336e-10 7.125178929542422255e-19
0.000000000000000000e+00 1.280880633995780370e-19 8.546100498984704291e-10 -8.546100498984704291e-10 3.050783996907640104e-19
0.000000000000000000e+00 3.678437355597235398e-18 2.094666707115728174e-07 -2.094666707115728174e-07 -2.011645428842239445e-18
0.000000000000000000e+00 -5.747558368120680165e-18 2.094666697869056212e-07 -2.094666697869056212e-07 1.494365175711377868e-18
0.000000000000000000e+00 -1.894552140868327427e-30 -4.983139872662748974e-28 4.983139872662748974e-28 -1.909823270224485948e-30
0.000000000000000000e+00 2.812348930448789952e-30 -4.825395043767453287e-28 4.825395043767453287e-28 3.101083084404293613e-30
0.000000000000000000e+00 -2.650786008045650518e-19 -2.598237645415670736e-09 2.598237645415670736e-09 1.293943000537538706e-18
0.000000000000000000e+00 1.042342972655239492e-19 -2.598237631197575034e-09 2.598237631197575034e-09 3.841393282845819568e-20
0.000000000000000000e+00 1.865180955518335548e-30 2.174104377312656290e-28 -2.174104377312656290e-28 2.904168713196111023e-30
0.000000000000000000e+00 2.302118990472945779e-30 -6.270928358858575587e-29 6.270928358858575587e-29 3.907397314739577720e-31
0.000000000000000000e+00 1.583272538103143142e-30 7.355501222777091022e-28 -7.355501222777091022e-28 5.344810553405475871e-30
0.000000000000000000e+00 1.052052742123239301e-30 7.428853768906396268e-28 -7.428853768906396268e-28 -2.799924393814968739e-30
0.000000000000000000e+00 -5.911144266562442826e-31 -3.236869104728483269e-28 3.236869104728483269e-28 3.756035449828083982e-30
0.000000000000000000e+00 -2.823325709431982089e-31 3.540473293921873944e-28 -3.540473293921873944e-28 5.252933849963879076e-31
0.000000000000000000e+00 5.407335513109718191e-19 8.494207925266446388e-10 -8.494207925266446388e-10 1.092760618731195902e-18
0.000000000000000000e+00 -1.215747009160946920e-18 8.494208522298179675e-10 -8.494208522298179675e-10 3.685638982254298805e-19
0.000000000000000000e+00 1.381232543525035869e-30 3.297193386178638894e-27 -3.297193386178638894e-27 -7.354009483464850886e-32
0.000000000000000000e+00 7.210043758401545109e-31 -2.964337655197490403e-28 2.964337655197490403e-28 8.604334577753965977e-31
0.000000000000000000e+00 -6.256958124876980584e-18 -1.437539963860223584e-08 1.437539963860223584e-08 1.115040572196285757e-17
0.000000000000000000e+00 3.256511615976437304e-17 -1.437539601975669792e-08 1.437539601975669792e-08 1.099940687704170040e-18
0.000000000000000000e+00 -7.245289336471779227e-19 4.717197948301823901e-08 -4.717197948301823901e-08 4.376154759228957692e-18
0.000000000000000000e+00 -3.984909135059478527e-19 4.717197989037738711e-08 -4.717197989037738711e-08 -5.535401053064442985e-18
0.000000000000000000e+00 4.095071500241421522e-31 -2.392907842736912819e-28 2.392907842736912819e-28 -3.344329889611974947e-31
0.000000000000000000e+00 -4.650848699812139829e-31 5.228155052350912249e-29 -5.228155052350912249e-29 9.085417895819339999e-31
0.000000000000000000e+00 2.033850601521039329e-30 -9.050077966776784443e-28 9.050077966776784443e-28 3.580100928737337949e-32
0.000000000000000000e+00 1.551544604440151728e-30 4.680733367682904215e-28 -4.680733367682904215e-28 -2.034043106048121513e-30
0.000000000000000000e+00 -6.969079999916677235e-19 1.058131257650938778e-07 -1.058131257650938778e-07 4.355674999947924717e-19
0.000000000000000000e+00 -2.206875333306948626e-18 1.058131268478566501e-07 -1.058131268478566501e-07 -7.840214999906269112e-19
0.000000000000000000e+00 -1.331216538091277944e-30 4.990819772457495953e-28 -4.990819772457495953e-28 1.797670021407456643e-30
0.000000000000000000e+00 1.402057113916411523e-30 -4.495131491853396184e-30 4.495131491853396184e-30 -2.377716188348870535e-30
0.000000000000000000e+00 -2.155622968967494901e-18 1.415069506544936251e-07 -1.415069506544936251e-07 4.078205616965533861e-19
0.000000000000000000e+00 -6.874689468599044060e-18 1.415069513139978453e-07 -1.415069513139978453e-07 -7.282510030295601683e-20
0.000000000000000000e+00 1.464270798389091342e-31 3.130043107957693849e-28 -3.130043107957693849e-28 4.476765636833340252e-30
0.000000000000000000e+00 -1.107828280280301675e-30 -3.580314435869147152e-28 3.580314435869147152e-28 -1.873134780885778299e-29
0.000000000000000000e+00 -6.201140256467709576e-20 -2.033515792728245029e-09 2.033515792728245029e-09 2.299423274098063721e-21
0.000000000000000000e+00 -6.360728424832691924e-20 -2.033514494301809319e-09 2.033514494301809319e-09 1.130796164414701348e-19
0.000000000000000000e+00 1.332943164909313514e-30 5.311058471972644682e-27 -5.311058471972644682e-27 -1.039627791708557542e-29
0.000000000000000000e+00 -2.587677069437151911e-30 -5.641156183109582560e-28 5.641156183109582560e-28 4.377539255480447404e-30
0.000000000000000000e+00 2.802929349810043073e-17 -1.927155171179703611e-06 1.927155171179703611e-06 1.280184078038254026e-18
0.000000000000000000e+00 5.558694023060807795e-19 -1.927155187497073361e-06 1.927155187497073361e-06 -1.724879599883129243e-17
0.000000000000000000e+00 -2.304087569334386854e-30 3.546976606924040495e-29 -3.546976606924040495e-29 -1.622239302807748478e-30
0.000000000000000000e+00 4.028248828612746452e-30 1.803940171088288025e-28 -1.803940171088288025e-28 7.016257151606200626e-30
0.000000000000000000e+00 6.726445326626486818e-29 -2.848082023464260639e-27 2.848082023464260639e-27 7.504979529402242497e-29
0.000000000000000000e+00 6.762648559230849348e-29 -1.381497417039095585e-29 1.381497417039095585e-29 8.124972685524358689e-31
0.000000000000000000e+00 -9.063326824209507015e-17 -1.100720063642645832e-04 1.100720063642645832e-04 5.904110045485141172e-15
0.000000000000000000e+00 -1.419058028476242772e-14 -1.100720063658709778e-04 1.100720063658709778e-04 -1.598220578376267615e-17
0.000000000000000000e+00 -1.233696859910423671e-29 3.184376721134121449e-27 -3.184376721134121449e-27 -2.633329339675207499e-28
0.000000000000000000e+00 6.733182819176645407e-28 4.785498103860970716e-27 -4.785498103860970716e-27 -2.787008095808407120e-28
0.000000000000000000e+00 -6.830141780030257020e-17 -1.582081969958815462e-02 1.582081969958815462e-02 -2.397965205514667525e-13
0.000000000000000000e+00 -8.792539086887140089e-14 -1.582081969936968702e-02 1.582081969936968702e-02 -1.545563511366909158e-15
0.000000000000000000e+00 2.744271030974290976e-16 -2.238435435565784819e-05 2.238435435565784819e-05 1.434805166434912061e-17
0.000000000000000000e+00 -2.440817984280052253e-17 -2.238435436314157063e-05 2.238435436314157063e-05 2.110977716134152589e-17
0.000000000000000000e+00 1.357039140259295507e-32 1.654181108708993251e-27 -1.654181108708993251e-27 -5.143421568759989223e-29
0.000000000000000000e+00 2.860340959014450056e-29 1.858431695986546697e-27 -1.858431695986546697e-27 -1.534925342731464792e-31
0.000000000000000000e+00 5.982354397566753675e-15 -8.861430540429244759e-05 8.861430540429244759e-05 -2.980595203976765100e-16
0.000000000000000000e+00 -4.109341316725342134e-16 -8.861430539260740447e-05 8.861430539260740447e-05 3.216926421333923802e-15
0.000000000000000000e+00 -1.534020335128278217e-41 3.413629896362572954e-29 -3.413629896362572954e-29 -1.369661013507390952e-43
0.000000000000000000e+00 1.095728810805913081e-42 8.664273532513606957e-30 -8.664273532513606957e-30 1.369661013507390952e-43
