0.000000000000000000e+00 5.788470643465127567e-31 1.369341704342215670e-29 -1.369341704342215670e-29 -4.960007674810207240e-31
0.000000000000000000e+00 3.405079598075411294e-30 -3.331405391775459862e-27 3.331405391775459862e-27 -3.138422697647004488e-30
0.000000000000000000e+00 5.242054882697013203e-18 6.203427584779080662e-08 -6.203427584779080662e-08 -2.749229870544902097e-18
0.000000000000000000e+00 -9.857342333767214081e-18 6.203427750730005975e-08 -6.203427750730005975e-08 -1.417349078337916663e-18
0.000000000000000000e+00 7.386220691611187254e-31 1.600983915592166118e-28 -1.600983915592166118e-28 3.147605358410738121e-31
0.000000000000000000e+00 4.980929807808011775e-31 3.920035947222955855e-27 -3.920035947222955855e-27 2.480314353024221303e-30
0.000000000000000000e+00 4.078321463456893261e-22 4.645424395357219324e-12 -4.645424395357219324e-12 -8.059042071378069311e-21
0.000000000000000000e+00 7.755782270249229997e-23 4.645418837938368916e-12 -4.645418837938368916e-12 -3.897062731747705633e-21
0.000000000000000000e+00 9.869571741522398137e-31 -2.166647706227993762e-28 2.166647706227993762e-28 -1.571739890051023249e-30
0.000000000000000000e+00 -5.434872243796009402e-31 1.070120865794731866e-27 -1.070120865794731866e-27 -1.424897383660026169e-30
0.000000000000000000e+00 5.138582004494415889e-21 1.911104263965462498e-10 -1.911104263965462498e-10 1.234376764123116023e-19
0.000000000000000000e+00 -9.285752807034759473e-21 1.911104008896308339e-10 -1.911104008896308339e-10 1.058994726143633824e-19
0.000000000000000000e+00 1.574443448270806805e-20 2.160232541864912605e-11 -2.160232541864912605e-11 -2.771636388153988665e-21
0.000000000000000000e+00 1.854686683073046489e-19 2.160249490214257628e-11 -2.160249490214257628e-11 8.595681704824456839e-20
0.000000000000000000e+00 1.785605927601822534e-18 8.546101772036483010e-10 -8.546101772036483010e-10 1.788970762892530301e-20
0.000000000000000000e+00 -2.770381056015392706e-20 8.546101223626661875e-10 -8.546101223626661875e-10 3.553266066986545964e-19
0.000000000000000000e+00 -1.436889592030170378e-19 2.094666683606491247e-07 -2.094666683606491247e-07 2.758828016697928667e-18
0.000000000000000000e+00 -3.046205935103962599e-18 2.094666728711605817e-07 -2.094666728711605817e-07 4.310668776090515950e-20
0.000000000000000000e+00 4.707252205144285876e-31 3.079365147557685915e-27 -3.079365147557685915e-27 7.723696076572304197e-30
0.000000000000000000e+00 -3.080540957483472793e-30 -5.186837137125774544e-28 5.186837137125774544e-28 -4.278317097267259600e-30
0.000000000000000000e+00 -8.931800989821619721e-19 -2.598237524117501220e-09 2.598237524117501220e-09 3.216886070780826386e-19
0.000000000000000000e+00 -8.554400947998174920e-19 -2.598237559871663551e-09 2.598237559871663551e-09 -4.110964741291142098e-20
0.000000000000000000e+00 3.580587567565831332e-30 1.011609596402294562e-27 -1.011609596402294562e-27 -2.600881023946353554e-31
0.000000000000000000e+00 6.867772578133207861e-31 7.127256460313082529e-28 -7.127256460313082529e-28 1.622539931672220846e-30
0.000000000000000000e+00 4.418446421463128973e-30 2.681838020229420438e-28 -2.681838020229420438e-28 -2.225098974730702800e-30
0.000000000000000000e+00 1.691790778221000678e-30 5.822182569553344806e-28 -5.822182569553344806e-28 -7.638205302125963076e-30
0.000000000000000000e+00 5.713532673416611770e-31 -1.845778655409031643e-27 1.845778655409031643e-27 4.602994049200050042e-31
0.000000000000000000e+00 1.708217881181977562e-30 5.563895372053548197e-28 -5.563895372053548197e-28 1.793826471203957184e-31
0.000000000000000000e+00 2.439399479598370021e-19 8.494208900673884229e-10 -8.494208900673884229e-10 4.866940767282028467e-19
0.000000000000000000e+00 -1.039003482051158029e-20 8.494210131405134120e-10 -8.494210131405134120e-10 1.024096040786946497e-18
0.000000000000000000e+00 3.253199003784399371e-31 2.115989512098470414e-28 -2.115989512098470414e-28 9.510900641157043619e-31
0.000000000000000000e+00 -1.542540538643087198e-30 6.077695688500489096e-27 -6.077695688500489096e-27 -1.287617095471909152e-30
0.000000000000000000e+00 2.716170839180703638e-18 -1.437541009876784305e-08 1.437541009876784305e-08 8.947811792454148437e-18
0.000000000000000000e+00 1.825729746495899540e-17 -1.437539930049234410e-08 1.437539930049234410e-08 -8.167330861613512411e-20
0.000000000000000000e+00 -5.216608322259682083e-19 4.717197919275747833e-08 -4.717197919275747833e-08 1.391095552602582659e-18
0.000000000000000000e+00 2.521360689092180685e-18 4.717198093477138012e-08 -4.717198093477138012e-08 3.405285988141739925e-19
0.000000000000000000e+00 -6.506759148936084134e-31 2.801496482627479377e-28 -2.801496482627479377e-28 1.504769886541359935e-31
0.000000000000000000e+00 -1.783207823382825143e-30 4.565886557260720846e-29 -4.565886557260720846e-29 9.912943191249973872e-31
0.000000000000000000e+00 -4.367863282798929204e-31 9.821161607390635699e-27 -9.821161607390635699e-27 -2.046439108858880950e-30
0.000000000000000000e+00 -3.656418100038151446e-31 7.488110444341685775e-28 -7.488110444341685775e-28 -2.028616733667608882e-30
0.000000000000000000e+00 -3.078010333296532991e-18 1.058131259529360335e-07 -1.058131259529360335e-07 -4.508804199164846070e-21
0.000000000000000000e+00 1.742269999979170753e-19 1.058131265762948829e-07 -1.058131265762948829e-07 -9.872863333215305911e-19
0.000000000000000000e+00 5.686885121399780134e-31 -4.329467820400012118e-29 4.329467820400012118e-29 -5.209523158349967681e-31
0.000000000000000000e+00 2.454793682015945691e-31 -6.892080924977817522e-28 6.892080924977817522e-28 -1.514251243468855700e-30
0.000000000000000000e+00 -9.321612838778359369e-18 1.415069508980207590e-07 -1.415069508980207590e-07 2.621703610906415258e-18
0.000000000000000000e+00 5.199712161631059477e-18 1.415069504386984557e-07 -1.415069504386984557e-07 3.146044333087701237e-18
0.000000000000000000e+00 -5.011867290147323471e-30 1.494249486426574643e-27 -1.494249486426574643e-27 1.078900935309030946e-30
0.000000000000000000e+00 -2.046330419615729055e-30 -4.673639853343626304e-28 4.673639853343626304e-28 -1.576250541854827435e-30
0.000000000000000000e+00 -1.823864781314033401e-21 -2.033515683975064423e-09 2.033515683975064423e-09 -3.611252267001788308e-19
0.000000000000000000e+00 1.076080220975280102e-19 -2.033516024567222204e-09 2.033516024567222204e-09 -1.755469852014758874e-20
0.000000000000000000e+00 6.885657958037583379e-30 2.413729416599097601e-27 -2.413729416599097601e-27 -5.083499768895257816e-30
0.000000000000000000e+00 1.299864111339441974e-30 9.193175680335396128e-28 -9.193175680335396128e-28 9.341498783776464940e-30
0.000000000000000000e+00 -5.614165081166956923e-18 2.851405990747496676e-06 -2.851405990747496676e-06 -1.824603651379261790e-17
0.000000000000000000e+00 -1.684249524350087616e-17 2.851405975600480819e-06 -2.851405975600480819e-06 -1.099440661728530152e-17
0.000000000000000000e+00 7.118188403048231603e-17 4.226905276142926863e-06 -4.226905276142926863e-06 1.873207474486377776e-17
0.000000000000000000e+00 1.723350876527467702e-16 4.226905276746101566e-06 -4.226905276746101566e-06 1.896622567917458669e-17
0.000000000000000000e+00 -7.062600855219211061e-30 -1.024338865196530375e-27 1.024338865196530375e-27 -7.285965802936467771e-31
0.000000000000000000e+00 -1.385191285223869134e-29 -4.281162499514082296e-27 4.281162499514082296e-27 -4.271265006214171033e-30
0.000000000000000000e+00 8.633216606971809789e-29 -2.483856907633720664e-26 2.483856907633720664e-26 -2.728094763444087703e-29
0.000000000000000000e+00 5.249813537358902003e-29 -1.804340045887904029e-26 1.804340045887904029e-26 2.277357590344336746e-29
0.000000000000000000e+00 9.387834539042524197e-19 2.276067773390960279e-07 -2.276067773390960279e-07 6.160766416246659814e-19
0.000000000000000000e+00 3.696459849747995889e-18 2.276067826920394815e-07 -2.276067826920394815e-07 2.229610703022602217e-18
0.000000000000000000e+00 5.639945040641183149e-18 1.103399410201140544e-06 -1.103399410201140544e-06 2.232478245253802658e-18
0.000000000000000000e+00 1.879981680213728615e-18 1.103399413574768165e-06 -1.103399413574768165e-06 4.699954200534324426e-18
0.000000000000000000e+00 2.228300187529196204e-30 1.744327269063314715e-28 -1.744327269063314715e-28 1.467676100613086193e-31
0.000000000000000000e+00 -8.899449865656722625e-30 -2.603297215921640802e-28 2.603297215921640802e-28 -1.429474297059007817e-29
0.000000000000000000e+00 -5.899577543922171472e-19 6.437000827121222311e-08 -6.437000827121222311e-08 3.805227515829802964e-18
0.000000000000000000e+00 -5.309619789529960199e-19 6.437000798636594849e-08 -6.437000798636594849e-08 2.123847915811985235e-18
0.000000000000000000e+00 -1.052938224823299538e-19 1.104703602045561521e-08 -1.104703602045561521e-08 -1.810314842678656482e-19
0.000000000000000000e+00 -1.015993023952306804e-19 1.104703677277628803e-08 -1.104703677277628803e-08 -3.251177676647383699e-19
0.000000000000000000e+00 2.332804606653365068e-29 5.406220857902168391e-27 -5.406220857902168391e-27 -2.837184655933338134e-30
0.000000000000000000e+00 -1.940211687849543349e-29 -7.718339791130895746e-27 7.718339791130895746e-27 -7.822331954523370470e-30
0.000000000000000000e+00 -3.029480555501335648e-17 1.261071101471032919e-05 -1.261071101471032919e-05 7.573701388753341893e-17
0.000000000000000000e+00 -3.029480555501335648e-17 1.261071100114204384e-05 -1.261071100114204384e-05 5.680276041565007806e-18
0.000000000000000000e+00 7.663280640298076281e-22 3.830589705926447593e-09 -3.830589705926447593e-09 -2.442996032046724172e-19
0.000000000000000000e+00 1.527797897314069263e-18 3.830589606437057882e-09 -3.830589606437057882e-09 1.151154883353457102e-19
0.000000000000000000e+00 5.316493619330086524e-17 4.766109942649250089e-05 -4.766109942649250089e-05 -3.037996353902908487e-16
0.000000000000000000e+00 7.594990884757269985e-18 4.766109937335796147e-05 -4.766109937335796147e-05 -4.556994530854364456e-17
0.000000000000000000e+00 6.164802596109440892e-30 -1.162794586082622757e-26 1.162794586082622757e-26 -4.506355208788140057e-30
0.000000000000000000e+00 -2.122944171814888165e-30 -6.239143444745151790e-27 6.239143444745151790e-27 -4.446764885647223306e-30
0.000000000000000000e+00 -3.803022465844262118e-18 7.105160981841996472e-06 -7.105160981841996472e-06 -1.901511232922132215e-18
0.000000000000000000e+00 -2.852266849383196974e-18 7.105160963629321892e-06 -7.105160963629321892e-06 4.183324712428691874e-17
0.000000000000000000e+00 -5.127835018099684270e-29 -1.967668678984620784e-26 1.967668678984620784e-26 -1.951808823197052804e-29
0.000000000000000000e+00 6.043246508650633301e-30 -5.384880458983749598e-27 5.384880458983749598e-27 3.216917128572266464e-30
0.000000000000000000e+00 6.141601276547031251e-20 7.017758726929634336e-08 -7.017758726929634336e-08 -2.143977172903691820e-18
0.000000000000000000e+00 1.965312408495050000e-18 7.017758755815260430e-08 -7.017758755815260430e-08 1.488873036738675009e-19
0.000000000000000000e+00 2.461983486157472049e-30 -3.987795763544828933e-27 3.987795763544828933e-27 2.126838057061957160e-30
0.000000000000000000e+00 1.625950793878637399e-32 3.417834667990807642e-28 -3.417834667990807642e-28 -4.194139099514887736e-32
0.000000000000000000e+00 2.844101799227652548e-31 1.019205828860217974e-28 -1.019205828860217974e-28 1.677639773208939966e-31
0.000000000000000000e+00 -8.802571250170170426e-31 -4.302346040626926122e-28 4.302346040626926122e-28 -9.699952762204519737e-32
0.000000000000000000e+00 4.537602862065232600e-19 2.060854031171299674e-09 -2.060854031171299674e-09 4.084776238999054235e-22
0.000000000000000000e+00 -1.680593652616752904e-20 2.060854060766553923e-09 -2.060854060766553923e-09 -8.963166147289354841e-20
0.000000000000000000e+00 4.064721073671683906e-18 2.218447453231652911e-07 -2.218447453231652911e-07 2.988765495346828191e-18
0.000000000000000000e+00 9.683600204923725312e-18 2.218447539904060747e-07 -2.218447539904060747e-07 4.782024792554929266e-19
0.000000000000000000e+00 -2.961675824107923176e-31 2.105340522788972031e-27 -2.105340522788972031e-27 1.144031019393631465e-30
0.000000000000000000e+00 1.752891662879662059e-31 -2.292396058766167766e-28 2.292396058766167766e-28 3.541102159227608119e-31
0.000000000000000000e+00 -4.165731796606465989e-20 2.214111680799908888e-10 -2.214111680799908888e-10 -2.812308385894662795e-20
0.000000000000000000e+00 5.894129658770895262e-20 2.214111598538131832e-10 -2.214111598538131832e-10 -2.048297941059946600e-19
0.000000000000000000e+00 -1.700388719163741189e-30 -8.264307697360444371e-28 8.264307697360444371e-28 2.874154762352689039e-31
0.000000000000000000e+00 1.192586117364593746e-30 -1.784659867771876651e-29 1.784659867771876651e-29 -6.198772546988054804e-31
0.000000000000000000e+00 -7.227433363522070593e-19 3.555701941986380431e-08 -3.555701941986380431e-08 1.972487022127899961e-18
0.000000000000000000e+00 4.517145852201296769e-19 3.555701947217236368e-08 -3.555701947217236368e-08 2.936144803930844729e-19
0.000000000000000000e+00 -3.723311069392447394e-31 -4.908506974385197072e-28 4.908506974385197072e-28 3.755549492464302914e-30
0.000000000000000000e+00 -3.806852119824010989e-30 -1.503118022913372502e-28 1.503118022913372502e-28 -2.472724793053337969e-31
0.000000000000000000e+00 -5.388292550606002053e-30 -2.634391678188337140e-28 2.634391678188337140e-28 -7.007477843134378511e-30
0.000000000000000000e+00 -1.492390826865727767e-29 1.477447484505171251e-28 -1.477447484505171251e-28 6.070077771051088600e-30
0.000000000000000000e+00 7.538423502842344544e-31 -3.004524152268084219e-28 3.004524152268084219e-28 1.057356682118173012e-30
0.000000000000000000e+00 -6.189492926636383946e-30 -2.271441042312887863e-27 2.271441042312887863e-27 4.383427592096298852e-30
0.000000000000000000e+00 -1.069260328270884933e-19 1.430291087654067937e-09 -1.430291087654067937e-09 -1.655934136702699007e-21
0.000000000000000000e+00 1.715074641584937045e-20 1.430291012029921470e-09 -1.430291012029921470e-09 7.380735009303458386e-20
0.000000000000000000e+00 -1.099078617292778194e-31 -3.423157815918869333e-28 3.423157815918869333e-28 -1.986064377214281758e-29
0.000000000000000000e+00 -1.678287054433816993e-30 -2.207732129028286485e-28 2.207732129028286485e-28 -3.959539152537382566e-30
0.000000000000000000e+00 -4.869296135979640652e-30 -3.335528571690834282e-27 3.335528571690834282e-27 4.803459659320278789e-30
0.000000000000000000e+00 1.434780609784287850e-30 -8.179039158440668201e-28 8.179039158440668201e-28 3.699994675686838104e-30
0.000000000000000000e+00 5.433225605202240326e-31 1.566184787861384815e-28 -1.566184787861384815e-28 -1.625061078877974864e-30
0.000000000000000000e+00 -2.183287711977686170e-31 4.347742356554829814e-29 -4.347742356554829814e-29 -6.426371669563268276e-32
0.000000000000000000e+00 -1.132739916732499199e-29 1.221478445163009358e-27 -1.221478445163009358e-27 5.794126766280362608e-30
0.000000000000000000e+00 -2.443519130540519750e-31 3.999818104106920165e-28 -3.999818104106920165e-28 3.143003671385931642e-31
0.000000000000000000e+00 -3.891699643099688024e-18 1.764823081102404486e-07 -1.764823081102404486e-07 6.009521543604868141e-19
0.000000000000000000e+00 3.526852801559092537e-18 1.764823091418448926e-07 -1.764823091418448926e-07 -4.864624553874612919e-19
0.000000000000000000e+00 4.384935007031190774e-30 1.746895917887266540e-28 -1.746895917887266540e-28 9.345482073634108362e-32
0.000000000000000000e+00 -3.202638992315078382e-30 2.189946141075342011e-28 -2.189946141075342011e-28 7.857833993034855972e-32
0.000000000000000000e+00 -6.619382514843095868e-32 2.940325947668476765e-29 -2.940325947668476765e-29 -9.317229133091581156e-31
0.000000000000000000e+00 8.803291886974849707e-32 1.700849695027560522e-28 -1.700849695027560522e-28 -7.779070943842876259e-32
0.000000000000000000e+00 -3.296737768222433056e-31 -4.713114014719129348e-29 4.713114014719129348e-29 -4.381933904667516157e-31
0.000000000000000000e+00 1.185798239210211587e-31 -8.047445843945173666e-29 8.047445843945173666e-29 -5.044795816242132901e-31
0.000000000000000000e+00 -1.061653281288039858e-21 -3.119723940938417958e-12 3.119723940938417958e-12 9.026878451182250206e-21
0.000000000000000000e+00 8.352006497582911297e-21 -3.119722753606547791e-12 3.119722753606547791e-12 1.149595202382497954e-22
0.000000000000000000e+00 1.741830268995041548e-18 2.396659140411299769e-08 -2.396659140411299769e-08 -1.315444734397297785e-19
0.000000000000000000e+00 8.422666103364182006e-19 2.396659151580786417e-08 -2.396659151580786417e-08 1.864063972082414223e-18
0.000000000000000000e+00 3.506173578692401376e-31 1.827633528613832035e-28 -1.827633528613832035e-28 -4.010465584939025036e-31
0.000000000000000000e+00 2.209832375058331938e-31 2.490628624829062307e-28 -2.490628624829062307e-28 -1.589491171588555634e-30
0.000000000000000000e+00 -9.210796309030960317e-21 -1.369850667319964404e-10 1.369850667319964404e-10 3.431508374512479004e-19
0.000000000000000000e+00 -7.380618570878793545e-20 -1.369850849937555455e-10 1.369850849937555455e-10 4.187542517081395814e-20
0.000000000000000000e+00 7.830635841960126815e-31 4.008451654286077673e-28 -4.008451654286077673e-28 -1.357271529408204755e-32
0.000000000000000000e+00 2.989982046304667543e-31 1.528050040530105082e-28 -1.528050040530105082e-28 -1.123301327742669475e-30
0.000000000000000000e+00 3.260493364429850279e-19 9.292473564320444580e-09 -9.292473564320444580e-09 -1.979311265936240052e-18
0.000000000000000000e+00 4.682164368184925557e-19 9.292473179183298491e-09 -9.292473179183298491e-09 -3.452287091749255871e-19
0.000000000000000000e+00 -5.843254785513343501e-30 -2.204364244948081547e-27 2.204364244948081547e-27 -4.018255739197439638e-30
0.000000000000000000e+00 -8.225389804296837351e-30 2.449003203906341418e-27 -2.449003203906341418e-27 -3.920907777712669380e-30
0.000000000000000000e+00 9.832642840178854610e-18 1.983077348606166114e-06 -1.983077348606166114e-06 -1.613167965966844129e-19
0.000000000000000000e+00 6.145401775111787983e-19 1.983077346694824834e-06 -1.983077346694824834e-06 -2.359834281642927941e-17
0.000000000000000000e+00 5.018114136555298589e-30 -1.596741525665036478e-27 1.596741525665036478e-27 -3.995513599398355303e-31
0.000000000000000000e+00 -1.477113516504440855e-31 -8.613373994337926538e-29 8.613373994337926538e-29 -3.012214444213671620e-31
0.000000000000000000e+00 5.451591928454328732e-30 -8.329563072804801950e-26 8.329563072804801950e-26 1.384093550416259634e-28
0.000000000000000000e+00 -1.083396022080693947e-29 -2.325568621443123179e-26 2.325568621443123179e-26 -1.025580450809122308e-29
0.000000000000000000e+00 1.976715397318011803e-16 2.287488662286060422e-05 -2.287488662286060422e-05 1.265097854283528501e-16
0.000000000000000000e+00 5.930146191954036149e-17 2.287488657219343452e-05 -2.287488657219343452e-05 7.906861589272053129e-17
0.000000000000000000e+00 2.964417411746399683e-29 2.225250018027914425e-26 -2.225250018027914425e-26 1.162078212479408237e-29
0.000000000000000000e+00 -2.974557450723692448e-30 1.342870709115730713e-26 -1.342870709115730713e-26 9.436767900246443317e-30
0.000000000000000000e+00 9.891621056737871086e-19 2.594080955516779376e-06 -2.594080955516779376e-06 4.945810528368938624e-18
0.000000000000000000e+00 9.891621056737877249e-18 2.594080939004697079e-06 -2.594080939004697079e-06 -1.329186579499152992e-18
0.000000000000000000e+00 1.500959038025937805e-19 5.977881164154743752e-08 -5.977881164154743752e-08 1.921227568673201700e-18
0.000000000000000000e+00 7.746885357553228840e-19 5.977881020195922478e-08 -5.977881020195922478e-08 1.518389530080433689e-18
0.000000000000000000e+00 2.315490716703469330e-30 -1.231303636430371173e-27 1.231303636430371173e-27 -7.330539715720813234e-31
0.000000000000000000e+00 4.907653481100914285e-30 -2.171054506332880807e-26 2.171054506332880807e-26 3.383532347375200454e-29
0.000000000000000000e+00 -1.003831944237009349e-31 -2.916169812917994437e-28 2.916169812917994437e-28 1.230634915042000377e-31
0.000000000000000000e+00 1.395037923608868546e-30 -9.143156374043315261e-29 9.143156374043315261e-29 -3.485954916379179058e-31
0.000000000000000000e+00 7.538828501256488301e-31 -1.045812386379953102e-27 1.045812386379953102e-27 -1.952833160382965001e-30
0.000000000000000000e+00 5.140635934732778686e-31 -1.382158795814448754e-27 1.382158795814448754e-27 -3.925134058886649229e-31
0.000000000000000000e+00 -1.245077752583092393e-18 4.981859938104771619e-08 -4.981859938104771619e-08 7.703918594107888445e-19
0.000000000000000000e+00 1.245077752583092827e-19 4.981859978317672040e-08 -4.981859978317672040e-08 6.225388762915467745e-19
0.000000000000000000e+00 -2.145484992839881900e-20 3.030803416469161385e-11 -3.030803416469161385e-11 -8.512019808645657167e-21
0.000000000000000000e+00 -3.181747404365628305e-20 3.030816158233975379e-11 -3.030816158233975379e-11 1.177926741198206350e-19
0.000000000000000000e+00 1.749920565593242021e-30 6.024958475432152579e-28 -6.024958475432152579e-28 1.119236203725995335e-30
0.000000000000000000e+00 -8.606781611866395281e-31 -3.255230857599797647e-28 3.255230857599797647e-28 4.896979393716675220e-31
0.000000000000000000e+00 -3.490980275698951437e-18 5.315279273024647650e-07 -5.315279273024647650e-07 1.122100802903235216e-18
0.000000000000000000e+00 3.490980275698954518e-18 5.315279278006777920e-07 -5.315279278006777920e-07 -7.480672019354906253e-19
0.000000000000000000e+00 -2.122307021148672076e-18 5.646248614438586719e-08 -5.646248614438586719e-08 -8.192729309581276403e-20
0.000000000000000000e+00 2.879646819826036769e-19 5.646248464057140107e-08 -5.646248464057140107e-08 1.560519868491672315e-19
0.000000000000000000e+00 -1.254527142972945138e-29 1.735355814208418635e-27 -1.735355814208418635e-27 2.846874813924086622e-30
0.000000000000000000e+00 -5.997103263211949334e-31 4.126371191621129967e-28 -4.126371191621129967e-28 5.256159475220146148e-31
0.000000000000000000e+00 -1.125826028930610719e-18 9.225059620028971537e-08 -9.225059620028971537e-08 -1.250917809922901869e-19
0.000000000000000000e+00 -1.211826628362811125e-19 9.225059398976164107e-08 -9.225059398976164107e-08 0.000000000000000000e+00
0.000000000000000000e+00 4.974642210449612117e-30 4.652867038675102891e-29 -4.652867038675102891e-29 4.034881974976898544e-30
0.000000000000000000e+00 2.785714119211847071e-30 3.511361711020111814e-27 -3.511361711020111814e-27 1.606993198318327659e-28
0.000000000000000000e+00 1.942196863904390317e-18 7.571925661939602582e-08 -7.571925661939602582e-08 -1.378333258254729451e-18
0.000000000000000000e+00 3.320530122159119191e-18 7.571925657394235851e-08 -7.571925657394235851e-08 -2.506060469554054073e-19
0.000000000000000000e+00 1.941742390349253669e-29 5.227047382258359575e-29 -5.227047382258359575e-29 4.330609826277673674e-31
0.000000000000000000e+00 -5.294416289325629196e-30 -5.379617618004461826e-29 5.379617618004461826e-29 1.834845701723350805e-31
0.000000000000000000e+00 -3.198527609150587026e-18 9.504214577411000962e-08 -9.504214577411000962e-08 1.818770601281707617e-18
0.000000000000000000e+00 -3.601283383464587946e-19 9.504214674215071900e-08 -9.504214674215071900e-08 -6.898785039344412453e-18
0.000000000000000000e+00 1.069086583618006411e-18 1.193113986319269351e-07 -1.193113986319269351e-07 -1.006199137522830306e-17
0.000000000000000000e+00 -9.841885313895184807e-18 1.193114009886969550e-07 -1.193114009886969550e-07 3.513836050568011533e-18
0.000000000000000000e+00 1.044439577703622904e-17 3.164439118776026237e-07 -3.164439118776026237e-07 -4.001587779635570039e-17
0.000000000000000000e+00 1.572951171240396567e-17 3.164439126151280810e-07 -3.164439126151280810e-07 -2.063711936667401585e-17
0.000000000000000000e+00 4.159848039277150166e-31 -4.930499340776654478e-28 4.930499340776654478e-28 1.751393322219245847e-31
0.000000000000000000e+00 1.628339854504637267e-32 -1.837148571252007919e-28 1.837148571252007919e-28 1.457796642839783135e-30
0.000000000000000000e+00 -3.422863417040217483e-31 1.489719499328167713e-28 -1.489719499328167713e-28 -5.125675068634878226e-31
0.000000000000000000e+00 1.122245561533269216e-31 1.166660177075923609e-28 -1.166660177075923609e-28 2.642446913703341614e-30
0.000000000000000000e+00 -9.513152883666846578e-18 2.799937236458194369e-07 -2.799937236458194369e-07 -1.601799105947146750e-17
0.000000000000000000e+00 -2.928461939007023093e-17 2.799937270812121175e-07 -2.799937270812121175e-07 -6.522627158965432420e-20
0.000000000000000000e+00 -8.575940386826861035e-19 8.734087327311454099e-08 -8.734087327311454099e-08 -1.016407749549850767e-18
0.000000000000000000e+00 -9.528822652029847333e-20 8.734087260257132415e-08 -8.734087260257132415e-08 -3.811529060811941822e-19
0.000000000000000000e+00 8.261928801833354693e-19 9.383766472314738575e-08 -9.383766472314738575e-08 6.990862832320534746e-19
0.000000000000000000e+00 1.906598954269235698e-19 9.383766404516078748e-08 -9.383766404516078748e-08 -6.355329847564123809e-20
0.000000000000000000e+00 1.877326967733366268e-30 -4.788285643419128403e-26 4.788285643419128403e-26 -2.473263573975607271e-29
0.000000000000000000e+00 8.874838929138770795e-29 -5.176856601436734396e-26 5.176856601436734396e-26 -4.082223430448198639e-30
0.000000000000000000e+00 6.132716895796908151e-31 -1.063751464015144381e-27 1.063751464015144381e-27 -4.693869264151635855e-30
0.000000000000000000e+00 -9.152129735203487427e-31 -2.694102796989979165e-28 2.694102796989979165e-28 -1.610019602130506548e-30
0.000000000000000000e+00 -1.338506308824374395e-18 4.040276124689268813e-08 -4.040276124689268813e-08 4.780379674372769222e-20
0.000000000000000000e+00 -1.693051134673689092e-19 4.040275985679017833e-08 -4.040275985679017833e-08 -6.373839565830362333e-19
0.000000000000000000e+00 -1.126143968677256127e-31 -7.028035933822988721e-28 7.028035933822988721e-28 -4.413580743163213722e-31
0.000000000000000000e+00 8.373125339038484451e-31 1.399647170949005514e-28 -1.399647170949005514e-28 -3.148600840630693590e-31
0.000000000000000000e+00 1.652462684126901895e-31 6.405264687346714661e-30 -6.405264687346714661e-30 3.440831597847332403e-32
0.000000000000000000e+00 1.169973003909530230e-29 -9.603406572992636290e-28 9.603406572992636290e-28 4.411591903616198039e-30
0.000000000000000000e+00 9.374546141729773132e-19 1.184107455346247785e-07 -1.184107455346247785e-07 -6.666343923007842609e-18
0.000000000000000000e+00 -2.499878971127941556e-18 1.184107467002094530e-07 -1.184107467002094530e-07 -1.249939485563971548e-18
0.000000000000000000e+00 -1.938493366224881206e-30 -4.314134721194511012e-28 4.314134721194511012e-28 -3.221285081242712542e-30
0.000000000000000000e+00 8.889683599335953611e-31 -4.101036256672134336e-28 4.101036256672134336e-28 1.433936116078765136e-30
0.000000000000000000e+00 4.416372813899884555e-20 8.509249971692555284e-10 -8.509249971692555284e-10 -2.477936450980760714e-20
0.000000000000000000e+00 1.003721094068155991e-21 8.509252156088267083e-10 -8.509252156088267083e-10 -1.831790996674385699e-20
0.000000000000000000e+00 8.463302563741862004e-31 -1.897918458243136981e-28 1.897918458243136981e-28 1.220870063624121560e-31
0.000000000000000000e+00 7.155208038287065415e-32 9.396792753930698460e-30 -9.396792753930698460e-30 -5.607685546851768930e-33
0.000000000000000000e+00 2.641763339576764498e-20 -2.206794247744716149e-10 2.206794247744716149e-10 1.273078333167470407e-19
0.000000000000000000e+00 4.679695058678843631e-20 -2.206794211660746051e-10 2.206794211660746051e-10 -8.906516402001674892e-20
0.000000000000000000e+00 -6.047611345975151007e-31 1.238123853874197645e-27 -1.238123853874197645e-27 -1.154730708582051926e-32
0.000000000000000000e+00 -5.406435222050443073e-31 -1.666771113683305745e-28 1.666771113683305745e-28 1.849555113103030767e-32
0.000000000000000000e+00 1.775436864800849326e-20 -1.296823403180907870e-09 1.296823403180907870e-09 1.672184508124489206e-19
0.000000000000000000e+00 1.359909087932566942e-19 -1.296823076820860092e-09 1.296823076820860092e-09 -7.756518501541312414e-20
0.000000000000000000e+00 4.610772777817624989e-19 7.952704136313434150e-09 -7.952704136313434150e-09 -1.253806632564442846e-19
0.000000000000000000e+00 -2.709840141348955519e-19 7.952704465967510135e-09 -7.952704465967510135e-09 1.415588133540500104e-19
0.000000000000000000e+00 1.761378923918934497e-19 1.082563843201499552e-09 -1.082563843201499552e-09 9.110580640960010960e-20
0.000000000000000000e+00 -2.068861020551335097e-20 1.082563890100238152e-09 -1.082563890100238152e-09 -5.375242578166408404e-19
0.000000000000000000e+00 -4.535032950563428676e-30 -1.255765821059165749e-29 1.255765821059165749e-29 -5.946890518950743818e-31
0.000000000000000000e+00 -2.653599953643792540e-30 1.912453799743016900e-28 -1.912453799743016900e-28 6.025057848500318947e-31
0.000000000000000000e+00 1.028724308589493700e-30 -6.252363138926029149e-29 6.252363138926029149e-29 7.143875590783377494e-32
0.000000000000000000e+00 -7.433584802409007973e-32 2.975728459409790442e-29 -2.975728459409790442e-29 -2.557621829894081971e-30
0.000000000000000000e+00 2.785466170802032340e-20 -6.410850608178944999e-10 6.410850608178944999e-10 -1.221026266652946429e-19
0.000000000000000000e+00 5.252956751329865623e-20 -6.410852897131325371e-10 6.410852897131325371e-10 -9.462953566560346738e-20
0.000000000000000000e+00 -5.708699933402768581e-20 1.635833703396500361e-08 -1.635833703396500361e-08 5.708699933402773396e-20
0.000000000000000000e+00 -2.385421043600445836e-19 1.635833523105156704e-08 -1.635833523105156704e-08 -6.320346354838792741e-20
0.000000000000000000e+00 -3.326475190795906659e-19 2.047985637266903535e-08 -2.047985637266903535e-08 -5.714190511796653912e-19
0.000000000000000000e+00 -2.244860558205831796e-19 2.047985718406780613e-08 -2.047985718406780613e-08 3.265251721026665930e-20
0.000000000000000000e+00 -9.197150167864635413e-31 -1.992385010871751975e-29 1.992385010871751975e-29 7.304445424651074389e-31
0.000000000000000000e+00 -4.086201782978733116e-31 1.384716858662426936e-28 -1.384716858662426936e-28 1.229744884680884903e-31
0.000000000000000000e+00 1.502201314821346013e-19 1.816063671501654838e-09 -1.816063671501654838e-09 -6.399684172835840936e-20
0.000000000000000000e+00 7.296406386275112369e-19 1.816063807156054669e-09 -1.816063807156054669e-09 -5.160623564522317069e-20
0.000000000000000000e+00 6.287588260276081962e-20 2.294943160558216169e-09 -2.294943160558216169e-09 6.901011505181070559e-21
0.000000000000000000e+00 3.067116224524922522e-20 2.294943251541666283e-09 -2.294943251541666283e-09 2.044744149683283161e-21
0.000000000000000000e+00 -2.815087437020737505e-21 7.116994392677815007e-10 -7.116994392677815007e-10 3.736388780045709118e-20
0.000000000000000000e+00 1.305176902618706953e-19 7.116995093350526894e-10 -7.116995093350526894e-10 -1.036464010903091569e-20
0.000000000000000000e+00 -3.193181141953478262e-30 1.192998119244925673e-27 -1.192998119244925673e-27 -4.037217577709865625e-31
0.000000000000000000e+00 -4.526181961340966121e-31 4.683544327423828135e-27 -4.683544327423828135e-27 -4.315098024559761496e-31
0.000000000000000000e+00 -3.281296834009716167e-20 8.171859786442844235e-09 -8.171859786442844235e-09 2.707069888058017162e-19
0.000000000000000000e+00 -4.511783146763365146e-19 8.171858657354766329e-09 -8.171858657354766329e-09 2.704506374906451183e-20
0.000000000000000000e+00 4.108862639561385831e-29 -4.023839552936291686e-27 4.023839552936291686e-27 -7.987048747024784831e-30
0.000000000000000000e+00 -7.838463013264921351e-29 3.779996879631501746e-26 -3.779996879631501746e-26 -4.650504758547255590e-29
0.000000000000000000e+00 1.613064986873877865e-18 8.075747397722672380e-08 -8.075747397722672380e-08 8.229923402417750379e-21
0.000000000000000000e+00 -9.629010380828766785e-19 8.075747433906358170e-08 -8.075747433906358170e-08 -2.633575488773681566e-19
0.000000000000000000e+00 2.802929349810043073e-17 -1.927155171179703611e-06 1.927155171179703611e-06 1.280184078038254026e-18
0.000000000000000000e+00 5.558694023060807795e-19 -1.927155187497073361e-06 1.927155187497073361e-06 -1.724879599883129243e-17
0.000000000000000000e+00 -2.304087569334386854e-30 3.546976606924040495e-29 -3.546976606924040495e-29 -1.622239302807748478e-30
0.000000000000000000e+00 4.028248828612746452e-30 1.803940171088288025e-28 -1.803940171088288025e-28 7.016257151606200626e-30
0.000000000000000000e+00 6.726445326626486818e-29 -2.848082023464260639e-27 2.848082023464260639e-27 7.504979529402242497e-29
0.000000000000000000e+00 6.762648559230849348e-29 -1.381497417039095585e-29 1.381497417039095585e-29 8.124972685524358689e-31
0.000000000000000000e+00 -9.063326824209507015e-17 -1.100720063642645832e-04 1.100720063642645832e-04 5.904110045485141172e-15
0.000000000000000000e+00 -1.419058028476242772e-14 -1.100720063658709778e-04 1.100720063658709778e-04 -1.598220578376267615e-17
0.000000000000000000e+00 -1.233696859910423671e-29 3.184376721134121449e-27 -3.184376721134121449e-27 -2.633329339675207499e-28
0.000000000000000000e+00 6.733182819176645407e-28 4.785498103860970716e-27 -4.785498103860970716e-27 -2.787008095808407120e-28
0.000000000000000000e+00 -6.830141780030257020e-17 -1.582081969958815462e-02 1.582081969958815462e-02 -2.397965205514667525e-13
0.000000000000000000e+00 -8.792539086887140089e-14 -1.582081969936968702e-02 1.582081969936968702e-02 -1.545563511366909158e-15
0.000000000000000000e+00 2.744271030974290976e-16 -2.238435435565784819e-05 2.238435435565784819e-05 1.434805166434912061e-17
0.000000000000000000e+00 -2.440817984280052253e-17 -2.238435436314157063e-05 2.238435436314157063e-05 2.110977716134152589e-17
0.000000000000000000e+00 1.357039140259295507e-32 1.654181108708993251e-27 -1.654181108708993251e-27 -5.143421568759989223e-29
0.000000000000000000e+00 2.860340959014450056e-29 1.858431695986546697e-27 -1.858431695986546697e-27 -1.534925342731464792e-31
0.000000000000000000e+00 5.982354397566753675e-15 -8.861430540429244759e-05 8.861430540429244759e-05 -2.980595203976765100e-16
0.000000000000000000e+00 -4.109341316725342134e-16 -8.861430539260740447e-05 8.861430539260740447e-05 3.216926421333923802e-15
0.000000000000000000e+00 -1.534020335128278217e-41 3.413629896362572954e-29 -3.413629896362572954e-29 -1.369661013507390952e-43
0.000000000000000000e+00 1.095728810805913081e-42 8.664273532513606957e-30 -8.664273532513606957e-30 1.369661013507390952e-43
