0.000000000000000000e+00 2.516837741378156318e-18 4.787564251166109023e-07 -4.787564251166109023e-07 -1.717924516417872636e-18
0.000000000000000000e+00 4.072890950777966939e-19 4.787564264562830821e-07 -4.787564264562830821e-07 2.401961329945984132e-19
0.000000000000000000e+00 -3.254158089491560335e-30 -2.082607802120767054e-28 2.082607802120767054e-28 -1.942870529627949787e-29
0.000000000000000000e+00 1.987675798621612646e-29 -5.372741118548508481e-29 5.372741118548508481e-29 4.647433898110288286e-30
0.000000000000000000e+00 3.776951052567356391e-30 9.197022589958754704e-29 -9.197022589958754704e-29 6.284246288529971039e-30
0.000000000000000000e+00 -2.542272470648790602e-30 1.613947334795335533e-29 -1.613947334795335533e-29 -6.996465896323170945e-31
0.000000000000000000e+00 2.491482401093972538e-29 8.434531291818954781e-29 -8.434531291818954781e-29 -2.347972400361242051e-30
0.000000000000000000e+00 2.263559846543398691e-29 -4.082445006677649060e-29 4.082445006677649060e-29 -5.875032424141297409e-30
0.000000000000000000e+00 2.655864472081237202e-30 -9.239788618385873786e-29 9.239788618385873786e-29 -5.531533112896692315e-31
0.000000000000000000e+00 9.420639452711967316e-30 -2.471170118227514217e-28 2.471170118227514217e-28 -3.135827536415508224e-30
0.000000000000000000e+00 3.407750299926115278e-19 -3.916203177362385118e-06 3.916203177362385118e-06 -1.703875149963060239e-18
0.000000000000000000e+00 1.224660264035956119e-19 -3.916203177171917902e-06 3.916203177171917902e-06 3.833719087416912308e-19
0.000000000000000000e+00 2.312135638034811269e-29 1.246268681216720377e-29 -1.246268681216720377e-29 2.995989672243251375e-30
0.000000000000000000e+00 -5.661353946999455537e-29 5.649670556853655956e-28 -5.649670556853655956e-28 -5.572789244208535296e-30
0.000000000000000000e+00 6.789337989586823324e-19 -4.766682334925076665e-07 4.766682334925076665e-07 -2.694181741899537337e-19
0.000000000000000000e+00 1.034565788889425750e-18 -4.766682333569387198e-07 4.766682333569387198e-07 4.633992596067226388e-19
0.000000000000000000e+00 -2.226681318851637452e-17 -2.474537664411274873e-04 2.474537664411274873e-04 -1.113340659425820575e-17
0.000000000000000000e+00 -3.479189560705688237e-18 -2.474537664384335160e-04 2.474537664384335160e-04 -1.670010989138733251e-17
0.000000000000000000e+00 -1.139113968896693958e-29 -1.566187332437508475e-27 1.566187332437508475e-27 3.721370362793289436e-29
0.000000000000000000e+00 -2.402621727670293021e-29 1.543559781510190746e-27 -1.543559781510190746e-27 -4.932456005034875996e-29
0.000000000000000000e+00 -1.886597249519641808e-19 -1.219245138194716947e-05 1.219245138194716947e-05 -3.525320407861526250e-18
0.000000000000000000e+00 1.410128163144611270e-18 -1.219245138242769635e-05 1.219245138242769635e-05 5.287980611792300930e-19
0.000000000000000000e+00 6.494520488409401535e-19 1.686176379709505471e-07 -1.686176379709505471e-07 3.200698360724341329e-19
0.000000000000000000e+00 -5.959921085486712081e-19 1.686176382210966612e-07 -1.686176382210966612e-07 -5.573629904019990595e-19
0.000000000000000000e+00 -1.643128517121610232e-30 -1.329373449156136970e-28 1.329373449156136970e-28 1.006026990813133545e-30
0.000000000000000000e+00 -4.912198161274629106e-30 2.506722446160584802e-28 -2.506722446160584802e-28 -1.215553590505376821e-30
0.000000000000000000e+00 7.220444516098580490e-30 -4.678534748349108562e-28 4.678534748349108562e-28 4.299862949016111118e-30
0.000000000000000000e+00 -3.474670556528164007e-31 -2.529894885642131771e-29 2.529894885642131771e-29 4.344150863123255114e-31
0.000000000000000000e+00 4.358042671324038977e-31 -2.434357344745467445e-28 2.434357344745467445e-28 -6.653939758088582693e-31
0.000000000000000000e+00 -9.481288163303545868e-30 8.969829928669986352e-28 -8.969829928669986352e-28 -2.216437233438580845e-30
0.000000000000000000e+00 6.185764521314418697e-18 -9.102655417441164043e-06 9.102655417441164043e-06 9.096712531344747086e-19
0.000000000000000000e+00 -1.546441130328610452e-18 -9.102655417928055522e-06 9.102655417928055522e-06 1.091605503761373964e-18
0.000000000000000000e+00 -8.537027294376213743e-20 -8.908263691752753110e-07 8.908263691752753110e-07 -4.553081223667321058e-19
0.000000000000000000e+00 4.553081223667314317e-19 -8.908263686534467937e-07 8.908263686534467937e-07 -2.959502795383759458e-19
0.000000000000000000e+00 -1.930555438426259030e-30 -3.723268754162632599e-27 3.723268754162632599e-27 2.120112817875571599e-30
0.000000000000000000e+00 3.273014670203930484e-30 -4.854992626376622778e-29 4.854992626376622778e-29 -6.282802489103231461e-31
0.000000000000000000e+00 -2.050002695946857382e-19 4.995272071365388590e-08 -4.995272071365388590e-08 2.121681111889059016e-19
0.000000000000000000e+00 4.838293076098398429e-20 4.995272105721617340e-08 -4.995272105721617340e-08 7.630167377047042613e-19
0.000000000000000000e+00 5.211780815550143498e-18 -7.869152230816655501e-06 7.869152230816655501e-06 7.445401165071647325e-19
0.000000000000000000e+00 -3.164295495155460802e-18 -7.869152232557616528e-06 7.869152232557616528e-06 -2.233620349521505368e-18
0.000000000000000000e+00 -1.739545398888161829e-29 -3.255891564690193928e-28 3.255891564690193928e-28 2.148582065773796158e-30
0.000000000000000000e+00 -1.416587756890207587e-29 1.580260763487817376e-27 -1.580260763487817376e-27 6.018912212333864787e-30
0.000000000000000000e+00 2.030231043983618925e-18 -7.575651679318689264e-07 7.575651679318689264e-07 -3.725532984054248440e-20
0.000000000000000000e+00 3.059732287399019249e-19 -7.575651682156447631e-07 7.575651682156447631e-07 -2.360733772073991528e-19
0.000000000000000000e+00 -1.826020077460141574e-29 4.521777615538317858e-26 -4.521777615538317858e-26 7.253595727331952149e-29
0.000000000000000000e+00 -6.003765140370314556e-29 -4.101294352018025075e-27 4.101294352018025075e-27 3.890718374578790907e-31
0.000000000000000000e+00 3.515017161990642660e-17 -5.761492596623678632e-05 5.761492596623678632e-05 6.418726991461184646e-17
0.000000000000000000e+00 3.897084244815719170e-16 -5.761492595937800818e-05 5.761492595937800818e-05 -5.348939159550996449e-18
0.000000000000000000e+00 1.656580218341979302e-29 -4.352981382688974273e-27 4.352981382688974273e-27 8.751403108501511945e-30
0.000000000000000000e+00 3.783130901252104711e-30 6.391705504293223428e-26 -6.391705504293223428e-26 -9.648722145104193493e-30
0.000000000000000000e+00 2.688474315494593714e-18 3.506586054166779134e-07 -3.506586054166779134e-07 5.106900987691748085e-18
0.000000000000000000e+00 1.032182103270253639e-18 3.506586032715661804e-07 -3.506586032715661804e-07 -2.844501842733145945e-18
0.000000000000000000e+00 -2.929112948869822394e-17 -8.354034536830339008e-05 8.354034536830339008e-05 -6.166553576568059309e-18
0.000000000000000000e+00 -1.849966072970417485e-17 -8.354034537175062444e-05 8.354034537175062444e-05 4.624915182426051415e-18
0.000000000000000000e+00 4.857243037760871911e-30 -1.442619195330618067e-27 1.442619195330618067e-27 3.669640833683931992e-30
0.000000000000000000e+00 3.707694304195650134e-30 5.467672934358514041e-29 -5.467672934358514041e-29 -1.559324392933181592e-30
0.000000000000000000e+00 -2.855936504990921089e-29 6.980321248009923655e-27 -6.980321248009923655e-27 -2.524794411693379664e-30
0.000000000000000000e+00 -9.529957805391274804e-32 8.172804742642792500e-28 -8.172804742642792500e-28 -6.401989187948643027e-31
0.000000000000000000e+00 -3.071015639374516468e-21 -2.270991367524234214e-07 2.270991367524234214e-07 9.458728169273527859e-19
0.000000000000000000e+00 -7.738959411223796922e-19 -2.270991383878134114e-07 2.270991383878134114e-07 -3.163146108555763852e-19
0.000000000000000000e+00 3.066143696569403456e-28 -3.498762783433273802e-26 3.498762783433273802e-26 -1.120264772823291288e-29
0.000000000000000000e+00 -1.205709535993442713e-29 -3.196008780061333437e-27 3.196008780061333437e-27 -2.286602631301658240e-29
0.000000000000000000e+00 5.581233930428206574e-15 -3.157324969684952021e-02 3.157324969684952021e-02 8.268494711745506530e-15
0.000000000000000000e+00 -8.268494711745533352e-15 -3.157324969683148602e-02 3.157324969683148602e-02 8.888631815126463775e-15
0.000000000000000000e+00 -1.180622079071386679e-16 -5.327243304716007587e-04 5.327243304716007587e-04 -1.311802310079320947e-17
0.000000000000000000e+00 -1.836523234111062298e-16 -5.327243304930928984e-04 5.327243304930928984e-04 -9.182616170555329980e-17
0.000000000000000000e+00 2.227306382201917279e-17 -1.572961780425809154e-04 1.572961780425809154e-04 -4.619598422344726564e-17
0.000000000000000000e+00 -4.619598422344762926e-17 -1.572961780536958850e-04 1.572961780536958850e-04 2.309799211172385777e-17
0.000000000000000000e+00 2.502408171945293308e-29 -8.278603272593615249e-30 8.278603272593615249e-30 1.454818558859787834e-31
0.000000000000000000e+00 -5.157152920023680051e-30 -2.181270779686120337e-26 2.181270779686120337e-26 2.244061210196969802e-29
0.000000000000000000e+00 3.880386141705011257e-29 2.199465163215387942e-27 -2.199465163215387942e-27 9.690469385478694742e-30
0.000000000000000000e+00 -2.029636437652270242e-30 1.217594613813641230e-27 -1.217594613813641230e-27 -6.846974978420558804e-30
0.000000000000000000e+00 -3.210795031176867898e-16 -1.853096003911339175e-03 1.853096003911339175e-03 0.000000000000000000e+00
0.000000000000000000e+00 -4.013493788971118152e-17 -1.853096003908304493e-03 1.853096003908304493e-03 0.000000000000000000e+00
0.000000000000000000e+00 5.366204356667203401e-16 -4.165157914441264958e-03 4.165157914441264958e-03 4.292963485333770806e-16
0.000000000000000000e+00 5.366204356667226450e-17 -4.165157914431516679e-03 4.165157914431516679e-03 -2.146481742666894771e-16
0.000000000000000000e+00 1.675487578587669684e-31 -2.495806944062645089e-28 2.495806944062645089e-28 4.619671629914910499e-30
0.000000000000000000e+00 -7.909466554990194324e-30 -1.677860008935204267e-28 1.677860008935204267e-28 3.860991858103838256e-30
0.000000000000000000e+00 -3.416517734355061439e-30 -6.517021761136082393e-29 6.517021761136082393e-29 4.092222156738328313e-30
0.000000000000000000e+00 -4.988454867516189331e-30 3.961555782312805331e-28 -3.961555782312805331e-28 3.913201715915735709e-31
0.000000000000000000e+00 4.195656636749934040e-30 -3.141994325452433928e-28 3.141994325452433928e-28 2.110058406861241516e-30
0.000000000000000000e+00 6.116945764664602236e-30 -2.872485599727282471e-27 2.872485599727282471e-27 -1.160858237135218578e-30
0.000000000000000000e+00 -6.916109502122762018e-18 -6.348346628458130146e-05 6.348346628458130146e-05 1.783059481016028326e-18
0.000000000000000000e+00 3.295958434605400670e-18 -6.348346628073571766e-05 6.348346628073571766e-05 6.916109502122822107e-18
0.000000000000000000e+00 -9.895818623410939285e-29 -8.449320705738095080e-28 8.449320705738095080e-28 -4.205134025718122712e-29
0.000000000000000000e+00 7.364524752908693708e-29 -1.364797285339765756e-28 1.364797285339765756e-28 2.077415243838471186e-28
0.000000000000000000e+00 -1.621114202502317594e-31 -2.253357485876079663e-28 2.253357485876079663e-28 -1.620725562597615519e-30
0.000000000000000000e+00 1.091330000405574734e-29 -8.362015053631548663e-29 8.362015053631548663e-29 2.896591505754947688e-29
0.000000000000000000e+00 1.997849667608048433e-30 7.174909829437179367e-29 -7.174909829437179367e-29 -1.103777664520916564e-29
0.000000000000000000e+00 5.051205426150621947e-30 -5.750893511946015815e-29 5.750893511946015815e-29 -5.918629640288951452e-31
0.000000000000000000e+00 -8.927039469981117680e-19 -5.650595439962848424e-06 5.650595439962848424e-06 3.417382297102154060e-19
0.000000000000000000e+00 -2.120171874120536562e-18 -5.650595440619488693e-06 5.650595440619488693e-06 4.463519734990611803e-19
0.000000000000000000e+00 -1.725774578653218368e-29 -3.398012788604497008e-28 3.398012788604497008e-28 -1.094928342441433717e-29
0.000000000000000000e+00 -1.019449246180440368e-29 -2.500240686290033922e-27 2.500240686290033922e-27 2.650961440061244518e-29
0.000000000000000000e+00 5.416010874065011278e-18 -2.892731087907716997e-05 2.892731087907716997e-05 -2.538755097217979814e-19
0.000000000000000000e+00 1.438627888423533210e-18 -2.892731087834449325e-05 2.892731087834449325e-05 2.076137501724946310e-17
0.000000000000000000e+00 -1.670683959721514648e-18 -3.434963504399508913e-06 3.434963504399508913e-06 -8.641468757180265743e-19
0.000000000000000000e+00 4.810417608163708686e-18 -3.434963504848891656e-06 3.434963504848891656e-06 -2.707660210583170881e-18
0.000000000000000000e+00 1.060246698242070306e-18 -3.553931871608359039e-06 3.553931871608359039e-06 2.179395990830926950e-18
0.000000000000000000e+00 1.767077830403458406e-18 -3.553931871145871850e-06 3.553931871145871850e-06 1.487290507256247086e-18
0.000000000000000000e+00 -1.990249522446851632e-30 -2.733399153223990625e-28 2.733399153223990625e-28 -3.300670129267132270e-31
0.000000000000000000e+00 -6.511645954666758148e-30 1.934172099658403690e-27 -1.934172099658403690e-27 5.184215975357868371e-30
0.000000000000000000e+00 -1.455562593862551508e-29 -2.110354116197776274e-27 2.110354116197776274e-27 1.923661472207772732e-29
0.000000000000000000e+00 3.214792870888627513e-29 -8.603920603408625907e-27 8.603920603408625907e-27 2.739609589534231694e-30
0.000000000000000000e+00 1.236465549001157295e-19 -5.014619924962227822e-06 5.014619924962227822e-06 2.637793171202474674e-18
0.000000000000000000e+00 1.239463041241162125e-17 -5.014619928566959488e-06 5.014619928566959488e-06 -6.894232152006478973e-19
0.000000000000000000e+00 2.503317699702382938e-30 -7.717176069164365858e-28 7.717176069164365858e-28 -2.872086258176460465e-30
0.000000000000000000e+00 -4.736918739098196881e-31 1.328046239785487377e-29 -1.328046239785487377e-29 7.420767862198266111e-31
0.000000000000000000e+00 -4.025779219114647063e-21 2.613398319021023231e-07 -2.613398319021023231e-07 -2.305489207319942622e-18
0.000000000000000000e+00 -7.473754748232542884e-18 2.613398363679256188e-07 -2.613398363679256188e-07 -3.578470416990819185e-22
0.000000000000000000e+00 1.230830220564065444e-18 -6.221074300508235843e-06 6.221074300508235843e-06 2.461660441128136280e-19
0.000000000000000000e+00 -2.815524129540356474e-18 -6.221074312351410701e-06 6.221074312351410701e-06 2.461660441128186355e-18
0.000000000000000000e+00 -1.221777467804942524e-29 5.117275625339741848e-28 -5.117275625339741848e-28 3.834640444967306269e-29
0.000000000000000000e+00 9.069093617928871556e-29 -3.755476387403011470e-26 3.755476387403011470e-26 5.868176633000330767e-29
0.000000000000000000e+00 0.000000000000000000e+00 -5.429996433551920503e-06 5.429996433551920503e-06 -6.225296381256306340e-20
0.000000000000000000e+00 4.746788490707961630e-19 -5.429996433429452245e-06 5.429996433429452245e-06 9.960474210010172958e-19
0.000000000000000000e+00 1.606700679846985607e-17 4.129575123377807991e-04 -4.129575123377807991e-04 3.534741495663376654e-16
0.000000000000000000e+00 -5.462782311479916045e-16 4.129575123546475155e-04 -4.129575123546475155e-04 -2.811726189732316255e-17
0.000000000000000000e+00 6.520195804338605314e-18 -4.375769334395238735e-06 4.375769334395238735e-06 -3.132250925613651358e-18
0.000000000000000000e+00 -7.798665569895312443e-18 -4.375769335360038061e-06 4.375769335360038061e-06 4.589706458348236255e-17
0.000000000000000000e+00 1.057076378353719549e-30 -4.423215483721096929e-28 4.423215483721096929e-28 3.792946686632007045e-31
0.000000000000000000e+00 -2.119987617915225743e-31 5.299241031988332290e-30 -5.299241031988332290e-30 -6.097878245840212996e-31
0.000000000000000000e+00 -1.986330484382879540e-30 5.110441369685611416e-28 -5.110441369685611416e-28 8.273173646450189051e-31
0.000000000000000000e+00 9.053421745915655656e-31 -2.277271744619311215e-28 2.277271744619311215e-28 4.124715185942611290e-31
0.000000000000000000e+00 -7.439392216224625225e-31 4.932743757741629617e-29 -4.932743757741629617e-29 -1.943074539848541110e-30
0.000000000000000000e+00 3.931176666062782457e-30 -1.225868136612189411e-28 1.225868136612189411e-28 -8.555986899311749951e-31
0.000000000000000000e+00 -1.183803276615425947e-32 -1.335651543434230416e-28 1.335651543434230416e-28 1.569446180923000854e-31
0.000000000000000000e+00 -1.960583256797449293e-31 -7.841619363468547635e-29 7.841619363468547635e-29 -2.950477582438316843e-31
0.000000000000000000e+00 -2.211606860061086197e-18 -6.858721801085974550e-06 6.858721801085974550e-06 -5.321679007022002407e-18
0.000000000000000000e+00 -1.589592430668933847e-18 -6.858721801362823033e-06 6.858721801362823033e-06 -4.423213720122262527e-18
0.000000000000000000e+00 7.461966858656466487e-31 -2.705926704175458499e-28 2.705926704175458499e-28 2.438742764735558212e-30
0.000000000000000000e+00 -4.857301851983699521e-30 -3.115632638690257243e-28 3.115632638690257243e-28 -8.384066449663721331e-31
0.000000000000000000e+00 -4.381888949112410076e-18 -5.080722836099138166e-06 5.080722836099138166e-06 3.533781410574533847e-18
0.000000000000000000e+00 2.614998243825172426e-18 -5.080722838784293595e-06 5.080722838784293595e-06 -5.866077141553780528e-18
0.000000000000000000e+00 2.093055552166329944e-18 6.322259142528843783e-07 -6.322259142528843783e-07 1.365807436583117345e-18
0.000000000000000000e+00 1.773775891666410071e-19 6.322259172310643969e-07 -6.322259172310643969e-07 6.669397352665720414e-18
0.000000000000000000e+00 -1.055238826240246408e-30 -4.814425659090985249e-28 4.814425659090985249e-28 3.697905837009201368e-30
0.000000000000000000e+00 -6.625836760011005202e-30 -5.915576060037718855e-28 5.915576060037718855e-28 6.407381706283594272e-31
0.000000000000000000e+00 -9.969629389239560069e-19 -3.151534856136537773e-05 3.151534856136537773e-05 -7.540665138043033661e-18
0.000000000000000000e+00 3.074271171663691275e-17 -3.151534855747687309e-05 3.151534855747687309e-05 7.363930798870153671e-20
0.000000000000000000e+00 -4.785422106835070339e-18 -3.151534855960893633e-05 3.151534855960893633e-05 -3.944347918361037777e-17
0.000000000000000000e+00 -2.204194424966465876e-17 -3.151534855750116599e-05 3.151534855750116599e-05 1.363120236492423453e-17
0.000000000000000000e+00 3.168747022206953920e-29 -9.126124302877164654e-28 9.126124302877164654e-28 3.309681727925353801e-28
0.000000000000000000e+00 -1.273976656287638678e-29 8.862276595118017139e-28 -8.862276595118017139e-28 3.140095004839357697e-29
0.000000000000000000e+00 -1.360814831649845960e-31 2.280070048877277021e-29 -2.280070048877277021e-29 -7.678312442919423870e-31
0.000000000000000000e+00 7.366657948217698909e-31 7.152458874142833915e-29 -7.152458874142833915e-29 -2.755231560281691670e-31
0.000000000000000000e+00 4.799616997133886383e-30 -1.046314524614977546e-27 1.046314524614977546e-27 4.968955209086163281e-30
0.000000000000000000e+00 1.184964617182219637e-30 8.099123041601624325e-28 -8.099123041601624325e-28 -6.772991322779079226e-30
0.000000000000000000e+00 -4.170959753217373340e-19 -3.628716284072286081e-06 3.628716284072286081e-06 9.100275825201568447e-19
0.000000000000000000e+00 -4.550137912600829290e-18 -3.628716283399746579e-06 3.628716283399746579e-06 6.825206868901263965e-19
0.000000000000000000e+00 -5.868174609968268900e-18 -5.382993435105826571e-06 5.382993435105826571e-06 5.404897667076053262e-19
0.000000000000000000e+00 2.316384714461165340e-19 -5.382993434761472950e-06 5.382993434761472950e-06 2.161959066830427083e-18
0.000000000000000000e+00 -7.447012344467414415e-20 -5.114753409832309432e-09 5.114753409832309432e-09 -1.763832713260026356e-19
0.000000000000000000e+00 1.927439104507647368e-19 -5.114753919765564226e-09 5.114753919765564226e-09 3.500008155618686592e-19
0.000000000000000000e+00 -6.240416274878456297e-18 5.977372262546646379e-06 -5.977372262546646379e-06 1.328088591833111235e-17
0.000000000000000000e+00 -1.280085389718664303e-17 5.977372262749490441e-06 -5.977372262749490441e-06 -1.080072047575126073e-18
0.000000000000000000e+00 -6.777036708720399508e-31 4.793289540749590230e-28 -4.793289540749590230e-28 1.304768000393964869e-31
0.000000000000000000e+00 -3.757336678644389372e-31 5.384304806202422235e-29 -5.384304806202422235e-29 8.451208459310245556e-30
0.000000000000000000e+00 -1.729987995361808145e-30 -1.350664810149231050e-28 1.350664810149231050e-28 2.302952497738709641e-31
0.000000000000000000e+00 6.059066705255360111e-30 -2.342211002492166019e-29 2.342211002492166019e-29 1.262590369136679503e-30
0.000000000000000000e+00 2.842757856414406315e-19 4.738532059166646244e-05 -4.738532059166646244e-05 4.080818754628543733e-17
0.000000000000000000e+00 9.249855843824848108e-17 4.738532059295742197e-05 -4.738532059295742197e-05 -4.702505986779076774e-19
0.000000000000000000e+00 -9.090560575158598987e-30 7.649587297015372211e-26 -7.649587297015372211e-26 -3.725510829710298623e-28
0.000000000000000000e+00 1.359683259737970510e-27 2.872434225824560764e-25 -2.872434225824560764e-25 -5.669814128365887238e-29
0.000000000000000000e+00 -4.742163152940456333e-31 -4.365243092372520681e-28 4.365243092372520681e-28 9.587063594067072224e-30
0.000000000000000000e+00 1.493933142397154100e-28 7.752196511741015818e-27 -7.752196511741015818e-27 -1.402545622959618546e-28
0.000000000000000000e+00 -9.313640522490882659e-16 1.455605664148207140e-03 -1.455605664148207140e-03 4.084246192665983778e-15
0.000000000000000000e+00 -1.640974758724600306e-15 1.455605664145914920e-03 -1.455605664145914920e-03 -2.120516368960005526e-16
0.000000000000000000e+00 -7.446262745671653003e-31 1.155667065651262023e-27 -1.155667065651262023e-27 -4.203531583857105542e-30
0.000000000000000000e+00 -5.464657420416969991e-30 3.366216146948810935e-29 -3.366216146948810935e-29 -1.425230072845979244e-30
0.000000000000000000e+00 -1.632686873620278849e-18 -4.836214884025061754e-06 4.836214884025061754e-06 7.936672302320826708e-20
0.000000000000000000e+00 -2.267620657806008637e-18 -4.836214880613248618e-06 4.836214880613248618e-06 -2.154239624915715264e-19
0.000000000000000000e+00 -3.799841162599536246e-17 -9.209891164004811609e-07 9.209891164004811609e-07 2.341896063958634871e-17
0.000000000000000000e+00 -1.467129004774122888e-17 -9.209891175783433663e-07 9.209891175783433663e-07 2.755171839951413575e-17
0.000000000000000000e+00 3.570925369210768323e-30 -3.425745017310600923e-28 3.425745017310600923e-28 4.902470587586585810e-30
0.000000000000000000e+00 -1.638280837943154617e-30 4.116498821115289372e-28 -4.116498821115289372e-28 4.825625242895004224e-30
0.000000000000000000e+00 6.586943056059412050e-30 -1.605540345664254701e-28 1.605540345664254701e-28 1.165704109920947250e-29
0.000000000000000000e+00 9.589250081611329488e-31 8.982721296449355997e-29 -8.982721296449355997e-29 -6.402132054486714571e-31
0.000000000000000000e+00 4.671288962321788267e-18 -2.405301007916353725e-06 2.405301007916353725e-06 -4.434868427204296384e-19
0.000000000000000000e+00 -3.946953564461826113e-19 -2.405301010535007751e-06 2.405301010535007751e-06 -3.655791361817118542e-18
0.000000000000000000e+00 -2.314417895806555320e-17 -1.653567463775642597e-05 1.653567463775642597e-05 3.487125177833550809e-18
0.000000000000000000e+00 1.735813421854917954e-17 -1.653567464521671948e-05 1.653567464521671948e-05 -1.022163567752460482e-17
0.000000000000000000e+00 5.223278912580572811e-20 1.827868976205650973e-05 -1.827868976205650973e-05 3.760760817058026772e-18
0.000000000000000000e+00 -1.462518095522570007e-17 1.827868975642969697e-05 -1.827868975642969697e-05 -3.760760817058052194e-18
0.000000000000000000e+00 3.272167105160428523e-29 -1.607487881723586775e-28 1.607487881723586775e-28 2.096866342971967676e-29
0.000000000000000000e+00 -1.547829462524670803e-29 2.880339130493201800e-28 -2.880339130493201800e-28 7.909599938906047478e-31
0.000000000000000000e+00 4.389286101457876637e-28 -2.112512277078726206e-26 2.112512277078726206e-26 1.607055734481928232e-28
0.000000000000000000e+00 2.921259445059819841e-28 2.205570243137451294e-26 -2.205570243137451294e-26 3.310952308686754410e-28
0.000000000000000000e+00 2.322522199012254965e-17 -2.197448854781779116e-05 2.197448854781779116e-05 -1.278452586612255565e-17
0.000000000000000000e+00 -2.849883890989864000e-18 -2.197448854587923090e-05 2.197448854587923090e-05 -1.875063793698011416e-17
0.000000000000000000e+00 -5.457595654962081341e-19 -3.878008400104289186e-06 3.878008400104289186e-06 9.277912613435573332e-19
0.000000000000000000e+00 -8.186393482443283790e-19 -3.878008402257496913e-06 3.878008402257496913e-06 1.746430609587907475e-18
0.000000000000000000e+00 1.117787652037084543e-30 5.007772399726120694e-29 -5.007772399726120694e-29 1.146851467726319942e-31
0.000000000000000000e+00 -1.550865099327417293e-31 -3.472112204747410922e-29 3.472112204747410922e-29 -1.128393681568749968e-30
0.000000000000000000e+00 -3.785819305470662799e-30 -8.624054836469405812e-29 8.624054836469405812e-29 -3.449580804495908301e-30
0.000000000000000000e+00 3.274469438391935368e-31 -5.380638617433618524e-30 5.380638617433618524e-30 -1.650139285517789694e-30
0.000000000000000000e+00 3.545948144876024144e-18 1.656666014502229005e-04 -1.656666014502229005e-04 -3.242009732458094572e-16
0.000000000000000000e+00 -2.836758515900820548e-17 1.656666014458138840e-04 -1.656666014458138840e-04 -1.985730961130584059e-16
0.000000000000000000e+00 1.026254076683075410e-29 1.576457684366113400e-27 -1.576457684366113400e-27 -3.077333908376104994e-29
0.000000000000000000e+00 4.721431244856195543e-30 -2.975925759188225084e-28 2.975925759188225084e-28 3.384711846714121873e-30
0.000000000000000000e+00 1.216363806478599197e-29 1.688560753607799263e-28 -1.688560753607799263e-28 1.869295874347146330e-30
0.000000000000000000e+00 2.237652577519088083e-30 1.417287744151410905e-28 -1.417287744151410905e-28 3.066718591210151495e-30
0.000000000000000000e+00 2.257862096604936001e-29 1.495010802139586092e-28 -1.495010802139586092e-28 7.193400188198510717e-30
0.000000000000000000e+00 1.668692056107504537e-30 1.585769285960966573e-28 -1.585769285960966573e-28 -1.443941692563347648e-29
0.000000000000000000e+00 1.378047246434044288e-16 5.284609499870709069e-03 -5.284609499870709069e-03 -3.414000920197908330e-15
0.000000000000000000e+00 4.160813621491238988e-15 5.284609499913620057e-03 -5.284609499913620057e-03 -1.867031753233257865e-16
0.000000000000000000e+00 1.082720894127756109e-15 4.438942825300220933e-03 -4.438942825300220933e-03 -1.371446465895164917e-15
0.000000000000000000e+00 -7.218139294185115669e-15 4.438942825303587164e-03 -4.438942825303587164e-03 1.245129028246938823e-15
0.000000000000000000e+00 5.072995758804523831e-28 -3.376581535728167450e-27 3.376581535728167450e-27 7.830586034335655604e-29
0.000000000000000000e+00 -6.602336638043449582e-29 5.059445488091780902e-27 -5.059445488091780902e-27 4.065643916546464245e-28
0.000000000000000000e+00 1.884080538517536293e-18 -8.579551519700475903e-06 8.579551519700475903e-06 -1.231898813646088045e-18
0.000000000000000000e+00 3.011811437774451595e-19 -8.579551525508441909e-06 8.579551525508441909e-06 3.478302532647806422e-18
0.000000000000000000e+00 -7.621073809685156944e-17 1.682370291351771018e-05 -1.682370291351771018e-05 1.829057714324448088e-18
0.000000000000000000e+00 1.028844964307518738e-17 1.682370292324135026e-05 -1.682370292324135026e-05 1.079144051451447938e-16
0.000000000000000000e+00 6.991932054175989943e-17 4.121221202759592454e-05 -4.121221202759592454e-05 -2.795963570275252824e-17
0.000000000000000000e+00 5.049728705793844265e-17 4.121221202406690067e-05 -4.121221202406690067e-05 -1.165322009029355693e-17
0.000000000000000000e+00 1.340154841754560740e-29 -2.125518912381434603e-28 2.125518912381434603e-28 1.725057922137306994e-29
0.000000000000000000e+00 2.725511560642194531e-29 3.767973507831821718e-29 -3.767973507831821718e-29 1.511518289068571833e-30
0.000000000000000000e+00 -6.497170716327666084e-30 1.096915675707638797e-28 -1.096915675707638797e-28 -2.422228602046529205e-30
0.000000000000000000e+00 -9.530344388494636787e-31 3.229616130015671100e-28 -3.229616130015671100e-28 -8.056364073116519832e-30
0.000000000000000000e+00 -2.003052411551150843e-17 -2.072215215652452100e-05 2.072215215652452100e-05 4.614875654063958952e-18
0.000000000000000000e+00 -2.086512928699139343e-18 -2.072215215506292160e-05 2.072215215506292160e-05 -6.284085997023336062e-18
0.000000000000000000e+00 1.347357369798227112e-29 -1.529930138774091681e-28 1.529930138774091681e-28 2.060200021628584871e-29
0.000000000000000000e+00 -6.839957597698170212e-29 -2.295680679512883725e-28 2.295680679512883725e-28 7.133906550989892356e-30
0.000000000000000000e+00 4.492435394809389289e-29 8.275570415241652178e-29 -8.275570415241652178e-29 7.744793276983095839e-29
0.000000000000000000e+00 -8.566719048643101564e-29 4.082311208746417748e-28 -4.082311208746417748e-28 5.129248146467328524e-29
0.000000000000000000e+00 4.055169468455382028e-28 -1.661247633541892888e-27 1.661247633541892888e-27 -2.258964928443101569e-28
0.000000000000000000e+00 1.075381534331116430e-26 -5.620854219922044126e-26 5.620854219922044126e-26 -3.778753376616144772e-28
0.000000000000000000e+00 -1.906981778960047715e-17 -2.894382215294482170e-05 2.894382215294482170e-05 6.203108343492250742e-18
0.000000000000000000e+00 2.286211110003264750e-17 -2.894382215166226813e-05 2.894382215166226813e-05 -2.692528250406710144e-17
0.000000000000000000e+00 3.898667614189303513e-17 1.329571993105268309e-04 -1.329571993105268309e-04 -8.513847114229695682e-16
0.000000000000000000e+00 -3.287525123316396871e-16 1.329571992890688436e-04 -1.329571992890688436e-04 5.564821172280413534e-18
0.000000000000000000e+00 -1.886587062372168228e-18 3.991153112511849308e-05 -3.991153112511849308e-05 3.234149249780891404e-18
0.000000000000000000e+00 -1.859635818624035572e-17 3.991153113884725730e-05 -3.991153113884725730e-05 1.078049749926987477e-17
0.000000000000000000e+00 -2.393500585613651223e-30 1.297073473489665706e-29 -1.297073473489665706e-29 -8.195946434270428044e-31
0.000000000000000000e+00 -3.933062455322187129e-30 2.748385140234991947e-28 -2.748385140234991947e-28 3.646615126679348674e-30
0.000000000000000000e+00 1.029621571155039793e-28 -3.093489105538345387e-27 3.093489105538345387e-27 3.218753603512045398e-29
0.000000000000000000e+00 1.315164663957288635e-28 4.032567284455738504e-27 -4.032567284455738504e-27 -5.685921220746979166e-29
0.000000000000000000e+00 -4.127050607452564283e-17 2.279599679165010030e-03 -2.279599679165010030e-03 -3.366378534706454950e-15
0.000000000000000000e+00 1.346551413882573894e-15 2.279599679157675619e-03 -2.279599679157675619e-03 -2.670444510704663045e-17
0.000000000000000000e+00 8.721050756935374077e-29 1.814158466459247221e-27 -1.814158466459247221e-27 -7.528428081885913750e-29
0.000000000000000000e+00 4.460946651723193168e-28 2.851198974953471859e-27 -2.851198974953471859e-27 2.092082187201970145e-28
0.000000000000000000e+00 -8.952403433921589878e-13 3.276503872143569085e-01 -3.276503872143569085e-01 -5.635218232959671944e-13
0.000000000000000000e+00 2.737676942962649826e-13 3.276503872151906860e-01 -3.276503872151906860e-01 1.298897819653834872e-13
0.000000000000000000e+00 -9.499399722603333974e-17 4.635816885115333959e-04 -4.635816885115333959e-04 -6.233465692539609091e-18
0.000000000000000000e+00 5.540285754014079256e-20 4.635816885053431979e-04 -4.635816885053431979e-04 2.955368802587822561e-16
0.000000000000000000e+00 -1.229454623883286062e-30 4.961634208568564358e-28 -4.961634208568564358e-28 2.369600840152515022e-28
0.000000000000000000e+00 -1.116702663930715959e-28 2.243578831125485117e-28 -2.243578831125485117e-28 1.477362316574429062e-30
0.000000000000000000e+00 -4.740733673543458419e-15 1.835209052099908344e-03 -1.835209052099908344e-03 3.262781732163886802e-16
0.000000000000000000e+00 -5.855370459883275253e-16 1.835209052172461419e-03 -1.835209052172461419e-03 6.772476676492370375e-16
0.000000000000000000e+00 -3.287186432417739401e-42 -9.075460195096849104e-29 9.075460195096849104e-29 9.587627094551737265e-43
0.000000000000000000e+00 -1.314874572967095760e-41 -1.541474467712544508e-29 1.541474467712544508e-29 -1.369661013507390952e-43
