-3.408040533241625258e-01 1.030742291528207721e-05 -5.309804567154262425e-08 -5.309804567154262425e-08 -3.988236249902874826e-05
-3.408040533241621373e-01 2.048486832117668590e-05 -5.309804452426832710e-08 -5.309804452426832710e-08 -2.970491709380861496e-05
-3.405284755681479147e-01 -9.417621199837663257e-29 1.113033210756323974e-28 1.113033210756323974e-28 -1.320932351100806148e-28
-3.405284755681475817e-01 -9.443393397980783787e-29 1.186421077645014063e-28 1.186421077645014063e-28 -1.218928409155844496e-28
-3.391396786950762743e-01 -2.775547189897144851e-05 3.579696513468036111e-08 3.579696513468036111e-08 6.080839828639433145e-06
-3.391396786950761078e-01 -1.241079433552648447e-06 3.579696508915971865e-08 3.579696508915971865e-08 3.259523229383705427e-05
-3.386859283801861298e-01 -3.404564286730102767e-29 1.980378314435304030e-29 1.980378314435304030e-29 1.368506653787230371e-29
-3.386859283801856302e-01 -3.923311861878819353e-27 7.906108513571155142e-28 7.906108513571155142e-28 2.132311947255550897e-28
-3.382075790075598221e-01 -6.221178149548626528e-27 -1.809301490659318853e-27 -1.809301490659318853e-27 2.247449114142986653e-27
-3.382075790075597110e-01 -4.051612583456118129e-28 -4.289011501278921130e-28 -4.289011501278921130e-28 2.621137879477034666e-28
-3.369342168991080744e-01 -2.806306402652777229e-06 1.503958921902645351e-08 1.503958921902645351e-08 1.140954151204586727e-05
-3.369342168991079078e-01 -4.990644285991314573e-06 1.503958903189966018e-08 1.503958903189966018e-08 9.225203627640776106e-06
-3.363771458344269605e-01 -1.179841172579161731e-04 2.123287986089129839e-07 2.123287986089129839e-07 8.271511575715108074e-05
-3.363771458344267384e-01 -1.335262680020610497e-04 2.123287991170004298e-07 2.123287991170004298e-07 6.717296501346361548e-05
-3.363428779233131882e-01 8.644830362116458498e-28 1.803476616316004848e-27 1.803476616316004848e-27 1.767484170700474903e-27
-3.363428779233127996e-01 1.926050528181179725e-26 8.906165974676820494e-27 8.906165974676820494e-27 6.409875758203619272e-27
-3.361137798256936260e-01 -2.080383574286119792e-05 4.683439796370193913e-07 4.683439796370193913e-07 4.218882435442296882e-04
-3.361137798256932929e-01 -3.214709352038651108e-04 4.683439801613194449e-07 4.683439801613194449e-07 1.212211440817628479e-04
-3.358677910034410519e-01 -1.511686354534108384e-04 2.340316097531116827e-07 2.340316097531116827e-07 7.004471296959252614e-05
-3.358677910034407743e-01 -8.223550921708909652e-05 2.340316099841282989e-07 2.340316099841282989e-07 1.389778392059313713e-04
-3.348018021283803436e-01 1.005338939136733819e-06 -2.841437740869775374e-09 -2.841437740869775374e-09 -1.680469069018942592e-06
-3.348018021283798440e-01 2.268109027355109844e-06 -2.841437786136434512e-09 -2.841437786136434512e-09 -4.176989805852868432e-07
-3.347595482476398154e-01 -1.442901152004852536e-27 -4.386565886591636337e-28 -4.386565886591636337e-28 1.928456754281717444e-28
-3.347595482476393713e-01 4.107994014063717424e-29 -1.697026861352572514e-29 -1.697026861352572514e-29 -9.288818792423545632e-30
-3.325969196326163391e-01 -5.957476013536663938e-04 2.274067133835739943e-06 2.274067133835739943e-06 1.553765473816489870e-03
-3.325969196326158395e-01 -1.416052374361006496e-03 2.274067135412795012e-06 2.274067135412795012e-06 7.334607008187951551e-04
-3.324516879099981836e-01 -2.536205259956689309e-28 -8.962833398159819340e-29 -8.962833398159819340e-29 3.778701903155094437e-29
-3.324516879099976840e-01 -1.477362343348600299e-26 6.547672619108122836e-28 6.547672619108122836e-28 4.909084602824465943e-27
-3.321624549369671109e-01 -1.598865731552369355e-05 1.779217959790870455e-08 1.779217959790870455e-08 8.290179728759661072e-07
-3.321624549369668333e-01 -1.427956649466355994e-05 1.779217965235580704e-08 1.779217965235580704e-08 2.538108794118215545e-06
-3.316835325009329649e-01 -8.866630535168999721e-28 2.694684862961672132e-28 2.694684862961672132e-28 6.049282589193831103e-29
-3.316835325009326318e-01 -3.919491179751229911e-27 1.021820351860924324e-27 1.021820351860924324e-27 1.468009590216487085e-27
-3.307788936973260485e-01 2.650359435597300092e-07 -5.062884452785160722e-10 -5.062884452785160722e-10 -2.135222922569167379e-07
-3.307788936973253269e-01 1.164053082661964699e-07 -5.062884177007821169e-10 -5.062884177007821169e-10 -3.621529275589268402e-07
-3.299408430202788733e-01 -7.492071643317964697e-07 8.143389788598912747e-08 8.143389788598912747e-08 7.622443482029633995e-05
-3.299408430202788178e-01 -1.550874592125100666e-05 8.143389811504958718e-08 8.143389811504958718e-08 6.146489606280161535e-05
-3.288755088684721661e-01 -5.993253768170367195e-04 6.837695790580234468e-07 6.837695790580234468e-07 4.699311996330102068e-05
-3.288755088684717776e-01 -2.715256678213897679e-04 6.837695793258381123e-07 6.837695793258381123e-07 3.747928289604684506e-04
-3.276747768056370580e-01 5.770221249351536184e-05 -9.912003132292852863e-08 -9.912003132292852863e-08 -3.598886788523016230e-05
-3.276747768056368360e-01 3.125938842741262335e-05 -9.912003225389108542e-08 -9.912003225389108542e-08 -6.243169194700898055e-05
-3.276253804670402614e-01 -6.640728729003159102e-27 -1.417932157202945124e-26 -1.417932157202945124e-26 1.081976957016272689e-26
-3.276253804670397618e-01 9.053316404446090600e-28 -1.261337622696470803e-27 -1.261337622696470803e-27 1.029585111760238601e-27
-3.274069663769262339e-01 3.011834155132850982e-29 7.017742754710813825e-29 7.017742754710813825e-29 -2.934692852576535414e-28
-3.274069663769259009e-01 8.606526789777370816e-28 -5.873377852941971890e-28 -5.873377852941971890e-28 3.391997449202488648e-28
-3.265009212064114985e-01 -3.423056904589821944e-04 5.944768350564726598e-07 5.944768350564726598e-07 2.196107594092722756e-04
-3.265009212064114985e-01 -1.352552156169367723e-04 5.944768348287117471e-07 5.944768348287117471e-07 4.266612342526925473e-04
-3.263540334434801293e-01 3.880783706682725731e-28 6.706001310045145179e-28 6.706001310045145179e-28 1.973855559052836032e-27
-3.263540334434800183e-01 -4.160457565343821428e-27 2.510433763076653298e-27 2.510433763076653298e-27 1.844233840088003989e-27
-3.258407403599807850e-01 9.834749566347302081e-29 2.060490295496153667e-29 2.060490295496153667e-29 -9.621138734825011749e-30
-3.258407403599802299e-01 -1.336947744654464806e-26 4.662040963040495665e-27 4.662040963040495665e-27 -1.147097806229092962e-27
-3.251654459667590036e-01 -8.539156146077354724e-06 5.992825367929500966e-08 5.992825367929500966e-08 4.810673747991595837e-05
-3.251654459667585595e-01 -3.444615094716356360e-05 5.992825403788421089e-08 5.992825403788421089e-08 2.219974267929330014e-05
-3.246652123261449252e-01 -5.842156679132972194e-28 2.641128379943858689e-28 2.641128379943858689e-28 1.336898584287503892e-28
-3.246652123261448142e-01 9.048192873621428028e-30 -1.770340807177984362e-29 -1.770340807177984362e-29 -2.773190329203723726e-29
-3.244170904489299678e-01 -6.729946999983907688e-05 2.196703662067055118e-07 2.196703662067055118e-07 1.403392220027111490e-04
-3.244170904489297458e-01 -6.091614336009227322e-06 2.196703665032303326e-07 2.196703665032303326e-07 2.015470776678348914e-04
-3.221014416801262215e-01 -1.234096061465561932e-05 2.208445384846458504e-08 2.208445384846458504e-08 8.533894601232358020e-06
-3.221014416801262215e-01 -7.454171878961045045e-07 2.208445393490239810e-08 2.208445393490239810e-08 2.012943802780507423e-05
-3.212630663203415171e-01 -1.769173658036675231e-29 3.222089948682555770e-29 3.222089948682555770e-29 -5.723504924057449689e-29
-3.212630663203411840e-01 1.888580798748327788e-28 -3.363188841821222721e-28 -3.363188841821222721e-28 5.746125389760911831e-28
-3.209810176590268682e-01 -6.740944291950775637e-04 1.031376407591363097e-06 1.031376407591363097e-06 3.007919499276580323e-04
-3.209810176590267572e-01 -3.065789983904818918e-04 1.031376406453970432e-06 1.031376406453970432e-06 6.683073807325644365e-04
-3.189282343189409064e-01 5.086222825805280853e-29 1.016967666019820887e-28 1.016967666019820887e-28 7.831778404458412849e-29
-3.189282343189407398e-01 6.228185801820031874e-29 -7.739926259745447589e-30 -7.739926259745447589e-30 -1.747084104245014476e-29
-3.184993771284770903e-01 -2.863457333538480497e-04 5.032948505553347780e-07 5.032948505553347780e-07 1.893829052968396464e-04
-3.184993771284769792e-01 -2.370929597626781043e-04 5.032948504846158914e-07 5.032948504846158914e-07 2.386356788876576869e-04
-3.183983489213067508e-01 -3.747736470648790471e-06 1.161556893435063484e-08 1.161556893435063484e-08 7.231630334830351968e-06
-3.183983489213067508e-01 -5.797328385327273530e-06 1.161556877134738782e-08 1.161556877134738782e-08 5.182038419735240085e-06
-3.178013611687314222e-01 -6.723734042430104497e-29 6.854391107634320609e-29 6.854391107634320609e-29 6.521159627513007549e-29
-3.178013611687313666e-01 -1.085946766866170017e-28 2.314048677985133859e-28 2.314048677985133859e-28 8.879165755809787499e-29
-3.171536248543176950e-01 -1.621088070095306526e-29 -7.115992946497380965e-29 -7.115992946497380965e-29 -2.037112793747187264e-28
-3.171536248543175840e-01 -1.251754844784927169e-28 -2.057418929617127492e-28 -2.057418929617127492e-28 -3.518836922117043315e-28
-3.165859095674532497e-01 2.043319749142854058e-29 2.496104411090388105e-29 2.496104411090388105e-29 1.962209718770573609e-29
-3.165859095674531387e-01 -8.692762949896587748e-29 -1.540383292248298829e-29 -1.540383292248298829e-29 9.752173841527555481e-29
-3.164307136759414441e-01 -8.040319926161437871e-28 4.600595253139471241e-28 4.600595253139471241e-28 -2.260892747111628067e-28
-3.164307136759412220e-01 -2.332073956178325624e-28 9.116029516950728750e-29 9.116029516950728750e-29 2.421063920523992144e-27
-3.163854775194506197e-01 8.256719083817429095e-06 -1.121305264363703420e-08 -1.121305264363703420e-08 -2.342178168744512101e-06
-3.163854775194504532e-01 1.580605282045647084e-06 -1.121305283149937142e-08 -1.121305283149937142e-08 -9.018291969964289094e-06
-3.163752701226680841e-01 -9.562494820731527915e-06 6.540287934030637015e-08 6.540287934030637015e-08 5.225817096991827661e-05
-3.163752701226679731e-01 -3.148619454149119586e-05 6.540287929309603593e-08 6.540287929309603593e-08 3.033447124945045048e-05
-3.147465677881718937e-01 -1.964216893534622072e-04 8.096570880053573082e-07 8.096570880053573082e-07 5.688892694774812849e-04
-3.147465677881718937e-01 -7.428899843144428283e-04 8.096570889384144981e-07 8.096570889384144981e-07 2.242097451694853759e-05
-3.144480606261099154e-01 -4.031859002066934998e-04 4.599178386229185617e-07 4.599178386229185617e-07 3.154155028965894176e-05
-3.144480606261098043e-01 -1.581836169871691730e-04 4.599178383387376844e-07 4.599178383387376844e-07 2.765438335099193673e-04
-3.131179191171289955e-01 -3.012847366152025861e-29 -2.678560807076135970e-28 -2.678560807076135970e-28 -5.623651717436552914e-28
-3.131179191171287735e-01 -9.053490187824392028e-28 -1.132204505265172713e-27 -1.132204505265172713e-27 -6.395156691646859193e-28
-3.129331593707830317e-01 -4.629634788759221742e-29 -2.792930916824482531e-28 -2.792930916824482531e-28 -9.377982176367250498e-29
-3.129331593707829762e-01 -2.777874862103787794e-29 -1.196414921318722542e-28 -1.196414921318722542e-28 -7.434117469591124703e-29
-3.125070686135758002e-01 1.574732673942741642e-28 -6.141116476398395845e-29 -6.141116476398395845e-29 -1.602653856912236390e-28
-3.125070686135757447e-01 3.925154118888219961e-28 -1.483933693964469754e-28 -1.483933693964469754e-28 -2.332876520036493434e-28
-3.124353009574669104e-01 4.178694964741616131e-29 -1.549223510556913819e-27 -1.549223510556913819e-27 -1.006703149604078446e-27
-3.124353009574667994e-01 6.719106772624395305e-29 -1.574039426529648978e-28 -1.574039426529648978e-28 -5.006896930502737571e-28
-3.107901614400666590e-01 -7.100103781606719052e-28 1.197737471184818421e-28 1.197737471184818421e-28 3.029045493104117631e-29
-3.107901614400666035e-01 -3.005640604223519681e-29 -3.923035896410368863e-29 -3.923035896410368863e-29 -4.068537364145064630e-29
-3.102023363883298912e-01 1.460780114174365460e-27 2.404980954285047540e-28 2.404980954285047540e-28 -1.059306196651904036e-28
-3.102023363883298357e-01 -4.080058894586225043e-28 4.315800600973381711e-28 4.315800600973381711e-28 1.325814258416348607e-28
-3.099819181778303290e-01 -4.663471285371730782e-04 5.037114878812645095e-07 5.037114878812645095e-07 9.775327512584922082e-06
-3.099819181778301624e-01 -3.078676798263661117e-05 5.037114885415371739e-07 5.037114885415371739e-07 4.453356880678069319e-04
-3.099670824341703157e-01 -1.936680347670643602e-26 1.123001746027045337e-26 1.123001746027045337e-26 2.717425443739675159e-26
-3.099670824341703157e-01 -7.515708797406859058e-27 1.255875339685003807e-27 1.255875339685003807e-27 2.604145473874160541e-28
-3.099097609003056975e-01 -1.466010448857095168e-04 1.704801816709732813e-07 1.704801816709732813e-07 1.454168203518965427e-05
-3.099097609003055309e-01 -6.751594859810193072e-05 1.704801818343564077e-07 1.704801818343564077e-07 9.362677832217540129e-05
-3.090621250699520095e-01 -8.460291686707892247e-29 6.780933270107546515e-29 6.780933270107546515e-29 1.079199321097779975e-28
-3.090621250699518985e-01 -2.214844524863013604e-28 -6.868769651941927536e-29 -6.868769651941927536e-29 1.980535640902773430e-28
-3.089373694751910704e-01 3.804872008923529639e-07 -1.421875135244489149e-09 -1.421875135244489149e-09 -9.635097064140574669e-07
-3.089373694751909039e-01 1.071977299413831066e-06 -1.421875101748935002e-09 -1.421875101748935002e-09 -2.720196079355985802e-07
-3.088424691005033362e-01 3.466987361660293800e-29 -1.463463188745667070e-29 -1.463463188745667070e-29 -1.149467637102972007e-29
-3.088424691005032252e-01 4.429304404733817141e-29 1.576914973415611124e-28 1.576914973415611124e-28 2.607706339524476556e-29
-3.078867887807905657e-01 2.528639811586040310e-27 7.630327584452478600e-28 7.630327584452478600e-28 -5.133998339365686235e-28
-3.078867887807905657e-01 1.836907240853997067e-28 2.215119680110003929e-28 2.215119680110003929e-28 -6.383227190868501395e-29
-3.060234513709399473e-01 -9.180622548249002882e-03 1.756069166021705737e-05 1.756069166021705737e-05 7.418243764306622044e-03
-3.060234513709397808e-01 -3.827431593748326175e-03 1.756069165739662061e-05 1.756069165739662061e-05 1.277143471882220653e-02
-3.059123757171547942e-01 -1.223130164229978430e-26 -3.306289671488954796e-29 -3.306289671488954796e-29 9.661404780692475003e-28
-3.059123757171546831e-01 -1.016925942718287326e-26 3.007222655560417478e-28 3.007222655560417478e-28 1.521123471889135285e-28
-3.046823229487797269e-01 1.597996435957786692e-28 -2.745387705126220139e-28 -2.745387705126220139e-28 6.498122806257516062e-28
-3.046823229487795048e-01 -3.055791003194835775e-28 -1.061874277785411830e-27 -1.061874277785411830e-27 2.636651908724757920e-27
-3.045205826821738571e-01 -6.189921366800096511e-03 6.724685594661202612e-06 6.724685594661202612e-06 1.664431400555831033e-04
-3.045205826821738015e-01 -4.097245450185190568e-03 6.724685593834952465e-06 6.724685593834952465e-06 2.259119056677299110e-03
-3.035489321835972421e-01 -5.114279231011441875e-28 -1.913866868322841368e-28 -1.913866868322841368e-28 2.426926349204740002e-28
-3.035489321835972421e-01 -4.613786632773277967e-29 3.347616448588416348e-29 3.347616448588416348e-29 4.743072446530012633e-29
-3.027232891291604111e-01 -1.866481777471529397e-04 1.978821930801574112e-06 1.978821930801574112e-06 1.683790716553977725e-03
-3.027232891291603001e-01 -7.208936971357022584e-04 1.978821933482077213e-06 1.978821933482077213e-06 1.149545197165602935e-03
-3.024601583215126288e-01 -2.519386252248097873e-28 2.865887746045732774e-29 2.865887746045732774e-29 -2.847729149773687823e-29
-3.024601583215126288e-01 -4.764508191170494073e-28 -4.870324973420454031e-29 -4.870324973420454031e-29 3.990691400317144541e-28
-3.021056039775294466e-01 -5.490281814068794647e-03 5.982409390096836264e-06 5.982409390096836264e-06 1.644620649738247537e-04
-3.021056039775294466e-01 -5.012840637566742634e-03 5.982409389846988650e-06 5.982409389846988650e-06 6.419032414733435825e-04
-3.002651885929576991e-01 -1.254867232419235970e-06 6.018802364035846165e-09 6.018802364035846165e-09 4.434276302519999302e-06
-3.002651885929576436e-01 -3.128602769776581176e-06 6.018802323045757943e-09 6.018802323045757943e-09 2.560540765277672064e-06
-2.993183131449975720e-01 -3.105478502537056731e-03 3.306253319506433136e-06 3.306253319506433136e-06 1.968637842152162117e-05
-2.993183131449975165e-01 -2.002233505806693911e-04 3.306253319809163559e-06 3.306253319809163559e-06 2.924941530377157036e-03
-2.984956879364867866e-01 -2.192399662266200416e-04 7.819492170452172683e-07 7.819492170452172683e-07 5.198807225312288742e-04
-2.984956879364867310e-01 -5.191012182122418982e-04 7.819492170245086891e-07 7.819492170245086891e-07 2.200194705451952919e-04
-2.984301390101201101e-01 4.483198667435516163e-29 -6.592924682639168756e-29 -6.592924682639168756e-29 -4.832484625622695159e-29
-2.984301390101201101e-01 1.862506782168561484e-29 -5.967885880070767698e-29 -5.967885880070767698e-29 2.821514604300784454e-28
-2.969420206376462423e-01 -9.626147513632584210e-03 1.166238564880361484e-05 1.166238564880361484e-05 1.397471829276801481e-03
-2.969420206376462423e-01 -7.636081668981897080e-03 1.166238564579648017e-05 1.166238564579648017e-05 3.387537673926668737e-03
-2.954490329987954911e-01 -4.057150515228317800e-27 -3.370261150286084240e-27 -3.370261150286084240e-27 5.351859537272253420e-27
-2.954490329987954356e-01 -6.512897798589514457e-28 -5.432338713960412085e-28 -5.432338713960412085e-28 1.136626461488079628e-27
-2.949098489348691565e-01 -8.170347685954223657e-03 1.320854555718801233e-05 1.320854555718801233e-05 4.314746072314742248e-03
-2.949098489348691565e-01 -1.200871024080937995e-02 1.320854555387255427e-05 1.320854555387255427e-05 4.763835174543191758e-04
-2.948955747371121427e-01 -7.205816899274001005e-25 -4.608040189873704795e-26 -4.608040189873704795e-26 5.130916562161800239e-25
-2.948955747371120317e-01 -1.264491131157954951e-25 7.262141961389024047e-28 7.262141961389024047e-28 1.244876150619702730e-25
-2.942140105945830753e-01 -1.389067482296684752e-01 2.055954860684276264e-04 2.055954860684276264e-04 5.542796558379976118e-02
-2.942140105945829087e-01 -7.769790766519865666e-02 2.055954860949104571e-04 2.055954860949104571e-04 1.166368061483569890e-01
-2.938004199534786642e-01 -7.467795991101207342e-02 8.695135089409633284e-05 8.695135089409633284e-05 7.510935438569853011e-03
-2.938004199534785532e-01 -2.590883516477154869e-02 8.695135089221345313e-05 8.695135089221345313e-05 5.628006018482478723e-02
-2.936791740992040212e-01 -1.734785510062721926e-26 -4.839675937404963661e-27 -4.839675937404963661e-27 8.596988325456785314e-26
-2.936791740992039657e-01 -1.689631250646376044e-26 -1.828440152775891796e-27 -1.828440152775891796e-27 4.170754663340496764e-26
-2.930765698214123915e-01 -1.708367358140106245e-03 1.266291908764386174e-05 1.266291908764386174e-05 1.026098471221373321e-02
-2.930765698214122805e-01 -9.274873047251934455e-03 1.266291907929931158e-05 1.266291907929931158e-05 2.694479023126054081e-03
-2.926062125824832050e-01 -2.378139709123090577e-03 3.631188191323588716e-06 3.631188191323588716e-06 1.054162873461263802e-03
-2.926062125824830384e-01 -1.004175134462474087e-03 3.631188192654818307e-06 3.631188192654818307e-06 2.428127448133027624e-03
-2.905221472243783021e-01 -9.668857677974124643e-04 2.669141822947673037e-06 2.669141822947673037e-06 1.556063161333906845e-03
-2.905221472243780245e-01 -1.687351245450951739e-05 2.669141817090762503e-06 2.669141817090762503e-06 2.506075416679833402e-03
-2.899041496779388161e-01 -5.547653075780940677e-27 -4.028865590143957784e-27 -4.028865590143957784e-27 -1.205288675225268189e-26
-2.899041496779387050e-01 -3.301464577115181588e-27 -1.658505475267248808e-27 -1.658505475267248808e-27 -2.168795402254949659e-27
-2.896545744978048509e-01 -2.517145418202018734e-03 5.036935408042310688e-06 5.036935408042310688e-06 2.243909504554272155e-03
-2.896545744978047954e-01 -1.324214680661476174e-03 5.036935407094154712e-06 5.036935407094154712e-06 3.436840242088435703e-03
-2.894745660543297516e-01 -9.467079116596851076e-28 2.367962827017943039e-29 2.367962827017943039e-29 8.783720273113348486e-28
-2.894745660543295851e-01 1.040769292424387787e-26 -5.722357361925594284e-27 -5.722357361925594284e-27 -1.677505481387920962e-27
-2.893920971077961202e-01 -4.833758371800379124e-05 6.135709084489528128e-08 6.135709084489528128e-08 9.658887480733082743e-06
-2.893920971077957871e-01 -1.292570627326522122e-05 6.135709065596200159e-08 6.135709065596200159e-08 4.507076492511860773e-05
-2.887447341338008622e-01 -3.096493977349609671e-28 -5.084720338547995714e-28 -5.084720338547995714e-28 -1.183534982521626717e-27
-2.887447341338005846e-01 -1.163682059748124807e-27 -6.060460001126530950e-28 -6.060460001126530950e-28 -6.655318847761618455e-27
-2.878365573702407754e-01 -2.814362540389288292e-02 4.356043212391724550e-05 4.356043212391724550e-05 1.303093669579516445e-02
-2.878365573702406088e-01 -1.256218169839609482e-02 4.356043212140871338e-05 4.356043212140871338e-05 2.861238040128537968e-02
-2.868269131012967654e-01 -5.044154063600820086e-28 2.417417945671509129e-28 2.417417945671509129e-28 3.646941607736187628e-29
-2.868269131012964879e-01 -2.327992979438071648e-27 1.767118421196287329e-27 1.767118421196287329e-27 -4.837852281661647261e-28
-2.858310367955652076e-01 -2.251058040249262549e-26 -7.031339226162554207e-27 -7.031339226162554207e-27 -2.124048813282512379e-27
-2.858310367955649856e-01 -3.100434773128942575e-27 -2.499010793101906686e-28 -2.499010793101906686e-28 2.339206459465137149e-27
-2.857824618274143469e-01 -8.021348041880405153e-04 1.392995631499795999e-06 1.392995631499795999e-06 5.145643735436570675e-04
-2.857824618274142914e-01 -1.076940192547420905e-03 1.392995632138714645e-06 1.392995632138714645e-06 2.397589851865354236e-04
-2.849095644288636153e-01 -2.459332428562286168e-28 -8.883773228239551645e-29 -8.883773228239551645e-29 -6.413104631589669032e-30
-2.849095644288635598e-01 5.057848190181147179e-28 -3.248106947134660916e-28 -3.248106947134660916e-28 3.815674733296391779e-29
-2.843729685936768337e-01 1.904262216977911301e-02 -2.820854271681859016e-05 -2.820854271681859016e-05 -7.620896461704714658e-03
-2.843729685936767781e-01 1.238932317016736874e-02 -2.820854270715704437e-05 -2.820854270715704437e-05 -1.427419546131796987e-02
-2.839316199676706898e-01 -9.136454417742884138e-05 1.072377859967153403e-07 1.072377859967153403e-07 9.999667974183459954e-06
-2.839316199676700792e-01 -1.573506303636267376e-05 1.072377844592670024e-07 1.072377844592670024e-07 8.562914911502547894e-05
-2.838269172888447378e-01 -1.865402876713070369e-27 -2.133253969466735220e-27 -2.133253969466735220e-27 -2.347818419008309285e-27
-2.838269172888446823e-01 6.631814556664993188e-28 2.778997903914078405e-28 2.778997903914078405e-28 -4.545073880204847992e-29
-2.832454462121761218e-01 1.933276947561041832e-04 -2.177058461360851616e-07 -2.177058461360851616e-07 -1.245407636751160815e-05
-2.832454462121760663e-01 8.370584610283873762e-05 -2.177058465414230906e-07 -2.177058465414230906e-07 -1.220759250227162747e-04
-2.829229982796004350e-01 2.357657222282414354e-05 -3.112579380991583822e-08 -3.112579380991583822e-08 -5.844415235282100722e-06
-2.829229982796003795e-01 5.078244356543222878e-06 -3.112579371473546724e-08 -3.112579371473546724e-08 -2.434274310079215109e-05
-2.820471532670619785e-01 -2.278065847309112266e-04 2.450553547255272158e-07 2.450553547255272158e-07 3.826721188272901653e-06
-2.820471532670617565e-01 -4.514145538338933632e-05 2.450553542083962373e-07 2.450553542083962373e-07 1.864918505369187276e-04
-2.816252212818836642e-01 -3.146119553392322749e-28 2.295475527252727349e-28 2.295475527252727349e-28 1.568997531306980435e-28
-2.816252212818832201e-01 -3.864803261581014005e-28 -3.778931087674329663e-29 -3.778931087674329663e-29 -1.433706455589419276e-28
-2.807684782138776258e-01 -6.010225838147527319e-28 1.065708276524504978e-27 1.065708276524504978e-27 5.152591728472518445e-28
-2.807684782138772928e-01 3.275699073254706144e-28 7.500836003278344925e-28 7.500836003278344925e-28 9.180408195953971949e-28
-2.796221358030677728e-01 -1.770676868935717162e-27 -4.853493177233870667e-28 -4.853493177233870667e-28 -4.320443258750939827e-28
-2.796221358030675508e-01 -1.510733270712847367e-28 -3.853817061309090676e-29 -3.853817061309090676e-29 8.355280731357835686e-30
-2.793019312537953769e-01 -3.711705250962893924e-05 8.759255221653426224e-07 8.759255221653426224e-07 7.908327184841567117e-04
-2.793019312537949883e-01 -6.188130987083972087e-04 8.759255227365436314e-07 8.759255227365436314e-07 2.091366722862338828e-04
-2.788338813947474626e-01 2.047038530968507324e-28 9.787423706154084658e-30 9.787423706154084658e-30 1.516168874366945077e-28
-2.788338813947474071e-01 -6.247956069971335400e-28 1.164902671423255221e-28 1.164902671423255221e-28 -4.579642065728032042e-29
-2.784918755504799948e-01 -2.872403053933380267e-04 5.570754212926900336e-07 5.570754212926900336e-07 2.393232638759284039e-04
-2.784918755504798282e-01 -2.616617661052262418e-04 5.570754233842788664e-07 5.570754233842788664e-07 2.649018031655063282e-04
-2.775124347678039616e-01 1.008518182149682414e-28 -5.768660831821390288e-28 -5.768660831821390288e-28 -1.772946610823205976e-27
-2.775124347678037395e-01 -9.921674497128464967e-29 -6.688859984804331833e-28 -6.688859984804331833e-28 1.123033475391251204e-27
-2.771013289034547911e-01 8.250786749790555883e-29 -3.335742123007142258e-30 -3.335742123007142258e-30 -1.863087241742861457e-28
-2.771013289034544580e-01 2.410953986809313439e-28 -8.001518508882931236e-28 -8.001518508882931236e-28 -8.800073620079957890e-28
-2.761172217927998496e-01 -4.796090779558317576e-27 -5.669378531249519932e-27 -5.669378531249519932e-27 7.481582197267885368e-27
-2.761172217927995720e-01 3.065436946652128652e-27 -1.499467528815057305e-27 -1.499467528815057305e-27 -1.725090456136994740e-27
-2.760436074788421568e-01 -1.144652214971467240e-04 1.042776270081319074e-06 1.042776270081319074e-06 8.711966326846991987e-04
-2.760436074788419902e-01 -9.773933798622770619e-04 1.042776270265592785e-06 1.042776270265592785e-06 8.268474319042648347e-06
-2.748931694256418479e-01 -2.213182855996197976e-04 5.437652072688899561e-07 5.437652072688899561e-07 2.926640882225042145e-04
-2.748931694256415703e-01 -1.631155378726775762e-04 5.437652090410561000e-07 5.437652090410561000e-07 3.508668359502332143e-04
-2.723809746394862952e-01 -1.792389444544854742e-28 -1.478922005211160108e-28 -1.478922005211160108e-28 -5.457383615973335420e-29
-2.723809746394861842e-01 -9.857666787015755306e-28 3.573439527543640979e-28 3.573439527543640979e-28 -3.552317614291068771e-28
-2.718305167703055081e-01 5.007359427649212281e-28 -3.567133613628022331e-28 -3.567133613628022331e-28 -2.383019403724177951e-28
-2.718305167703053971e-01 1.157690636155088478e-27 1.144379930359495672e-27 1.144379930359495672e-27 -1.795259584073384637e-27
-2.714835295873764265e-01 -9.413418964553694554e-06 3.397897907587415904e-06 3.397897907587415904e-06 3.202376537772045478e-03
-2.714835295873760379e-01 -2.916651166190916203e-03 3.397897908863429534e-06 3.397897908863429534e-06 2.951387905567186862e-04
-2.713248609442215908e-01 -9.274419752495400591e-30 -7.328045697741132918e-28 -7.328045697741132918e-28 -2.421899933840038839e-28
-2.713248609442212578e-01 -2.391092837492809688e-26 5.398583894617822289e-27 5.398583894617822289e-27 8.243193991380307708e-27
-2.711334349078837747e-01 -1.013467144549007859e-27 -1.614752414070804586e-27 -1.614752414070804586e-27 9.261396771017770388e-28
-2.711334349078833306e-01 -1.001995325420469409e-26 -1.854378518032068493e-27 -1.854378518032068493e-27 1.018232524070905582e-26
-2.700724115530336866e-01 -1.767926658506823700e-25 1.608747853662585054e-26 1.608747853662585054e-26 3.512421281573459821e-26
-2.700724115530335201e-01 -9.687286054670764707e-25 5.044140723029879721e-26 5.044140723029879721e-26 7.897248587357175953e-26
-2.700495014474869060e-01 -8.927798586135553749e-04 1.359323428194199157e-06 1.359323428194199157e-06 3.920913925387741199e-04
-2.700495014474862954e-01 -9.138319155261749854e-04 1.359323427078008362e-06 1.359323427078008362e-06 3.710393356226486332e-04
-2.690062697725318919e-01 -6.355309058945567615e-28 -2.965899712824429490e-28 -2.965899712824429490e-28 -4.756303787369259199e-29
-2.690062697725316143e-01 -5.820961932663184132e-28 5.134342548794836871e-28 5.134342548794836871e-28 7.968672480169080759e-28
-2.672742585169359808e-01 -8.224463704810244184e-05 9.987927844462156327e-08 9.987927844462156327e-08 1.216410336942331400e-05
-2.672742585169349816e-01 -1.447206157146111493e-05 9.987927784077246339e-08 9.987927784077246339e-08 7.993667884505575860e-05
-2.666208457364939166e-01 -7.717678354842120861e-06 3.121722785094824831e-08 3.121722785094824831e-08 2.178973507677020252e-05
-2.666208457364928619e-01 -1.741169780038947184e-05 3.121722761119592331e-08 3.121722761119592331e-08 1.209571563126287046e-05
-2.659842036913550034e-01 -5.382388905070628658e-28 -4.165996228793952744e-29 -4.165996228793952744e-29 -3.094352114497690839e-28
-2.659842036913548924e-01 -1.239997976575717135e-27 -2.524635923225826176e-28 -2.524635923225826176e-28 7.510320607122580428e-28
-2.647014246731946852e-01 -1.334194384079468668e-03 2.166055100066000881e-06 2.166055100066000881e-06 7.132226389302340338e-04
-2.647014246731941300e-01 -7.733377926985347687e-04 2.166055102128966565e-06 2.166055102128966565e-06 1.274079230324064302e-03
-2.636340665759505097e-01 -7.504759468840721339e-06 9.172052676721439128e-08 9.172052676721439128e-08 7.919209677231113553e-05
-2.636340665759496216e-01 -6.949950219596538856e-05 9.172052656788726294e-08 9.172052656788726294e-08 1.719735404483264740e-05
-2.633709412608459255e-01 -8.046196520032793835e-27 1.147688111402364722e-27 1.147688111402364722e-27 7.790207690157543744e-28
-2.633709412608451483e-01 -2.219767941191764105e-28 1.127810982083299143e-28 1.127810982083299143e-28 -1.128674947833570550e-29
-2.629583556089543639e-01 3.659727068453303447e-27 -2.241979524740574177e-27 -2.241979524740574177e-27 -2.635332305910949034e-27
-2.629583556089543084e-01 4.303553301319980291e-29 2.807163962548556080e-28 2.807163962548556080e-28 -2.024062874994493677e-29
-2.628413107301780238e-01 -1.609278208232980836e-04 2.230397386074525831e-07 2.230397386074525831e-07 4.989569798022608891e-05
-2.628413107301774132e-01 -9.795725359194003852e-07 2.230397390990383184e-07 2.230397390990383184e-07 2.098439462701277153e-04
-2.618320957390986581e-01 -3.075300132581306514e-27 -5.694745249699032788e-28 -5.694745249699032788e-28 8.442044313658050519e-28
-2.618320957390980475e-01 -4.647572926875448633e-27 5.412693265333619714e-28 5.412693265333619714e-28 2.161425026616397909e-27
-2.613097813946176351e-01 -1.153602837107203425e-04 1.340734853590782284e-07 1.340734853590782284e-07 1.136979724578504372e-05
-2.613097813946170245e-01 -4.862978373894882590e-05 1.340734862917301659e-07 1.340734862917301659e-07 7.810029721905440933e-05
-2.605257201298445957e-01 -1.708662722845024674e-04 1.936674199943964779e-07 1.936674199943964779e-07 1.219369358970291894e-05
-2.605257201298442071e-01 -8.893456238983772871e-05 1.936674197512091630e-07 1.936674197512091630e-07 9.412540348328909501e-05
-2.597616429194191112e-01 -2.420369242031393842e-05 2.658846211271309929e-07 2.658846211271309929e-07 2.271180308478037253e-04
-2.597616429194182786e-01 -7.785529821168176768e-05 2.658846218521366151e-07 2.658846218521366151e-07 1.734664250549171761e-04
-2.592628829599484819e-01 -3.977891869589238222e-27 6.370148572852921924e-30 6.370148572852921924e-30 1.875492316867220967e-27
-2.592628829599481488e-01 -2.452102280141208122e-28 2.161103060871646055e-29 2.161103060871646055e-29 2.999418642415810228e-28
-3.127042531881008697e-02 5.805538789987201714e-02 -6.406528369775376969e-05 -6.406528369775376969e-05 -2.500944389591828153e-03
-3.127042531880996901e-02 1.548724010840167977e-03 -6.406528369725547037e-05 -6.406528369725547037e-05 -5.900760827856443153e-02
-2.645584656163355031e-02 5.493878420746279717e-29 3.765457460237119164e-29 3.765457460237119164e-29 -2.985569449743052271e-29
-2.645584656163341500e-02 1.547753819203290195e-27 -2.143552345979478579e-28 -2.143552345979478579e-28 -1.437135114586392300e-28
-2.302842127286164331e-02 6.600112138872654822e-26 -3.010811302933918121e-27 -3.010811302933918121e-27 -2.107625470875742112e-26
-2.302842127286143514e-02 9.157686098655696404e-27 -1.555608335367825954e-27 -1.555608335367825954e-27 -4.363081275615966531e-27
-2.287527676686160194e-02 2.905530992305930052e-02 -3.659173075587803751e-03 -3.659173075587803751e-03 -3.429699383372665888e+00
-2.287527676686146663e-02 3.440639519655986689e+00 -3.659173075579572922e-03 -3.659173075579572922e-03 -1.811517363958272189e-02
-2.085384609460276539e-02 1.875195931257504996e-28 1.125261829274471854e-27 1.125261829274471854e-27 -4.827175977064655932e-26
-2.085384609460250172e-02 3.921923870709062986e-26 5.111390086609264264e-27 5.111390086609264264e-27 -7.293139640900230196e-26
-2.001731430067172496e-02 5.285553880072187960e-01 -5.259386049510170746e-01 -5.259386049510170746e-01 -4.966036055340060784e+02
-2.001731430067142312e-02 4.965365742686137196e+02 -5.259386049510584860e-01 -5.259386049510584860e-01 -5.955866534006495350e-01
-1.639978855232052460e-02 6.973454342779338289e-01 -7.441331252668701313e-04 -7.441331252668701313e-04 -6.030406737735785963e-03
-1.639978855232038235e-02 6.922712478414720302e-03 -7.441331252712368640e-04 -7.441331252712368640e-04 -6.964531285372687064e-01
-1.142944957899865929e-02 1.125951167810619646e-27 -1.735333805321334255e-28 -1.735333805321334255e-28 -6.087359627414151943e-27
-1.142944957899842337e-02 1.712298736286815139e-26 2.149574476092788370e-28 2.149574476092788370e-28 -2.938130531056726011e-29
-8.048824077775733332e-03 2.676382584605917714e+00 -2.945845102811148804e-03 -2.945845102811148804e-03 -1.081141758698962452e-01
-8.048824077775481797e-03 1.140962483026194824e-01 -2.945845102759555526e-03 -2.945845102759555526e-03 -2.670400512173554564e+00
6.486554464646002716e-01 -1.685424027117957161e-25 2.099781588005405778e-28 2.099781588005405778e-28 1.390395444691217462e-26
6.486554464646002716e-01 -2.521543907503871318e-26 3.962625400512129638e-29 3.962625400512129638e-29 1.711387133476418925e-27
