-5.298985361377567260e-01 -2.939514916061575071e-04 3.332878939734452249e-07 3.332878939734452249e-07 2.108172552892596325e-05
-5.298985361377562819e-01 -5.867931076387787267e-05 3.332878936730311730e-07 3.332878936730311730e-07 2.563539063709595312e-04
-5.296600935588127168e-01 7.098365687222575382e-29 4.187349963095883232e-29 4.187349963095883232e-29 -7.436387177106515715e-29
-5.296600935588127168e-01 -3.714377520271374625e-28 1.993382912520177609e-28 1.993382912520177609e-28 2.574812950926718833e-28
-5.291354072395944019e-01 -1.179678945272276728e-28 1.072010002128560336e-28 1.072010002128560336e-28 1.236459561864027623e-27
-5.291354072395939578e-01 -3.679860293797023498e-28 -9.812091565086527256e-28 -9.812091565086527256e-28 -7.849826191040194161e-28
-5.289916305987505396e-01 -3.054235219241892982e-28 -2.027367212084745332e-28 -2.027367212084745332e-28 -3.872888640188210973e-28
-5.289916305987503176e-01 -2.926465211155333960e-28 -2.349535330957559620e-29 -2.349535330957559620e-29 4.099578419844052819e-28
-5.286326114202271054e-01 -6.999116893239811649e-03 9.558355541853679846e-06 9.558355541853679846e-06 2.035713219302155187e-03
-5.286326114202271054e-01 -5.676939835515388416e-03 9.558355541706977127e-06 9.558355541706977127e-06 3.357890277031046634e-03
-5.276569972414302256e-01 -7.303860673417127507e-29 -9.759679979910321468e-29 -9.759679979910321468e-29 7.354087338363471627e-28
-5.276569972414300036e-01 -6.185861313752841652e-27 2.749539652393024962e-28 2.749539652393024962e-28 1.332710835157709369e-27
-5.271630978146767399e-01 -4.723075928786452451e-03 7.218450564732147575e-06 7.218450564732147575e-06 2.100009301942526007e-03
-5.271630978146766289e-01 -6.099025746967604196e-03 7.218450564366750267e-06 7.218450564366750267e-06 7.240594837600328876e-04
-5.263414507581065660e-01 -1.473011776718787468e-04 1.748793200039783648e-07 1.748793200039783648e-07 1.799974021950054406e-05
-5.263414507581065660e-01 -4.393599264062389182e-05 1.748793199270960958e-07 1.748793199270960958e-07 1.213649252505545032e-04
-5.259801682488289831e-01 8.220680859997706633e-29 -3.821423023704286822e-28 -3.821423023704286822e-28 2.860291358826241642e-28
-5.259801682488287611e-01 1.942497105725196138e-29 -3.648148828578730318e-29 -3.648148828578730318e-29 9.365884428716165227e-29
-5.255684740859167814e-01 6.903600308439090436e-29 1.261879461009171858e-28 1.261879461009171858e-28 2.114242186283389245e-28
-5.255684740859163373e-01 -2.679240345679290967e-29 9.388331713719100174e-30 9.388331713719100174e-30 -8.900444123850052458e-30
-5.249438863125834853e-01 3.768757302540793699e-30 1.224333678106050580e-28 1.224333678106050580e-28 -2.446324365226588814e-29
-5.249438863125832633e-01 -1.447023447986251723e-28 -1.365921656458377843e-28 -1.365921656458377843e-28 1.895865489445493771e-28
-5.246090767386802911e-01 -1.221305762973477315e-04 6.676873819612162121e-07 6.676873819612162121e-07 5.089865691226382396e-04
-5.246090767386801801e-01 -1.566854169093285609e-04 6.676873820022477586e-07 6.676873820022477586e-07 4.744317285108495038e-04
-5.240948228867934322e-01 -1.350630960268944889e-04 2.909061287805860040e-07 2.909061287805860040e-07 1.399096687198005541e-04
-5.240948228867929881e-01 -1.218255209754561007e-04 2.909061290763961142e-07 2.909061290763961142e-07 1.531472437705216070e-04
-5.234637256598144717e-01 -3.564135579839988412e-28 2.105373761602392887e-28 2.105373761602392887e-28 1.573332200542431108e-27
-5.234637256598143606e-01 -6.525662043591113574e-28 -2.959643891289362933e-28 -2.959643891289362933e-28 -6.273000682743703876e-29
-5.233058935884199458e-01 -1.027899045020645703e-07 9.064308977764771565e-09 9.064308977764771565e-09 8.465053395360862387e-06
-5.233058935884197238e-01 -6.189879964260075086e-06 9.064309077459848008e-09 9.064309077459848008e-09 2.377963335659806076e-06
-5.232202821307082585e-01 1.282393063114098478e-28 1.010414124560540880e-28 1.010414124560540880e-28 -2.870175634622803195e-29
-5.232202821307082585e-01 -6.610893158098746782e-29 4.584521879080936289e-28 4.584521879080936289e-28 3.495254313436303277e-28
-5.221452066580047902e-01 -5.626676840059629224e-03 3.407073315301396339e-05 3.407073315301396339e-05 2.657795130107517417e-02
-5.221452066580046791e-01 -3.087954635168748546e-02 3.407073315189302032e-05 3.407073315189302032e-05 1.325081789441788938e-03
-5.215032710286293671e-01 -1.328445167649181576e-03 1.959150756947150872e-06 1.959150756947150872e-06 5.233999727007179531e-04
-5.215032710286292561e-01 -2.464765697860158171e-04 1.959150757872600859e-06 1.959150757872600859e-06 1.605368570562443458e-03
-5.213220572360961480e-01 -2.607934186949479973e-28 -7.414876615145218246e-29 -7.414876615145218246e-29 2.261180404565577753e-28
-5.213220572360960370e-01 -1.118358021315415657e-27 -4.875952222413904418e-28 -4.875952222413904418e-28 3.403186452692955723e-27
-5.200262388251086776e-01 -1.190850271110612283e-04 1.271661653690141171e-07 1.271661653690141171e-07 1.116057250057426008e-06
-5.200262388251084555e-01 -4.381545012456262972e-05 1.271661652161085500e-07 1.271661652161085500e-07 7.638563423646267333e-05
-5.197323472236554665e-01 -6.057818812934721246e-04 1.821232786105294194e-06 1.821232786105294194e-06 1.115699261608473327e-03
-5.197323472236550224e-01 -5.104097380328987636e-04 1.821232786560209332e-06 1.821232786560209332e-06 1.211071404867239106e-03
-5.190820051498876708e-01 -9.678527940987498942e-31 8.744928211292513003e-30 8.744928211292513003e-30 1.312702737200117421e-29
-5.190820051498873378e-01 -3.474709508723493587e-29 2.229429361794148113e-28 2.229429361794148113e-28 6.239129134440025438e-28
-5.186832923301946119e-01 -8.628305885618803581e-29 2.100841690221215036e-28 2.100841690221215036e-28 3.829912898419501936e-28
-5.186832923301940568e-01 -1.440348533892390771e-27 1.606449139212195617e-27 1.606449139212195617e-27 9.588403891055338312e-28
-5.184491469529186602e-01 -7.687705240501723977e-04 9.817492882977180233e-07 9.817492882977180233e-07 1.592068872768135788e-04
-5.184491469529184382e-01 -1.072710513059557167e-05 9.817492891195125651e-07 9.817492891195125651e-07 9.172503061961685602e-04
-5.183805614852760035e-01 -1.821122823763190467e-28 3.476830030074083963e-28 3.476830030074083963e-28 1.136000360174201741e-27
-5.183805614852756705e-01 -1.583835279619291956e-27 4.041359999517006313e-28 4.041359999517006313e-28 1.078714646086815715e-27
-5.176048263021167939e-01 -1.497866872900858888e-27 -5.711444936885313815e-29 -5.711444936885313815e-29 3.710282151294786003e-28
-5.176048263021165718e-01 -6.704745978201659987e-29 -5.683297535235135590e-29 -5.683297535235135590e-29 2.986983688508762465e-29
-5.170495686752097919e-01 -5.287105660861265726e-25 6.593526916656802297e-27 6.593526916656802297e-27 5.592093210129641890e-25
-5.170495686752095699e-01 -4.743368352180337529e-25 5.383535250809740031e-27 5.383535250809740031e-27 1.967376813277313013e-25
-5.170365254170312674e-01 -6.487588016443132308e-03 7.232490482377323308e-06 7.232490482377323308e-06 3.487681449290548196e-04
-5.170365254170311564e-01 -1.137912619533171737e-04 7.232490483261128497e-06 7.232490483261128497e-06 6.722564899417773215e-03
-5.163445338790925154e-01 -1.723441776278456999e-25 1.494661995232440759e-26 1.494661995232440759e-26 4.579386235495123354e-26
-5.163445338790922934e-01 -5.631381148479767086e-27 1.192949542063677247e-27 1.192949542063677247e-27 2.690611922975041592e-26
-5.162907530522516941e-01 -3.835120865170085335e-03 6.309244869300978449e-06 6.309244869300978449e-06 2.128557225311444954e-03
-5.162907530522516941e-01 -5.802915193944413116e-03 6.309244868821744148e-06 6.309244868821744148e-06 1.607628965348022925e-04
-5.160207121766750005e-01 -3.984717450278220389e-06 7.630535541034999301e-08 7.630535541034999301e-08 6.814127947670070356e-05
-5.160207121766748894e-01 -6.131511176296058560e-05 7.630535539855467541e-08 7.630535539855467541e-08 1.081088516443260946e-05
-5.157935832995327319e-01 6.218475141460214061e-30 -2.752427057150979090e-28 -2.752427057150979090e-28 4.102629434584277872e-28
-5.157935832995326209e-01 -1.548979281639534149e-28 -1.219611069156374796e-28 -1.219611069156374796e-28 3.798410814890999111e-28
-5.149655747571572073e-01 -2.390528922284937386e-05 1.243359118646045702e-07 1.243359118646045702e-07 9.362055874660619472e-05
-5.149655747571570963e-01 -9.374837270925030091e-05 1.243359118228087617e-07 1.243359118228087617e-07 2.377747526042134238e-05
-5.145702964933777102e-01 -2.866933575077294092e-28 -2.602082379794955894e-28 -2.602082379794955894e-28 8.777577721814850814e-29
-5.145702964933775991e-01 -2.452927037231638081e-28 -1.111623568724068869e-28 -1.111623568724068869e-28 2.565453256652718500e-29
-5.141071381610597957e-01 -3.581011644145441677e-03 4.826196128492096484e-06 4.826196128492096484e-06 9.808465040087915778e-04
-5.141071381610594626e-01 -1.461973565415436134e-04 4.826196127898032467e-06 4.826196127898032467e-06 4.415660791614720894e-03
-5.139471863776851057e-01 -2.080297509370282614e-27 2.663930654925211000e-29 2.663930654925211000e-29 1.119841204349406169e-28
-5.139471863776846616e-01 -4.494156964003178613e-27 -3.680831331966522844e-29 -3.680831331966522844e-29 3.131894410097931130e-27
-5.137166072452837851e-01 -1.856662498191494377e-27 -7.590407573979845715e-28 -7.590407573979845715e-28 1.786649716702277140e-28
-5.137166072452836740e-01 -9.287807973500218733e-27 4.240286717251844085e-28 4.240286717251844085e-28 4.936732645165339888e-27
-5.135780726666111518e-01 -9.708932538631790191e-03 2.037325142391680126e-05 2.037325142391680126e-05 9.548445433331248511e-03
-5.135780726666111518e-01 -1.518139728982287155e-02 2.037325142353521291e-05 2.037325142353521291e-05 4.075980682143171691e-03
-5.131864652839666086e-01 -3.465985975090057376e-05 6.022960060470552518e-08 6.022960060470552518e-08 2.227087556203373198e-05
-5.131864652839663865e-01 -5.257904290669786077e-05 6.022960059197395824e-08 6.022960059197395824e-08 4.351692407218461095e-06
-5.131721215875630904e-01 -1.183174324704918111e-28 -4.845424135771851879e-28 -4.845424135771851879e-28 6.147326957070209653e-27
-5.131721215875628683e-01 -4.064983544066244421e-27 9.370043531730922836e-29 9.370043531730922836e-29 3.108363369052308943e-28
-5.129131121608787591e-01 -8.362749593964323848e-05 4.038863723986783115e-07 4.038863723986783115e-07 2.981374156789340043e-04
-5.129131121608783150e-01 -1.977395638869997550e-04 4.038863725679230118e-07 4.038863725679230118e-07 1.840253477326570821e-04
-5.126965274504970971e-01 -6.882829553934900367e-28 -3.447935843271864616e-28 -3.447935843271864616e-28 -3.719422334403356759e-28
-5.126965274504969861e-01 -8.040700907705181073e-28 1.284331488470752850e-28 1.284331488470752850e-28 4.192194681166213847e-28
-5.117261143336517826e-01 9.550052234249147541e-06 -1.137244795267233489e-08 -1.137244795267233489e-08 -1.199509755164231466e-06
-5.117261143336514495e-01 4.366410397115133534e-06 -1.137244801492846077e-08 -1.137244801492846077e-08 -6.383151592544729308e-06
-5.110831889641735959e-01 -3.028110337030475006e-29 1.749241025267791916e-28 1.749241025267791916e-28 9.316043273006597932e-28
-5.110831889641735959e-01 1.208739728178698673e-28 6.003805965268635975e-30 6.003805965268635975e-30 -1.524136203783689276e-29
-5.104403170950541080e-01 2.995780768644879676e-28 1.323164208247739715e-28 1.323164208247739715e-28 7.280903828087887915e-28
-5.104403170950541080e-01 7.665702891475909354e-29 1.597486312303820431e-28 1.597486312303820431e-28 1.875964066444909123e-28
-5.100369155604089766e-01 -3.034927742105162133e-04 4.265836319664126475e-07 4.265836319664126475e-07 9.972623511062897743e-05
-5.100369155604088656e-01 -2.444525003610353571e-04 4.265836318057433088e-07 4.265836318057433088e-07 1.587665089598349071e-04
-5.100212948551313685e-01 1.262322362735521592e-05 -5.874413793899278693e-08 -5.874413793899278693e-08 -4.290341091785119062e-05
-5.100212948551312575e-01 3.325251542854635337e-05 -5.874413743354265088e-08 -5.874413743354265088e-08 -2.227411911470465221e-05
-5.090178113656292913e-01 2.638933052124333368e-28 1.912356128224536498e-28 1.912356128224536498e-28 -1.438162852834853506e-29
-5.090178113656290693e-01 -2.593056617803576689e-28 2.199877898720915823e-28 2.199877898720915823e-28 3.178584068345623619e-28
-5.085227978989045328e-01 -4.147490207834469674e-05 5.870189777657918398e-08 5.870189777657918398e-08 1.401180499008087040e-05
-5.085227978989045328e-01 -8.988329803622834965e-06 5.870189767506067722e-08 5.870189767506067722e-08 4.649837726468433052e-05
-5.072123630958527141e-01 -3.587733227251344736e-05 1.696961998615410800e-07 1.696961998615410800e-07 1.245243528454678932e-04
-5.072123630958527141e-01 -1.331005477952677070e-04 1.696961999119183645e-07 1.696961999119183645e-07 2.730113732293215455e-05
-5.070513879520035516e-01 5.257130910255735826e-29 4.063946296865758712e-29 4.063946296865758712e-29 4.466843046187949985e-30
-5.070513879520034406e-01 -1.589664364246834049e-28 1.525765475364232914e-30 1.525765475364232914e-30 3.899528801838935964e-29
-5.068474598435787071e-01 -8.110746992292374249e-05 2.529619285578404035e-07 2.529619285578404035e-07 1.579993552713803513e-04
-5.068474598435785961e-01 -1.584039179265351509e-04 2.529619283130834571e-07 2.529619283130834571e-07 8.070290726709744230e-05
-5.062040144559836197e-01 2.372808048326768885e-28 7.598758848172100115e-29 7.598758848172100115e-29 2.221264662943474862e-28
-5.062040144559835086e-01 7.411713165772947346e-28 -1.091603669251611967e-27 -1.091603669251611967e-27 2.350414578625674840e-27
-5.061305933519468780e-01 -7.076605122689100550e-04 9.381536620367695042e-07 9.381536620367695042e-07 1.791090708986481405e-04
-5.061305933519467670e-01 -2.717776178444001093e-04 9.381536624663958382e-07 9.381536624663958382e-07 6.149919653234655389e-04
-5.060079816876019709e-01 -1.498781079775461872e-03 1.715308104762156305e-06 1.715308104762156305e-06 1.225770347478335597e-04
-5.060079816876017489e-01 -3.140378234009412635e-04 1.715308104825652436e-06 1.715308104825652436e-06 1.307320291120477387e-03
-5.049605411983120185e-01 9.621070710183116601e-29 -9.521473464159215978e-29 -9.521473464159215978e-29 1.494557427270430097e-29
-5.049605411983119074e-01 -1.134362609779272585e-28 2.885134914648082051e-29 2.885134914648082051e-29 8.652133257522924363e-29
-5.035973416566925653e-01 -1.193233054484567854e-27 1.348937041569378088e-27 1.348937041569378088e-27 -6.670241374637057344e-28
-5.035973416566925653e-01 -1.343902968307300777e-28 1.886592850369753602e-28 1.886592850369753602e-28 1.682118693541654217e-28
-5.035137656127167682e-01 -1.203330271841912547e-03 4.890042713840445592e-06 4.890042713840445592e-06 3.418877487899087304e-03
-5.035137656127167682e-01 -3.382198678412214315e-03 4.890042712834686294e-06 4.890042712834686294e-06 1.240009081325604704e-03
-5.026318428360914137e-01 1.521721831643020774e-05 -2.418107460436430804e-08 -2.418107460436430804e-08 -7.639422561318656406e-06
-5.026318428360913027e-01 1.042541397015280879e-05 -2.418107445968750061e-08 -2.418107445968750061e-08 -1.243122690765197986e-05
-5.020118909782954608e-01 -2.225932615185058384e-27 2.852358267518050439e-28 2.852358267518050439e-28 -2.628105826749200533e-29
-5.020118909782953498e-01 -2.587334898971018243e-29 -1.144218754509882637e-28 -1.144218754509882637e-28 4.521727259181938969e-28
-5.014372551051941018e-01 -1.965997531236042116e-29 -1.202873401363779005e-29 -1.202873401363779005e-29 4.892115753228811909e-29
-5.014372551051941018e-01 -1.163915187528820788e-28 1.872080865347528041e-28 1.872080865347528041e-28 3.852949149040618352e-28
-5.002601988813319966e-01 9.352829876345513357e-30 1.936468886779149933e-29 1.936468886779149933e-29 8.610215541037556122e-30
-5.002601988813319966e-01 5.497330811571488458e-29 5.648136514319404496e-29 5.648136514319404496e-29 -2.542228790866507329e-29
-4.997779889951348142e-01 -1.734060394778462301e-28 5.770517491862598828e-29 5.770517491862598828e-29 4.924328616127412281e-29
-4.997779889951347587e-01 -1.225104749691351539e-29 1.916848024967928970e-29 1.916848024967928970e-29 3.205419780669583057e-29
-4.993199540701123706e-01 -2.725941483623357353e-04 3.477342563504132796e-07 3.477342563504132796e-07 5.609418272292112598e-05
-4.993199540701123706e-01 -4.109761415566976417e-05 3.477342564195114216e-07 3.477342564195114216e-07 2.875907169296503603e-04
-4.989342776536428437e-01 8.957041453619049945e-30 2.963560314651379316e-29 2.963560314651379316e-29 8.096282613176897181e-30
-4.989342776536427881e-01 -6.157767274752204502e-29 -5.412886216636665117e-29 -5.412886216636665117e-29 2.956800670487287325e-28
-4.984019988688171421e-01 4.856786343835650450e-06 -6.103655135261339374e-09 -6.103655135261339374e-09 -9.125624102509850416e-07
-4.984019988688170866e-01 6.917189144110152010e-07 -6.103655108336891677e-09 -6.103655108336891677e-09 -5.077629839652507408e-06
-4.983418508014177406e-01 4.557124124929289705e-29 1.027941299445080120e-28 1.027941299445080120e-28 6.083608499477422555e-28
-4.983418508014176851e-01 4.386681987674618784e-29 1.394935392262313763e-28 1.394935392262313763e-28 3.403643726940113881e-28
-4.981805985179930674e-01 -2.293215074181327820e-05 3.816968711832193296e-07 3.816968711832193296e-07 3.378586117907424863e-04
-4.981805985179930119e-01 -2.785238470097784261e-04 3.816968712301489253e-07 3.816968712301489253e-07 8.226691552230994229e-05
-4.973454516872086173e-01 -3.497150721067196998e-28 1.350850088998453642e-28 1.350850088998453642e-28 -7.346406478072585425e-29
-4.973454516872086173e-01 -2.050089874122239405e-28 -4.387661491014821705e-29 -4.387661491014821705e-29 1.253141461576963897e-28
-4.966455287587712708e-01 -2.516410519150667400e-05 7.288073213941121705e-08 7.288073213941121705e-08 4.372484026070840767e-05
-4.966455287587712153e-01 -3.181018852746674518e-05 7.288073221396726883e-08 7.288073221396726883e-08 3.707875692478767947e-05
-4.962907136390144469e-01 -1.880255171085332316e-28 6.364936319514057717e-32 6.364936319514057717e-32 6.960166980227133768e-28
-4.962907136390143359e-01 -3.239123767146254646e-29 1.288882107649742229e-29 1.288882107649742229e-29 1.352611957283416103e-28
-4.955748248495799868e-01 5.671051522413117023e-29 1.180235280905781588e-28 1.180235280905781588e-28 2.979292137433682392e-28
-4.955748248495798203e-01 -3.194408721356255379e-30 1.418151222355652709e-29 1.418151222355652709e-29 1.541171864177088958e-29
-4.946675193114105640e-01 -6.012398848469196210e-29 2.425054992241373942e-29 2.425054992241373942e-29 3.817750444069167884e-29
-4.946675193114105085e-01 1.508806733875772936e-28 5.087220805675600003e-29 5.087220805675600003e-29 9.459184177640728294e-30
-4.944980908967230304e-01 -1.596934253872846959e-28 -3.514596269844913251e-29 -3.514596269844913251e-29 -7.963368670238284891e-29
-4.944980908967229194e-01 1.863248792277622842e-28 5.147373552034446435e-29 5.147373552034446435e-29 -1.896778576797676420e-29
-4.941928496284357930e-01 -1.887061089969606462e-05 3.690674891791376272e-08 3.690674891791376272e-08 1.601470018887633394e-05
-4.941928496284357930e-01 -1.520564995006860277e-05 3.690674892817572570e-08 3.690674892817572570e-08 1.967966113857861252e-05
-4.939413840019880042e-01 -2.167633100104614085e-06 4.648194905580620908e-08 4.648194905580620908e-08 4.176843007748963705e-05
-4.939413840019877822e-01 -3.522845272442918222e-05 4.648194899033838407e-08 4.648194899033838407e-08 8.707610453007018494e-06
-4.932450916580861655e-01 -3.354948377402957077e-28 -3.322336505377110756e-29 -3.322336505377110756e-29 -1.813263003446215463e-29
-4.932450916580861100e-01 -8.118448072170348526e-30 6.690185720875221205e-29 6.690185720875221205e-29 2.062276769262900540e-29
-4.924924979468134900e-01 -1.358758203861131190e-28 1.122825420223780849e-28 1.122825420223780849e-28 1.151270052442714092e-28
-4.924924979468133235e-01 -5.764418450301222583e-29 -5.256374112930711368e-29 -5.256374112930711368e-29 2.348370197490661876e-30
-4.911234181422438061e-01 4.267927794541602777e-28 -1.960884226618761058e-28 -1.960884226618761058e-28 7.588668576848671362e-29
-4.911234181422434730e-01 -1.921243965455911376e-29 -2.435098329494304954e-29 -2.435098329494304954e-29 -5.355314762314909126e-29
-4.910029208930428157e-01 1.289015797535608644e-04 -3.632030110334170777e-07 -3.632030110334170777e-07 -2.144082592647845792e-04
-4.910029208930427047e-01 2.414540370685331889e-04 -3.632030112208918858e-07 -3.632030112208918858e-07 -1.018558019501836616e-04
-4.905892987790627657e-01 3.307751596259361600e-29 -7.890814372777587945e-29 -7.890814372777587945e-29 3.147191421910659301e-29
-4.905892987790626547e-01 6.448498701445119187e-29 -2.570676333902080201e-28 -2.570676333902080201e-28 2.281036435670216175e-28
-4.904607416768076988e-01 -1.517795013384015127e-05 9.216651663994010036e-08 9.216651663994010036e-08 7.194046849591178932e-05
-4.904607416768075323e-01 -5.691794411372198587e-05 9.216651639837993574e-08 9.216651639837993574e-08 3.020047451649377472e-05
-4.899841715431886846e-01 -7.008328303746317205e-29 7.998646662530548589e-29 7.998646662530548589e-29 1.626487900190700070e-28
-4.899841715431886291e-01 1.314276250366122501e-29 -3.052402719938815315e-29 -3.052402719938815315e-29 -2.559800978052781497e-28
-4.899489817736739083e-01 -7.787850975513119160e-06 4.086428111972219250e-08 4.086428111972219250e-08 3.083823233246178009e-05
-4.899489817736738528e-01 -2.403318326780951627e-05 4.086428115171825328e-08 4.086428115171825328e-08 1.459290004011301602e-05
-4.892289605663875385e-01 -6.454628927225460272e-04 1.395001175793872642e-06 1.395001175793872642e-06 6.731319821800584111e-04
-4.892289605663874275e-01 -4.712309875688495053e-04 1.395001175932147382e-06 1.395001175932147382e-06 8.473638873319612290e-04
-4.881269234662626300e-01 1.520153697733191161e-28 -4.156776044353011599e-28 -4.156776044353011599e-28 -6.923252292586961027e-28
-4.881269234662626300e-01 4.932786232387811504e-29 -1.886815726599493337e-28 -1.886815726599493337e-28 -1.990245234670701959e-28
-4.878741561249403946e-01 -6.595123325624547986e-04 1.803941090898919408e-06 1.803941090898919408e-06 1.045624206708472160e-03
-4.878741561249402281e-01 -4.359959535194129522e-04 1.803941090963651996e-06 1.803941090963651996e-06 1.269140585752196295e-03
-4.878511350346411146e-01 -1.051212963341629427e-26 -2.260943621040608017e-28 -2.260943621040608017e-28 3.160749947789465046e-26
-4.878511350346406705e-01 -2.449890249277147386e-26 -1.157294422585531072e-27 -1.157294422585531072e-27 6.136566409675773555e-27
-4.865672372323579520e-01 -8.212682957154949495e-04 9.725508353524667891e-07 9.725508353524667891e-07 9.801447572033660481e-05
-4.865672372323577854e-01 -5.550082232991183006e-04 9.725508354440181335e-07 9.725508354440181335e-07 3.642745481378755726e-04
-4.862064213875205154e-01 -2.384455736500857174e-05 7.354213747998707995e-08 7.354213747998707995e-08 4.566956729942162405e-05
-4.862064213875202934e-01 -4.161786228215667258e-05 7.354213754553847004e-08 7.354213754553847004e-08 2.789626238214354092e-05
-4.857391424673356828e-01 -5.084420380316925634e-05 1.258648503690458305e-07 1.258648503690458305e-07 6.812684033300403291e-05
-4.857391424673355718e-01 -1.177025167279222294e-05 1.258648503215170913e-07 1.258648503215170913e-07 1.072007924632421394e-04
-4.852448842505578397e-01 -2.905856086653116313e-28 -1.221474223436626726e-28 -1.221474223436626726e-28 2.295702105271906858e-28
-4.852448842505576732e-01 -2.058001322837657271e-29 1.689303526952836020e-28 1.689303526952836020e-28 -1.082159289381114261e-28
-4.850987271413639279e-01 -2.145973084850905484e-28 1.970318212629881309e-28 1.970318212629881309e-28 3.590592549468085649e-28
-4.850987271413638169e-01 -6.734010837148983465e-29 3.060687002477426748e-28 3.060687002477426748e-28 1.818624295882232512e-27
-4.849014624447718358e-01 -3.219133880242830935e-05 5.034306391237642363e-08 5.034306391237642363e-08 1.539436015809092734e-05
-4.849014624447717248e-01 -4.497218919007223441e-05 5.034306386396837158e-08 5.034306386396837158e-08 2.613509770334288879e-06
-4.842029218478338670e-01 -1.768500527266104140e-31 5.744100647364686430e-29 5.744100647364686430e-29 3.023844822207463615e-28
-4.842029218478337560e-01 -5.814325883869532571e-28 8.953619589787290670e-29 8.953619589787290670e-29 1.004583914377396337e-27
-4.841343725680266052e-01 9.303289466698305393e-08 -1.442748481181454684e-09 -1.442748481181454684e-09 -1.270694099516034969e-06
-4.841343725680262722e-01 3.480916165225666282e-07 -1.442748528453916586e-09 -1.442748528453916586e-09 -1.015635377659853032e-06
-4.837276650592461924e-01 -4.135211637059364888e-05 5.182633885209212173e-08 5.182633885209212173e-08 7.635616264100028580e-06
-4.837276650592458593e-01 -1.393895382345767876e-05 5.182633876885022353e-08 5.182633876885022353e-08 3.504877881110934017e-05
-4.834048221330517481e-01 -2.154342242788245060e-28 2.513096800127516200e-28 2.513096800127516200e-28 -1.015987001938586913e-28
-4.834048221330514705e-01 -2.964057911889247455e-28 -1.258579145020262913e-28 -1.258579145020262913e-28 2.954438621621871351e-28
-4.829373398389019134e-01 -3.663743955788562241e-05 1.583961732319847251e-07 1.583961732319847251e-07 1.130831382762409497e-04
-4.829373398389017469e-01 -8.468772349390481181e-05 1.583961731317569576e-07 1.583961731317569576e-07 6.503285434020754374e-05
-4.821696154851880523e-01 4.349212670421214106e-28 1.640043680210088775e-28 1.640043680210088775e-28 -7.572055447763240802e-28
-4.821696154851878302e-01 3.379815495590659126e-28 -3.764726257481557237e-28 -3.764726257481557237e-28 7.936543793469862334e-29
-4.818314683098180451e-01 -1.701863712757125096e-03 2.062233270156156997e-06 2.062233270156156997e-06 2.474179569955588546e-04
-4.818314683098178230e-01 -5.632903471721791705e-04 2.062233270921128121e-06 2.062233270921128121e-06 1.385991322580492312e-03
-4.810619140771728031e-01 -3.445844637141010511e-29 -1.695561134839772341e-29 -1.695561134839772341e-29 2.079409380340750498e-28
-4.810619140771724700e-01 -1.266516104226510083e-28 4.657018917846904767e-28 4.657018917846904767e-28 4.042245180458179556e-29
-4.807354170793166626e-01 -5.164070372924351356e-08 1.544303420463175717e-10 1.544303420463175717e-10 9.433125747733734940e-08
-4.807354170793163295e-01 -6.968141996967333721e-08 1.544303379557403101e-10 1.544303379557403101e-10 7.629054123149838659e-08
-4.806671363457309387e-01 2.612055046794973615e-28 -1.321851625041267374e-28 -1.321851625041267374e-28 -2.570206153201753161e-28
-4.806671363457309387e-01 -5.602742982662067763e-29 -4.652777995277027080e-29 -4.652777995277027080e-29 2.033704728332662563e-28
-4.800366462172748205e-01 -2.079099113716854771e-07 6.353167514839153992e-09 6.353167514839153992e-09 5.797285184607984156e-06
-4.800366462172744320e-01 -3.993897062218004819e-06 6.353167548280492033e-09 6.353167548280492033e-09 2.011298033761137535e-06
-4.788643965677092385e-01 -2.900922337580187042e-07 7.181396971666209948e-10 7.181396971666209948e-10 3.887138744941909592e-07
-4.788643965677090164e-01 -5.391837090300695066e-07 7.181397610327528098e-10 7.181397610327528098e-10 1.396223993338901135e-07
-4.781231496367877587e-01 -1.003623290240420906e-05 2.841018540821281871e-08 2.841018540821281871e-08 1.681788421052946638e-05
-4.781231496367875922e-01 -2.545053990882871927e-06 2.841018541112229086e-08 2.841018541112229086e-08 2.430906312281387813e-05
-4.777202524897081193e-01 -5.010834761486466365e-03 6.963394465123360015e-06 6.963394465123360015e-06 1.571164173900755669e-03
-4.777202524897080638e-01 -5.233197880403068353e-03 6.963394465948249827e-06 6.963394465948249827e-06 1.348801054986386704e-03
-4.774853691221025431e-01 4.361495012555627416e-27 -6.475915846295926061e-29 -6.475915846295926061e-29 -1.559332322807045875e-27
-4.774853691221024321e-01 6.550728994095214791e-28 8.810516113576739511e-28 8.810516113576739511e-28 -2.850716813003453683e-28
-4.774496879858627918e-01 1.308777011958256978e-05 -8.637438591954081714e-08 -8.637438591954081714e-08 -6.855576123096759401e-05
-4.774496879858625698e-01 7.997252842067701967e-05 -8.637438546355491043e-08 -8.637438546355491043e-08 -1.671002930040391410e-06
-4.766521632227503913e-01 -1.222607604403537839e-27 3.280920562826069425e-33 3.280920562826069425e-33 1.798229320925885318e-27
-4.766521632227500582e-01 -5.617484102763367573e-29 6.225594734637366561e-30 6.225594734637366561e-30 8.097050051009819751e-29
-4.751292765053158895e-01 -4.069395510112486088e-28 -7.878534807992538147e-28 -7.878534807992538147e-28 1.867968575250081858e-27
-4.751292765053157785e-01 -9.947468357874533260e-28 -9.044675244169739964e-28 -9.044675244169739964e-28 7.436210505934521669e-28
-4.749615734865409999e-01 -1.867728098221184306e-27 -3.429275565633984382e-27 -3.429275565633984382e-27 7.106965694432252198e-27
-4.749615734865406114e-01 -8.296995274407223076e-29 8.335492544646379344e-29 8.335492544646379344e-29 5.646212019785278444e-28
-4.748883976721369748e-01 -9.908719271123585302e-06 2.823767975922035146e-08 2.823767975922035146e-08 1.678234022617760358e-05
-4.748883976721367528e-01 -2.205067908107122900e-05 2.823767943808471377e-08 2.823767943808471377e-08 4.640380417601004686e-06
-4.747456256692954568e-01 -1.943002663694957420e-26 -5.850461719405874072e-27 -5.850461719405874072e-27 9.610367312028061346e-27
-4.747456256692949572e-01 6.007223751280257467e-28 -6.653297138881734806e-28 -6.653297138881734806e-28 -1.754011592116336993e-27
-4.745237248605206348e-01 2.022888675538294604e-04 -4.778878239849375251e-07 -4.778878239849375251e-07 -2.494243203172988245e-04
-4.745237248605203018e-01 4.313871855747587205e-04 -4.778878218109669031e-07 -4.778878218109669031e-07 -2.032600229580160852e-05
-4.737601156957385040e-01 -6.558548427262409896e-04 1.568159277965570608e-06 1.568159277965570608e-06 8.264140068138804392e-04
-4.737601156957385040e-01 -6.338447840846780424e-05 1.568159278044522549e-06 1.568159278044522549e-06 1.418884371130385135e-03
-4.734584828578439764e-01 6.267674441505968325e-30 -2.041048605067776259e-29 -2.041048605067776259e-29 1.220133006946528695e-29
-4.734584828578436433e-01 -1.019531793256614814e-29 1.117886471143950136e-27 1.117886471143950136e-27 1.360493205060070604e-27
-4.731391466070842267e-01 -1.287404500533719814e-26 2.802694136625397339e-27 2.802694136625397339e-27 2.858011422403531513e-27
-4.731391466070841156e-01 -8.315166148705143751e-27 2.054452311968640971e-27 2.054452311968640971e-27 1.449838612256720646e-26
-4.728473917471714416e-01 -2.970492169851326504e-03 3.517593201933070960e-06 3.517593201933070960e-06 3.544371913341190484e-04
-4.728473917471711641e-01 -2.967536147188194143e-03 3.517593202001079235e-06 3.517593202001079235e-06 3.573932139963268556e-04
-4.723737390948127279e-01 -3.965559484280881849e-28 -6.261547984653686537e-28 -6.261547984653686537e-28 1.462235583440223833e-27
-4.723737390948125614e-01 -5.864851970248595897e-28 -2.156104186146422569e-28 -2.156104186146422569e-28 4.154799558347229864e-28
-4.713700604791942750e-01 -3.065739169354968468e-03 4.704179029893907591e-06 4.704179029893907591e-06 1.380784938530675836e-03
-4.713700604791938864e-01 -2.241246306211496387e-03 4.704179030571826175e-06 4.704179030571826175e-06 2.205277801682426451e-03
-4.708746467165301763e-01 -3.029074367340908490e-28 -4.653755185079009834e-28 -4.653755185079009834e-28 8.498747584874720645e-27
-4.708746467165297878e-01 -4.830696146068984866e-28 2.495789215314797593e-27 2.495789215314797593e-27 6.447456855538396336e-26
-4.705442773792850031e-01 6.371970615670623391e-05 -6.760107914599091255e-08 -6.760107914599091255e-08 -1.787610871794971007e-07
-4.705442773792847255e-01 6.397991614991397700e-06 -6.760107905289746531e-08 -6.760107905289746531e-08 -5.750047562764728826e-05
-4.700846231346178516e-01 -6.779653218618988640e-27 -2.439807369557016798e-27 -2.439807369557016798e-27 1.759022452689929160e-25
-4.700846231346175741e-01 -2.854236802028241707e-27 8.260963196722709883e-28 8.260963196722709883e-28 1.408546524905882305e-26
-3.127042531881008697e-02 5.805538789987201714e-02 -6.406528369775376969e-05 -6.406528369775376969e-05 -2.500944389591828153e-03
-3.127042531880996901e-02 1.548724010840167977e-03 -6.406528369725547037e-05 -6.406528369725547037e-05 -5.900760827856443153e-02
-2.645584656163355031e-02 5.493878420746279717e-29 3.765457460237119164e-29 3.765457460237119164e-29 -2.985569449743052271e-29
-2.645584656163341500e-02 1.547753819203290195e-27 -2.143552345979478579e-28 -2.143552345979478579e-28 -1.437135114586392300e-28
-2.302842127286164331e-02 6.600112138872654822e-26 -3.010811302933918121e-27 -3.010811302933918121e-27 -2.107625470875742112e-26
-2.302842127286143514e-02 9.157686098655696404e-27 -1.555608335367825954e-27 -1.555608335367825954e-27 -4.363081275615966531e-27
-2.287527676686160194e-02 2.905530992305930052e-02 -3.659173075587803751e-03 -3.659173075587803751e-03 -3.429699383372665888e+00
-2.287527676686146663e-02 3.440639519655986689e+00 -3.659173075579572922e-03 -3.659173075579572922e-03 -1.811517363958272189e-02
-2.085384609460276539e-02 1.875195931257504996e-28 1.125261829274471854e-27 1.125261829274471854e-27 -4.827175977064655932e-26
-2.085384609460250172e-02 3.921923870709062986e-26 5.111390086609264264e-27 5.111390086609264264e-27 -7.293139640900230196e-26
-2.001731430067172496e-02 5.285553880072187960e-01 -5.259386049510170746e-01 -5.259386049510170746e-01 -4.966036055340060784e+02
-2.001731430067142312e-02 4.965365742686137196e+02 -5.259386049510584860e-01 -5.259386049510584860e-01 -5.955866534006495350e-01
-1.639978855232052460e-02 6.973454342779338289e-01 -7.441331252668701313e-04 -7.441331252668701313e-04 -6.030406737735785963e-03
-1.639978855232038235e-02 6.922712478414720302e-03 -7.441331252712368640e-04 -7.441331252712368640e-04 -6.964531285372687064e-01
-1.142944957899865929e-02 1.125951167810619646e-27 -1.735333805321334255e-28 -1.735333805321334255e-28 -6.087359627414151943e-27
-1.142944957899842337e-02 1.712298736286815139e-26 2.149574476092788370e-28 2.149574476092788370e-28 -2.938130531056726011e-29
-8.048824077775733332e-03 2.676382584605917714e+00 -2.945845102811148804e-03 -2.945845102811148804e-03 -1.081141758698962452e-01
-8.048824077775481797e-03 1.140962483026194824e-01 -2.945845102759555526e-03 -2.945845102759555526e-03 -2.670400512173554564e+00
6.486554464646002716e-01 -1.685424027117957161e-25 2.099781588005405778e-28 2.099781588005405778e-28 1.390395444691217462e-26
6.486554464646002716e-01 -2.521543907503871318e-26 3.962625400512129638e-29 3.962625400512129638e-29 1.711387133476418925e-27
