-9.958521070223844140e-02 -3.312874507802843985e-04 5.058787995406910571e-05 5.058787995406910571e-05 4.748581865546227382e-02
-9.958521070223839977e-02 -4.779825354599322174e-02 5.058787995428832462e-05 5.058787995428832462e-05 1.885256023830262677e-05
-3.127042531881008697e-02 5.805538789987201714e-02 -6.406528369775376969e-05 -6.406528369775376969e-05 -2.500944389591828153e-03
-3.127042531880996901e-02 1.548724010840167977e-03 -6.406528369725547037e-05 -6.406528369725547037e-05 -5.900760827856443153e-02
-2.645584656163355031e-02 5.493878420746279717e-29 3.765457460237119164e-29 3.765457460237119164e-29 -2.985569449743052271e-29
-2.645584656163341500e-02 1.547753819203290195e-27 -2.143552345979478579e-28 -2.143552345979478579e-28 -1.437135114586392300e-28
-2.302842127286164331e-02 6.600112138872654822e-26 -3.010811302933918121e-27 -3.010811302933918121e-27 -2.107625470875742112e-26
-2.302842127286143514e-02 9.157686098655696404e-27 -1.555608335367825954e-27 -1.555608335367825954e-27 -4.363081275615966531e-27
-2.287527676686160194e-02 2.905530992305930052e-02 -3.659173075587803751e-03 -3.659173075587803751e-03 -3.429699383372665888e+00
-2.287527676686146663e-02 3.440639519655986689e+00 -3.659173075579572922e-03 -3.659173075579572922e-03 -1.811517363958272189e-02
-2.085384609460276539e-02 1.875195931257504996e-28 1.125261829274471854e-27 1.125261829274471854e-27 -4.827175977064655932e-26
-2.085384609460250172e-02 3.921923870709062986e-26 5.111390086609264264e-27 5.111390086609264264e-27 -7.293139640900230196e-26
-2.001731430067172496e-02 5.285553880072187960e-01 -5.259386049510170746e-01 -5.259386049510170746e-01 -4.966036055340060784e+02
-2.001731430067142312e-02 4.965365742686137196e+02 -5.259386049510584860e-01 -5.259386049510584860e-01 -5.955866534006495350e-01
-1.639978855232052460e-02 6.973454342779338289e-01 -7.441331252668701313e-04 -7.441331252668701313e-04 -6.030406737735785963e-03
-1.639978855232038235e-02 6.922712478414720302e-03 -7.441331252712368640e-04 -7.441331252712368640e-04 -6.964531285372687064e-01
-1.142944957899865929e-02 1.125951167810619646e-27 -1.735333805321334255e-28 -1.735333805321334255e-28 -6.087359627414151943e-27
-1.142944957899842337e-02 1.712298736286815139e-26 2.149574476092788370e-28 2.149574476092788370e-28 -2.938130531056726011e-29
-8.048824077775733332e-03 2.676382584605917714e+00 -2.945845102811148804e-03 -2.945845102811148804e-03 -1.081141758698962452e-01
-8.048824077775481797e-03 1.140962483026194824e-01 -2.945845102759555526e-03 -2.945845102759555526e-03 -2.670400512173554564e+00
3.945111949756958669e-01 -3.290362307345509508e-31 8.398400350281917841e-31 8.398400350281917841e-31 3.083760138077479588e-31
3.945111949756960890e-01 2.875928553669824271e-30 4.182629231185903761e-30 4.182629231185903761e-30 2.068492863522982684e-30
3.951422895150151215e-01 -2.061584379077482955e-30 3.516713325486501805e-30 3.516713325486501805e-30 2.311987040157018453e-30
3.951422895150151771e-01 -1.685224598969080864e-29 -1.107365954249196335e-29 -1.107365954249196335e-29 -4.352776542555990618e-30
3.975880282385316766e-01 1.359116241640832136e-30 1.237958157780406455e-30 1.237958157780406455e-30 5.846791820059652471e-31
3.975880282385317321e-01 -4.121168384177486873e-30 2.122879365109830660e-29 2.122879365109830660e-29 1.304435999569879926e-29
3.988411434944005296e-01 -3.006386272624544839e-30 -1.744482703115874927e-30 -1.744482703115874927e-30 -7.466415740076241463e-31
3.988411434944017508e-01 -1.550762640880528108e-29 4.133163892142583412e-30 4.133163892142583412e-30 3.326476292432950869e-30
4.009283218684224770e-01 2.036233070529225206e-31 1.822497802992069915e-31 1.822497802992069915e-31 1.431356793471822475e-32
4.009283218684235872e-01 5.427888463453405785e-31 5.778703837883428629e-31 5.778703837883428629e-31 1.760224872972639204e-31
4.029665293122077774e-01 -1.648531801875349037e-30 -1.644912113063825883e-30 -1.644912113063825883e-30 -9.773859694328584118e-31
4.029665293122088321e-01 9.056563413618210335e-31 1.094567663488620055e-30 1.094567663488620055e-30 7.211278061649369966e-31
4.034109562236101176e-01 -3.383193256446666786e-30 -2.796048064329504441e-30 -2.796048064329504441e-30 -1.200140460216199273e-30
4.034109562236101731e-01 -5.482878971669042582e-30 -4.112272678573302761e-31 -4.112272678573302761e-31 3.270796657044063401e-31
4.038475441503170948e-01 -2.281705079466657672e-30 -6.191227511586073570e-31 -6.191227511586073570e-31 -1.877692025339633820e-31
4.038475441503174834e-01 -4.512844190424217587e-29 -5.207385635088448373e-31 -5.207385635088448373e-31 3.785287418765622319e-30
4.062223622719062788e-01 -1.024027920289106603e-31 3.163794891723026266e-32 3.163794891723026266e-32 9.823127471866593916e-32
4.062223622719071670e-01 -2.821225914504150304e-32 9.759243512164107855e-32 9.759243512164107855e-32 6.219998701877937259e-32
4.067602553067041216e-01 1.678253716708541290e-31 2.658742843166033103e-30 2.658742843166033103e-30 1.773322732504033221e-30
4.067602553067043991e-01 -5.723684183203990623e-32 -3.277554587368504208e-32 -3.277554587368504208e-32 1.041478125860917971e-32
4.075959861810621865e-01 4.559726168764319834e-32 1.326809449915586513e-31 1.326809449915586513e-31 1.671781834709807001e-31
4.075959861810628526e-01 1.095779121459961232e-31 2.702772644947666743e-31 2.702772644947666743e-31 1.503864641810284118e-31
4.115863470987327632e-01 5.049767359300088177e-31 2.176582775493053141e-31 2.176582775493053141e-31 -3.551509887686434862e-31
4.115863470987341510e-01 -8.563825162166146286e-31 -6.952085185813928448e-31 -6.952085185813928448e-31 -3.957153041567629986e-31
4.121700215850809812e-01 -4.846802130181061203e-30 -3.498998985606053509e-30 -3.498998985606053509e-30 -1.728660390565615373e-30
4.121700215850825355e-01 -2.302063835781565983e-33 2.005979037997835156e-32 2.005979037997835156e-32 1.937749553417893173e-32
4.143644356693907405e-01 -8.744267682381626389e-31 4.667310769540263776e-33 4.667310769540263776e-33 9.080300785782864485e-32
4.143644356693911845e-01 -3.720630193835077753e-30 -2.122939220952357357e-30 -2.122939220952357357e-30 -8.858941083465220630e-31
4.175652252785308494e-01 -2.305404758276648771e-31 -2.239914571120185021e-31 -2.239914571120185021e-31 -1.213257459468210535e-31
4.175652252785313490e-01 -4.153823114755237963e-30 -8.890579673525113979e-31 -8.890579673525113979e-31 -2.088487604803577895e-31
4.186798876205416464e-01 9.297664269454076678e-31 1.618217751407035863e-30 1.618217751407035863e-30 8.705357097648834130e-31
4.186798876205419795e-01 1.752835755818772260e-30 2.959192799394600179e-30 2.959192799394600179e-30 1.571414115131185778e-30
4.199520868565453369e-01 6.343853706122524101e-31 1.067927912439454824e-30 1.067927912439454824e-30 4.280103337370659596e-31
4.199520868565453924e-01 -4.266386995979372860e-31 -8.121100395120419684e-32 -8.121100395120419684e-32 -6.489897561751628717e-33
4.209934037575857602e-01 -4.389193501503028164e-31 1.971069691167873640e-31 1.971069691167873640e-31 1.802136994560827967e-31
4.209934037575864263e-01 -4.037930287827740424e-31 -3.726817648234915227e-31 -3.726817648234915227e-31 -1.282472808171297536e-31
4.237763777502832063e-01 -7.106016979170964285e-31 8.316772293652167136e-32 8.316772293652167136e-32 1.139006250430649958e-31
4.237763777502835394e-01 -3.546368674063350048e-31 -3.471217648435357990e-31 -3.471217648435357990e-31 -3.882674005924303074e-32
4.260756029656008748e-01 2.730854047853186405e-31 9.573652781171707245e-31 9.573652781171707245e-31 5.089732497518990944e-31
4.260756029656015409e-01 -3.822995423619083075e-30 -2.972592946143355639e-30 -2.972592946143355639e-30 -1.245263563564657096e-30
4.307974701114594129e-01 -3.984571122874331223e-31 1.971550159837009432e-31 1.971550159837009432e-31 1.331780995783591874e-31
4.307974701114595240e-01 1.666987183514055904e-31 2.656640387793411540e-31 2.656640387793411540e-31 1.204385775004706856e-31
4.311785985689908784e-01 5.429256047608865600e-31 7.921538846055631862e-31 7.921538846055631862e-31 4.999051771270936661e-31
4.311785985689919887e-01 -4.605320692769253644e-30 -1.295298807542389803e-32 -1.295298807542389803e-32 3.516730102879292489e-31
4.318717191703831393e-01 -5.989593260717683090e-31 -4.850558603320862981e-31 -4.850558603320862981e-31 -2.196941710997458853e-31
4.318717191703836944e-01 -1.533614507524321983e-30 -1.482785621379559806e-30 -1.482785621379559806e-30 -5.966338709818219649e-31
4.338654623625501361e-01 -9.738688701584110870e-31 -7.447935830424766318e-31 -7.447935830424766318e-31 -3.267422140864729581e-31
4.338654623625505247e-01 2.862292805845013664e-31 3.906845987866744854e-31 3.906845987866744854e-31 4.324123364268480200e-31
4.385331283142361869e-01 2.828720716178309406e-31 1.870470295092962401e-30 1.870470295092962401e-30 1.216710433996736144e-30
4.385331283142373526e-01 6.089518135224005280e-32 5.292227943348462175e-31 5.292227943348462175e-31 2.896456434223365316e-31
4.386217099086517912e-01 -1.455304277180459309e-30 -4.128609948597078910e-31 -4.128609948597078910e-31 -8.863829767158447640e-32
4.386217099086522908e-01 -2.186456296784192013e-30 2.194444521291585810e-30 2.194444521291585810e-30 1.487040682917793912e-30
4.410962530015634098e-01 4.417396976580832478e-31 6.191880377931752063e-31 6.191880377931752063e-31 3.298646966941082785e-31
4.410962530015636318e-01 8.797058740473295543e-33 4.156918370892065296e-33 4.156918370892065296e-33 -1.085495881751524508e-33
4.421320780147721119e-01 -4.743648430955379690e-31 -3.716248021366112753e-31 -3.716248021366112753e-31 -1.509714179578609923e-31
4.421320780147725005e-01 -7.225090273461622722e-31 -1.532103147353504632e-31 -1.532103147353504632e-31 -2.929595237175023148e-32
4.423493682574334840e-01 -3.711452206485416858e-31 -1.326969081881271008e-31 -1.326969081881271008e-31 -5.158403015286596350e-32
4.423493682574334840e-01 -1.789654296218753925e-31 -6.085774509488715581e-32 -6.085774509488715581e-32 -2.459681577163163033e-32
4.444365466314549318e-01 2.960218525231896194e-31 2.916194717370420802e-31 2.916194717370420802e-31 1.029275041043153375e-31
4.444365466314561530e-01 -7.457327311451493250e-32 4.087140795908984605e-31 4.087140795908984605e-31 2.570751352334683040e-31
4.457850946763874944e-01 -1.004977177828577236e-30 -3.556092514644331862e-31 -3.556092514644331862e-31 -1.383101168332672806e-31
4.457850946763882716e-01 7.887878113570316934e-33 7.356942284698181237e-32 7.356942284698181237e-32 2.844006241009839139e-32
4.472415276951774987e-01 4.714987044322970558e-32 1.954849632737682655e-31 1.954849632737682655e-31 5.270558062469740331e-32
4.472415276951778318e-01 1.645767365305294678e-32 7.170174674327279646e-32 7.170174674327279646e-32 6.763778460801777925e-32
4.473557689133499937e-01 2.576963628973837964e-31 3.066869902136340529e-31 3.066869902136340529e-31 1.001575103966737162e-31
4.473557689133503823e-01 -1.422703695893296352e-32 -3.916365005143805659e-33 -3.916365005143805659e-33 2.719977264101328602e-33
4.484869215324961411e-01 -2.128146830845783803e-31 -2.754173452110906098e-32 -2.754173452110906098e-32 1.262606949922917141e-33
4.484869215324971403e-01 -8.706395639767024384e-31 -2.027485094763258856e-31 -2.027485094763258856e-31 -4.470012663428997148e-32
4.511042109440949743e-01 2.348626988602999749e-31 3.593305878544284736e-31 3.593305878544284736e-31 1.998388346319886185e-31
4.511042109440953629e-01 -1.385022005079672406e-31 -3.568576857799451581e-32 -3.568576857799451581e-32 2.804164271854716615e-33
4.517249598640784014e-01 -1.639556010925777028e-31 -1.516931501253370282e-31 -1.516931501253370282e-31 -7.441532692597946037e-32
4.517249598640784569e-01 -9.931547747075448228e-31 -7.225157649113176716e-31 -7.225157649113176716e-31 -3.222174182708942802e-31
4.538432453109831344e-01 -2.122499516675624001e-31 -1.797987135594113009e-31 -1.797987135594113009e-31 -9.177018469835564206e-32
4.538432453109834119e-01 -2.246269096739517016e-31 2.209328719617929979e-31 2.209328719617929979e-31 1.195593603650776306e-31
4.556782463481148793e-01 -1.922667976638145472e-30 -1.443775634574268294e-30 -1.443775634574268294e-30 -6.030583396793295576e-31
4.556782463481149348e-01 -6.817011671599358068e-31 -4.177809940029793575e-31 -4.177809940029793575e-31 -1.970619666833250657e-31
4.566485843540298295e-01 1.625569613926420659e-31 2.239590951438799831e-31 2.239590951438799831e-31 1.831806159215494000e-31
4.566485843540302181e-01 -7.532308739330282952e-31 -7.241942464778993953e-31 -7.241942464778993953e-31 -3.747237172539889290e-31
4.604065538463342211e-01 1.019429476709001573e-31 3.254149315676013201e-31 3.254149315676013201e-31 1.890645640632369843e-31
4.604065538463343321e-01 -5.195963760584588130e-32 9.749829822183195584e-32 9.749829822183195584e-32 5.836405537863275603e-32
4.610734500415645254e-01 -2.434359711686286936e-31 4.667974984871044832e-32 4.667974984871044832e-32 4.748593809005904009e-32
4.610734500415658577e-01 -2.919351023828768730e-31 -1.970562661435678122e-31 -1.970562661435678122e-31 -9.043118353243875393e-32
4.638023190489499181e-01 8.078478645242354827e-33 9.892364233175169415e-33 9.892364233175169415e-33 7.322260194420925396e-33
4.638023190489501957e-01 -2.346531788193551742e-31 -1.452423141352650612e-31 -1.452423141352650612e-31 -7.021588896613161812e-32
4.656383353700827010e-01 -4.607238831598393910e-32 -5.978861026034063237e-32 -5.978861026034063237e-32 -2.543641534653667989e-32
4.656383353700832561e-01 -4.483511601256213938e-33 1.369909220110750133e-32 1.369909220110750133e-32 7.278779254502567966e-33
4.663007706596181690e-01 1.968723226614710483e-32 1.558515728434724399e-31 1.558515728434724399e-31 1.133834963637131295e-31
4.663007706596188351e-01 -3.762530731900090017e-31 -2.180095159187100760e-31 -2.180095159187100760e-31 -1.077191380498048548e-31
4.668337791654356139e-01 5.335561838702807602e-34 -6.245608779649901842e-33 -6.245608779649901842e-33 -3.242642452650870448e-33
4.668337791654360580e-01 -1.560685968340793309e-30 -9.388636487238302223e-31 -9.388636487238302223e-31 -4.205661346089477030e-31
4.672846025133152725e-01 -1.153984686060817638e-31 -8.934396389386094791e-32 -8.934396389386094791e-32 -5.514995062034744775e-32
4.672846025133153836e-01 1.009411628337081819e-31 2.091588635924962550e-31 2.091588635924962550e-31 8.208053438459780503e-32
4.743056948744919787e-01 -2.506613236850807335e-31 -7.362847172154714723e-33 -7.362847172154714723e-33 2.115046696796049142e-32
4.743056948744921453e-01 -1.062967472715687907e-33 2.004984652696395066e-34 2.004984652696395066e-34 -3.332417591669546173e-33
4.757219513627874430e-01 3.858112288452752917e-32 1.289612553929864071e-31 1.289612553929864071e-31 6.126996974186330262e-32
4.757219513627876650e-01 -1.676604234592622824e-31 -1.177258301415551129e-31 -1.177258301415551129e-31 -6.455384909524472531e-32
4.777872586112164033e-01 -3.141587526824650310e-31 2.028070211016697896e-31 2.028070211016697896e-31 1.160852915075933112e-31
4.777872586112166253e-01 1.742467218226460675e-33 -9.500403590039231498e-34 -9.500403590039231498e-34 -7.045496555478379276e-33
4.794926022094599394e-01 -1.361479047338721667e-32 -2.080977838193296776e-32 -2.080977838193296776e-32 -1.432676508666312744e-32
4.794926022094600504e-01 1.299810277606701433e-32 1.085503461831345275e-32 1.085503461831345275e-32 8.591406849179010808e-33
4.797968382539417043e-01 3.260226341728471858e-31 3.058512828162176858e-31 3.058512828162176858e-31 8.364222066377688026e-32
4.797968382539418708e-01 5.120622459585852305e-32 1.923600694386526258e-31 1.923600694386526258e-31 9.204363337901617493e-32
4.802597945400288171e-01 4.081112828265118293e-32 7.614609886754533527e-32 7.614609886754533527e-32 5.581153116444605492e-32
4.802597945400292057e-01 2.009567892573156057e-32 3.737734106534524037e-32 3.737734106534524037e-32 3.431825221321551636e-33
4.821299346716850232e-01 1.085614592542825433e-32 1.568377179864742235e-32 1.568377179864742235e-32 -4.121788662720646069e-33
4.821299346716850787e-01 -1.332828820435481443e-30 -7.376682951123099649e-31 -7.376682951123099649e-31 -3.437616180341943506e-31
4.894984259074268151e-01 -5.356957942726278475e-34 1.192312704184595755e-32 1.192312704184595755e-32 3.628984523272709431e-33
4.894984259074268151e-01 9.092314148461476691e-34 7.407544720905288890e-33 7.407544720905288890e-33 5.895085424774753797e-33
4.907497524582103421e-01 -2.473843390002369531e-33 -6.996371801222951455e-33 -6.996371801222951455e-33 -8.127962769734054975e-33
4.907497524582103421e-01 -2.694551510878345901e-32 -4.750475255456235849e-32 -4.750475255456235849e-32 -2.875326306993279224e-32
4.917164705677796732e-01 -3.404496045307635823e-32 -4.820889466972761254e-32 -4.820889466972761254e-32 -2.756625646844640058e-32
4.917164705677797287e-01 -1.737888673355367830e-31 -6.516291291924697171e-32 -6.516291291924697171e-32 -2.439614111070625487e-32
4.924154305336609916e-01 -2.354160451305923400e-32 -2.606044132925629006e-32 -2.606044132925629006e-32 -1.541750156076554551e-32
4.924154305336610471e-01 -2.121186624239227421e-31 -7.517633767642121395e-34 -7.517633767642121395e-34 2.316917903112870961e-32
4.934059777154641835e-01 -2.358407074788570365e-32 2.358457662053411629e-32 2.358457662053411629e-32 2.199569449610136872e-32
4.934059777154642390e-01 -1.594426428082837749e-33 -2.003700977993927744e-34 -2.003700977993927744e-34 4.353866123568463133e-35
4.936685457895313434e-01 -3.939669622946548520e-32 -1.581740729118597201e-32 -1.581740729118597201e-32 -5.908792538713007480e-33
4.936685457895313989e-01 -1.175582905065782000e-32 -1.966530432546105825e-32 -1.966530432546105825e-32 -1.352318461039392921e-32
4.955751920564820945e-01 -4.105469007588088747e-32 7.979202271414123831e-32 7.979202271414123831e-32 4.196744353114077180e-32
4.955751920564820945e-01 -6.458129833825168129e-32 -5.399429586532335162e-32 -5.399429586532335162e-32 -2.790022892973547099e-32
4.957557241635529577e-01 -3.782387789303303971e-33 1.236303481956071255e-35 1.236303481956071255e-35 6.070582878730577440e-34
4.957557241635530132e-01 -7.865795804555230351e-33 -7.860098276121691777e-33 -7.860098276121691777e-33 -4.217873540851922656e-33
4.964550054831318171e-01 -6.549156212704058092e-33 -3.805818258818219601e-33 -3.805818258818219601e-33 -2.230636516533925283e-33
4.964550054831318726e-01 -1.530197395288926123e-32 -1.093797316625044653e-32 -1.093797316625044653e-32 -6.063708592356549055e-33
4.986749464454475755e-01 4.310153211467503799e-34 -2.761537925854561695e-33 -2.761537925854561695e-33 -9.428948152633371659e-34
4.986749464454475755e-01 4.269231561819285683e-35 4.257464134509997093e-34 4.257464134509997093e-34 2.911406615252840240e-34
5.001568091170622843e-01 9.951193192471700347e-35 1.870873529925406433e-33 1.870873529925406433e-33 1.292228132960131053e-33
5.001568091170622843e-01 -2.890985429563023890e-34 -8.783345836551358739e-34 -8.783345836551358739e-34 -5.263327692510051740e-34
5.019559512560621828e-01 -3.820442724669485371e-32 -2.610596920817109054e-32 -2.610596920817109054e-32 -1.405156028747293541e-32
5.019559512560621828e-01 -4.998290893295727015e-32 -1.595919430575411941e-32 -1.595919430575411941e-32 -6.019789780171657786e-33
5.024233884761922786e-01 -1.201212464456350390e-31 3.099721230741182125e-32 3.099721230741182125e-32 2.742629475398981235e-32
5.024233884761922786e-01 -6.454040493663844707e-33 -2.647045763309274559e-36 -2.647045763309274559e-36 3.054391775037979122e-34
5.069974238802117394e-01 -2.736562750263927279e-33 1.981956665776493246e-32 1.981956665776493246e-32 1.432797884618264440e-32
5.069974238802117394e-01 -1.512643005231262820e-31 4.800626949604092529e-32 4.800626949604092529e-32 4.399139826314128305e-32
5.080274368854102995e-01 -3.026830772960695879e-33 9.169042418904127513e-34 9.169042418904127513e-34 7.890814908106792165e-34
5.080274368854102995e-01 -3.881122510944160670e-33 -1.583520427899676187e-34 -1.583520427899676187e-34 2.951727667454524857e-34
5.083746377969696750e-01 6.127125038246661536e-33 1.934204901943982669e-32 1.934204901943982669e-32 -6.206120264125995942e-34
5.083746377969696750e-01 -3.988032199396483404e-32 -6.997999594880017444e-32 -6.997999594880017444e-32 -6.237612612390929114e-32
5.103420039284682908e-01 -4.727935842691878034e-33 1.075044083899498619e-32 1.075044083899498619e-32 5.196068506235988409e-33
5.103420039284684018e-01 -2.811493961344069055e-32 -6.554602089943951969e-33 -6.554602089943951969e-33 -1.691215011716828489e-33
5.115697112614742137e-01 1.102255960370507259e-32 2.824467818777600559e-32 2.824467818777600559e-32 8.676437919901691751e-33
5.115697112614742137e-01 1.793442601808307184e-33 1.133621785733474921e-32 1.133621785733474921e-32 -3.472723281723960007e-33
5.123926275736617741e-01 -2.215541045950777134e-33 9.920503225281894455e-33 9.920503225281894455e-33 6.802850712694839662e-33
5.123926275736618852e-01 -8.353995279438079605e-32 -6.364867373544187424e-32 -6.364867373544187424e-32 -2.863655034802798372e-32
5.137607050355759153e-01 -2.576007931202410729e-31 -1.477479193503287183e-31 -1.477479193503287183e-31 -6.631466091518236266e-32
5.137607050355760263e-01 -6.147146412968782541e-32 -1.422440374845445848e-32 -1.422440374845445848e-32 -5.077468496716954315e-33
5.151477828059034536e-01 -3.819193683541582284e-32 -4.014254831112846275e-32 -4.014254831112846275e-32 -2.385011727573353282e-32
5.151477828059036757e-01 -7.729601777108596297e-31 -3.830606324433973924e-31 -3.830606324433973924e-31 -1.591646085446660136e-31
5.186037800454127433e-01 -9.760414685243137704e-32 9.128289787380941997e-32 9.128289787380941997e-32 5.622855050327211953e-32
5.186037800454130764e-01 -1.392644062021728147e-31 -3.824864065127107428e-32 -3.824864065127107428e-32 -1.117519450958109842e-32
5.212954833742489136e-01 1.345609547529909331e-31 4.422878599756554309e-31 4.422878599756554309e-31 2.361571817564251605e-31
5.212954833742489136e-01 5.425260365970014930e-32 4.670647040936185708e-31 4.670647040936185708e-31 2.551810692021030802e-31
5.233428344018633549e-01 -1.843727000555154572e-31 3.087797976864098168e-31 3.087797976864098168e-31 1.898222699110185129e-31
5.233428344018636880e-01 9.851006115925617214e-33 2.126916235753218257e-32 2.126916235753218257e-32 6.718623762007378300e-33
5.256248724065893940e-01 -2.602836006702777555e-32 -3.516463990849497901e-32 -3.516463990849497901e-32 -3.028874146177061522e-32
5.256248724065896161e-01 -2.825232285650011347e-32 1.166738701709543278e-31 1.166738701709543278e-31 7.819358684699826027e-32
5.256803373494137732e-01 -5.821330811614698073e-32 6.077038839236728213e-31 6.077038839236728213e-31 3.355056702336132290e-31
5.256803373494139953e-01 -1.474323913053180928e-31 -5.835364420689357657e-32 -5.835364420689357657e-32 -2.663260446803130434e-32
5.282278784906644375e-01 -2.788382378840040652e-31 -2.146001162718184238e-31 -2.146001162718184238e-31 -1.177191359100820675e-31
5.282278784906645486e-01 -8.724020587516447461e-32 1.018189229677949360e-31 1.018189229677949360e-31 6.460995583052211735e-32
5.290611583119076977e-01 -1.225884361064599691e-30 -4.593466897000892404e-31 -4.593466897000892404e-31 -1.585729222669129020e-31
5.290611583119083638e-01 -3.200265567732941502e-32 -3.590583003025325251e-32 -3.590583003025325251e-32 -2.643689433311570524e-32
5.316971947646285113e-01 -1.949285666906044310e-30 -1.177909546172600934e-30 -1.177909546172600934e-30 -4.824440510760245147e-31
5.316971947646285113e-01 -9.539549418980722810e-33 4.002318392151300727e-32 4.002318392151300727e-32 3.888372916838130955e-32
5.330066506704592699e-01 -5.367532191145975497e-31 -2.838225318052471699e-31 -2.838225318052471699e-31 -1.241539451231981407e-31
5.330066506704594920e-01 -4.702685684949880671e-31 2.462919154823726813e-31 2.462919154823726813e-31 1.966074197714854445e-31
5.334491122037819943e-01 -4.039704630580099302e-31 5.257915465817453305e-31 5.257915465817453305e-31 3.640367997597641231e-31
5.334491122037819943e-01 -1.491348419859179108e-31 -5.991978395791849847e-32 -5.991978395791849847e-32 -2.013177138385225230e-32
5.393373536068551966e-01 -4.842165718284268219e-31 -2.180810203839097266e-31 -2.180810203839097266e-31 -8.695773540899675612e-32
5.393373536068555296e-01 -2.853508187531037171e-32 -6.714380010401153769e-32 -6.714380010401153769e-32 -1.436767589097268874e-32
5.420689299903073133e-01 -3.604892810625151759e-31 4.591611813687149070e-31 4.591611813687149070e-31 3.495878534114574701e-31
5.420689299903075353e-01 1.651068651429558738e-31 1.989870821588132602e-31 1.989870821588132602e-31 4.671146130836862904e-32
5.436168270784663692e-01 -3.780566123370618832e-30 -1.097718119408524184e-30 -1.097718119408524184e-30 -2.969698940465692352e-31
5.436168270784664802e-01 -3.403302488748619381e-30 2.048461882646717107e-31 2.048461882646717107e-31 4.286398100898348593e-31
5.436826174818540913e-01 3.423356069141094699e-32 6.921101986237288597e-32 6.921101986237288597e-32 4.074839176585083651e-32
5.436826174818544244e-01 -5.310206769385337530e-32 1.644759483410308111e-31 1.644759483410308111e-31 9.866202999592241330e-32
5.454641760190946931e-01 -9.924884692491852674e-32 -4.931490649566611025e-32 -4.931490649566611025e-32 -1.949229383995307224e-32
5.454641760190949151e-01 -6.969088032165591473e-31 -3.768233691775379705e-32 -3.768233691775379705e-32 4.620370114494375244e-32
5.455335780431084247e-01 3.190380754840953393e-31 8.103264564012539186e-31 8.103264564012539186e-31 4.883740049425206361e-31
5.455335780431084247e-01 5.671195992055588985e-32 8.794042628136771380e-32 8.794042628136771380e-32 8.535571683009108269e-32
5.502471222748860358e-01 -2.691828479596457695e-31 -1.307493120967998909e-31 -1.307493120967998909e-31 -5.474066924745637408e-32
5.502471222748862578e-01 -3.071305946136127449e-30 8.905077342694334978e-31 8.905077342694334978e-31 7.595531322877290462e-31
5.514759866491596441e-01 -7.402742462837139413e-32 -7.759760216628895024e-33 -7.759760216628895024e-33 -5.855890774676138563e-33
5.514759866491596441e-01 -2.845419273049054718e-30 -1.750809855802516675e-31 -1.750809855802516675e-31 1.549894663301092623e-31
5.514959128449570258e-01 -3.994549830420921659e-31 -2.693748905352638306e-31 -2.693748905352638306e-31 -1.100825272128305899e-31
5.514959128449572479e-01 -3.189788504378843505e-30 -1.829690253171232024e-30 -1.829690253171232024e-30 -8.245264835191323131e-31
5.527490281008270445e-01 -3.783796340864913769e-31 -1.329907042956760861e-31 -1.329907042956760861e-31 -4.657335563197869802e-32
5.527490281008274886e-01 -1.203756417918094109e-29 4.317272553279800141e-30 4.317272553279800141e-30 3.589083559403632230e-30
5.548362064748488809e-01 -1.991004798877930846e-30 -9.822510434145455393e-31 -9.822510434145455393e-31 -3.952665085586289760e-31
5.548362064748492140e-01 -5.363905546139034764e-30 -1.435705984925952099e-30 -1.435705984925952099e-30 -3.809856548597909555e-31
5.559955208360456425e-01 3.323115261533534815e-31 1.090524793028643235e-30 1.090524793028643235e-30 5.524392320822422219e-31
5.559955208360458645e-01 -8.653524513940164328e-32 3.342879847758351772e-30 3.342879847758351772e-30 2.061063045749932926e-30
5.577554287567431102e-01 -2.727581550573779000e-30 -1.004965556401113897e-30 -1.004965556401113897e-30 -3.132277741422493278e-31
5.577554287567442204e-01 1.032962904889718421e-30 1.807981473251410319e-30 1.807981473251410319e-30 1.037499511782765747e-30
5.586560075689364080e-01 -5.329768981771639764e-30 2.216488176737067038e-31 2.216488176737067038e-31 5.929330054604183315e-31
5.586560075689368521e-01 7.685921396455035637e-32 8.993882354443294054e-32 8.993882354443294054e-32 2.841448938068874879e-32
5.589980149983072577e-01 -8.911210558455390975e-31 -7.762447109423990060e-31 -7.762447109423990060e-31 -3.696119124838136843e-31
5.589980149983075908e-01 1.214219552202812537e-30 3.346250233604188994e-30 3.346250233604188994e-30 1.751524811306010683e-30
5.615038707874888679e-01 -1.815164937879356106e-30 9.089005202057721715e-31 9.089005202057721715e-31 7.599545847733042274e-31
5.615038707874890900e-01 -4.255683563269683072e-30 -5.170127638000781793e-31 -5.170127638000781793e-31 6.278635330182660649e-32
5.616611814605655395e-01 -5.402698458120789443e-32 -5.215037774735759384e-32 -5.215037774735759384e-32 -4.952908699288764230e-32
5.616611814605662056e-01 -6.190040620841563540e-30 2.037310983593887504e-31 2.037310983593887504e-31 5.853564824625484013e-31
5.621667545887238937e-01 -1.309377886942032864e-29 -3.665260204993004355e-30 -3.665260204993004355e-30 -1.005876507243878094e-30
5.621667545887238937e-01 -1.638523099670440684e-30 -2.958033255639964503e-31 -2.958033255639964503e-31 -6.334819459312242806e-33
5.634700677721607986e-01 4.614322670941088876e-31 2.684628107257309379e-30 2.684628107257309379e-30 1.482431956258113544e-30
5.634700677721610207e-01 5.731150626861919343e-31 1.038048218144251063e-30 1.038048218144251063e-30 7.830758396579460003e-31
5.660779061915077737e-01 -3.912629790319728383e-32 1.324655425617720040e-31 1.324655425617720040e-31 1.045276876949291923e-31
5.660779061915079957e-01 5.919283144606301508e-31 9.323165523985492054e-31 9.323165523985492054e-31 5.385940047917777543e-31
5.693925417095108132e-01 -5.440491159761256428e-30 1.050818702975071095e-29 1.050818702975071095e-29 6.502988983221882604e-30
5.693925417095112573e-01 -4.434878233500266813e-30 -7.436026315770087962e-31 -7.436026315770087962e-31 -3.012632576687211667e-32
5.714731098849585855e-01 6.151728475303814590e-32 4.466227024335649899e-31 4.466227024335649899e-31 2.943746971676267905e-31
5.714731098849586965e-01 -1.511497751209287235e-31 -1.119186854990740707e-31 -1.119186854990740707e-31 1.049928326518753980e-32
5.725693830749412072e-01 -2.629912349141980529e-30 -6.770054013541710792e-31 -6.770054013541710792e-31 -1.562970169089512015e-31
5.725693830749415403e-01 -7.758258020774815231e-30 3.963078930222252565e-31 3.963078930222252565e-31 8.618631733088324915e-31
5.726146609063460513e-01 4.758333265684717859e-31 4.640707744180569334e-31 4.640707744180569334e-31 1.764282424500296907e-31
5.726146609063469395e-01 -8.341703846649970091e-30 2.109372725980166785e-30 2.109372725980166785e-30 2.190262402012927981e-30
5.733012203884901847e-01 -1.667684178738996255e-30 2.398944173716476857e-30 2.398944173716476857e-30 1.554032338781839848e-30
5.733012203884901847e-01 -1.545922867725579392e-30 3.441021843837205083e-31 3.441021843837205083e-31 4.399251259681612331e-31
5.749925342032993214e-01 -2.033597713116272533e-30 -9.635511851970039969e-31 -9.635511851970039969e-31 -3.893342916677285629e-31
5.749925342033005427e-01 2.903975804392115869e-32 8.880655851130264607e-31 8.880655851130264607e-31 6.432459862278271879e-31
5.776842623567093327e-01 -2.142949020419868344e-29 -1.083637923488984770e-30 -1.083637923488984770e-30 1.200082118156455860e-30
5.776842623567104429e-01 -4.154114376742512125e-30 3.767999316490862138e-31 3.767999316490862138e-31 6.135854774731918216e-31
5.813121740233477830e-01 -3.489560679673469588e-31 -1.556514574315009231e-31 -1.556514574315009231e-31 -4.945000104351689505e-32
5.813121740233497814e-01 -7.970569683987466959e-30 -4.475368286745326568e-30 -4.475368286745326568e-30 -1.923547004135477338e-30
5.820199952824187672e-01 3.216488822161020722e-32 8.908109058963372421e-32 8.908109058963372421e-32 -2.999984855103499454e-32
5.820199952824188783e-01 -1.156546524161429685e-29 1.534500539614169460e-30 1.534500539614169460e-30 2.003789739943201697e-30
5.843258282025562966e-01 -7.506075121053009277e-30 7.002260216212043600e-32 7.002260216212043600e-32 6.405570811729048844e-31
5.843258282025568517e-01 -2.649726051245351541e-30 -1.375486583881399372e-30 -1.375486583881399372e-30 -6.184189811050185847e-31
5.847053547178849842e-01 -2.640251647346441644e-30 2.046546061292032263e-30 2.046546061292032263e-30 1.504241749831044514e-30
5.847053547178852062e-01 -1.696240364232352428e-29 9.697028510022454397e-30 9.697028510022454397e-30 7.342423533658029944e-30
5.871908422448873788e-01 -6.025233330292131378e-29 -1.362366464196627149e-29 -1.362366464196627149e-29 -2.942286508782856218e-30
5.871908422448874898e-01 -1.348428004453350012e-28 -4.267482176070244709e-29 -4.267482176070244709e-29 -1.366885667372027221e-29
5.891149311116868903e-01 -7.289524679739167814e-29 1.018778273086380588e-29 1.018778273086380588e-29 1.265268271417679449e-29
5.891149311116874454e-01 -7.104337647280784770e-31 -1.316402844078366816e-31 -1.316402844078366816e-31 -2.111078380076248114e-32
5.912377101175416705e-01 -7.374009786795520653e-30 -3.148007331950984243e-30 -3.148007331950984243e-30 -1.199713965519866170e-30
5.912377101175423366e-01 -7.927103267059092305e-30 8.204763873766138745e-31 8.204763873766138745e-31 1.468379732837502685e-30
5.916507014324892122e-01 -9.981303060881932804e-29 -1.922046158150747756e-29 -1.922046158150747756e-29 -2.732090202328466211e-30
5.916507014324893232e-01 -5.356240821262114794e-30 5.268453890398271646e-31 5.268453890398271646e-31 6.584472020870351084e-31
5.925295945150773624e-01 -1.547772061850917645e-31 -7.028296492347257344e-32 -7.028296492347257344e-32 6.271104654479312889e-33
5.925295945150781396e-01 -3.010248541519164914e-30 7.600107001640383667e-33 7.600107001640383667e-33 3.351503869584809934e-31
5.967833535511918308e-01 -1.914149594521612427e-30 2.273807169002406669e-30 2.273807169002406669e-30 1.636491386076582799e-30
5.967833535511922749e-01 -5.681269977603775395e-29 7.012770773198016970e-30 7.012770773198016970e-30 8.377034194551007154e-30
6.010345634255237490e-01 -2.707377318366756084e-29 -3.341347651811815723e-30 -3.341347651811815723e-30 3.401298918144069887e-31
6.010345634255238600e-01 -3.196012627408223061e-30 -2.031000205357100929e-30 -2.031000205357100929e-30 -1.112887249816295726e-30
6.011494123016034585e-01 -4.688862622314928011e-29 1.458200514960498768e-29 1.458200514960498768e-29 1.229184895475987764e-29
6.011494123016039026e-01 -1.949934351236788420e-28 -8.835705798808769477e-29 -8.835705798808769477e-29 -3.468529787920477312e-29
6.011654147170426565e-01 -2.090221837476310202e-29 -9.243687393829971278e-30 -9.243687393829971278e-30 -3.960781018206022437e-30
6.011654147170427676e-01 -5.407417179078906236e-29 3.996070302943622966e-30 3.996070302943622966e-30 7.499491024605426518e-30
6.025062397613395460e-01 -6.331735258802532315e-29 1.571754011428424384e-29 1.571754011428424384e-29 1.380473378191950426e-29
6.025062397613403231e-01 -3.955085718501200531e-29 1.087694379101523469e-29 1.087694379101523469e-29 9.519525681006121243e-30
