-9.958521070223844140e-02 -3.312874507802843985e-04 5.058787995406910571e-05 5.058787995406910571e-05 4.748581865546227382e-02
-9.958521070223839977e-02 -4.779825354599322174e-02 5.058787995428832462e-05 5.058787995428832462e-05 1.885256023830262677e-05
-3.127042531881008697e-02 5.805538789987201714e-02 -6.406528369775376969e-05 -6.406528369775376969e-05 -2.500944389591828153e-03
-3.127042531880996901e-02 1.548724010840167977e-03 -6.406528369725547037e-05 -6.406528369725547037e-05 -5.900760827856443153e-02
-2.645584656163355031e-02 5.493878420746279717e-29 3.765457460237119164e-29 3.765457460237119164e-29 -2.985569449743052271e-29
-2.645584656163341500e-02 1.547753819203290195e-27 -2.143552345979478579e-28 -2.143552345979478579e-28 -1.437135114586392300e-28
-2.302842127286164331e-02 6.600112138872654822e-26 -3.010811302933918121e-27 -3.010811302933918121e-27 -2.107625470875742112e-26
-2.302842127286143514e-02 9.157686098655696404e-27 -1.555608335367825954e-27 -1.555608335367825954e-27 -4.363081275615966531e-27
-2.287527676686160194e-02 2.905530992305930052e-02 -3.659173075587803751e-03 -3.659173075587803751e-03 -3.429699383372665888e+00
-2.287527676686146663e-02 3.440639519655986689e+00 -3.659173075579572922e-03 -3.659173075579572922e-03 -1.811517363958272189e-02
-2.085384609460276539e-02 1.875195931257504996e-28 1.125261829274471854e-27 1.125261829274471854e-27 -4.827175977064655932e-26
-2.085384609460250172e-02 3.921923870709062986e-26 5.111390086609264264e-27 5.111390086609264264e-27 -7.293139640900230196e-26
-2.001731430067172496e-02 5.285553880072187960e-01 -5.259386049510170746e-01 -5.259386049510170746e-01 -4.966036055340060784e+02
-2.001731430067142312e-02 4.965365742686137196e+02 -5.259386049510584860e-01 -5.259386049510584860e-01 -5.955866534006495350e-01
-1.639978855232052460e-02 6.973454342779338289e-01 -7.441331252668701313e-04 -7.441331252668701313e-04 -6.030406737735785963e-03
-1.639978855232038235e-02 6.922712478414720302e-03 -7.441331252712368640e-04 -7.441331252712368640e-04 -6.964531285372687064e-01
-1.142944957899865929e-02 1.125951167810619646e-27 -1.735333805321334255e-28 -1.735333805321334255e-28 -6.087359627414151943e-27
-1.142944957899842337e-02 1.712298736286815139e-26 2.149574476092788370e-28 2.149574476092788370e-28 -2.938130531056726011e-29
-8.048824077775733332e-03 2.676382584605917714e+00 -2.945845102811148804e-03 -2.945845102811148804e-03 -1.081141758698962452e-01
-8.048824077775481797e-03 1.140962483026194824e-01 -2.945845102759555526e-03 -2.945845102759555526e-03 -2.670400512173554564e+00
5.559955208360461976e-01 -3.410244293306716160e-32 3.064740493389055593e-32 3.064740493389055593e-32 9.430169363590422744e-32
5.559955208360465306e-01 1.582854841835686780e-32 -2.180803063126939202e-31 -2.180803063126939202e-31 -5.859294004540534056e-31
5.577554287567433322e-01 -7.326648434230899088e-32 -3.298624580985745348e-32 -3.298624580985745348e-32 1.617029371739473804e-31
5.577554287567436653e-01 2.631805604979372654e-31 3.216517688271049368e-31 3.216517688271049368e-31 -1.627466542231024659e-31
5.586560075689355198e-01 5.505345308553578015e-31 9.076765433098766752e-31 9.076765433098766752e-31 1.778227035749811220e-30
5.586560075689367411e-01 2.970619292518602227e-32 3.544673834297637728e-32 3.544673834297637728e-32 3.216896035383105161e-32
5.589980149983071467e-01 1.518501755948581125e-30 1.232437392330720893e-30 1.232437392330720893e-30 6.061990556426756595e-31
5.589980149983081459e-01 2.220212120652852974e-31 2.542793785699643740e-32 2.542793785699643740e-32 -3.170424281329823234e-31
5.615038707874877577e-01 5.379162464054048270e-31 7.978089499691994517e-31 7.978089499691994517e-31 1.030401155004417673e-30
5.615038707874882018e-01 2.625159513106941376e-31 4.054358877720410802e-31 4.054358877720410802e-31 6.292774414226312319e-31
5.616611814605648734e-01 -5.449395307275491140e-31 -8.442165179946125689e-31 -8.442165179946125689e-31 9.284807249356924221e-31
5.616611814605656505e-01 9.888725801428006047e-32 2.814782960986999773e-32 2.814782960986999773e-32 -1.000792046191460291e-31
5.621667545887231165e-01 -1.735309595030290856e-31 2.895633153135290357e-32 2.895633153135290357e-32 -1.417815488527934914e-31
5.621667545887242268e-01 -2.412825788779916984e-32 4.509742019169611238e-33 4.509742019169611238e-33 8.578134767652690746e-32
5.634700677721610207e-01 5.634816241379239551e-31 8.144997168606075607e-31 8.144997168606075607e-31 1.667478466519973605e-30
5.634700677721615758e-01 -4.357658415412685763e-31 -4.219036501246914956e-31 -4.219036501246914956e-31 -6.417345585303422564e-32
5.660779061915069965e-01 -1.948127503865896063e-32 -3.841939092701910906e-32 -3.841939092701910906e-32 -1.347684979249920052e-31
5.660779061915073296e-01 1.121403971684093621e-31 2.316045591420157510e-32 2.316045591420157510e-32 8.938051699886790978e-31
5.693925417095100361e-01 -1.586369346225457505e-31 -1.356533388165173532e-31 -1.356533388165173532e-31 -4.130745365659915921e-32
5.693925417095101471e-01 -2.205986296344249265e-31 -8.284657670051424924e-32 -8.284657670051424924e-32 9.847666662183821806e-32
5.714731098849572533e-01 7.802704056156648464e-32 1.048954497063792954e-31 1.048954497063792954e-31 -6.201428974010628669e-32
5.714731098849585855e-01 -1.013757415226460258e-31 -1.650862724908265448e-31 -1.650862724908265448e-31 -5.524876921729739112e-31
5.725693830749406521e-01 -1.838241670340410448e-34 2.486186840999805298e-31 2.486186840999805298e-31 5.108701938803518932e-31
5.725693830749410962e-01 2.501259024466853943e-32 3.349041324456468777e-32 3.349041324456468777e-32 -3.478504155796123890e-31
5.726146609063459403e-01 8.184824558296739334e-32 8.486100686673500673e-32 8.486100686673500673e-32 2.799896616260470216e-32
5.726146609063467174e-01 -1.010877212085727264e-31 -6.409126695866275566e-32 -6.409126695866275566e-32 -1.136403031980807970e-31
5.733012203884891855e-01 7.875182734545416764e-32 1.146163219481295104e-31 1.146163219481295104e-31 -7.427147852659753608e-32
5.733012203884892966e-01 1.054837446411897198e-31 -2.251381692403682110e-31 -2.251381692403682110e-31 -6.816922576882323414e-32
5.749925342032995434e-01 2.367198040355538391e-31 1.194893353923334444e-31 1.194893353923334444e-31 -6.406631166844468646e-32
5.749925342033003206e-01 1.114524437145642069e-31 2.842186193261184267e-31 2.842186193261184267e-31 8.874718251089439069e-32
5.776842623567093327e-01 8.213501212289219215e-31 6.556098060447700162e-31 6.556098060447700162e-31 8.342130895519454983e-31
5.776842623567096657e-01 1.250668917002704668e-32 -1.743236434385939711e-31 -1.743236434385939711e-31 -4.524725495386644722e-31
5.813121740233477830e-01 -1.413395227416673534e-30 9.887062017798718570e-32 9.887062017798718570e-32 8.939341017907142290e-32
5.813121740233484491e-01 -7.015632792979208025e-31 5.384677770879057600e-31 5.384677770879057600e-31 4.915170139099992374e-30
5.820199952824177680e-01 -2.581603597189046239e-31 -3.566647796295760096e-31 -3.566647796295760096e-31 -7.022131154329806275e-32
5.820199952824181011e-01 -1.559025519874770216e-32 -1.826603795239879210e-32 -1.826603795239879210e-32 1.612882488032994299e-32
5.843258282025564077e-01 5.668699367074991157e-31 4.741399509064660422e-31 4.741399509064660422e-31 -2.625496969424694713e-31
5.843258282025568517e-01 -6.700690800121471133e-32 2.398453116508080644e-31 2.398453116508080644e-31 4.885248830534948286e-31
5.847053547178853172e-01 -5.273089848872328825e-32 3.600855484395961448e-31 3.600855484395961448e-31 1.107084152312480673e-30
5.847053547178858723e-01 -2.689181646737863179e-32 -2.162238881612842179e-32 -2.162238881612842179e-32 1.643543483184077929e-32
5.871908422448867126e-01 -6.057163798259959187e-31 -7.043068886395783484e-31 -7.043068886395783484e-31 -1.945982701710414315e-30
5.871908422448873788e-01 -6.483306514731186822e-32 -4.378541609968078471e-32 -4.378541609968078471e-32 2.474063618224988912e-32
5.891149311116861131e-01 2.619555534603120249e-31 -2.887750006581327405e-31 -2.887750006581327405e-31 -1.730591289156261238e-30
5.891149311116867793e-01 -5.023008422729906839e-33 6.420659415123589261e-32 6.420659415123589261e-32 3.955975222495013117e-31
5.912377101175423366e-01 6.569378067595224313e-31 1.040754412178894166e-30 1.040754412178894166e-30 1.396767710341081626e-30
5.912377101175425587e-01 8.300464406704788183e-32 -5.761120789096967832e-31 -5.761120789096967832e-31 -2.537729052080958349e-30
5.916507014324896563e-01 1.008571993344687704e-30 1.134246957609445132e-30 1.134246957609445132e-30 1.162940230592452661e-30
5.916507014324896563e-01 1.900825566954098179e-31 5.025013296366506551e-31 5.025013296366506551e-31 1.156078802163131469e-30
5.925295945150779175e-01 -4.918823090753023279e-32 -4.616302920861412003e-32 -4.616302920861412003e-32 -2.489071075180843959e-32
5.925295945150780286e-01 -5.591166911766945406e-31 -4.677580257790907149e-31 -4.677580257790907149e-31 1.104963055380329641e-30
5.967833535511919418e-01 8.258869880703233078e-33 1.449766366112992098e-32 1.449766366112992098e-32 -2.955501620701993568e-32
5.967833535511924969e-01 2.999495164086932800e-31 2.830925517748480993e-31 2.830925517748480993e-31 2.576589411086852888e-31
6.010345634255237490e-01 6.012854943342546768e-32 2.037200863486951462e-31 2.037200863486951462e-31 -9.953122303518109289e-31
6.010345634255249703e-01 1.093085233024810869e-31 1.812267107315600718e-31 1.812267107315600718e-31 2.546257798581173689e-31
6.011494123016031255e-01 -1.757817031668642171e-31 -1.846479175964391378e-31 -1.846479175964391378e-31 1.045483594347629860e-31
6.011494123016041247e-01 -7.900322328588845697e-32 4.434588053363224712e-32 4.434588053363224712e-32 3.292624234113616550e-31
6.011654147170431006e-01 5.620657586787761636e-32 3.247826489026602669e-32 3.247826489026602669e-32 1.191507723948474009e-33
6.011654147170432116e-01 2.824668990724757476e-31 3.131097567951971495e-31 3.131097567951971495e-31 -3.237685914932432335e-31
6.025062397613393239e-01 4.014576600779390141e-31 2.883632939132511369e-31 2.883632939132511369e-31 -9.950847289872682909e-32
6.025062397613396570e-01 -1.860558883457959997e-31 -3.919261473590127646e-31 -3.919261473590127646e-31 -7.384303576610303200e-31
6.089564009849345316e-01 4.352298186360052520e-32 -2.962355676127720042e-32 -2.962355676127720042e-32 -1.406029058293551758e-31
6.089564009849347537e-01 -2.437632506106845907e-33 -1.998998490569871518e-31 -1.998998490569871518e-31 -1.527601227891110907e-30
6.093952103434172596e-01 3.954250914229348423e-31 1.885326258865651096e-32 1.885326258865651096e-32 -1.529895829020364899e-30
6.093952103434177037e-01 1.074512596001455622e-32 -5.776072539562572615e-32 -5.776072539562572615e-32 -1.568857604638300080e-31
6.097876376278001942e-01 -1.729416359356017307e-31 -2.572790545699873493e-31 -2.572790545699873493e-31 -3.897635929090171479e-31
6.097876376278004162e-01 6.388201530163336048e-31 4.367794558085717173e-31 4.367794558085717173e-31 -5.380551518233016691e-31
6.099751851010334347e-01 -2.029930484740892342e-32 1.271546411952706627e-31 1.271546411952706627e-31 1.228266066972554742e-30
6.099751851010337678e-01 5.552911659875356901e-31 2.705713676304127416e-31 2.705713676304127416e-31 -8.829942222494657248e-31
6.105564689604557893e-01 -2.054835775515316816e-32 1.074292336562861839e-31 1.074292336562861839e-31 2.524881624295162019e-31
6.105564689604561224e-01 1.874685063320152793e-31 1.200279252837541155e-31 1.200279252837541155e-31 -2.169018802364546752e-31
6.182805433844683618e-01 -6.976954467088170498e-32 6.149176461484742493e-31 6.149176461484742493e-31 2.166395766135572775e-30
6.182805433844686949e-01 -1.667072689459293970e-32 -1.716920364373283039e-32 -1.716920364373283039e-32 8.090236462055628300e-33
6.185007589663324978e-01 -3.480223340631401031e-31 4.101210980339630176e-33 4.101210980339630176e-33 9.951448767337800965e-31
6.185007589663324978e-01 -4.853447444594631595e-32 -2.323323085634668510e-31 -2.323323085634668510e-31 -5.089767532052341773e-31
6.195336586403390466e-01 -8.293575897049570485e-32 -2.345383346871609837e-32 -2.345383346871609837e-32 1.174359637777820162e-31
6.195336586403391577e-01 2.617302400522217819e-32 2.756840144981658663e-31 2.756840144981658663e-31 1.292654297180215147e-30
6.207416637718616848e-01 -1.372704592280398003e-32 1.619473767633993697e-33 1.619473767633993697e-33 5.175969483787900399e-32
6.207416637718622399e-01 1.464113612545203911e-31 -1.818183993568965897e-31 -1.818183993568965897e-31 -6.195107116945050850e-31
6.208878041192187336e-01 1.043094082801386560e-31 5.374091572178648347e-32 5.374091572178648347e-32 -2.377747897695041694e-31
6.208878041192190667e-01 -4.244169892595986601e-32 -2.393113664350130991e-31 -2.393113664350130991e-31 -5.595417449992067328e-31
6.213148426572555616e-01 7.583481984263970059e-32 9.442935122426092234e-32 9.442935122426092234e-32 -1.672906887726726336e-31
6.213148426572555616e-01 6.139418533067918344e-32 4.526194915173140442e-31 4.526194915173140442e-31 1.654388524081156878e-30
6.216208370143606610e-01 -2.830368278343549633e-31 -1.330489355422345565e-31 -1.330489355422345565e-31 3.492430742633107729e-31
6.216208370143608830e-01 1.060169530507900696e-33 -3.798793174126306814e-32 -3.798793174126306814e-32 1.131551545679497895e-31
6.238885606070380119e-01 -6.830259757857217586e-33 2.381427494470278375e-32 2.381427494470278375e-32 3.182891724760323618e-31
6.238885606070383449e-01 9.394140941533675031e-32 2.045486902419048618e-32 2.045486902419048618e-32 -2.157213138364063261e-31
6.245400592962556674e-01 2.120824483112759859e-32 -1.416589044736244624e-32 -1.416589044736244624e-32 -4.074665765113497993e-32
6.245400592962557784e-01 -4.350757587922603865e-31 -4.457826068102416409e-31 -4.457826068102416409e-31 -3.832129480281098838e-31
6.268928907139863504e-01 2.120312837252927890e-31 2.491364125927883268e-31 2.491364125927883268e-31 -2.137899326468824197e-31
6.268928907139865725e-01 -3.643217324100313543e-31 -2.456881677756987995e-31 -2.456881677756987995e-31 1.627262373436519532e-31
6.282885013269996488e-01 -2.003002219551357725e-32 8.242208971012090764e-32 8.242208971012090764e-32 -1.190227117199601394e-31
6.282885013269999819e-01 1.948657438662074634e-31 -5.235822292325523221e-32 -5.235822292325523221e-32 -1.725049778868402700e-31
6.289330570624241945e-01 -7.122115695077822983e-32 4.225445443213892433e-31 4.225445443213892433e-31 5.644514725134465522e-31
6.289330570624247496e-01 -4.916957191928466076e-31 -7.074646711772183364e-32 -7.074646711772183364e-32 6.017002956606893436e-31
6.302137595443274565e-01 1.275171164602441386e-31 1.550765401118298825e-31 1.550765401118298825e-31 4.451545045210619818e-31
6.302137595443280116e-01 -1.670070064681899814e-31 -1.042174205485060619e-31 -1.042174205485060619e-31 -7.182806948150281559e-32
6.316951432176426406e-01 -2.726103584687956260e-31 -2.086863563340450420e-31 -2.086863563340450420e-31 4.536323700418388527e-30
6.316951432176427517e-01 4.887279348055830472e-32 4.360498075992482834e-32 4.360498075992482834e-32 -5.370388158927836552e-32
6.328625367310191097e-01 -1.087112783368333160e-31 -2.394134789484079525e-32 -2.394134789484079525e-32 3.145182512577091508e-31
6.328625367310194427e-01 -1.072065718227144005e-30 -4.589513617319476291e-31 -4.589513617319476291e-31 8.195807375257110453e-30
6.351589261955222776e-01 -1.109390260999738217e-30 -1.603746346892862532e-30 -1.603746346892862532e-30 2.413132522518620301e-29
6.351589261955223886e-01 -3.078889555157236722e-32 1.235519982690926834e-32 1.235519982690926834e-32 -5.114412336499856300e-32
6.382577404244693664e-01 -1.181488335043951143e-33 1.793018446348557982e-32 1.793018446348557982e-32 9.266630313169141792e-32
6.382577404244693664e-01 3.759932965408259211e-31 -6.777528494909405704e-31 -6.777528494909405704e-31 1.428765690843567322e-30
6.385100197769842945e-01 5.129001222701580681e-32 1.767258926074046446e-32 1.767258926074046446e-32 -9.972009057587373679e-32
6.385100197769844055e-01 -1.308011145023387377e-31 -4.382772778737879893e-31 -4.382772778737879893e-31 6.929195557182299461e-31
6.411680833509497690e-01 -3.090779445085513377e-30 1.079704866655150584e-30 1.079704866655150584e-30 1.469222784993558397e-29
6.411680833509497690e-01 -9.624572330090424531e-31 3.981192356961350698e-31 3.981192356961350698e-31 3.473516967228876328e-30
6.421333918581654254e-01 -5.405389784549145672e-31 3.527640054282231428e-31 3.527640054282231428e-31 -2.323274206257547494e-31
6.421333918581655364e-01 -4.199161351330130091e-32 6.242372743255651271e-32 6.242372743255651271e-32 -6.833988070831135583e-32
6.434063105138531080e-01 -1.564390243565458985e-31 3.652428938993947227e-32 3.652428938993947227e-32 8.630294858109240206e-31
6.434063105138531080e-01 -1.512896099405247768e-29 7.281373117584335670e-31 7.281373117584335670e-31 9.512375310744983049e-29
6.444688928962203356e-01 -3.149398942145383058e-29 1.467636361056652953e-30 1.467636361056652953e-30 2.563447682977788819e-29
6.444688928962203356e-01 -4.820514130045938038e-31 1.016365089898462827e-31 1.016365089898462827e-31 1.637819419327760558e-31
6.454428182242437639e-01 -3.772838240268292523e-29 -7.745224292550703862e-31 -7.745224292550703862e-31 5.901610241851505739e-32
6.454428182242437639e-01 -1.040339909995182540e-30 -1.020001218438689590e-31 -1.020001218438689590e-31 2.804115262789848368e-33
6.486276351536546247e-01 -1.065051192478938447e+02 1.127135156018572865e-01 1.127135156018572865e-01 3.490852109063867503e-02
6.486276351536547358e-01 -3.712789040006601871e-02 1.127135156018548856e-01 1.127135156018548856e-01 1.065028998785844578e+02
6.486554464646002716e-01 -4.355167112168601333e-27 1.718221120735705363e-29 1.718221120735705363e-29 7.399026438534110610e-27
6.486554464646002716e-01 -1.216426283186168534e-28 4.066075941686951778e-31 4.066075941686951778e-31 2.922608595754425526e-27
6.514899852573968753e-01 -9.983812588181070432e-29 -1.788703315306237001e-31 -1.788703315306237001e-31 1.706061254724166266e-29
6.514899852573969863e-01 -2.894037781202863951e-31 -4.914969270979970394e-33 -4.914969270979970394e-33 6.246939547604180011e-31
6.515504381126102640e-01 -1.253254360781734906e-28 -6.062919804929861891e-31 -6.062919804929861891e-31 4.506780215432559078e-31
6.515504381126102640e-01 -3.297114710397829735e-29 4.050638690730424626e-31 4.050638690730424626e-31 1.150426431546453435e-31
6.524646257479664868e-01 -7.073307272831666586e-29 4.554458298138721153e-31 4.554458298138721153e-31 5.534177932735508782e-31
6.524646257479664868e-01 -3.217592856212564490e-30 3.054851904083867263e-32 3.054851904083867263e-32 1.099441398949874069e-32
6.538254172934374608e-01 -6.836983753553225408e-30 -1.324121040971106133e-31 -1.324121040971106133e-31 3.895264571853288281e-31
6.538254172934374608e-01 -3.681389493607425999e-29 6.163036631291541190e-31 6.163036631291541190e-31 3.749093364212454788e-30
6.558638358624883091e-01 -7.740919116264481170e-31 5.329425291828801433e-31 5.329425291828801433e-31 3.132300917278095670e-31
6.558638358624883091e-01 -6.285981264037366833e-30 -6.697809498818524944e-31 -6.697809498818524944e-31 9.503587987467825875e-32
6.593142250545893646e-01 1.507256236968225382e-32 -2.350547373098723813e-32 -2.350547373098723813e-32 -2.315346023666210402e-32
6.593142250545894756e-01 -8.534622596075090621e-31 -4.167443508664815256e-31 -4.167443508664815256e-31 6.776536731797753669e-30
6.619866325518599659e-01 -4.977754160334819455e-31 -7.876518173857314366e-31 -7.876518173857314366e-31 1.072452247823528264e-29
6.619866325518600769e-01 -5.063838902177622350e-33 1.370380785846925602e-32 1.370380785846925602e-32 2.743302240692881114e-31
6.634700704264480109e-01 9.553901486744328647e-33 1.313529343553732405e-32 1.313529343553732405e-32 4.569857308231279170e-32
6.634700704264482329e-01 -1.509114668960494166e-30 -9.165841529612463794e-31 -9.165841529612463794e-31 2.021175260556394127e-29
6.645882376588682083e-01 5.656204074823713362e-33 -8.040297032314623571e-33 -8.040297032314623571e-33 -1.424018859945191839e-32
6.645882376588683194e-01 -1.386855151104600036e-30 -2.510407194236227033e-31 -2.510407194236227033e-31 1.748335131682164905e-29
6.679340428411145725e-01 -3.098658738745522172e-32 -1.114223051818723252e-31 -1.114223051818723252e-31 1.289724046003544223e-31
6.679340428411149055e-01 -2.587852205377491803e-31 1.387013373059869674e-32 1.387013373059869674e-32 1.119806930542475337e-30
6.689357256963310849e-01 6.365178701297711234e-32 4.820567732557638777e-32 4.820567732557638777e-32 -1.152277221024925547e-32
6.689357256963314180e-01 -1.359225720485709400e-31 2.084679664391146088e-32 2.084679664391146088e-32 -1.600484460389543622e-31
6.690556674123296910e-01 -4.261666684093350118e-33 2.989720436409950311e-32 2.989720436409950311e-32 2.789913791034381568e-32
6.690556674123299130e-01 -2.314883026669385011e-31 -1.529218527209882945e-31 -1.529218527209882945e-31 -8.230692830900962804e-32
6.698199364984291915e-01 -1.054005029117552374e-31 -1.442362323934973258e-31 -1.442362323934973258e-31 3.422865720553381046e-32
6.698199364984295245e-01 -1.733688816061717563e-32 -9.710937600791674522e-32 -9.710937600791674522e-32 1.041679233661547368e-31
6.704011154770186387e-01 3.409538676566664497e-32 1.844756047750694678e-32 1.844756047750694678e-32 4.554449697886439866e-32
6.704011154770188607e-01 -2.604478992455600719e-32 -9.383449633374544030e-32 -9.383449633374544030e-32 -1.473036646710287191e-31
6.708532949077210539e-01 -1.050716658577560661e-27 -6.300612986778691813e-29 -6.300612986778691813e-29 7.296093452180004320e-29
6.708532949077210539e-01 -2.950322797699328722e-28 1.318203670691452856e-28 1.318203670691452856e-28 3.227459643314138422e-28
6.733846041897578738e-01 -7.432985488374239441e-32 2.252571569996465693e-32 2.252571569996465693e-32 2.749838804247158401e-31
6.733846041897579848e-01 -2.678522268719622902e-32 2.755786823410901796e-32 2.755786823410901796e-32 -4.566921041483094624e-32
6.743048091634537000e-01 -2.659509808239434141e-26 7.240016499475625267e-28 7.240016499475625267e-28 7.934922070003894169e-27
6.743048091634539221e-01 -1.885418669682655383e-26 5.179421859667308455e-28 5.179421859667308455e-28 1.115044208854880175e-26
6.773410994999670143e-01 -1.209116069891040241e-31 -3.132315770359206495e-32 -3.132315770359206495e-32 5.439364999574503801e-31
6.773410994999671253e-01 1.615658117562076746e-32 -2.235444431234688705e-31 -2.235444431234688705e-31 2.601595187930583230e-30
6.829690429183338241e-01 6.806498888128990344e-32 -2.661323174423697532e-31 -2.661323174423697532e-31 7.493559727419334104e-31
6.829690429183341571e-01 -3.477065618583339541e-31 9.211029711804256699e-33 9.211029711804256699e-33 3.601310344116389804e-31
6.833233111201426624e-01 -2.594534644861063125e-31 -2.521887978199023084e-31 -2.521887978199023084e-31 1.355566765826826783e-30
6.833233111201426624e-01 4.515198415486446142e-31 1.069971056139503411e-31 1.069971056139503411e-31 -1.735083214725375597e-31
6.843106270610441744e-01 4.632815586337441374e-32 5.006841914735225301e-32 5.006841914735225301e-32 -4.002055936972133827e-32
6.843106270610442854e-01 -7.125123231018861959e-32 -6.311904620161461743e-32 -6.311904620161461743e-32 1.562219698009501716e-30
6.853042365035952876e-01 1.261717829361483095e-31 5.993075402238422714e-32 5.993075402238422714e-32 -2.557907947429152059e-31
6.853042365035955097e-01 -1.045883386748112780e-31 2.432138562190215824e-31 2.432138562190215824e-31 4.984268416902831790e-30
6.864781037276193043e-01 1.734363727031652159e-32 -2.045025321790455410e-31 -2.045025321790455410e-31 2.761604646042095185e-31
6.864781037276198594e-01 -2.077352234174925391e-31 -2.215382193450866704e-32 -2.215382193450866704e-32 8.431448914607316686e-31
6.875262943113726877e-01 -2.250035177311218895e-31 -1.914993005049939295e-31 -1.914993005049939295e-31 2.917164718773923750e-30
6.875262943113731318e-01 -2.201889248921915687e-31 1.902858931180499271e-32 1.902858931180499271e-32 2.396153958658013588e-31
6.889510429872761632e-01 2.247995036267352003e-31 1.147548461765270637e-31 1.147548461765270637e-31 1.057072295489342824e-31
6.889510429872764963e-01 -9.108219347119839345e-32 -3.199513113589398418e-31 -3.199513113589398418e-31 -1.329021415520756680e-31
6.897542748972415039e-01 7.685616064907446105e-31 4.224362505166146591e-31 4.224362505166146591e-31 -6.816353219948856005e-31
6.897542748972417259e-01 -1.017010857488240125e-30 -4.211128533646324475e-31 -4.211128533646324475e-31 2.254391762231757990e-30
6.927047123353642366e-01 -6.721530135314242733e-31 -7.263493546022251133e-31 -7.263493546022251133e-31 2.031501691422355376e-29
6.927047123353650138e-01 -1.572140642122537956e-30 5.085590579932409748e-31 5.085590579932409748e-31 6.875734293137416709e-30
6.939578275912344774e-01 5.117042964978221143e-30 -4.861388511151972138e-31 -4.861388511151972138e-31 3.799499122513370476e-29
6.939578275912353655e-01 -3.536623503825639356e-31 -1.291985604381920917e-32 -1.291985604381920917e-32 1.250248250155967948e-30
6.953628295457282560e-01 -1.443487618714542082e-03 1.053515980979088711e-05 1.053515980979088711e-05 8.514645731121584654e-03
6.953628295457284780e-01 -8.553451288703113609e-03 1.053515980997078843e-05 1.053515980997078843e-05 1.404682061131400919e-03
6.956951346302279182e-01 1.545737477332505054e-29 1.330953856060938002e-29 1.330953856060938002e-29 1.477749928750488865e-28
6.956951346302279182e-01 2.120978310152455937e-30 3.397544115245976632e-30 3.397544115245976632e-30 -2.702486673145046469e-31
6.960450059652565358e-01 -1.303229700694930203e-31 -4.170391502716394591e-31 -4.170391502716394591e-31 3.456175887291125836e-30
6.960450059652568688e-01 -3.299186894212268807e-29 -2.508608317263301394e-30 -2.508608317263301394e-30 1.059250529996591245e-28
6.975905020882802177e-01 1.485589493400840734e-30 -1.987321876497548741e-31 -1.987321876497548741e-31 1.072509828038826417e-29
6.975905020882803287e-01 4.743377799987770499e-31 -1.646869101988492380e-31 -1.646869101988492380e-31 -1.782708255172565374e-30
6.984797737571534215e-01 -7.336031339412524472e-30 -6.837354261361538743e-31 -6.837354261361538743e-31 1.388911769838535645e-29
6.984797737571537546e-01 -4.576883259598404934e-31 -5.000136905037775108e-31 -5.000136905037775108e-31 -2.653619798462577498e-30
6.989642282471509871e-01 -3.044475213819461647e-30 4.331288195298832756e-31 4.331288195298832756e-31 6.632396193219317094e-30
6.989642282471513202e-01 1.965937853011207258e-31 2.063945294224635397e-31 2.063945294224635397e-31 2.043104596027740588e-31
7.027126702778964118e-01 9.062173313068837463e-31 1.608311929334812546e-30 1.608311929334812546e-30 -3.219935241811403048e-30
7.027126702778969669e-01 -1.595725512067924512e-29 -4.194077853955984044e-30 -4.194077853955984044e-30 3.382379250627156275e-29
7.037838032800636245e-01 -4.988463836062341072e-30 4.028192390394447230e-31 4.028192390394447230e-31 5.703904696880908404e-30
7.037838032800637356e-01 9.061409482900681362e-31 2.539472326440727426e-31 2.539472326440727426e-31 1.163280952294245770e-31
7.045909062927750988e-01 -2.347763075577102393e-30 8.850787732211369339e-30 8.850787732211369339e-30 1.485208455396375316e-29
7.045909062927753208e-01 -2.586875256515817754e-30 -1.157428357338561396e-30 -1.157428357338561396e-30 9.051417180534760748e-30
7.051574771972902722e-01 -1.581411006071907800e-28 8.417980010571866339e-30 8.417980010571866339e-30 2.346490138607428164e-28
7.051574771972907163e-01 -1.099705661832910501e-28 -5.591873230202358484e-30 -5.591873230202358484e-30 1.756333334051435221e-28
7.056379088583263348e-01 -1.576779617521319871e-02 3.438351063627358021e-05 3.438351063627358021e-05 1.673247815699834690e-02
7.056379088583267789e-01 -1.760136097188886098e-02 3.438351063718629548e-05 3.438351063718629548e-05 1.489891336032066020e-02
7.072867056819154286e-01 -1.228948866826768429e-29 1.028053996049552220e-29 1.028053996049552220e-29 2.458622049201290024e-28
7.072867056819158726e-01 -2.297449018790999848e-30 -3.343228666923868329e-31 -3.343228666923868329e-31 9.343448500704651486e-30
7.076147669440655541e-01 -5.907640938104207848e-30 3.827221195767137650e-30 3.827221195767137650e-30 7.438922980451233981e-30
7.076147669440656651e-01 -1.704696823021196039e-28 3.749166580330892423e-31 3.749166580330892423e-31 1.007576380875702897e-29
7.080964624219006076e-01 -1.267507741428800170e-28 -2.085547855191369323e-29 -2.085547855191369323e-29 4.466007465578919220e-30
7.080964624219014958e-01 1.085812219248116989e-31 3.637398991675543897e-31 3.637398991675543897e-31 1.898806976728849005e-30
7.101909410533646660e-01 -2.144016191852749960e-30 1.295975350080513492e-30 1.295975350080513492e-30 1.077530022424385769e-29
7.101909410533646660e-01 -2.089466615401058611e-28 1.049459326255352893e-29 1.049459326255352893e-29 5.064271453299466570e-28
7.110909534655240893e-01 -3.818568330035653514e-29 2.428280517659735108e-29 2.428280517659735108e-29 1.365053781773871773e-28
7.110909534655242004e-01 -4.905008518129173818e-28 1.912107289109533320e-29 1.912107289109533320e-29 7.842819041467496647e-28
7.126819093753653522e-01 -3.389034145388232961e-28 -1.027240359469896076e-29 -1.027240359469896076e-29 7.523755324838475441e-28
7.126819093753662404e-01 -1.543391450063470017e-28 1.007575000146949877e-29 1.007575000146949877e-29 7.690734997633727920e-30
7.129058996047334951e-01 -1.499094767546532533e-27 -3.100816682090901307e-29 -3.100816682090901307e-29 3.469173330062396794e-27
7.129058996047339392e-01 -7.400802313360742208e-28 -1.177866340687406919e-29 -1.177866340687406919e-29 5.140273082484827382e-28
7.148476160803213242e-01 -1.640818822484599315e-01 5.173406990568613648e-04 5.173406990568613648e-04 3.249232929437962936e-01
7.148476160803217683e-01 -3.154031887865367811e-01 5.173406990574433645e-04 5.173406990574433645e-04 1.736019864057471995e-01
7.184604454367222726e-01 -5.873139881960764290e-29 4.628904347152420014e-30 4.628904347152420014e-30 5.709620995683587093e-30
7.184604454367226056e-01 -3.677788037730242355e-31 -3.781197271783704029e-31 -3.781197271783704029e-31 -1.763531293278439119e-31
7.188930618471163214e-01 -7.852417910907574118e-29 8.943038470080028425e-30 8.943038470080028425e-30 5.964656831002098810e-30
7.188930618471172096e-01 3.607711791996057901e-31 4.208084953130787474e-31 4.208084953130787474e-31 8.746942897327154502e-31
7.217202930091162205e-01 -2.577589542359342084e-32 3.966470457648601697e-32 3.966470457648601697e-32 3.261409318950727976e-31
7.217202930091163315e-01 -2.159609196692924166e-31 2.946916795745212506e-31 2.946916795745212506e-31 1.840682295774553857e-29
7.226484664019996451e-01 -8.325970096980601697e-29 -3.649057041037307297e-30 -3.649057041037307297e-30 1.084619393877931919e-28
7.226484664020002002e-01 -2.858546126998578808e-31 -2.148485277531526892e-31 -2.148485277531526892e-31 3.360164189101348194e-31
7.254094554936856287e-01 -1.117151883356091487e-29 -1.838628596335792831e-30 -1.838628596335792831e-30 2.193405324571859222e-32
7.254094554936856287e-01 1.755112933873035688e-31 1.681741945342368907e-32 1.681741945342368907e-32 -1.449716404648223197e-31
7.259141542082934162e-01 5.135601907160001096e-31 2.740958799708273535e-31 2.740958799708273535e-31 -4.755586746348580045e-31
7.259141542082941934e-01 -1.513068833361925315e-29 -2.010179923925607665e-30 -2.010179923925607665e-30 -1.882489546411538638e-31
7.274680076377606497e-01 -1.026542434233868584e-30 -5.141399816304109495e-31 -5.141399816304109495e-31 -6.557091295143941707e-31
7.274680076377606497e-01 -1.559023893722926180e-29 -9.083609811130316333e-30 -9.083609811130316333e-30 -1.025404768512657137e-29
7.278188518240766847e-01 5.307280903061033890e-31 1.468822626490829108e-33 1.468822626490829108e-33 -6.487397039094036915e-31
7.278188518240770177e-01 -2.445469580631137630e-31 -1.507907901594963889e-31 -1.507907901594963889e-31 1.415442138801767904e-30
7.285063383190596431e-01 -5.150717855189249264e-29 3.546983602044697283e-29 3.546983602044697283e-29 1.074378377185053152e-29
7.285063383190597541e-01 -2.153836139228630888e-29 -7.442609626733506529e-31 -7.442609626733506529e-31 1.507676121797070942e-30
7.289004188097252257e-01 -6.826409804453251515e-30 -6.130823650675431055e-31 -6.130823650675431055e-31 1.490192836973096357e-29
7.289004188097258918e-01 4.485068091926906874e-33 9.141330613297701714e-33 9.141330613297701714e-33 3.926240014047430534e-33
7.303800777505600195e-01 1.480639549290115049e-31 1.463247916094580765e-31 1.463247916094580765e-31 9.650695594086837048e-32
7.303800777505602415e-01 -3.886430000423970095e-30 -3.038490570644772539e-30 -3.038490570644772539e-30 -2.627290191948175894e-30
7.329251195426714771e-01 -1.381680194022432554e-32 -1.826485982625715238e-31 -1.826485982625715238e-31 3.072802968484619584e-32
7.329251195426719212e-01 -1.517722520787052910e-30 -8.073457637137813502e-31 -8.073457637137813502e-31 -1.205425460498059947e-33
7.337383940054859055e-01 -1.333802940249700723e-31 -1.190168920384117744e-31 -1.190168920384117744e-31 -2.656216915591168011e-32
7.337383940054864606e-01 -1.857218724371283895e-30 1.110787445054801236e-30 1.110787445054801236e-30 5.649753064481556015e-30
7.342723060397453594e-01 -7.265499501268890359e-30 1.049193721558597500e-29 1.049193721558597500e-29 6.035409571179746547e-29
7.342723060397466917e-01 -3.203162140474628167e-29 -6.908204623049746495e-30 -6.908204623049746495e-30 7.174766331707055102e-30
7.358402979518410270e-01 7.206011137919927958e-32 1.047630772469733580e-31 1.047630772469733580e-31 1.018081394734768166e-31
7.358402979518415821e-01 -1.468238158877861800e-29 -3.254769057270606274e-30 -3.254769057270606274e-30 -1.266661810345515576e-30
7.402702205193735230e-01 5.736985399726269776e-31 3.466702646138413855e-31 3.466702646138413855e-31 -2.853424205645240579e-30
7.402702205193736340e-01 -2.349142205480165158e-31 1.134476113466116838e-31 1.134476113466116838e-31 1.259796239207922570e-30
7.416585126413095530e-01 7.160796733691721116e-32 2.171262140673295559e-31 2.171262140673295559e-31 4.260490664730823238e-31
7.416585126413097750e-01 -1.159588688384302889e-29 4.727639267328644834e-30 4.727639267328644834e-30 4.016199830148985132e-30
7.423582117920117796e-01 1.763501234500642503e-32 1.128536769274285589e-32 1.128536769274285589e-32 -5.126407928802915639e-33
7.423582117920122236e-01 5.757544215734189655e-31 8.408582010369737872e-31 8.408582010369737872e-31 6.634961231304334496e-30
