0.000000000000000000e+00 1.475319629344845022e-30 -2.680215345195700407e-29 2.680215345195700407e-29 -3.562739789021320602e-31
0.000000000000000000e+00 4.106001764940590097e-31 5.206939702915591211e-28 -5.206939702915591211e-28 -2.753751420172088619e-31
0.000000000000000000e+00 5.892483563540907887e-32 1.954313444275738449e-29 -1.954313444275738449e-29 -2.389324312321455178e-32
0.000000000000000000e+00 4.334685488110068318e-31 -1.934695178799643154e-29 1.934695178799643154e-29 4.170404532170133621e-31
0.000000000000000000e+00 -7.673415613886712855e-20 2.110117772786488941e-09 -2.110117772786488941e-09 -1.630600817950927023e-19
0.000000000000000000e+00 -3.364497615319559936e-19 2.110117764298511156e-09 -2.110117764298511156e-09 -1.342847732430175833e-19
0.000000000000000000e+00 1.696743394176473809e-31 -9.706137872266479211e-29 9.706137872266479211e-29 8.042301499871039669e-32
0.000000000000000000e+00 -3.504161000770489714e-31 1.011464352911641104e-30 -1.011464352911641104e-30 -4.588553420888877104e-32
0.000000000000000000e+00 1.312984305791179321e-20 2.033115250880811014e-10 -2.033115250880811014e-10 -2.181182903065329825e-20
0.000000000000000000e+00 -9.843049965104139899e-21 2.033115507347255466e-10 -2.033115507347255466e-10 -9.334723441084681189e-21
0.000000000000000000e+00 -1.641918407872885215e-21 1.893569269014996648e-10 -1.893569269014996648e-10 -1.438413027742161857e-20
0.000000000000000000e+00 -1.174781058027360987e-20 1.893571217246408916e-10 -1.893571217246408916e-10 4.923225859874138589e-23
0.000000000000000000e+00 -5.638117668196800802e-32 1.572928790400779417e-29 -1.572928790400779417e-29 1.610945402867039187e-31
0.000000000000000000e+00 -2.361870609029635266e-32 5.909857024523373647e-29 -5.909857024523373647e-29 -2.019987339177810948e-31
0.000000000000000000e+00 -1.988640837028075819e-31 -8.304306469515535775e-29 8.304306469515535775e-29 6.958953415782340480e-31
0.000000000000000000e+00 7.534523960030301707e-31 -4.589100997739461137e-28 4.589100997739461137e-28 2.259267680417675380e-31
0.000000000000000000e+00 1.398348686351166957e-20 9.787001767225533696e-10 -9.787001767225533696e-10 -2.222540958438942089e-21
0.000000000000000000e+00 6.815792272546087971e-20 9.787001623138206604e-10 -9.787001623138206604e-10 5.111844204409567483e-20
0.000000000000000000e+00 -9.632575036790287886e-31 5.591973949392350221e-28 -5.591973949392350221e-28 -1.947385842487526841e-30
0.000000000000000000e+00 7.037544921701210307e-31 7.134623231922666323e-30 -7.134623231922666323e-30 1.554280888743801205e-30
0.000000000000000000e+00 -5.417621430915030153e-20 1.216449423498898483e-09 -1.216449423498898483e-09 1.276480665914226870e-19
0.000000000000000000e+00 -1.462015646425016073e-19 1.216449477212760365e-09 -1.216449477212760365e-09 -2.421231495665795218e-20
0.000000000000000000e+00 1.247764968199371358e-19 3.445578229948708372e-09 -3.445578229948708372e-09 -4.697686561822039906e-20
0.000000000000000000e+00 3.490771041986339748e-20 3.445577881214742102e-09 -3.445577881214742102e-09 -5.288146769987818367e-19
0.000000000000000000e+00 1.712388892265434307e-31 -1.703323916306751254e-28 1.703323916306751254e-28 -6.766984665051022770e-31
0.000000000000000000e+00 -8.226500938017479643e-32 -2.880641844848415019e-29 2.880641844848415019e-29 2.649399312360535246e-31
0.000000000000000000e+00 -5.523904806922254823e-30 -8.341873683385791617e-27 8.341873683385791617e-27 -3.727988711539341226e-30
0.000000000000000000e+00 2.231907614484548167e-31 -6.163596365938673021e-28 6.163596365938673021e-28 3.178242110421173186e-30
0.000000000000000000e+00 -9.899866740684815396e-19 4.773559448500696382e-08 -4.773559448500696382e-08 -3.936091595693964262e-19
0.000000000000000000e+00 2.910322270755537229e-18 4.773559409742124400e-08 -4.773559409742124400e-08 2.248343229661552976e-18
0.000000000000000000e+00 2.916213070911750031e-30 -1.863359391292782098e-28 1.863359391292782098e-28 9.759045162938293711e-30
0.000000000000000000e+00 -3.551977661491401643e-30 -9.578484637811336972e-31 9.578484637811336972e-31 -5.500661811913545516e-31
0.000000000000000000e+00 -2.212379184562655999e-31 -1.902890575089430795e-28 1.902890575089430795e-28 1.666745697316790200e-31
0.000000000000000000e+00 1.652283154904625609e-30 6.727791296627325186e-30 -6.727791296627325186e-30 -5.095520426241732893e-31
0.000000000000000000e+00 -1.695756312123744934e-31 2.796288091588854215e-28 -2.796288091588854215e-28 -1.843952505030660445e-30
0.000000000000000000e+00 -3.280015837206511776e-31 2.636241629393128192e-29 -2.636241629393128192e-29 -1.237459825631914261e-31
0.000000000000000000e+00 -1.767920818942754212e-30 3.559329785019958518e-29 -3.559329785019958518e-29 -3.838924116887242153e-30
0.000000000000000000e+00 -3.213325609945750071e-30 2.427382231695320568e-29 -2.427382231695320568e-29 -7.954318670542082150e-31
0.000000000000000000e+00 -7.539713751151725178e-20 5.549960225560135280e-10 -5.549960225560135280e-10 1.132832613357125405e-19
0.000000000000000000e+00 5.217547560070950283e-20 5.549960642836405929e-10 -5.549960642836405929e-10 2.696104108776272870e-21
0.000000000000000000e+00 -3.242735626289283207e-18 1.118153629422315744e-08 -1.118153629422315744e-08 -3.663090244511969915e-19
0.000000000000000000e+00 4.586369138108224680e-19 1.118153592021564543e-08 -1.118153592021564543e-08 2.146811085922999795e-19
0.000000000000000000e+00 5.431882520166634547e-31 -5.513442204788877386e-29 5.513442204788877386e-29 6.562539145314632532e-31
0.000000000000000000e+00 1.063827708514512923e-30 1.117398526223728144e-28 -1.117398526223728144e-28 1.389270622856935351e-30
0.000000000000000000e+00 -2.077863692599199239e-30 2.547757663618574556e-29 -2.547757663618574556e-29 -5.237826721237076256e-30
0.000000000000000000e+00 1.749225482026111055e-30 3.593496526281296113e-29 -3.593496526281296113e-29 -6.506299981228591988e-30
0.000000000000000000e+00 -2.423517607490995542e-30 1.203385654947449112e-28 -1.203385654947449112e-28 7.352125045720459765e-30
0.000000000000000000e+00 -3.927805371495801383e-31 9.476001828950529545e-29 -9.476001828950529545e-29 4.824071605916529296e-30
0.000000000000000000e+00 2.969884336575715974e-30 4.198700774784355357e-28 -4.198700774784355357e-28 2.407908020144529714e-30
0.000000000000000000e+00 3.839792807780294751e-30 6.320489916732329717e-28 -6.320489916732329717e-28 2.309852879131297738e-31
0.000000000000000000e+00 -2.160339897994816177e-18 1.143863671426183359e-08 -1.143863671426183359e-08 4.752144328689715933e-20
0.000000000000000000e+00 -3.922404842728020891e-19 1.143863651018213573e-08 -1.143863651018213573e-08 7.724120305679797489e-19
0.000000000000000000e+00 -2.317827525594146687e-20 6.528909038445359908e-11 -6.528909038445359908e-11 -1.542464651706492393e-20
0.000000000000000000e+00 5.313064928831393597e-20 6.528910909121002435e-11 -6.528910909121002435e-11 6.608876855054600813e-22
0.000000000000000000e+00 -1.184960360282740976e-30 6.831022068259123500e-29 -6.831022068259123500e-29 2.558416290270081294e-32
0.000000000000000000e+00 4.971809281501440973e-32 -9.951698758386193788e-29 9.951698758386193788e-29 1.352385662343275910e-31
0.000000000000000000e+00 2.618135285022096239e-30 -1.868732876025013016e-29 1.868732876025013016e-29 -4.313557232921383242e-30
0.000000000000000000e+00 7.190162572463476743e-31 -2.590968147657680454e-29 2.590968147657680454e-29 6.828622231000175029e-30
0.000000000000000000e+00 -4.357087037644058365e-21 2.154434631889330831e-11 -2.154434631889330831e-11 1.575619205081803499e-20
0.000000000000000000e+00 2.595308365901027287e-20 2.154434969831159291e-11 -2.154434969831159291e-11 -3.637812479119940776e-21
0.000000000000000000e+00 -2.671997015607792487e-30 -1.144136371621921966e-29 1.144136371621921966e-29 -9.839393169516882756e-31
0.000000000000000000e+00 -5.235787413398293406e-30 9.018651142478653461e-29 -9.018651142478653461e-29 -5.638202311347804314e-31
0.000000000000000000e+00 -8.129384155734318956e-20 9.138874561398499936e-10 -9.138874561398499936e-10 -2.016238867529444856e-19
0.000000000000000000e+00 -1.159716341097763590e-19 9.138871369798497564e-10 -9.138871369798497564e-10 -2.709794718578108726e-20
0.000000000000000000e+00 1.596056894405063340e-30 -2.223501944221839829e-28 2.223501944221839829e-28 3.103986656715054666e-31
0.000000000000000000e+00 -8.043509982007176824e-31 -6.826317451810058477e-28 6.826317451810058477e-28 3.751973925684067420e-32
0.000000000000000000e+00 5.530643454283898742e-19 1.181153886703251030e-08 -1.181153886703251030e-08 -4.983656739025053772e-19
0.000000000000000000e+00 1.899259427982108614e-20 1.181153901426918199e-08 -1.181153901426918199e-08 -2.431052067817099988e-20
0.000000000000000000e+00 -2.863030837359207478e-20 -2.701625632539453984e-11 2.701625632539453984e-11 4.122289213957035086e-21
0.000000000000000000e+00 -1.465966827095959387e-20 -2.701626782502519418e-11 2.701626782502519418e-11 -1.255694437796134368e-20
0.000000000000000000e+00 1.341251995540813069e-32 -1.947518497463303709e-29 1.947518497463303709e-29 4.814565470341138890e-31
0.000000000000000000e+00 -4.167422387996919589e-31 5.238887438599744638e-29 -5.238887438599744638e-29 1.691096062288779344e-32
0.000000000000000000e+00 -3.256494325288236762e-31 2.159110880290949484e-29 -2.159110880290949484e-29 1.160397776832911651e-30
0.000000000000000000e+00 -1.411873187896247915e-30 3.680319152421039423e-29 -3.680319152421039423e-29 3.069110921440033283e-30
0.000000000000000000e+00 -1.106565295288763275e-31 3.099679447511738744e-29 -3.099679447511738744e-29 -1.869334368593954166e-31
0.000000000000000000e+00 -4.245230220816864546e-31 -1.266717423802463573e-28 1.266717423802463573e-28 1.922397036309849094e-30
0.000000000000000000e+00 2.289367053978061619e-19 6.087742533859318485e-09 -6.087742533859318485e-09 5.769204976024717265e-19
0.000000000000000000e+00 -4.407031578907769063e-20 6.087742503877004921e-09 -6.087742503877004921e-09 6.257603280873371990e-19
0.000000000000000000e+00 3.494039452064825146e-30 9.514394078728999176e-28 -9.514394078728999176e-28 -1.420296240959520034e-30
0.000000000000000000e+00 -8.089915755438828228e-30 2.870655363131180502e-27 -2.870655363131180502e-27 -1.137658679198515890e-29
0.000000000000000000e+00 -1.146413337161550660e-20 5.880362324413261421e-09 -5.880362324413261421e-09 -5.395785440240367102e-19
0.000000000000000000e+00 5.502784018375444371e-19 5.880362320720282970e-09 -5.880362320720282970e-09 2.254612896417717828e-19
0.000000000000000000e+00 -4.895604312245095070e-20 1.416482002903068477e-08 -1.416482002903068477e-08 -1.376888712818933575e-19
0.000000000000000000e+00 7.343406468367642845e-19 1.416482005699682417e-08 -1.416482005699682417e-08 5.813530120791052953e-20
0.000000000000000000e+00 6.165982488737446307e-31 -6.633014141658806428e-29 6.633014141658806428e-29 4.429444032596636855e-31
0.000000000000000000e+00 9.369124523038294019e-30 -3.763694418649114267e-28 3.763694418649114267e-28 -1.196228278684315488e-30
0.000000000000000000e+00 -1.471222573643802055e-19 4.946697511628491567e-08 -4.946697511628491567e-08 -2.329435741602687830e-19
0.000000000000000000e+00 -1.164717870801343915e-19 4.946697533601202521e-08 -4.946697533601202521e-08 1.471222573643803499e-19
0.000000000000000000e+00 -1.934057380188779161e-30 -1.422539918062545382e-28 1.422539918062545382e-28 1.175069148529690580e-30
0.000000000000000000e+00 3.225825244513014892e-31 -2.764424946667257202e-28 2.764424946667257202e-28 6.718116550552795877e-30
0.000000000000000000e+00 -4.845039423236937747e-19 1.997259610217580086e-08 -1.997259610217580086e-08 6.071631682284266002e-19
0.000000000000000000e+00 -4.538391358475106647e-19 1.997259680953929507e-08 -1.997259680953929507e-08 -1.901218001523356339e-19
0.000000000000000000e+00 -1.024997615930940882e-30 8.458450092693808034e-30 -8.458450092693808034e-30 3.910414392985088338e-30
0.000000000000000000e+00 -1.572196736113346298e-31 1.864819391010838730e-29 -1.864819391010838730e-29 -6.438180834040332870e-31
0.000000000000000000e+00 -1.043217004051179540e-30 -2.819658548425230248e-28 2.819658548425230248e-28 2.537305339725736424e-30
0.000000000000000000e+00 -3.036357159628630642e-31 2.733070098478021710e-28 -2.733070098478021710e-28 5.462535608959768429e-30
0.000000000000000000e+00 5.169492831710872762e-19 5.060298716404561111e-08 -5.060298716404561111e-08 -1.356991868324104642e-18
0.000000000000000000e+00 -9.846653012782617353e-19 5.060298731551176480e-08 -5.060298731551176480e-08 3.692494879793482952e-19
0.000000000000000000e+00 -1.030125827793241752e-31 1.698846174965022929e-28 -1.698846174965022929e-28 1.112956682968840445e-30
0.000000000000000000e+00 -3.218242058660703526e-31 1.250465144595966800e-27 -1.250465144595966800e-27 -1.201054239918610176e-30
0.000000000000000000e+00 -5.424050363681742329e-19 4.244281041088826846e-08 -4.244281041088826846e-08 1.294375654969507261e-19
0.000000000000000000e+00 -9.861909752148625262e-20 4.244281084288923951e-08 -4.244281084288923951e-08 -5.177502619878030008e-19
0.000000000000000000e+00 6.313669771650614467e-18 3.193255009184689335e-06 -3.193255009184689335e-06 -2.762230525097145129e-18
0.000000000000000000e+00 -9.865109018204085104e-20 3.193255009639273283e-06 -3.193255009639273283e-06 1.262733954330123510e-17
0.000000000000000000e+00 2.266966555529559372e-19 7.007792702370865118e-08 -7.007792702370865118e-08 -4.441403863894648780e-19
0.000000000000000000e+00 4.441403863894647817e-19 7.007792832735940496e-08 -7.007792832735940496e-08 -1.233723295526291562e-20
0.000000000000000000e+00 -2.766102457320094856e-31 1.373979011697032795e-28 -1.373979011697032795e-28 3.110396440080404522e-31
0.000000000000000000e+00 -3.928006181223178043e-31 -5.232350205890080943e-28 5.232350205890080943e-28 -8.167323450859481094e-31
0.000000000000000000e+00 2.411156597725593068e-19 2.130728346798690710e-09 -2.130728346798690710e-09 -3.809936547047173024e-19
0.000000000000000000e+00 5.486926873029394482e-20 2.130728338869695114e-09 -2.130728338869695114e-09 7.496224037800725650e-20
0.000000000000000000e+00 -5.604749778882944246e-30 6.568254947465897320e-28 -6.568254947465897320e-28 4.185101154817675113e-30
0.000000000000000000e+00 2.917149234818162031e-32 8.965014833911721046e-29 -8.965014833911721046e-29 -9.108998299867944466e-31
0.000000000000000000e+00 6.319569632414887354e-19 9.395595578840711684e-08 -9.395595578840711684e-08 -2.825219365079597810e-18
0.000000000000000000e+00 -3.717393901420522177e-18 9.395595565616702286e-08 -9.395595565616702286e-08 1.455979278056371687e-18
0.000000000000000000e+00 2.974683381634295830e-18 6.526743921951215346e-07 -6.526743921951215346e-07 2.776371156192010622e-18
0.000000000000000000e+00 1.090717239932575189e-18 6.526743907445667068e-07 -6.526743907445667068e-07 6.643459552316596433e-18
0.000000000000000000e+00 3.753672036028924796e-31 4.022795643280083767e-29 -4.022795643280083767e-29 -5.528003076217783511e-31
0.000000000000000000e+00 4.168318097506773479e-31 -3.029439077143177717e-29 3.029439077143177717e-29 5.893525797788150350e-32
0.000000000000000000e+00 -1.988832743894230960e-21 -7.303859316397082729e-14 7.303859316397082729e-14 -9.964764117005434026e-21
0.000000000000000000e+00 -2.531381942842165507e-22 -7.305773196069389906e-14 7.305773196069389906e-14 7.408940673178452628e-21
0.000000000000000000e+00 3.080302138156622095e-31 8.599087093391514483e-30 -8.599087093391514483e-30 8.654679047315987048e-31
0.000000000000000000e+00 3.504887756461594776e-31 -4.165638014838752657e-29 4.165638014838752657e-29 -1.361039189872787642e-30
0.000000000000000000e+00 4.402084224624555882e-18 7.198150093670272079e-07 -7.198150093670272079e-07 -1.691196199290790732e-18
0.000000000000000000e+00 7.461159702753486259e-20 7.198150103871170330e-07 -7.198150103871170330e-07 -1.094303423070511832e-18
0.000000000000000000e+00 -4.731795695571734947e-31 -2.012204319216445353e-28 2.012204319216445353e-28 1.246129574225183798e-31
0.000000000000000000e+00 1.690565055126281399e-30 -7.230855982093276751e-29 7.230855982093276751e-29 -6.840082209740602046e-32
0.000000000000000000e+00 7.704569821996993415e-20 1.720907832612717025e-09 -1.720907832612717025e-09 1.556478751918584984e-20
0.000000000000000000e+00 -2.626557893862611145e-20 1.720907822167966367e-09 -1.720907822167966367e-09 -6.537210758058056332e-20
0.000000000000000000e+00 3.868031909029674776e-19 7.046535689182118737e-10 -7.046535689182118737e-10 -3.739487041962225046e-20
0.000000000000000000e+00 3.349957141757826328e-20 7.046535336431633074e-10 -7.046535336431633074e-10 4.604243420415990093e-19
0.000000000000000000e+00 -3.879000075115146564e-30 -5.420601517432461469e-29 5.420601517432461469e-29 1.902822302159975252e-30
0.000000000000000000e+00 -1.171892971220760662e-30 -7.085682084162325427e-30 7.085682084162325427e-30 1.032426740880753744e-31
0.000000000000000000e+00 3.250485489899021208e-17 -4.287263346475293756e-08 4.287263346475293756e-08 2.077193168408253477e-20
0.000000000000000000e+00 -8.459929922977274279e-20 -4.287263344076750560e-08 4.287263344076750560e-08 -1.747572844031732856e-17
0.000000000000000000e+00 -8.727255584925204199e-31 -5.647942367592672904e-28 5.647942367592672904e-28 5.252611027415020927e-31
0.000000000000000000e+00 7.694714591026015968e-31 -5.383623529712899093e-28 5.383623529712899093e-28 1.556395877015312561e-30
0.000000000000000000e+00 5.004559646795330583e-22 -8.538935039248244730e-10 8.538935039248244730e-10 4.530957416805920044e-20
0.000000000000000000e+00 1.015559421008223417e-19 -8.538936764108544193e-10 8.538936764108544193e-10 9.961209789654881534e-20
0.000000000000000000e+00 8.012852822306807217e-21 -9.638247902787052971e-11 9.638247902787052971e-11 8.754286002663553261e-20
0.000000000000000000e+00 -1.154046241846870571e-19 -9.638255677179329317e-11 9.638255677179329317e-11 1.600127621527731991e-20
0.000000000000000000e+00 -6.321020719989356945e-31 -1.531295825568544259e-29 1.531295825568544259e-29 -1.217275387474747428e-31
0.000000000000000000e+00 1.229325638794583119e-30 1.058508076226407998e-28 -1.058508076226407998e-28 5.621117233925286492e-31
0.000000000000000000e+00 -9.190049023026657369e-31 -1.486270004354664323e-29 1.486270004354664323e-29 2.786760426567415280e-30
0.000000000000000000e+00 1.899402035427065296e-32 -1.325062209632752799e-28 1.325062209632752799e-28 -1.104059738210726438e-29
0.000000000000000000e+00 2.258566002435777989e-31 7.423601658800638128e-29 -7.423601658800638128e-29 -1.978422729703759822e-31
0.000000000000000000e+00 8.937675835251286129e-32 5.948128176863861791e-29 -5.948128176863861791e-29 -1.505207459948429660e-30
0.000000000000000000e+00 -6.051497525462861725e-20 3.661858264930912255e-09 -3.661858264930912255e-09 6.016246083566963569e-19
0.000000000000000000e+00 -2.820115351672013722e-19 3.661858971391742310e-09 -3.661858971391742310e-09 3.760153802229353074e-19
0.000000000000000000e+00 3.506539127842707965e-33 3.217262541483654905e-30 -3.217262541483654905e-30 -1.174531465165677883e-30
0.000000000000000000e+00 -5.633674611374335115e-31 1.315571209149775739e-29 -1.315571209149775739e-29 8.372097353923921574e-32
0.000000000000000000e+00 -9.310100517552183984e-22 -5.775661224793422496e-12 5.775661224793422496e-12 -1.148760030097803213e-20
0.000000000000000000e+00 2.809034136597937074e-21 -5.775652642169880298e-12 5.775652642169880298e-12 -1.080987481605647733e-21
0.000000000000000000e+00 4.649427062966908067e-32 -6.485564136914460054e-29 6.485564136914460054e-29 6.375661061770103094e-31
0.000000000000000000e+00 3.938379865755497973e-31 -3.596272868608860664e-29 3.596272868608860664e-29 4.014231224559022765e-32
0.000000000000000000e+00 -8.921049963188789048e-32 -5.880212458771092910e-29 5.880212458771092910e-29 -9.542842896075211004e-31
0.000000000000000000e+00 1.733521574400451809e-31 -5.081013154140945395e-30 5.081013154140945395e-30 3.006645591903570204e-31
0.000000000000000000e+00 -3.491531467638262774e-31 5.905260490383452662e-29 -5.905260490383452662e-29 7.826876700025025548e-31
0.000000000000000000e+00 5.871679394440266093e-31 9.828627572350232848e-29 -9.828627572350232848e-29 5.369183243250606032e-31
0.000000000000000000e+00 2.596566124515433994e-19 5.393015837397938084e-09 -5.393015837397938084e-09 -7.742488080373297381e-19
0.000000000000000000e+00 1.888411726920316376e-20 5.393015600499836187e-09 -5.393015600499836187e-09 4.345314067465605023e-19
0.000000000000000000e+00 3.090138744883341976e-31 9.492632715889799552e-30 -9.492632715889799552e-30 1.666460740111774918e-30
0.000000000000000000e+00 -1.432843415816531564e-31 -4.437999535614440087e-28 4.437999535614440087e-28 -1.201736933229152973e-30
0.000000000000000000e+00 1.063295866935008239e-19 -1.035774292847208519e-09 1.035774292847208519e-09 9.136468189960074002e-20
0.000000000000000000e+00 -8.466985607075066608e-21 -1.035774368730302843e-09 1.035774368730302843e-09 6.301012544800052032e-20
0.000000000000000000e+00 -3.960002905206608320e-32 4.294579617695496602e-29 -4.294579617695496602e-29 -7.429395086578472772e-32
0.000000000000000000e+00 -1.679774888897281630e-31 1.644391548551551133e-28 -1.644391548551551133e-28 -1.821619656841531858e-31
0.000000000000000000e+00 -3.351331968445321712e-18 -2.444672913428081814e-08 2.444672913428081814e-08 -1.332916123813480664e-18
0.000000000000000000e+00 -8.886107492089870452e-19 -2.444672919577268703e-08 2.444672919577268703e-08 1.713749302045904041e-18
0.000000000000000000e+00 -1.447789759931427394e-31 5.365487366901192492e-30 -5.365487366901192492e-30 -1.224295532808129755e-29
0.000000000000000000e+00 2.811055573370519097e-31 -3.503117601710752694e-28 3.503117601710752694e-28 3.294375791755480543e-31
0.000000000000000000e+00 5.087912541265236688e-19 9.027324919982325842e-08 -9.027324919982325842e-08 2.186212420074907593e-20
0.000000000000000000e+00 -2.696593646870575984e-18 9.027324911690300776e-08 -9.027324911690300776e-08 -2.620274958751598512e-18
0.000000000000000000e+00 -6.394268722300829862e-19 5.688287035468312580e-09 -5.688287035468312580e-09 -1.068693855173102542e-19
0.000000000000000000e+00 -6.044333618095311604e-19 5.688287255447062876e-09 -5.688287255447062876e-09 -3.944722992862205425e-19
0.000000000000000000e+00 9.647260938195098035e-31 -6.641940123903815246e-28 6.641940123903815246e-28 -1.108562179392622956e-30
0.000000000000000000e+00 -2.384270274238379336e-31 1.552209630546652580e-28 -1.552209630546652580e-28 4.679214712859624745e-31
0.000000000000000000e+00 2.038264509324193156e-19 1.931087050929647123e-08 -1.931087050929647123e-08 -1.656089913825907421e-19
0.000000000000000000e+00 -1.286654471510897315e-18 1.931087062588201992e-08 -1.931087062588201992e-08 -6.369576591638107464e-19
0.000000000000000000e+00 9.689704366581516513e-19 1.156866347993219418e-07 -1.156866347993219418e-07 -4.309368520927044163e-18
0.000000000000000000e+00 8.567738597819453235e-18 1.156866326670770760e-07 -1.156866326670770760e-07 -1.478954877004548970e-18
0.000000000000000000e+00 1.609838519388902235e-31 4.648220942360456559e-28 -4.648220942360456559e-28 -1.239635741220580933e-30
0.000000000000000000e+00 1.874921710272574042e-30 6.679168777805712790e-28 -6.679168777805712790e-28 2.310737792787231442e-30
0.000000000000000000e+00 -1.747141980911264848e-19 1.030151408909336471e-08 -1.030151408909336471e-08 -1.073814203792951450e-18
0.000000000000000000e+00 -1.471907285288257842e-19 1.030151401803335374e-08 -1.030151401803335374e-08 -2.552901524619201743e-20
0.000000000000000000e+00 7.891870602666078739e-20 8.542994899962286350e-09 -8.542994899962286350e-09 1.019749558379941296e-18
0.000000000000000000e+00 -7.352426282990176645e-20 8.542994652271841542e-09 -8.542994652271841542e-09 9.789915431155402940e-20
0.000000000000000000e+00 -2.615137811921249806e-31 -3.005957437453019924e-29 3.005957437453019924e-29 6.608016330890906086e-32
0.000000000000000000e+00 2.819662852823375478e-32 -4.959613209183822291e-28 4.959613209183822291e-28 7.439717388401380576e-31
0.000000000000000000e+00 9.060710133632779647e-19 1.840176783577054584e-08 -1.840176783577054584e-08 -3.374112233834225731e-18
0.000000000000000000e+00 1.876288647141655974e-18 1.840176788875565953e-08 -1.840176788875565953e-08 1.331042373613311954e-18
0.000000000000000000e+00 -6.619453355739953788e-31 2.057063143798406834e-28 -2.057063143798406834e-28 1.469225668120872409e-31
0.000000000000000000e+00 -3.184189967093481647e-30 -8.834813537316057741e-29 8.834813537316057741e-29 3.274015267409707919e-31
0.000000000000000000e+00 4.010543181226394106e-18 1.098323944357805051e-07 -1.098323944357805051e-07 1.311139116939398532e-18
0.000000000000000000e+00 6.922043279135941115e-18 1.098323931864449185e-07 -1.098323931864449185e-07 5.125654145878287059e-19
0.000000000000000000e+00 -4.233095708083166588e-30 -4.037016160142569501e-28 4.037016160142569501e-28 -3.104312273623568821e-30
0.000000000000000000e+00 7.990568077213159375e-31 5.112669172802971524e-28 -5.112669172802971524e-28 5.578885968852502320e-31
0.000000000000000000e+00 -3.091176253645329139e-19 2.052955006829891486e-08 -2.052955006829891486e-08 -6.439950528427771287e-19
0.000000000000000000e+00 1.159191095116998331e-18 2.052954991135732182e-08 -2.052954991135732182e-08 1.030392084548443367e-19
0.000000000000000000e+00 5.968760278074860046e-31 -1.415267462675712122e-28 1.415267462675712122e-28 3.863606274171331940e-31
0.000000000000000000e+00 -1.292770092244441639e-30 3.085964426132440395e-28 -3.085964426132440395e-28 -4.421683532407385744e-32
0.000000000000000000e+00 1.452945841376640692e-20 4.281436581191730812e-09 -4.281436581191730812e-09 -5.488906511867310283e-20
0.000000000000000000e+00 1.356082785284865248e-19 4.281436254585652429e-09 -4.281436254585652429e-09 4.520275950949553433e-20
0.000000000000000000e+00 -3.198002502739831773e-19 3.669771135128339993e-09 -3.669771135128339993e-09 2.596862827745650321e-20
0.000000000000000000e+00 4.582996010870847845e-20 3.669771326746837788e-09 -3.669771326746837788e-09 5.103882782150443732e-19
0.000000000000000000e+00 5.821856991015518326e-20 1.002567167180392207e-08 -1.002567167180392207e-08 -7.568414088320176712e-19
0.000000000000000000e+00 4.212760405998730811e-19 1.002567156508281817e-08 -1.002567156508281817e-08 5.369045891714315946e-19
0.000000000000000000e+00 9.884611932698141936e-32 2.998743741487158786e-29 -2.998743741487158786e-29 -6.377251384607954665e-31
0.000000000000000000e+00 5.067545748411210958e-31 -1.554333971603550825e-28 1.554333971603550825e-28 1.348263645240173706e-30
0.000000000000000000e+00 2.850062327447553135e-31 -5.073974952269340371e-28 5.073974952269340371e-28 3.102001017178929654e-33
0.000000000000000000e+00 -3.700322927958826025e-31 3.608123247818319219e-28 -3.608123247818319219e-28 2.055273909223114162e-31
0.000000000000000000e+00 -8.339715090044229146e-31 -2.983335954015405270e-29 2.983335954015405270e-29 -4.775427560823639067e-31
0.000000000000000000e+00 6.202305153561786346e-31 1.492861878771667267e-27 -1.492861878771667267e-27 -1.129941011398408021e-31
0.000000000000000000e+00 1.348755705086403437e-18 2.875259952104728759e-07 -2.875259952104728759e-07 -3.008762726731208897e-18
0.000000000000000000e+00 -3.838766237553611338e-18 2.875259941991137369e-07 -2.875259941991137369e-07 2.075008777056007066e-19
0.000000000000000000e+00 8.287969980377111514e-30 -5.954548570531982755e-29 5.954548570531982755e-29 1.193184048886060438e-30
0.000000000000000000e+00 -1.511997564435346538e-30 3.087623187160976668e-28 -3.087623187160976668e-28 -9.404180439217102546e-30
0.000000000000000000e+00 5.410238792692696774e-18 2.171390406310623189e-07 -2.171390406310623189e-07 -2.705119396346349542e-18
0.000000000000000000e+00 1.755726531282486419e-17 2.171390422183432197e-07 -2.171390422183432197e-07 -7.387056813099649997e-18
0.000000000000000000e+00 -2.930832664096998138e-20 5.260564943744820715e-09 -5.260564943744820715e-09 -8.466849918502441340e-20
0.000000000000000000e+00 -1.367721909911932665e-19 5.260564911743385745e-09 -5.260564911743385745e-09 -2.573840963206295695e-18
0.000000000000000000e+00 5.284938325526421183e-31 4.279013580962846974e-29 -4.279013580962846974e-29 -1.031721471645880428e-30
0.000000000000000000e+00 1.324768216061685029e-30 2.696660223727492305e-28 -2.696660223727492305e-28 3.088243671844038610e-31
0.000000000000000000e+00 3.276795014989482853e-31 3.171865086094232185e-28 -3.171865086094232185e-28 -7.388720303635857022e-31
0.000000000000000000e+00 -7.391363487620848373e-31 2.790371799739320718e-28 -2.790371799739320718e-28 -1.470855850846294075e-31
0.000000000000000000e+00 -8.328695759307654521e-31 -5.498297919329528581e-28 5.498297919329528581e-28 5.012936416704895960e-31
0.000000000000000000e+00 1.998323560028890110e-31 2.878896747668516107e-29 -2.878896747668516107e-29 -5.521842121836788013e-32
0.000000000000000000e+00 1.306944577359552028e-18 2.008478123260829744e-08 -2.008478123260829744e-08 4.106154388946437562e-19
0.000000000000000000e+00 -2.997804124318472572e-19 2.008478142950603272e-08 -2.008478142950603272e-08 -1.712097396341014062e-18
0.000000000000000000e+00 2.420247982433579592e-19 8.750780764546883121e-09 -8.750780764546883121e-09 2.780014574416950670e-20
0.000000000000000000e+00 8.176513454167502359e-22 8.750780810652610284e-09 -8.750780810652610284e-09 1.308242152666800829e-20
0.000000000000000000e+00 -1.298177217698986278e-30 -1.486016527778910872e-28 1.486016527778910872e-28 -7.120014723418458375e-32
0.000000000000000000e+00 2.479177091269019502e-30 2.400501343025777054e-28 -2.400501343025777054e-28 1.273895506328549474e-30
0.000000000000000000e+00 2.226380654400114771e-20 2.726644406372218380e-10 -2.726644406372218380e-10 2.661420552386344951e-21
0.000000000000000000e+00 -6.755913709903796521e-21 2.726644164085192061e-10 -2.726644164085192061e-10 4.108567977746419778e-20
0.000000000000000000e+00 -9.586389224633280264e-32 -2.191698091590489113e-28 2.191698091590489113e-28 4.767362915686117496e-31
0.000000000000000000e+00 8.353798648739057341e-31 4.938427668890976403e-28 -4.938427668890976403e-28 3.582396575194846586e-31
0.000000000000000000e+00 -4.328257597919682938e-17 1.024885645171270954e-06 -1.024885645171270954e-06 1.512789063350569201e-17
0.000000000000000000e+00 -4.097137046574458765e-18 1.024885643354453680e-06 -1.024885643354453680e-06 -4.202191842640472330e-17
0.000000000000000000e+00 2.629641225856815980e-20 5.893343866791212375e-08 -5.893343866791212375e-08 -1.788156033582635492e-18
0.000000000000000000e+00 -3.287051532321021479e-20 5.893343902296630577e-08 -5.893343902296630577e-08 -6.153360468504954809e-18
0.000000000000000000e+00 -1.161042120662667512e-31 6.324787178676151186e-29 -6.324787178676151186e-29 1.782913197527865225e-31
0.000000000000000000e+00 1.670962807895609638e-31 -6.701936897442946031e-28 6.701936897442946031e-28 5.948808681736505949e-32
0.000000000000000000e+00 -2.043829430199810679e-19 3.825300065919078512e-09 -3.825300065919078512e-09 -4.465726098748076323e-20
0.000000000000000000e+00 1.269152146172463675e-19 3.825299734986422009e-09 -3.825299734986422009e-09 -1.928451962365952249e-19
0.000000000000000000e+00 -1.108257488687569234e-18 5.478471237901021737e-08 -5.478471237901021737e-08 -1.424902485455446735e-18
0.000000000000000000e+00 2.902579137038874306e-18 5.478471321941247822e-08 -5.478471321941247822e-08 3.694191628958568927e-19
0.000000000000000000e+00 -1.473692268228311405e-30 3.042458491783786584e-29 -3.042458491783786584e-29 -1.072903603648417635e-30
0.000000000000000000e+00 8.864994974396414510e-31 -5.669971538231039695e-29 5.669971538231039695e-29 4.878716437375345515e-31
0.000000000000000000e+00 1.952763538508822325e-30 -1.246634198116717797e-27 1.246634198116717797e-27 -5.664145035797270803e-33
0.000000000000000000e+00 1.714948706873680545e-32 -1.045038846858918010e-28 1.045038846858918010e-28 -3.552691498664387808e-31
0.000000000000000000e+00 2.802929349810043073e-17 -1.927155171179703611e-06 1.927155171179703611e-06 1.280184078038254026e-18
0.000000000000000000e+00 5.558694023060807795e-19 -1.927155187497073361e-06 1.927155187497073361e-06 -1.724879599883129243e-17
0.000000000000000000e+00 -2.304087569334386854e-30 3.546976606924040495e-29 -3.546976606924040495e-29 -1.622239302807748478e-30
0.000000000000000000e+00 4.028248828612746452e-30 1.803940171088288025e-28 -1.803940171088288025e-28 7.016257151606200626e-30
0.000000000000000000e+00 6.726445326626486818e-29 -2.848082023464260639e-27 2.848082023464260639e-27 7.504979529402242497e-29
0.000000000000000000e+00 6.762648559230849348e-29 -1.381497417039095585e-29 1.381497417039095585e-29 8.124972685524358689e-31
0.000000000000000000e+00 -9.063326824209507015e-17 -1.100720063642645832e-04 1.100720063642645832e-04 5.904110045485141172e-15
0.000000000000000000e+00 -1.419058028476242772e-14 -1.100720063658709778e-04 1.100720063658709778e-04 -1.598220578376267615e-17
0.000000000000000000e+00 -1.233696859910423671e-29 3.184376721134121449e-27 -3.184376721134121449e-27 -2.633329339675207499e-28
0.000000000000000000e+00 6.733182819176645407e-28 4.785498103860970716e-27 -4.785498103860970716e-27 -2.787008095808407120e-28
0.000000000000000000e+00 -6.830141780030257020e-17 -1.582081969958815462e-02 1.582081969958815462e-02 -2.397965205514667525e-13
0.000000000000000000e+00 -8.792539086887140089e-14 -1.582081969936968702e-02 1.582081969936968702e-02 -1.545563511366909158e-15
0.000000000000000000e+00 2.744271030974290976e-16 -2.238435435565784819e-05 2.238435435565784819e-05 1.434805166434912061e-17
0.000000000000000000e+00 -2.440817984280052253e-17 -2.238435436314157063e-05 2.238435436314157063e-05 2.110977716134152589e-17
0.000000000000000000e+00 1.357039140259295507e-32 1.654181108708993251e-27 -1.654181108708993251e-27 -5.143421568759989223e-29
0.000000000000000000e+00 2.860340959014450056e-29 1.858431695986546697e-27 -1.858431695986546697e-27 -1.534925342731464792e-31
0.000000000000000000e+00 5.982354397566753675e-15 -8.861430540429244759e-05 8.861430540429244759e-05 -2.980595203976765100e-16
0.000000000000000000e+00 -4.109341316725342134e-16 -8.861430539260740447e-05 8.861430539260740447e-05 3.216926421333923802e-15
0.000000000000000000e+00 -1.534020335128278217e-41 3.413629896362572954e-29 -3.413629896362572954e-29 -1.369661013507390952e-43
0.000000000000000000e+00 1.095728810805913081e-42 8.664273532513606957e-30 -8.664273532513606957e-30 1.369661013507390952e-43
