-4.358010988842141442e-01 -1.574023269450832000e-28 1.834852218103963153e-28 1.834852218103963153e-28 1.514159359483984451e-28
-4.358010988842138667e-01 1.075553859651344026e-28 -9.144004084758829629e-29 -9.144004084758829629e-29 6.773326151964205156e-29
-4.355212735115499556e-01 -4.822848544265020437e-28 -3.783851427775468069e-29 -3.783851427775468069e-29 4.650362834587755190e-28
-4.355212735115497336e-01 -1.548593361564646873e-27 -7.281362435337183506e-28 -7.281362435337183506e-28 4.800431911025981480e-28
-4.346680698756408834e-01 -7.324182047896682759e-04 9.307956932029738179e-06 9.307956932029738179e-06 8.065728005292472497e-03
-4.346680698756404393e-01 -5.425708734849459501e-03 9.307956932792665837e-06 9.307956932792665837e-06 3.372437475238505497e-03
-4.328077607377101010e-01 -5.189039996072055511e-05 2.903511843666100039e-06 2.903511843666100039e-06 2.692591757641610729e-03
-4.328077607377101010e-01 -1.623857695102813234e-03 2.903511845130838962e-06 2.903511845130838962e-06 1.120624462502259116e-03
-4.326210240452708078e-01 -1.967577144131722484e-03 3.119487572397676645e-06 3.119487572397676645e-06 9.810514279645686595e-04
-4.326210240452705857e-01 -9.879056632689136100e-04 3.119487572217599558e-06 3.119487572217599558e-06 1.960722908831202815e-03
-4.326161461112397744e-01 -9.518813210763631042e-25 -1.671811571687768982e-26 -1.671811571687768982e-26 1.700552376888317898e-24
-4.326161461112394968e-01 -9.813489794673702434e-25 -8.243832813937704699e-27 -8.243832813937704699e-27 5.457261927648382272e-24
-4.324151449424821769e-01 -3.001802740492544369e-29 4.444341654876507794e-29 4.444341654876507794e-29 -1.803089778918742069e-28
-4.324151449424814553e-01 -5.851319023120208233e-27 -2.237613124060581838e-27 -2.237613124060581838e-27 3.537672217362392611e-28
-4.313824816793347394e-01 -3.095751830528385967e-04 1.343127070880556655e-06 1.343127070880556655e-06 9.599868091557740889e-04
-4.313824816793341288e-01 -1.050521810337277538e-03 1.343127070360214363e-06 1.343127070360214363e-06 2.190401818714015822e-04
-4.305271678282070469e-01 -3.034419034563097475e-29 1.748062965035309707e-29 1.748062965035309707e-29 1.158535089033917784e-28
-4.305271678282061587e-01 -1.098095460572228145e-28 2.315384040451805585e-29 2.315384040451805585e-29 2.397602575672300482e-28
-4.295423388018455024e-01 -1.124425057154179411e-27 -1.626068304894533620e-28 -1.626068304894533620e-28 1.070562168183621204e-27
-4.295423388018452249e-01 -4.932970327892237092e-28 -3.503973713848564369e-29 -3.503973713848564369e-29 1.314772044155876352e-27
-4.289870690334793291e-01 -2.064434987706613520e-03 3.936381551707035986e-06 3.936381551707035986e-06 1.656345059406394340e-03
-4.289870690334790515e-01 -5.544435897440627790e-04 3.936381554044618222e-06 3.936381554044618222e-06 3.166336457371389523e-03
-4.285953047280579575e-01 6.499668861647228184e-29 2.891780813248106875e-28 2.891780813248106875e-28 7.701550207992343666e-28
-4.285953047280575134e-01 6.435526197951451114e-28 3.932453077956650325e-28 3.932453077956650325e-28 2.279127438432135762e-28
-4.280741219767172923e-01 -2.085196494158412598e-05 2.828768124484016320e-08 2.828768124484016320e-08 5.886357713465040892e-06
-4.280741219767171257e-01 -1.998470211913807147e-05 2.828768120817022425e-08 2.828768120817022425e-08 6.753620536131744090e-06
-4.273003055373815751e-01 5.225686390258831021e-29 5.053987074578163049e-29 5.053987074578163049e-29 3.686997092051447487e-29
-4.273003055373811865e-01 3.147618698310809725e-29 7.992974902222928512e-29 7.992974902222928512e-29 6.733732695655160931e-29
-4.269567954748885730e-01 8.432588784303377902e-07 -7.336143594120180766e-09 -7.336143594120180766e-09 -6.091073202889693757e-06
-4.269567954748884064e-01 2.813650078827696684e-06 -7.336143618884073235e-09 -7.336143618884073235e-09 -4.120682002380482892e-06
-4.266110640142404820e-01 -1.739221130649195135e-28 2.220882664584556286e-28 2.220882664584556286e-28 1.344289649403826564e-27
-4.266110640142403154e-01 3.840539492810120527e-28 9.220938042220886546e-28 9.220938042220886546e-28 2.073509419421605999e-27
-4.265582369611984892e-01 1.222258811386338625e-06 -4.311087541874028436e-08 -4.311087541874028436e-08 -3.952736950516034522e-05
-4.265582369611982116e-01 3.114537368864049100e-05 -4.311087576493992805e-08 -4.311087576493992805e-08 -9.604254627023858741e-06
-4.249805573403080960e-01 -3.081913444432659330e-05 2.643753173392111736e-07 2.643753173392111736e-07 2.190759516432982880e-04
-4.249805573403078185e-01 -2.423154830750460565e-04 2.643753176529906114e-07 2.643753176529906114e-07 7.579603013324595784e-06
-4.245037478994203028e-01 -2.846700841226130539e-05 3.598815484280208436e-08 3.598815484280208436e-08 5.550021276845900365e-06
-4.245037478994199143e-01 -7.331283873775478840e-06 3.598815474858758902e-08 3.598815474858758902e-08 2.668574581549043039e-05
-4.241169637357150579e-01 -2.141380422168552235e-28 3.486224615177712437e-28 3.486224615177712437e-28 -1.378716501497791164e-28
-4.241169637357145583e-01 9.789215232138166792e-30 -9.278227497546893086e-29 -9.278227497546893086e-29 8.972552022525305468e-30
-4.231735554087923123e-01 -8.336329348949952216e-30 9.634366082433908512e-29 9.634366082433908512e-29 6.068588102880161508e-29
-4.231735554087919238e-01 2.029450981869729999e-28 1.200494135846078147e-29 1.200494135846078147e-29 -1.560365155009804704e-29
-4.223512030330797695e-01 1.628447008986084205e-06 -2.131188686897580484e-08 -2.131188686897580484e-08 -1.851615599138939881e-05
-4.223512030330795475e-01 1.273073812162968815e-05 -2.131188685815243770e-08 -2.131188685815243770e-08 -7.413864878618069925e-06
-4.215800040639587354e-01 -9.762550246054043398e-05 5.438075494127460791e-07 5.438075494127460791e-07 4.163968943303899932e-04
-4.215800040639586244e-01 -2.737062779233266304e-04 5.438075496390065788e-07 5.438075496390065788e-07 2.403161188717844261e-04
-4.211808096089509901e-01 -1.334054423029173964e-04 6.808210453270013144e-07 6.808210453270013144e-07 5.101260164576765449e-04
-4.211808096089504905e-01 -3.045510169452461148e-04 6.808210459380123425e-07 6.808210459380123425e-07 3.389804418156368206e-04
-4.209878387696917579e-01 -4.886202399649957560e-28 -1.063569553709279163e-28 -1.063569553709279163e-28 2.352881667746636551e-28
-4.209878387696917024e-01 9.705943773916237020e-30 1.433761652831646684e-29 1.433761652831646684e-29 7.645725267402645889e-28
-4.205656890597264663e-01 -2.646192964831176132e-05 6.037223109475851258e-08 6.037223109475851258e-08 3.060362402172684082e-05
-4.205656890597263553e-01 -5.070092585440162848e-05 6.037223109323691053e-08 6.037223109323691053e-08 6.364627815447507634e-06
-4.203766174617709073e-01 -2.063624361631511290e-05 7.629182914757702268e-08 7.629182914757702268e-08 5.147696794273329615e-05
-4.203766174617707407e-01 -4.455653309301724462e-05 7.629182940031152388e-08 7.629182940031152388e-08 2.755667846625242976e-05
-4.198521297604696501e-01 -8.075465627899769167e-06 2.365934515923222929e-08 2.365934515923222929e-08 1.428802180461069650e-05
-4.198521297604692615e-01 -1.483617295980689056e-05 2.365934510876643643e-08 2.365934510876643643e-08 7.527314472554555751e-06
-4.192828082126259237e-01 -1.993499736263529767e-28 -1.900396266913297960e-28 -1.900396266913297960e-28 7.351687225844242150e-29
-4.192828082126257017e-01 -1.460405122666319217e-27 4.099888693982155429e-28 4.099888693982155429e-28 5.228860571591020497e-28
-4.191512543555189207e-01 -2.130783196018247910e-05 2.716607714072297535e-07 2.716607714072297535e-07 2.354736726847335318e-04
-4.191512543555186987e-01 -2.373459476441518688e-04 2.716607715365950309e-07 2.716607715365950309e-07 1.943555699998325223e-05
-4.178311562628962972e-01 -2.165626101938644350e-26 1.394880997917937104e-27 1.394880997917937104e-27 2.528638292894127798e-27
-4.178311562628961862e-01 -1.415932112704112591e-27 8.411025938713949652e-28 8.411025938713949652e-28 1.824733789343080535e-25
-4.178122368873410930e-01 -2.183011654749180113e-03 2.684656886676106344e-06 2.684656886676106344e-06 3.546025583221086835e-04
-4.178122368873410930e-01 -2.002266030467349004e-05 2.684656885558713185e-06 2.684656885558713185e-06 2.517591552764602333e-03
-4.175627742295305311e-01 -3.466892363661886393e-27 -1.092635602788856960e-28 -1.092635602788856960e-28 5.186237575552160359e-28
-4.175627742295300870e-01 -8.166774909428809135e-28 -4.805644252078410476e-28 -4.805644252078410476e-28 -3.591126407946841527e-28
-4.174306480674139230e-01 -6.593927032756436313e-04 1.240064959760253618e-06 1.240064959760253618e-06 5.127520442093012583e-04
-4.174306480674136455e-01 -3.274943109236871930e-04 1.240064959805659667e-06 1.240064959805659667e-06 8.446504365626259598e-04
-4.157793055133177096e-01 -2.490522948356995525e-06 7.947202956722779039e-09 7.947202956722779039e-09 5.021399832945386315e-06
-4.157793055133175986e-01 -5.310192842984119802e-06 7.947203000993215762e-09 7.947203000993215762e-09 2.201729938299521434e-06
-4.156177656797918063e-01 -1.462293409120751494e-28 -2.308856344750500987e-28 -2.308856344750500987e-28 -9.967513613481159986e-29
-4.156177656797917508e-01 -3.784610648091693784e-28 -4.608419858281515431e-28 -4.608419858281515431e-28 -3.766581474515503081e-28
-4.151402152028682568e-01 -1.979109348795902064e-30 -3.195749965180298035e-30 -3.195749965180298035e-30 -7.266841007372582240e-29
-4.151402152028679238e-01 -8.320120441877116843e-28 -8.524023509105579256e-28 -8.524023509105579256e-28 -4.827220350302704049e-28
-4.145859245181280350e-01 -1.651689026916019095e-28 -1.554088985118180149e-28 -1.554088985118180149e-28 -1.864234474875942397e-28
-4.145859245181278685e-01 -2.321070115515010087e-28 -7.621871691453385239e-28 -7.621871691453385239e-28 -1.370874652590328304e-27
-4.134731608461165164e-01 -1.112800667165496270e-28 -6.979487999235465824e-28 -6.979487999235465824e-28 4.218759385646661144e-28
-4.134731608461162389e-01 6.612546761076147724e-30 -3.643237349494512683e-29 -3.643237349494512683e-29 -5.121234437366999887e-29
-4.130011330762344279e-01 -3.055974596940239955e-29 -4.313037201069297207e-29 -4.313037201069297207e-29 1.109475214139826242e-28
-4.130011330762342614e-01 -1.551313189801690963e-28 -2.294018995771292361e-28 -2.294018995771292361e-28 1.812640522472285457e-28
-4.125761735869113989e-01 -1.204779705334029443e-04 1.328410414177465461e-07 1.328410414177465461e-07 5.087168225912922381e-06
-4.125761735869113433e-01 -6.527075392193944876e-05 1.328410409547035447e-07 1.328410409547035447e-07 6.029438483887168942e-05
-4.109727289221316582e-01 1.408672612181083970e-07 -2.715541505642372537e-10 -2.715541505642372537e-10 -1.158134619547702417e-07
-4.109727289221314361e-01 2.496016841230504143e-07 -2.715541205587972185e-10 -2.715541205587972185e-10 -7.079039107595505854e-09
-4.104132820462534359e-01 -1.392358317883844845e-27 -9.276237943597863688e-28 -9.276237943597863688e-28 -9.598036483289280068e-28
-4.104132820462533804e-01 -6.828298383123201355e-29 -8.644652751793782107e-29 -8.644652751793782107e-29 -1.375826787893703124e-28
-4.090032486947207668e-01 -3.285920960222936328e-04 3.607988282733423877e-07 3.607988282733423877e-07 1.244524032586351402e-05
-4.090032486947204893e-01 -2.194025572575701642e-04 3.607988272166378693e-07 3.607988272166378693e-07 1.216347790970961717e-04
-4.088978379525781137e-01 -1.351294263374159784e-03 1.556543047065071853e-06 1.556543047065071853e-06 1.199945940477517076e-04
-4.088978379525778362e-01 -1.135648335387708877e-03 1.556543048851511349e-06 1.556543048851511349e-06 3.356405220319884429e-04
-4.087763590669563074e-01 -3.995945511800335617e-27 2.517037360698967694e-27 2.517037360698967694e-27 2.610972733049903593e-27
-4.087763590669562519e-01 -3.770552182790722263e-27 4.167668675391698566e-27 4.167668675391698566e-27 3.761185022496351298e-27
-4.086368320132029441e-01 -1.182689563157766077e-27 5.497675964973246447e-27 5.497675964973246447e-27 9.797543322361402498e-27
-4.086368320132021115e-01 1.224556273190718068e-28 5.291901893068963372e-29 5.291901893068963372e-29 3.891319446242593599e-29
-4.083144506702095500e-01 -1.077503684530355278e-05 3.793842233527867006e-07 3.793842233527867006e-07 3.478297449266278896e-04
-4.083144506702092169e-01 -2.621450308266475276e-04 3.793842228428909187e-07 3.793842228428909187e-07 9.645975094337583418e-05
-4.076546331575516269e-01 -5.741956200971496574e-28 -3.770233378391377866e-28 -3.770233378391377866e-28 -6.078688072621532108e-29
-4.076546331575515714e-01 -4.524228772573111909e-28 -5.406186199320702740e-28 -5.406186199320702740e-28 2.936667219666785882e-29
-4.075884558105868360e-01 -2.200206210077859773e-05 6.238663666414468148e-08 6.238663666414468148e-08 3.696756514455359162e-05
-4.075884558105866695e-01 -4.323935062576370406e-05 6.238663696048544465e-08 6.238663696048544465e-08 1.573027661830448851e-05
-4.070280343236292175e-01 2.909712260110656027e-29 -5.738984334686551451e-29 -5.738984334686551451e-29 -1.176935153919876690e-28
-4.070280343236291065e-01 -1.208870021672471718e-27 -1.460106044907681652e-27 -1.460106044907681652e-27 -6.106220458934235930e-28
-4.064919485478640793e-01 5.132740406834507036e-29 -8.995419028055731095e-29 -8.995419028055731095e-29 -7.176031320725650038e-30
-4.064919485478637462e-01 -8.178217473351898012e-27 -1.414745264098046605e-26 -1.414745264098046605e-26 -1.237918583045997195e-26
-4.059748189715045585e-01 1.204430665255437587e-27 -1.727909803464866397e-27 -1.727909803464866397e-27 -2.302048712321090378e-27
-4.059748189715042810e-01 5.663950545468357616e-28 -3.458898762534673317e-28 -3.458898762534673317e-28 -5.685388760949308487e-28
-4.057562920380821114e-01 1.365101159460731803e-03 -2.688672480685705673e-06 -2.688672480685705673e-06 -1.176308704047861935e-03
-4.057562920380818894e-01 6.275351740199562427e-04 -2.688672476811270246e-06 -2.688672476811270246e-06 -1.913874689486185247e-03
-4.057085993869883889e-01 1.370638763561484211e-25 6.329025095080332428e-26 6.329025095080332428e-26 -8.343687625953571987e-26
-4.057085993869881668e-01 6.425450381121485936e-28 -2.153935657558353844e-28 -2.153935657558353844e-28 -3.220931412803201665e-27
-4.052929634657552738e-01 -1.108705088518667066e-25 -6.244482968432183924e-26 -6.244482968432183924e-26 -1.138701084389541805e-25
-4.052929634657549407e-01 -7.518485513535379465e-27 -7.556356939411912389e-27 -7.556356939411912389e-27 -1.156601671668031135e-26
-4.051590039922092767e-01 1.783648848651303619e-04 -2.256789397619824840e-07 -2.256789397619824840e-07 -3.495328155372965355e-05
-4.051590039922089992e-01 2.813590528049541426e-05 -2.256789394349834559e-07 -2.256789394349834559e-07 -1.851822611449635808e-04
-4.046381033854138387e-01 2.019929513066922431e-28 1.149854891980587499e-28 1.149854891980587499e-28 7.148252459924284357e-29
-4.046381033854135056e-01 2.035099926395620212e-26 1.781603863884607600e-26 1.781603863884607600e-26 2.466772425175335106e-26
-4.034142049513261830e-01 -7.075685034702633089e-04 9.000842319904754812e-07 9.000842319904754812e-07 1.432167678365447723e-04
-4.034142049513261830e-01 -1.710958236161039888e-04 9.000842306537509761e-07 9.000842306537509761e-07 6.796894476871340315e-04
-4.028735670540068980e-01 -4.666722058827650898e-27 -4.506005454421639692e-28 -4.506005454421639692e-28 1.212391561977374393e-26
-4.028735670540066760e-01 -4.000123431718639106e-28 -2.139647903310611303e-28 -2.139647903310611303e-28 1.293348101858624337e-27
-4.024879857995828369e-01 -2.676571255409921542e-28 8.971857639039902577e-29 8.971857639039902577e-29 5.273901602261294343e-28
-4.024879857995827814e-01 -1.319035146703551939e-27 7.770394585029085843e-28 7.770394585029085843e-28 5.708631098563218346e-27
-4.017756332476588033e-01 6.293591773950938783e-29 2.261418299477874935e-29 2.261418299477874935e-29 8.677315714310053052e-28
-4.017756332476586367e-01 -1.072194272887094260e-27 -1.372245959532546314e-27 -1.372245959532546314e-27 9.035630453452809384e-27
-4.005866441267169065e-01 -1.649561881130065882e-07 2.788439068546134671e-09 2.788439068546134671e-09 2.470755897954422877e-06
-4.005866441267167399e-01 -2.632030822661329188e-06 2.788439066197172515e-09 2.788439066197172515e-09 3.681263435239163002e-09
-3.999820568608878912e-01 -2.327881810290516017e-29 -1.852877404340263658e-29 -1.852877404340263658e-29 3.172492196620010920e-30
-3.999820568608878357e-01 -2.588137192454635390e-29 2.169596369476755969e-29 2.169596369476755969e-29 -4.320004248818604721e-30
-3.990866776593470777e-01 2.520670976378057087e-06 -3.745917352747592124e-08 -3.745917352747592124e-08 -3.288680760146685820e-05
-3.990866776593470777e-01 2.061319927214192308e-05 -3.745917355601211713e-08 -3.745917355601211713e-08 -1.479427930570371895e-05
-3.986751528764547747e-01 -1.425086038073332227e-08 1.203848104768957567e-10 1.203848104768957567e-10 9.954029509565593501e-08
-3.986751528764547192e-01 -8.698384864751855622e-08 1.203848364882326827e-10 1.203848364882326827e-10 2.680730669112213841e-08
-3.971424195192243545e-01 -2.387552030110168233e-26 6.313320257623386984e-27 6.313320257623386984e-27 3.397675028531619161e-27
-3.971424195192242435e-01 -2.173613156736491517e-27 4.214942620255686642e-29 4.214942620255686642e-29 1.470023134477036668e-27
-3.971339486299697019e-01 -1.035920700341957213e-04 3.315738806756946361e-07 3.315738806756946361e-07 2.098210094810537009e-04
-3.971339486299693133e-01 -1.155635245260007904e-04 3.315738764288820851e-07 3.315738764288820851e-07 1.978495549975465054e-04
-3.967856723577800615e-01 -2.758239559885015415e-04 8.298539767381440094e-07 8.298539767381440094e-07 5.085776814925262223e-04
-3.967856723577797284e-01 -1.362952351547400630e-04 8.298539808963774018e-07 8.298539808963774018e-07 6.481064023106828872e-04
-3.962847859599197831e-01 7.659750887551558622e-28 -1.108729231978919928e-27 -1.108729231978919928e-27 1.059459403355762171e-27
-3.962847859599196165e-01 6.290350671078458881e-29 -5.098894782166678358e-29 -5.098894782166678358e-29 6.138350395732625564e-29
-3.957289274777278654e-01 -1.141422586740934197e-27 -1.886263540133657955e-27 -1.886263540133657955e-27 4.209857636768020263e-27
-3.957289274777276433e-01 -7.070763126370255363e-29 -2.252460243208188978e-28 -2.252460243208188978e-28 3.005188787899933266e-28
-3.955961903990976580e-01 -2.440855585312117803e-07 8.114691669634568170e-09 8.114691669634568170e-09 7.426152321376011786e-06
-3.955961903990972695e-01 -3.671502044486277933e-06 8.114691549184125606e-09 8.114691549184125606e-09 3.998735834879785707e-06
-3.946603885416985480e-01 -6.307072310197478446e-25 -7.795170045920272156e-26 -7.795170045920272156e-26 1.750438029138068302e-25
-3.946603885416978819e-01 1.107735978628350348e-28 2.758607636511487258e-28 2.758607636511487258e-28 8.581985590451117796e-28
-3.946505349101581128e-01 -7.147794845179040644e-05 9.550649126872447423e-08 9.550649126872447423e-08 1.879750951287227178e-05
-3.946505349101577242e-01 -4.004990834574592614e-05 9.550649146529334566e-08 9.550649146529334566e-08 5.022554961904969559e-05
-3.933691758090677171e-01 3.840182351321746418e-29 -7.063934941248675236e-30 -7.063934941248675236e-30 9.637292154916311455e-29
-3.933691758090669954e-01 -5.601505106589177880e-29 -3.527297539079177380e-27 -3.527297539079177380e-27 1.110394969839836557e-26
-3.930932882495596914e-01 -2.286399043334832312e-05 3.204565382848046381e-08 3.204565382848046381e-08 7.426474783556357994e-06
-3.930932882495595249e-01 -2.037860846086479586e-05 3.204565352302731357e-08 3.204565352302731357e-08 9.911856756563637073e-06
-3.920927532660087866e-01 -1.361002803262107404e-28 9.567287638013757991e-29 9.567287638013757991e-29 1.743388888633478279e-28
-3.920927532660073433e-01 -3.915673606799780672e-27 -4.062831555776018761e-27 -4.062831555776018761e-27 2.082177547553928929e-26
-3.910857787850105516e-01 -3.085947592051240814e-05 6.551642219268452724e-07 6.551642219268452724e-07 5.884204209314361717e-04
-3.910857787850098854e-01 -3.435970428263234984e-04 6.551642212776668337e-07 6.551642212776668337e-07 2.756828540181012130e-04
-3.895635622696111966e-01 -2.244002448789602478e-27 -3.305499723233784708e-27 -3.305499723233784708e-27 4.812880669897940248e-28
-3.895635622696110856e-01 -2.045732304304311037e-27 -1.054586224546328102e-27 -1.054586224546328102e-27 5.906444391837135232e-28
-3.894911660706657508e-01 -5.512461392242323848e-08 4.639842952795713705e-10 4.639842952795713705e-10 3.834465725017804799e-07
-3.894911660706657508e-01 -3.293981335420867680e-07 4.639843103504106680e-10 4.639843103504106680e-10 1.091730528810425486e-07
-3.892371357514457508e-01 -9.713231923012149473e-05 3.144028338888965607e-07 3.144028338888965607e-07 2.000502037845641311e-04
-3.892371357514449737e-01 -2.333058786162957158e-04 3.144028365648720586e-07 3.144028365648720586e-07 6.387664440486263767e-05
-3.888513998888431522e-01 -1.963650958512423565e-04 3.937851211602071938e-07 3.937851211602071938e-07 1.758518252391794894e-04
-3.888513998888429857e-01 -2.430320902942785782e-04 3.937851212103073927e-07 3.937851212103073927e-07 1.291848307953354558e-04
-3.884437231950362834e-01 8.729294554317969256e-30 -1.391623958736482942e-28 -1.391623958736482942e-28 7.051049098463479748e-29
-3.884437231950354508e-01 1.357719190182379069e-27 -3.455696104029221292e-29 -3.455696104029221292e-29 1.447439603864996684e-27
-3.881348968143130129e-01 -1.385570044813906020e-28 1.730358743375023140e-28 1.730358743375023140e-28 -2.514774261078507417e-28
-3.881348968143129574e-01 -4.928370676644060030e-28 -5.347787492407619418e-28 -5.347787492407619418e-28 9.561112474498005897e-29
-3.868925337810553700e-01 -4.438960053299947396e-04 1.237341488899111006e-06 1.237341488899111006e-06 7.256744417294632744e-04
-3.868925337810549814e-01 -5.876501535237762652e-04 1.237341491064122561e-06 1.237341491064122561e-06 5.819202935328930725e-04
-3.859059071091761606e-01 3.417246672204108035e-29 7.304788253854102679e-29 7.304788253854102679e-29 8.006253591005795795e-28
-3.859059071091761051e-01 -3.295685454519295792e-27 -1.419959215862377694e-27 -1.419959215862377694e-27 8.846110736386046795e-27
-3.851158322956411140e-01 -8.206122407384359570e-06 6.447838335916395582e-08 6.447838335916395582e-08 5.274068337292119149e-05
-3.851158322956411140e-01 -2.529171089982392448e-05 6.447838338697331803e-08 6.447838338697331803e-08 3.565509488016082641e-05
-3.850019863713861623e-01 -3.013820740293296497e-28 -2.173661813377186085e-28 -2.173661813377186085e-28 1.146117906603546644e-27
-3.850019863713860513e-01 -9.812943854268602540e-29 -3.223733307167054629e-28 -3.223733307167054629e-28 1.074041371521324926e-27
-3.840951557679633810e-01 -7.266726587603234348e-27 -5.551687521106270528e-27 -5.551687521106270528e-27 9.714026685316872640e-27
-3.840951557679633810e-01 -5.600011600395181075e-29 -3.677197783354460587e-29 -3.677197783354460587e-29 3.129020895706174917e-28
-3.839618041984192431e-01 -1.582453739936610984e-26 -8.869525106517227726e-27 -8.869525106517227726e-27 3.072685193450985544e-26
-3.839618041984189656e-01 -5.893641709462782470e-28 1.558750443940908164e-28 1.558750443940908164e-28 4.171409529987829852e-28
-3.837213326183708806e-01 -1.060495539934249278e-03 2.923911434601117943e-06 2.923911434601117943e-06 1.703268891498542058e-03
-3.837213326183706585e-01 -1.298075192735109761e-04 2.923911433876643040e-06 2.923911433876643040e-06 2.633956912155643350e-03
-3.833478187385245817e-01 -3.512207102309808277e-28 7.819885206795225541e-29 7.819885206795225541e-29 3.535903503540290429e-28
-3.833478187385241376e-01 -5.333868264132372697e-28 7.876158096521228333e-30 7.876158096521228333e-30 1.908047007599401885e-28
-3.825681846884667059e-01 -2.549351527072403240e-04 1.491615613874021779e-06 1.491615613874021779e-06 1.154982443143859425e-03
-3.825681846884656512e-01 -1.121330040983004343e-03 1.491615615212734059e-06 1.491615615212734059e-06 2.885875548694635069e-04
-3.809347031026810715e-01 -1.088066802797304030e-04 2.479047089298172573e-07 2.479047089298172573e-07 1.255199161368356260e-04
-3.809347031026807384e-01 -3.380629236813594165e-05 2.479047081513977905e-07 2.479047081513977905e-07 2.005203040468805931e-04
-3.804039659842156085e-01 -3.230403195553212262e-27 5.362781714291545529e-27 5.362781714291545529e-27 4.363368187490122448e-26
-3.804039659842154419e-01 -2.589660787626818750e-28 2.360927218718866032e-28 2.360927218718866032e-28 1.333747416610047748e-28
-3.803853350585336135e-01 -1.233930594122964251e-05 7.647165100805176554e-08 7.647165100805176554e-08 5.994387818483300451e-05
-3.803853350585333915e-01 -3.305401609768683622e-06 7.647165079642799521e-08 7.647165079642799521e-08 6.897778251765789015e-05
-3.801707337404033882e-01 -6.708556981441249085e-04 1.147148406505091927e-06 1.147148406505091927e-06 4.134616735998112962e-04
-3.801707337404030551e-01 -2.558448340621273867e-04 1.147148405292072772e-06 1.147148405292072772e-06 8.284725376849436801e-04
-3.795223875380380196e-01 -1.092191260690182880e-04 1.159079493318379635e-07 1.159079493318379635e-07 3.403714050541568889e-07
-3.795223875380376866e-01 -9.945466086308688361e-05 1.159079497448567872e-07 1.159079497448567872e-07 1.010483661078541621e-05
-3.787124174564851509e-01 -2.831266387685659873e-07 5.885811995012144522e-10 5.885811995012144522e-10 2.732170835737401630e-07
-3.787124174564850954e-01 -4.828102512333387081e-07 5.885810251902229662e-10 5.885810251902229662e-10 7.353347118458752620e-08
-3.784854492290905537e-01 -4.686570506312547950e-31 3.994248077382722089e-29 3.994248077382722089e-29 2.320424090410898352e-28
-3.784854492290901651e-01 2.462660138215448830e-29 2.660246061682268089e-28 2.660246061682268089e-28 1.539292769242471824e-27
-3.780434888757807088e-01 -5.248528839065015048e-28 -4.618882093233978161e-29 -4.618882093233978161e-29 7.851238669062218083e-28
-3.780434888757804313e-01 -3.664422440760715814e-27 -5.044692586097439405e-27 -5.044692586097439405e-27 8.861922255125903124e-27
-3.769092389440927837e-01 -8.392440940708022906e-03 9.368834483339143337e-06 9.368834483339143337e-06 4.632484704349164794e-04
-3.769092389440923951e-01 -5.135183584556701417e-03 9.368834490436202009e-06 9.368834490436202009e-06 3.720505826583120779e-03
-3.763034258102715413e-01 -1.969744715597237389e-04 3.593721821854302459e-06 3.593721821854302459e-06 3.199913830331612905e-03
-3.763034258102713192e-01 -2.238177290919719786e-03 3.593721823386038724e-06 3.593721823386038724e-06 1.158711010968853632e-03
-3.753947410199792167e-01 -2.161025360781677370e-26 -1.349141299619301341e-26 -1.349141299619301341e-26 5.661693576957295016e-25
-3.753947410199791057e-01 -3.039664630921031790e-26 -1.324643043303398266e-26 -1.324643043303398266e-26 8.082324127692826761e-25
-3.753746795062391506e-01 -1.150463838580559193e-04 2.372855220928597090e-06 2.372855220928597090e-06 2.127844008158903070e-03
-3.753746795062389285e-01 -8.083582036408500744e-04 2.372855222086069307e-06 2.372855222086069307e-06 1.434532188370729036e-03
-3.752265470760658417e-01 3.392650111409258986e-27 2.989588557888288982e-26 2.989588557888288982e-26 2.270656659764659263e-25
-3.752265470760657307e-01 -1.556631559325700129e-27 -2.758880468085093189e-28 -2.758880468085093189e-28 4.433152260607637244e-27
-3.748273319015424931e-01 1.999162324616041003e-07 -3.753614712105636452e-10 -3.753614712105636452e-10 -1.548860207071220248e-07
-3.748273319015421601e-01 2.588217613490676440e-07 -3.753613582204536680e-10 -3.753613582204536680e-10 -9.598049189954456707e-08
-3.743598757619792661e-01 5.390118454481482140e-27 1.796635861046769144e-26 1.796635861046769144e-26 5.735035598205572457e-26
-3.743598757619784334e-01 -3.826831183629167118e-28 -2.810283056093274178e-29 -2.810283056093274178e-29 2.524622575459487873e-28
-3.736346915165766336e-01 -1.498006015513014561e-03 1.133936958687690167e-05 1.133936958687690167e-05 9.220289330439581515e-03
-3.736346915165756899e-01 -8.666893563587539651e-03 1.133936958000307176e-05 1.133936958000307176e-05 2.051401782351881635e-03
-3.733111259839096419e-01 -2.199757548169776667e-05 7.354126670361143138e-08 7.354126670361143138e-08 4.751572654036248766e-05
-3.733111259839090867e-01 -6.258441619616027124e-06 7.354126736207853919e-08 7.354126736207853919e-08 6.325486040487163220e-05
-3.730670486603134273e-01 -1.047923953653203804e-27 3.129200276207352679e-28 3.129200276207352679e-28 4.628785589406599311e-28
-3.730670486603133718e-01 -1.316251699757821375e-26 -7.818597447737596238e-27 -7.818597447737596238e-27 6.620606791705535939e-27
-3.727552492371185022e-01 -9.007852972040489986e-03 2.381238748838916886e-05 2.381238748838916886e-05 1.350029444433997056e-02
-3.727552492371177251e-01 -1.577851453601074316e-02 2.381238750210870042e-05 2.381238750210870042e-05 6.729632880400949341e-03
-3.722968210432923142e-01 -4.598580514755764605e-04 1.178245915396204118e-06 1.178245915396204118e-06 6.538535724518191585e-04
-3.722968210432920366e-01 -5.613410043589189786e-05 1.178245915320534642e-06 1.178245915320534642e-06 1.057577523497237396e-03
-3.721306686306713463e-01 -1.819891022984940470e-03 3.011571515680016053e-06 3.011571515680016053e-06 1.026732217605318348e-03
-3.721306686306708467e-01 -1.694954339047528586e-03 3.011571516444695375e-06 3.011571516444695375e-06 1.151668901524395723e-03
-3.714151283829863481e-01 -4.344108250850628442e-27 9.901616020089605142e-28 9.901616020089605142e-28 7.879490641208399673e-27
-3.714151283829859596e-01 -2.419170768000775308e-28 -2.401352469118349540e-28 -2.401352469118349540e-28 -1.353385638694217426e-28
-3.707757287558987036e-01 -8.997238887910914054e-28 -1.039493581146946597e-27 -1.039493581146946597e-27 4.811611481689896110e-27
-3.707757287558984260e-01 -1.261281452348377478e-28 -1.031446336304321946e-28 -1.031446336304321946e-28 1.274052741087354050e-28
-3.697753250167004069e-01 -4.346779906933964991e-06 7.449796577776621774e-09 7.449796577776621774e-09 2.694980196105481203e-06
-3.697753250166996852e-01 -6.382877730599032515e-06 7.449796643474100239e-09 7.449796643474100239e-09 6.588823726384294412e-07
-3.684398951603223837e-01 -1.623091721256334224e-29 -1.655439622074497523e-28 -1.655439622074497523e-28 -9.001383327043943328e-29
-3.684398951603221617e-01 -3.242708743178999291e-28 1.002613741422344260e-28 1.002613741422344260e-28 -1.709173722321012408e-28
-3.672254022284942576e-01 -2.893241159507480638e-04 4.169684204093685817e-07 4.169684204093685817e-07 1.048063192625320870e-04
-3.672254022284937580e-01 -1.367218843116761804e-04 4.169684191761130156e-07 4.169684191761130156e-07 2.574085509034734331e-04
-3.670650265170981030e-01 -8.459350391858851681e-27 -3.197113080506151157e-27 -3.197113080506151157e-27 9.225887539275716116e-27
-3.670650265170979365e-01 6.904910226211036674e-29 2.354152664756168661e-28 2.354152664756168661e-28 3.965356563244979776e-27
-3.656279887187336985e-01 -8.532074078036928434e-29 4.830103609942237433e-30 4.830103609942237433e-30 2.284728929720011680e-28
-3.656279887187334765e-01 -4.398772114251935848e-27 4.872186937044903716e-27 4.872186937044903716e-27 2.155630380613803838e-26
-3.654869564125314829e-01 -4.957413980732550325e-05 3.667271588441393400e-07 3.667271588441393400e-07 2.970668239676926511e-04
-3.654869564125312609e-01 -3.149004618291929001e-04 3.667271585726434164e-07 3.667271585726434164e-07 3.174050194672614492e-05
-3.653819578090559128e-01 -6.075113639055267776e-27 -3.280318950820240427e-27 -3.280318950820240427e-27 2.132592286260683242e-27
-3.653819578090554687e-01 -2.653396142131967809e-27 -1.882361650444315854e-27 -1.882361650444315854e-27 1.212811881163226003e-28
-3.648254950435534383e-01 -4.212816384455584870e-27 -4.861122396914957477e-27 -4.861122396914957477e-27 8.773089739121855670e-27
-3.648254950435525501e-01 2.008266475526660328e-29 -1.499159273018238307e-29 -1.499159273018238307e-29 -1.088668742610831102e-29
-3.640948920337053751e-01 2.392577066815784316e-27 -3.122974314430389357e-28 -3.122974314430389357e-28 7.042442594639502638e-27
-3.640948920337047645e-01 -6.236768713410214364e-29 -7.749903243622244672e-29 -7.749903243622244672e-29 2.175900047036482313e-28
-3.127042531881008697e-02 5.805538789987201714e-02 -6.406528369775376969e-05 -6.406528369775376969e-05 -2.500944389591828153e-03
-3.127042531880996901e-02 1.548724010840167977e-03 -6.406528369725547037e-05 -6.406528369725547037e-05 -5.900760827856443153e-02
-2.645584656163355031e-02 5.493878420746279717e-29 3.765457460237119164e-29 3.765457460237119164e-29 -2.985569449743052271e-29
-2.645584656163341500e-02 1.547753819203290195e-27 -2.143552345979478579e-28 -2.143552345979478579e-28 -1.437135114586392300e-28
-2.302842127286164331e-02 6.600112138872654822e-26 -3.010811302933918121e-27 -3.010811302933918121e-27 -2.107625470875742112e-26
-2.302842127286143514e-02 9.157686098655696404e-27 -1.555608335367825954e-27 -1.555608335367825954e-27 -4.363081275615966531e-27
-2.287527676686160194e-02 2.905530992305930052e-02 -3.659173075587803751e-03 -3.659173075587803751e-03 -3.429699383372665888e+00
-2.287527676686146663e-02 3.440639519655986689e+00 -3.659173075579572922e-03 -3.659173075579572922e-03 -1.811517363958272189e-02
-2.085384609460276539e-02 1.875195931257504996e-28 1.125261829274471854e-27 1.125261829274471854e-27 -4.827175977064655932e-26
-2.085384609460250172e-02 3.921923870709062986e-26 5.111390086609264264e-27 5.111390086609264264e-27 -7.293139640900230196e-26
-2.001731430067172496e-02 5.285553880072187960e-01 -5.259386049510170746e-01 -5.259386049510170746e-01 -4.966036055340060784e+02
-2.001731430067142312e-02 4.965365742686137196e+02 -5.259386049510584860e-01 -5.259386049510584860e-01 -5.955866534006495350e-01
-1.639978855232052460e-02 6.973454342779338289e-01 -7.441331252668701313e-04 -7.441331252668701313e-04 -6.030406737735785963e-03
-1.639978855232038235e-02 6.922712478414720302e-03 -7.441331252712368640e-04 -7.441331252712368640e-04 -6.964531285372687064e-01
-1.142944957899865929e-02 1.125951167810619646e-27 -1.735333805321334255e-28 -1.735333805321334255e-28 -6.087359627414151943e-27
-1.142944957899842337e-02 1.712298736286815139e-26 2.149574476092788370e-28 2.149574476092788370e-28 -2.938130531056726011e-29
-8.048824077775733332e-03 2.676382584605917714e+00 -2.945845102811148804e-03 -2.945845102811148804e-03 -1.081141758698962452e-01
-8.048824077775481797e-03 1.140962483026194824e-01 -2.945845102759555526e-03 -2.945845102759555526e-03 -2.670400512173554564e+00
6.486554464646002716e-01 -1.685424027117957161e-25 2.099781588005405778e-28 2.099781588005405778e-28 1.390395444691217462e-26
6.486554464646002716e-01 -2.521543907503871318e-26 3.962625400512129638e-29 3.962625400512129638e-29 1.711387133476418925e-27
