-1.683431662330811263e-01 6.068565223726338827e-04 6.509608312351156970e-07 6.509608312351156970e-07 -1.195432314791382836e-04
-1.683431662330796275e-01 1.161996461179632534e-04 6.509608310837771673e-07 6.509608310837771673e-07 -6.102001077337283839e-04
-1.673731768903427841e-01 -1.316893070774532781e-28 6.287393431246452267e-29 6.287393431246452267e-29 8.591573814270494411e-28
-1.673731768903419792e-01 -4.538086963861219309e-28 -8.865411495108034797e-29 -8.865411495108034797e-29 2.470452577860339207e-28
-1.667120327310972205e-01 -1.749854636152692687e-27 1.278936917608248594e-28 1.278936917608248594e-28 4.054962069639745825e-28
-1.667120327310968320e-01 -1.327393645828916359e-28 2.491659952940691976e-29 2.491659952940691976e-29 9.796579170900536397e-29
-1.659872490552846969e-01 -1.280545331161753271e-27 1.280203479331476168e-28 1.280203479331476168e-28 5.688172373525633971e-28
-1.659872490552842805e-01 -9.591729103435990326e-28 -1.310440800803877964e-29 -1.310440800803877964e-29 2.060764907473445339e-28
-1.656616628857458251e-01 -1.089848049204435980e-27 1.025690233473417987e-28 1.025690233473417987e-28 3.413085707120402378e-28
-1.656616628857446871e-01 -9.579790667384707966e-28 7.325699789422566639e-29 7.325699789422566639e-29 1.287528461028250685e-27
-1.652066261497279198e-01 -3.827196451795148325e-03 -5.324826444595277849e-06 -5.324826444595277849e-06 2.114716537513828144e-03
-1.652066261497268096e-01 -2.204893452807199592e-03 -5.324826444456745610e-06 -5.324826444456745610e-06 3.737019536506013071e-03
-1.650368037027292178e-01 -2.040097776044736678e-27 -3.246406899621444721e-28 -3.246406899621444721e-28 1.217421372891990838e-27
-1.650368037027292178e-01 -2.753941460837438430e-26 -1.531204024232116860e-27 -1.531204024232116860e-27 1.447637273346585239e-26
-1.633244484853768330e-01 -3.188226796223336346e-04 -6.481215350087511927e-07 -6.481215350087511927e-07 4.044087360890916247e-04
-1.633244484853760559e-01 -4.058800310329788771e-04 -6.481215351083850313e-07 -6.481215351083850313e-07 3.173513846781216637e-04
-1.619402110595135613e-01 -2.430844901720955742e-01 -3.364606736810060684e-04 -3.364606736810060684e-04 1.323681312854185776e-01
-1.619402110595133393e-01 -8.143830902357887536e-02 -3.364606736800824908e-04 -3.364606736800824908e-04 2.940143124339226754e-01
-1.617549455097022360e-01 -6.943570632881954072e-25 -3.696478613192100869e-27 -3.696478613192100869e-27 1.096957711393558191e-24
-1.617549455097006816e-01 -2.644744150320700441e-25 1.397515770502507034e-27 1.397515770502507034e-27 1.842559921694849273e-25
-1.599013153076558613e-01 -5.890928678280851760e-03 -1.657796712843549999e-05 -1.657796712843549999e-05 1.260823542457129368e-02
-1.599013153076555283e-01 -1.351413391709933680e-02 -1.657796712694220801e-05 -1.657796712694220801e-05 4.985030185748915051e-03
-1.596189746036634771e-01 1.139014714164762960e-04 2.292678952865594268e-07 2.292678952865594268e-07 -1.419359526578395662e-04
-1.596189746036630053e-01 1.128082560128074651e-04 2.292678941938858396e-07 2.292678941938858396e-07 -1.430291680613774254e-04
-1.590103602553316064e-01 -1.051430245423492093e-27 -3.333217564075147711e-28 -3.333217564075147711e-28 6.514789146732574677e-28
-1.590103602553311346e-01 -1.103091822312771216e-27 -1.120892172726130381e-28 -1.120892172726130381e-28 1.352078440495264022e-27
-1.588743646854096914e-01 -1.946126238754205257e-27 -1.749895127784260340e-28 -1.749895127784260340e-28 6.680547717277757795e-27
-1.588743646854093861e-01 -3.752803680883467647e-28 6.174054383210950396e-29 6.174054383210950396e-29 2.309876793630756317e-28
-1.556788381637622121e-01 -3.135395489659657543e-28 -6.586152231177048387e-30 -6.586152231177048387e-30 2.925394852963092798e-28
-1.556788381637596586e-01 -1.093463309619371073e-26 -3.804774688532122141e-28 -3.804774688532122141e-28 1.068075203277265057e-27
-1.551104418670559149e-01 -1.101764182640841382e-02 -1.237679918214306685e-05 -1.237679918214306685e-05 2.793486965971153299e-03
-1.551104418670553320e-01 -2.393805905757247134e-03 -1.237679918118468465e-05 -1.237679918118468465e-05 1.141732288660679724e-02
-1.549558351459911498e-01 -1.067850634750445310e-03 -1.211248648367297642e-06 -1.211248648367297642e-06 2.837678937341115478e-04
-1.549558351459911221e-01 -1.080490238855141751e-03 -1.211248647838616946e-06 -1.211248647838616946e-06 2.711282896065826220e-04
-1.539548439794476420e-01 -2.802035616829337088e-27 -9.457803984339872118e-28 -9.457803984339872118e-28 -3.209286417929418215e-27
-1.539548439794459767e-01 3.432045383916026630e-28 -1.419432970861886802e-28 -1.419432970861886802e-28 -5.633911315134871094e-29
-1.538418384964564123e-01 4.112957526349942565e-05 6.792026784410880866e-08 6.792026784410880866e-08 -3.466187554150694945e-05
-1.538418384964550245e-01 3.508505645716525069e-05 6.792026818917507594e-08 6.792026818917507594e-08 -4.070639434805915069e-05
-1.517481339246383176e-01 -4.189815293099958746e-03 -1.069961592833553451e-05 -1.069961592833553451e-05 7.749763870993116831e-03
-1.517481339246375682e-01 -7.515794545339580905e-03 -1.069961592962215384e-05 -1.069961592962215384e-05 4.423784618761491746e-03
-1.497826532410914679e-01 -5.665046226066025804e-27 5.271085496409872709e-29 5.271085496409872709e-29 5.619857628807331907e-28
-1.497826532410899414e-01 -4.530893297875603088e-27 -2.311115612486590798e-28 -2.311115612486590798e-28 1.317238837119446585e-27
-1.496480334243560917e-01 -1.124268377605998001e-03 -1.030054585436346903e-06 -1.030054585436346903e-06 2.515776566264733824e-05
-1.496480334243553700e-01 -3.452304524640339994e-05 -1.030054584325732973e-06 -1.030054584325732973e-06 1.114903098025653554e-03
-1.484826557098979372e-01 -6.153105685757433967e-26 3.848925927817510793e-26 3.848925927817510793e-26 8.816519683731730202e-26
-1.484826557098974931e-01 -4.734826534231762611e-26 -1.033531244995341326e-26 -1.033531244995341326e-26 2.157377321661848336e-27
-1.480141130190061327e-01 -8.143687728548001589e-03 -7.833849969755448783e-05 -7.833849969755448783e-05 7.927334901115980215e-02
-1.480141130190058829e-01 -7.927676323937321579e-02 -7.833849969926665990e-05 -7.833849969926665990e-05 8.140273500408098592e-03
-1.477972681632270802e-01 -4.432561593956961592e-26 1.156918290748644873e-26 1.156918290748644873e-26 2.138735390203160758e-27
-1.477972681632267749e-01 -4.725572451746623301e-26 -2.039856596368927639e-26 -2.039856596368927639e-26 3.257559171394373515e-26
-1.472750019931289844e-01 3.514540370508133314e-04 4.767873759665013099e-07 4.767873759665013099e-07 -1.805875393979573004e-04
-1.472750019931279020e-01 1.666115876283270414e-04 4.767873685189329927e-07 4.767873685189329927e-07 -3.654299888113911798e-04
-1.467835847767078039e-01 -8.271198372289681466e-02 -1.135890606469628608e-04 -1.135890606469628608e-04 4.404075120969655477e-02
-1.467835847767075819e-01 -8.246976812575083915e-02 -1.135890606594734426e-04 -1.135890606594734426e-04 4.428296680682030501e-02
-1.450365786647313804e-01 -2.771341091625972627e-26 -3.654611080346669803e-28 -3.654611080346669803e-28 1.044218114471761039e-26
-1.450365786647304644e-01 -2.495576341636542537e-27 1.067460359708886569e-27 1.067460359708886569e-27 2.054373086645933261e-27
-1.446901614624782062e-01 -8.215306800489450016e-26 -3.332339183232159887e-27 -3.332339183232159887e-27 2.811244084226937896e-26
-1.446901614624767629e-01 -1.827920242903131100e-29 -1.446306334154127014e-28 -1.446306334154127014e-28 9.283371912084337157e-27
-1.440353756404022800e-01 -1.014173082761769330e-04 -3.087846699137198369e-07 -3.087846699137198369e-07 2.431519749167673956e-04
-1.440353756404020025e-01 -2.613441104155663896e-04 -3.087846681551033614e-07 -3.087846681551033614e-07 8.322517279617488756e-05
-1.412580414885365454e-01 -8.194111757916837831e-24 -1.233481308176377357e-26 -1.233481308176377357e-26 3.896086800507942155e-24
-1.412580414885346580e-01 -1.000221088265617554e-25 -7.408424569879635575e-28 -7.408424569879635575e-28 1.793230069174861025e-25
-1.403992307685883734e-01 -1.741968036088831084e+01 -4.292986530844357385e-02 -4.292986530844357385e-02 3.048526583258410483e+01
-1.403992307685876795e-01 -3.020332391552487294e+01 -4.292986530846032434e-02 -4.292986530846032434e-02 1.770162227794912013e+01
-1.383674532746754782e-01 -4.049812672235487687e-01 -7.243405089161784795e-04 -7.243405089161784795e-04 4.033020305801182648e-01
-1.383674532746742847e-01 -4.140740919985905766e-01 -7.243405089488750897e-04 -7.243405089488750897e-04 3.942092058050981063e-01
-1.375576197299785697e-01 -4.956115320213061448e-02 -2.138742068498095984e-04 -2.138742068498095984e-04 1.890986305639962561e-01
-1.375576197299772929e-01 -1.821782730861436217e-01 -2.138742068455352669e-04 -2.138742068455352669e-04 5.648151068015507675e-02
-1.373522283289471124e-01 -1.475260318886479920e-25 4.189785479941305900e-27 4.189785479941305900e-27 4.414005365725053409e-27
-1.373522283289463908e-01 -3.501828002295663773e-25 1.932366895800076098e-27 1.932366895800076098e-27 6.343385367642652988e-25
-1.360955231015735789e-01 -1.402784604504828945e-24 4.607934853903549413e-27 4.607934853903549413e-27 2.978691772428801511e-25
-1.360955231015727740e-01 -7.319949898792255040e-26 -1.446568838351565704e-27 -1.446568838351565704e-27 2.434346263133883475e-26
-1.357945869558920549e-01 -2.534953660932289132e+00 -2.519638067524454170e-03 -2.519638067524454170e-03 2.766816699693521175e-01
-1.357945869558909724e-01 -2.859097361053007380e-01 -2.519638067512862747e-03 -2.519638067512862747e-03 2.525725594789395956e+00
-1.354350493308262848e-01 -4.213805596177054191e+00 -5.663327974545197263e-03 -5.663327974545197263e-03 2.105837383070721547e+00
-1.354350493308257297e-01 -2.023732580011181614e+00 -5.663327974563895847e-03 -5.663327974563895847e-03 4.295910399242810485e+00
-1.343241648959825063e-01 -2.419645354693686689e-26 1.091862175784937313e-28 1.091862175784937313e-28 2.906037707135498618e-27
-1.343241648959818124e-01 -5.987707059210312227e-27 5.137004959027422824e-28 5.137004959027422824e-28 6.912348713864517013e-27
-1.338976702263098839e-01 -1.742495893518882012e-27 -9.690797634340681530e-29 -9.690797634340681530e-29 2.799436323882886521e-28
-1.338976702263095508e-01 -9.859134479824018224e-26 1.233903890757698708e-27 1.233903890757698708e-27 9.882392996671179202e-27
-1.324602804227772435e-01 -3.802851241897107726e-26 9.859517223142461914e-28 9.859517223142461914e-28 2.586445883254091066e-27
-1.324602804227770769e-01 -7.339131866127352557e-26 -4.054831091184194821e-28 -4.054831091184194821e-28 4.358299107563706412e-26
-1.315395499589546435e-01 -9.463254815063405767e-02 -8.631790148191248197e-05 -8.631790148191248197e-05 1.688611868841861322e-03
-1.315395499589538109e-01 -7.596281134196523985e-04 -8.631790147582948437e-05 -8.631790147582948437e-05 9.556153190595846614e-02
-1.304046670428552768e-01 -1.222729772852755989e-26 1.509097617839381489e-27 1.509097617839381489e-27 4.669506116089955246e-27
-1.304046670428545274e-01 -6.048385215178842601e-27 1.141887214118355007e-28 1.141887214118355007e-28 6.922994203605075201e-27
-1.300168520119366344e-01 -7.838525700651176637e-27 -3.777482713760124093e-30 -3.777482713760124093e-30 1.816685138128269682e-27
-1.300168520119350524e-01 -2.856193164940626654e-27 1.158116456369517980e-27 1.158116456369517980e-27 2.051945341062425098e-26
-1.290379333179922094e-01 -1.922657118717462943e-27 -2.054910677976665470e-28 -2.054910677976665470e-28 5.104712314599912569e-27
-1.290379333179902388e-01 -1.073062121438210982e-27 6.570081347459837373e-29 6.570081347459837373e-29 8.834566516777263685e-29
-1.275792323757540536e-01 -7.002588035672335440e-03 -7.683064096880710514e-06 -7.683064096880710514e-06 1.570855405445576976e-03
-1.275792323757528601e-01 -1.459229384978056199e-03 -7.683064096122434761e-06 -7.683064096122434761e-06 7.114214056153629270e-03
-1.266054657351250445e-01 -3.898704423342899683e-27 1.906214666138317554e-28 1.906214666138317554e-28 7.499314935787239604e-27
-1.266054657351244894e-01 -1.861543185347126269e-27 2.081802170965383522e-27 2.081802170965383522e-27 2.977984559647811468e-25
-1.262385328748990010e-01 -4.329199340961620290e-02 -3.933220595616047390e-05 -3.933220595616047390e-05 5.983658181329930010e-04
-1.262385328748978075e-01 -8.898270832948259419e-04 -3.933220595549762657e-05 -3.933220595549762657e-05 4.300053214445333921e-02
-1.237512199791457324e-01 -2.534616525958161958e-03 -4.670489166696595118e-06 -4.670489166696595118e-06 2.677128970190801368e-03
-1.237512199791448303e-01 -2.260337584162026760e-03 -4.670489165843660046e-06 -4.670489165843660046e-06 2.951407911988614043e-03
-1.211696031139388730e-01 -1.672227796831673649e-03 -4.832249389235201133e-06 -4.832249389235201133e-06 3.720024084711584262e-03
-1.211696031139383734e-01 -3.737352314549261846e-03 -4.832249389327110985e-06 -4.832249389327110985e-06 1.654899566998552316e-03
-1.204942324153767952e-01 -1.134749715412459624e-27 1.023402386628717626e-28 1.023402386628717626e-28 2.905472497391534882e-29
-1.204942324153761984e-01 -7.515452507312503261e-27 -7.344348640640540386e-28 -7.344348640640540386e-28 5.646503617746240056e-27
-1.192269711818320643e-01 -4.497448584722424597e-26 -4.232453079606535687e-27 -4.232453079606535687e-27 4.210996803536772566e-25
-1.192269711818297329e-01 -2.368444062702159816e-25 8.934168028754990114e-27 8.934168028754990114e-27 2.365435316448993458e-26
-1.191599626768669040e-01 -1.113296236673325308e-04 -6.818333875390917316e-06 -6.818333875390917316e-06 7.497171243703542112e-03
-1.191599626768667236e-01 -6.981566667642444615e-03 -6.818333873912384884e-06 -6.818333873912384884e-06 6.269341997251214223e-04
-1.184034075947584114e-01 -9.666664168651665175e-28 -3.229076267815379548e-28 -3.229076267815379548e-28 1.843923514725660492e-27
-1.184034075947560383e-01 -2.576113566308250617e-28 -3.646174245864975806e-29 -3.646174245864975806e-29 1.910581291158983958e-28
-1.170820543564719957e-01 2.009253777637093620e-06 3.553414348848207990e-07 3.553414348848207990e-07 -3.945121960892962964e-04
-1.170820543564715654e-01 3.943119252457461758e-04 3.553414376773459658e-07 3.553414376773459658e-07 -2.209524627095297405e-06
-1.162365772769080458e-01 -5.492164243308726365e-03 -8.458739100307228131e-06 -8.458739100307228131e-06 3.946846071958486427e-03
-1.162365772769058114e-01 -3.932218652774949023e-03 -8.458739103301518399e-06 -8.458739103301518399e-06 5.506791662493711395e-03
-1.150889155095138755e-01 -8.232110471300781708e-26 -3.923743966359242497e-28 -3.923743966359242497e-28 2.912118494462347226e-25
-1.150889155095122102e-01 -6.398610633517462869e-25 1.004559127339076828e-26 1.004559127339076828e-26 1.379319320948388959e-25
-1.149782077696139271e-01 -7.351681858223075607e-03 -7.383117600800678205e-06 -7.383117600800678205e-06 8.870547151402678266e-04
-1.149782077696130250e-01 -7.125635904066812687e-04 -7.383117601454395363e-06 -7.383117601454395363e-06 7.526172982958104045e-03
-1.140958056311348334e-01 4.158858735499463416e-02 5.614946371607154119e-04 5.614946371607154119e-04 -5.849768627804027288e-01
-1.140958056311315721e-01 5.850827337915797122e-01 5.614946371598646385e-04 5.614946371598646385e-04 -4.148271634381978795e-02
-1.121335984274043907e-01 -5.404064729387094215e-03 -5.949694439217943930e-06 -5.949694439217943930e-06 1.235131315056283569e-03
-1.121335984274027947e-01 -1.094090591311345628e-03 -5.949694438394699056e-06 -5.949694438394699056e-06 5.545105453135037998e-03
-1.110161714856973264e-01 -1.872094523935124660e-27 1.481576795606094350e-28 1.481576795606094350e-28 1.584413794694760064e-28
-1.110161714856954113e-01 4.235889156403826250e-28 1.164226198786584138e-28 1.164226198786584138e-28 -3.933679091988217821e-29
-1.093431101011792944e-01 1.764979243149514289e-27 -7.275357363496054910e-28 -7.275357363496054910e-28 3.214328622382284341e-28
-1.093431101011775319e-01 4.247959399405504765e-28 1.471320279452276957e-28 1.471320279452276957e-28 7.348631159918724759e-29
-1.070434630405578263e-01 -5.500762286805094872e-29 2.972705596572725732e-29 2.972705596572725732e-29 -2.407168057698409593e-30
-1.070434630405559667e-01 -4.826838576413797370e-28 -9.151209843634408054e-29 -9.151209843634408054e-29 1.746576836712357692e-28
-1.056800696662851674e-01 -6.970845456848756740e-28 -3.427519413697008664e-29 -3.427519413697008664e-29 2.360029917065399830e-28
-1.056800696662850980e-01 -3.878270254856581679e-28 -4.430206480352185401e-29 -4.430206480352185401e-29 1.443061918617969403e-28
-1.041743058756165879e-01 -8.598786345594770439e-03 -9.325742709046681839e-06 -9.325742709046681839e-06 1.807703389609008598e-03
-1.041743058756148532e-01 -1.815416983203836524e-03 -9.325742707920309284e-06 -9.325742707920309284e-06 8.591072752002137589e-03
-1.034022776782715231e-01 -9.178376158004421015e-28 -3.252076754034495059e-28 -3.252076754034495059e-28 2.804101151690612085e-27
-1.034022776782712594e-01 -2.691495524617251501e-27 1.350046924766572003e-27 1.350046924766572003e-27 -1.534839844636567488e-28
-1.020061140714017267e-01 -5.181106061911303767e-03 -6.908213406065837242e-06 -6.908213406065837242e-06 2.527690349814187137e-03
-1.020061140714008385e-01 -2.543256024484074739e-03 -6.908213402764500919e-06 -6.908213402764500919e-06 5.165540387245213909e-03
-1.016339473246964525e-01 5.063902628334650702e-04 8.596319171602016122e-07 8.596319171602016122e-07 -4.528631756328036742e-04
-1.016339473246948982e-01 4.550468995422702278e-04 8.596319149674738691e-07 8.596319149674738691e-07 -5.042065389222054632e-04
-1.011767404700745082e-01 -3.777619076946961219e-28 -2.931986588564480717e-29 -2.931986588564480717e-29 -4.316633869470703244e-29
-1.011767404700742862e-01 -8.350738234948086915e-28 -2.275053616619802514e-28 -2.275053616619802514e-28 -2.859396546598274712e-28
-9.958521070223844140e-02 -3.312818463438535629e-04 -4.285113764911512881e-05 -4.285113764911512881e-05 4.748581305102572703e-02
-9.958521070223839977e-02 -4.779824794155703577e-02 -4.285113764915027729e-05 -4.285113764915027729e-05 1.884695580183550420e-05
-9.958521070223685934e-02 -6.377566389318317479e-03 -4.285113764780363043e-05 -4.285113764780363043e-05 4.143952850804499127e-02
-9.958521070223645688e-02 -4.212682885318028841e-02 -4.285113764964606261e-05 -4.285113764964606261e-05 5.690266044176705944e-03
-9.888852503310457953e-02 -2.072969304080752832e-27 -1.522547440583705336e-27 -1.522547440583705336e-27 1.471882368945191208e-26
-9.888852503310424646e-02 4.611562957649282675e-28 -1.174562460954581684e-27 -1.174562460954581684e-27 3.632401026442428570e-27
-9.713946047549432139e-02 3.259299382547325777e-29 -1.020066177843526828e-29 -1.020066177843526828e-29 -1.319051662118308786e-29
-9.713946047549354423e-02 1.772875834614230188e-28 2.996351416151405422e-29 2.996351416151405422e-29 5.919044415643093650e-30
-9.576336904968463237e-02 -5.496777903636736940e-26 6.650153806838658562e-28 6.650153806838658562e-28 1.220181993224433271e-26
-9.576336904968400787e-02 -2.381229102074935278e-27 2.822885450791871859e-28 2.822885450791871859e-28 6.918944646105964618e-27
-9.548236401814182150e-02 -9.473839692259929677e-04 -4.933933085822665448e-06 -4.933933085822665448e-06 4.558335587373963868e-03
-9.548236401814066965e-02 -4.570814524647177565e-03 -4.933933085782383949e-06 -4.933933085782383949e-06 9.349050319516258962e-04
-9.388860734203895164e-02 -6.308179405732191464e-03 -7.319208042207619954e-06 -7.319208042207619954e-06 1.859241221978975974e-03
-9.388860734203871572e-02 -2.458396849854833921e-03 -7.319208042538111035e-06 -7.319208042538111035e-06 5.709023777857754472e-03
-9.106718460899458634e-02 -7.508018635211673631e-07 -6.954484701305328650e-09 -6.954484701305328650e-09 7.009628104401050691e-06
-9.106718460899417000e-02 -6.871011819916501232e-06 -6.954484580994052607e-09 -6.954484580994052607e-09 8.894181493182606541e-07
-9.082539497436648013e-02 1.527426258141432189e-03 8.127379619746369192e-06 8.127379619746369192e-06 -7.541823799824280174e-03
-9.082539497436604992e-02 7.678090768014714587e-03 8.127379621025536326e-06 8.127379621025536326e-06 -1.391159289955932630e-03
-8.837257030155808157e-02 2.879636880734871218e-28 -3.222673047873785904e-28 -3.222673047873785904e-28 -1.632940203638314721e-28
-8.837257030155619419e-02 1.897690290753625677e-28 -3.488367866053922584e-28 -3.488367866053922584e-28 -2.784970290992843903e-27
-8.614345876268593438e-02 7.461492568183593457e-28 -8.111330779513963921e-30 -8.111330779513963921e-30 -3.194572985111055465e-28
-8.614345876268530988e-02 4.885266404999641779e-26 9.429922928524474174e-29 9.429922928524474174e-29 -1.254111088714769308e-26
-8.583250370283324049e-02 9.482146842640740982e-05 6.442939672192639019e-05 6.442939672192639019e-05 -7.180120618428989521e-02
-8.583250370283170005e-02 7.179328799186177057e-02 6.442939672546994236e-05 6.442939672546994236e-05 -1.027396609368280337e-04
-8.582582174660709218e-02 5.211708317356473576e-26 1.067795737294000042e-25 1.067795737294000042e-25 -1.354879373373987977e-22
-8.582582174660473295e-02 7.924150157256076120e-22 6.387328851713285832e-25 6.387328851713285832e-25 -8.135231134461151968e-25
-8.465659868191312276e-02 2.141597629237313469e-27 -4.751225378825095074e-28 -4.751225378825095074e-28 -1.462990830556237595e-26
-8.465659868191226234e-02 4.456470077229009223e-25 3.715371631541388361e-27 3.715371631541388361e-27 -4.216485278578426876e-25
-8.435536279122746173e-02 8.666845287801280273e-01 1.979174006609034277e-03 1.979174006609034277e-03 -1.341853131723300896e+00
-8.435536279122668457e-02 1.399102689044298575e+00 1.979174006611448579e-03 1.979174006611448579e-03 -8.094349714592147249e-01
-8.123309552562925362e-02 1.489614598165978293e-27 8.571388958742853157e-28 8.571388958742853157e-28 1.326303129908806954e-27
-8.123309552562867075e-02 -3.223056672459240191e-27 -1.853667089326175769e-28 -1.853667089326175769e-28 2.368937753334074518e-27
-8.083450925353846683e-02 -4.055700724420827769e-03 -6.575758134569036485e-06 -6.575758134569036485e-06 3.282112645281647784e-03
-8.083450925353630190e-02 -3.286863765139502649e-03 -6.575758129906817218e-06 -6.575758129906817218e-06 4.050949604563485948e-03
-7.991186238898316530e-02 -6.015828558577880972e-04 -1.252260668991933715e-06 -1.252260668991933715e-06 7.958005152153390781e-04
-7.991186238898105587e-02 -8.145139238540459979e-04 -1.252260667572229415e-06 -1.252260667572229415e-06 5.828694472209795070e-04
-7.952342536655013228e-02 -1.027127976834647126e-28 -6.048862011500082870e-28 -6.048862011500082870e-28 -8.606306422658275451e-28
-7.952342536654971594e-02 2.749191663296837183e-30 -6.644900596674922915e-28 -6.644900596674922915e-28 5.287557554549159851e-28
-7.516739516969404844e-02 -1.097257786338417749e-28 -3.692035631421767235e-30 -3.692035631421767235e-30 -2.107410311935517740e-28
-7.516739516969245249e-02 -1.163123729899009253e-28 -2.535467461578634028e-29 -2.535467461578634028e-29 9.694801572509683088e-29
-7.285625457139315031e-02 -3.613876773915874335e-03 -3.270466274369757112e-06 -3.270466274369757112e-06 3.559917573081062268e-05
-7.285625457139219274e-02 -2.017203796104532061e-05 -3.270466274665973851e-06 -3.270466274665973851e-06 3.629303911681769964e-03
-7.171154346966812643e-02 -2.361608803157460093e-02 -2.248340895188938261e-05 -2.248340895188938261e-05 1.472891131503116166e-03
-7.171154346966807092e-02 -9.886399737916946873e-03 -2.248340894624181076e-05 -2.248340894624181076e-05 1.520257942517550497e-02
-7.099374454662885081e-02 1.010707294333573758e-02 2.485337101218102387e-05 2.485337101218102387e-05 -1.762651980945825064e-02
-7.099374454662842060e-02 1.806117849773707790e-02 2.485337101676973677e-05 2.485337101676973677e-05 -9.672414255042760187e-03
-7.053157296166157053e-02 9.185415418654495763e-28 -1.492656638754215268e-28 -1.492656638754215268e-28 -5.724038422327955641e-28
-7.053157296166080725e-02 5.918503936137852143e-28 -3.647701154433751284e-28 -3.647701154433751284e-28 2.106783246865148190e-28
-6.978789397479842616e-02 -6.462981186899493857e-25 -1.000277232143631156e-27 -1.000277232143631156e-27 1.857242848900179636e-25
-6.978789397479709389e-02 -1.320182066822047049e-26 -1.102528876047809560e-26 -1.102528876047809560e-26 2.730602544316750041e-25
-6.973211391137747184e-02 -2.825453052143420477e-02 -2.987851559757885049e-05 -2.987851559757885049e-05 5.086563650936925564e-03
-6.973211391137623671e-02 -5.087949861679310834e-03 -2.987851559750613102e-05 -2.987851559750613102e-05 2.825314431069544940e-02
-6.820878402926898454e-02 -4.016531551010195204e-03 -5.272893346854944397e-06 -5.272893346854944397e-06 1.867429890631133174e-03
-6.820878402926774942e-02 -1.859780284533111595e-03 -5.272893349505039439e-06 -5.272893349505039439e-06 4.024181157104717195e-03
-6.606604719403913473e-02 1.247882088878398515e-28 2.359337941285088144e-30 2.359337941285088144e-30 1.697019088811336194e-29
-6.606604719403899595e-02 -1.075032487722410633e-28 -1.370529963352213170e-29 -1.370529963352213170e-29 -3.491642988478467360e-31
-6.465940751920258578e-02 2.075846018816130418e-28 1.526288352901841719e-28 1.526288352901841719e-28 8.201597380428187996e-29
-6.465940751920208618e-02 3.239691375091570484e-29 6.316965158680189358e-30 6.316965158680189358e-30 -3.691302354371013430e-29
-5.963540836640549708e-02 4.936874370922012673e-03 2.252553967253121585e-04 2.252553967253121585e-04 -2.464230491282720648e-01
-5.963540836640546933e-02 3.850399220836638742e-02 2.252553967253022110e-04 2.252553967253022110e-04 -2.128559312908399059e-01
-5.927314807502753052e-02 1.434943574132760338e-26 -7.512589793705205447e-29 -7.512589793705205447e-29 -6.608382814991381507e-26
-5.927314807502699623e-02 2.348673859998415148e-26 -1.713540524283695542e-28 -1.713540524283695542e-28 -1.473076136793647595e-27
-5.824669294783396678e-02 1.021918812710570760e-27 1.445887894525481562e-28 1.445887894525481562e-28 -1.583874446888592425e-27
-5.824669294783284962e-02 2.235412471058597780e-28 -5.637660440783713039e-29 -5.637660440783713039e-29 -1.092834760329772796e-28
-5.627116731988057730e-02 2.719838414562665450e-27 -4.309780513948557726e-28 -4.309780513948557726e-28 -4.834643285367937972e-27
-5.627116731988046627e-02 3.248480352377157776e-27 -7.109224427397806861e-28 -7.109224427397806861e-28 -3.404024209594644864e-27
-5.490730784369651091e-02 8.673190404891525929e-02 7.185436285982922146e-03 7.185436285982922146e-03 -7.931414348754296739e+00
-5.490730784369581008e-02 7.934188554884182842e+00 7.185436285989924357e-03 7.185436285989924357e-03 -8.395769792155635680e-02
-5.419341963992688194e-02 8.219773846733523515e-01 6.035590869841230693e-03 6.035590869841230693e-03 -5.913069506071404469e+00
-5.419341963992638928e-02 5.999849999798208877e+00 6.035590869830104177e-03 6.035590869830104177e-03 -7.351968909440209643e-01
-5.404473857499640654e-02 2.103720809907343141e-24 3.366525987995484356e-28 3.366525987995484356e-28 -1.080584029464141713e-24
-5.404473857499621225e-02 2.949494642586708228e-25 1.291660101316707688e-26 1.291660101316707688e-26 -1.212656942785185762e-24
-5.288340913237622731e-02 -1.112642716450025666e-02 -1.166553948850970339e-05 -1.166553948850970339e-05 1.891015063929706594e-03
-5.288340913237584567e-02 -1.659759572197987360e-03 -1.166553948476786928e-05 -1.166553948476786928e-05 1.135768265623250672e-02
-5.058515732786587893e-02 2.159917801990079642e-02 2.287503844616185981e-05 2.287503844616185981e-05 -3.926816017664097255e-03
-5.058515732786490748e-02 2.271510956263675038e-03 2.287503844561181694e-05 2.287503844561181694e-05 -2.325448308132481781e-02
-4.799523208163886806e-02 5.103801281709316462e-02 5.603587620227750983e-05 5.603587620227750983e-05 -1.149178118857991683e-02
-4.799523208163825050e-02 3.610069696644378767e-02 5.603587620400819465e-05 5.603587620400819465e-05 -2.642909703922577402e-02
-4.466738491408091954e-02 1.407874421660363623e-27 -2.496338277824647389e-28 -2.496338277824647389e-28 -2.585300631759327079e-28
-4.466738491408073913e-02 5.426536493768535688e-29 -8.528342554807452093e-29 -8.528342554807452093e-29 -1.148612570623863042e-28
-4.130365658084651087e-02 -1.502584611153542189e-30 -1.155421130786234402e-28 -1.155421130786234402e-28 -9.375381264015134493e-29
-4.130365658084604596e-02 -5.008576291413758052e-28 -7.788081299764292246e-29 -7.788081299764292246e-29 1.092790704104780739e-27
-4.063403105287377581e-02 -2.778190064034861614e-02 -2.817572500261354761e-05 -2.817572500261354761e-05 3.659068961805420593e-03
-4.063403105287338030e-02 -3.367797994113760126e-03 -2.817572500198782065e-05 -2.817572500198782065e-05 2.807317160804003939e-02
-3.907571679252461183e-02 -4.946350569732146913e-29 1.801104076221606796e-29 1.801104076221606796e-29 -8.049510412212182009e-29
-3.907571679252393182e-02 1.082475971216626122e-27 -1.624128247296027420e-28 -1.624128247296027420e-28 6.133398716681451934e-29
-3.827634559158279298e-02 2.582716025350345385e-28 -2.737516039488073821e-28 -2.737516039488073821e-28 -2.377114768182930382e-28
-3.827634559158261951e-02 -1.639298601727760982e-28 2.683839254400087101e-29 2.683839254400087101e-29 -5.547399887443058227e-29
-3.742054826113576371e-02 -4.498013838980449611e-25 8.562704295469796926e-27 8.562704295469796926e-27 5.802388738038170372e-26
-3.742054826113541677e-02 -2.677848911285343576e-24 5.708171855390349181e-26 5.708171855390349181e-26 4.464362895685288742e-24
-3.739764522304541566e-02 -3.966944835234214456e-02 -3.935465617540990238e-05 -3.935465617540990238e-05 4.245962821377566483e-03
-3.739764522304506178e-02 -3.837412969931670251e-03 -3.935465617653373214e-05 -3.935465617653373214e-05 4.007799820377710986e-02
-3.185159024189321980e-02 9.181828903342337950e-03 1.807807151049744632e-04 1.807807151049744632e-04 -1.925493055333913073e-01
-3.185159024189312960e-02 1.966729522600391411e-01 1.807807151232904326e-04 1.807807151232904326e-04 -5.058182176667894332e-03
-3.127042531880976084e-02 5.025523746361428706e-02 5.426735203870333777e-05 5.426735203870333777e-05 -1.030108063075469392e-02
-3.127042531880920573e-02 1.014576295890109829e-02 5.426735203588327371e-05 5.426735203588327371e-05 -5.041055513542525707e-02
-2.645584656163319295e-02 3.499110111038191290e-28 -1.121852088193465324e-28 -1.121852088193465324e-28 3.359435025800373303e-29
-2.645584656163303683e-02 3.188099627894617612e-27 -1.237025379353212218e-28 -1.237025379353212218e-28 -4.111869983531292167e-30
-2.302842127286150800e-02 2.510629926406104954e-25 1.446647149481639288e-27 1.446647149481639288e-27 -6.726107487657191271e-26
-2.302842127286134841e-02 1.122773990548071717e-25 2.895036521107767630e-27 2.895036521107767630e-27 -8.209590535477435792e-26
-2.287527676686150827e-02 2.303272908909477501e-02 3.099551301282524839e-03 3.099551301282524839e-03 -3.435721153435237873e+00
-2.287527676686136255e-02 3.439311412176951244e+00 3.099551301292184646e-03 3.099551301292184646e-03 -1.944247034718681044e-02
-2.085384609460244967e-02 1.853864533570624682e-26 8.759664577688227585e-28 8.759664577688227585e-28 -6.065211333512258109e-27
-2.085384609460192926e-02 6.956846754974004547e-26 -1.886725924951181246e-27 -1.886725924951181246e-27 -1.870820559911362372e-26
-2.001731430067120107e-02 2.094549769523598002e+02 4.455033018924473565e-01 4.455033018924473565e-01 -2.876770674362509794e+02
-2.001731430067109699e-02 2.809145569408030951e+02 4.455033018911158105e-01 4.455033018911158105e-01 -2.162174874478109530e+02
-1.639978855232049684e-02 7.032751357156207250e-01 6.303278771363519115e-04 6.303278771363519115e-04 -1.005404207711980995e-04
-1.639978855232033031e-02 2.656109794570082761e-05 6.303278771208137765e-04 6.303278771208137765e-04 -7.033491150382877866e-01
-1.142944957899862286e-02 1.198551523506582725e-27 -1.210955188286034205e-27 -1.210955188286034205e-27 -7.407082619153766565e-27
-1.142944957899839388e-02 1.864446744426959889e-26 -8.076959407545315447e-28 -8.076959407545315447e-28 -1.234757791164253853e-27
-8.048824077775728128e-03 2.741360162407051160e+00 2.495317338926988406e-03 2.495317338926988406e-03 -4.313594535110015782e-02
-8.048824077775488736e-03 4.857084149942206969e-02 2.495317338986812513e-03 2.495317338986812513e-03 -2.735925266258977473e+00
6.486554464646002716e-01 -1.685337783591384511e-25 -1.593052936226937839e-28 -1.593052936226937839e-28 1.389595458085747530e-26
6.486554464646002716e-01 -2.524552254693600834e-26 -2.628332952019443575e-29 -2.628332952019443575e-29 1.707911248765511085e-27
