-8.048824077775481797e-03 2.784502999194787831e-02
-1.142944957899842337e-02 1.274956383173350252e-28
-1.639978855232038235e-02 7.033774169428387568e-03
-2.001731430067142312e-02 4.971332747562255960e+00
-2.085384609460250172e-02 8.097467239750016559e-28
-2.287527676686146663e-02 3.458762442702366380e-02
-2.302842127286143514e-02 5.067256625574906332e-28
-2.645584656163341500e-02 9.578138346235505836e-30
-3.127042531880996901e-02 6.055646796706674623e-04
-2.592628829599481488e-01 4.294218496642479364e-29
-2.597616429194182786e-01 2.513222863585345041e-06
-2.605257201298442071e-01 1.830603760230555567e-06
-2.613097813946170245e-01 1.267303648984472325e-06
-2.618320957390980475e-01 6.492654513261151304e-29
-2.628413107301774132e-01 2.108239911589527763e-06
-2.629583556089543084e-01 4.191683124446110423e-29
-2.633709412608451483e-01 4.953353958363361942e-29
-2.636340665759496216e-01 8.669705048695640920e-07
-2.647014246731941300e-01 2.047421610293552815e-05
-2.659842036913548924e-01 2.082930252076601716e-29
-2.666208457364928619e-01 2.950747954356246882e-07
-2.672742585169349816e-01 9.440895194162959223e-07
-2.690062697725316143e-01 1.322988923500558372e-29
-2.700495014474862954e-01 1.284874129929437391e-05
-2.700724115530335201e-01 6.350476585930283053e-27
-2.711334349078833306e-01 1.418715785524374232e-28
-2.713248609442212578e-01 2.060378662676459024e-28
-2.714835295873760379e-01 3.211797152819577373e-05
-2.718305167703053971e-01 2.508756789040941014e-29
-2.723809746394861842e-01 8.863621331759690762e-30
-2.748931694256415703e-01 5.139835254099598040e-06
-2.760436074788419902e-01 9.856640625760124065e-06
-2.761172217927995720e-01 1.159173764855785093e-28
-2.771013289034544580e-01 1.985465036101047371e-29
-2.775124347678037395e-01 2.244165792513853148e-29
-2.784918755504798282e-01 5.265647490458458421e-06
-2.788338813947474071e-01 5.936416784284760933e-30
-2.793019312537949883e-01 8.279516260316702441e-06
-2.796221358030675508e-01 1.286960120922239043e-29
-2.807684782138772928e-01 2.320860406180954373e-29
-2.816252212818832201e-01 7.731316618544821328e-30
-2.820471532670617565e-01 2.316338248986446946e-06
-2.829229982796003795e-01 2.942105337601182215e-07
-2.832454462121760663e-01 2.057822321826214137e-06
-2.838269172888446823e-01 2.862032481557215151e-29
-2.839316199676700792e-01 1.013644392599724751e-06
-2.843729685936767781e-01 2.666357837161328816e-04
-2.849095644288635598e-01 1.450939273989556315e-29
-2.857824618274142914e-01 1.316702127822775000e-05
-2.858310367955649856e-01 1.554915968851438765e-28
-2.868269131012964879e-01 2.877962807627256978e-29
-2.878365573702406088e-01 4.117465435208672001e-04
-2.887447341338005846e-01 6.564033456045127535e-29
-2.893920971077957871e-01 5.799660114077431388e-07
-2.894745660543295851e-01 1.150448526096057877e-28
-2.896545744978047954e-01 4.761065589988641906e-05
-2.899041496779387050e-01 1.546199764779835705e-28
-2.905221472243780245e-01 2.522954581848660136e-05
-2.926062125824830384e-01 3.432310272730186085e-05
-2.930765698214122805e-01 1.196937888793047700e-04
-2.936791740992039657e-01 8.528011900384996253e-28
-2.938004199534785532e-01 8.218907949539720412e-04
-2.942140105945829087e-01 1.943351492241930873e-03
-2.948955747371120317e-01 7.441872450126040952e-27
-2.949098489348691565e-01 1.248512173136013734e-04
-2.954490329987954356e-01 8.367496792705056383e-29
-2.969420206376462423e-01 1.102364404154110560e-04
-2.984301390101201101e-01 3.153090845514775134e-30
-2.984956879364867310e-01 7.391223447718277682e-06
-2.993183131449975165e-01 3.125171882950500331e-05
-3.002651885929576436e-01 5.689156281632766228e-08
-3.021056039775294466e-01 5.654756548604277687e-05
-3.024601583215126288e-01 8.433231128364947572e-30
-3.027232891291603001e-01 1.870443085055705027e-05
-3.035489321835972421e-01 9.981810735035360688e-30
-3.045205826821738015e-01 6.356378748416575443e-05
-3.046823229487795048e-01 2.728300141684337127e-29
-3.059123757171546831e-01 1.312187023690226157e-28
-3.060234513709397808e-01 1.659890350264376551e-04
-3.078867887807905657e-01 1.987002498683890359e-29
-3.088424691005032252e-01 3.490781101995674195e-30
-3.089373694751909039e-01 1.343999918578886964e-08
-3.090621250699518985e-01 4.266121958977676209e-30
-3.099097609003055309e-01 1.611430879639827760e-06
-3.099670824341703157e-01 3.410599547310152041e-28
-3.099819181778301624e-01 4.761235228116653944e-06
-3.102023363883298357e-01 1.534614512377053976e-29
-3.107901614400666035e-01 4.681706112780915472e-30
-3.124353009574667994e-01 1.962864582122265820e-29
-3.125070686135757447e-01 5.316162827406199318e-30
-3.129331593707829762e-01 4.106018661905968284e-30
-3.131179191171287735e-01 1.595917634210034916e-29
-3.144480606261098043e-01 4.347284245119734243e-06
-3.147465677881718937e-01 7.653126735251575285e-06
-3.163752701226679731e-01 6.182080430119193647e-07
-3.163854775194504532e-01 1.059892099931924006e-07
-3.164307136759412220e-01 2.172832049555307702e-29
-3.165859095674531387e-01 1.223334150865492287e-30
-3.171536248543175840e-01 4.063498082802431589e-30
-3.178013611687313666e-01 3.561009889631160028e-30
-3.183983489213067508e-01 1.097939140475418577e-07
-3.184993771284769792e-01 4.757297045297192035e-06
-3.189282343189407398e-01 2.114209583722270860e-30
-3.209810176590267572e-01 9.748885633746574663e-06
-3.212630663203411840e-01 4.801399919463845442e-30
-3.221014416801262215e-01 2.087490198631147692e-07
-3.244170904489297458e-01 2.076391572216977295e-06
-3.246652123261448142e-01 4.961683689720440180e-30
-3.251654459667585595e-01 5.664602054244485876e-07
-3.258407403599802299e-01 8.448798957574067734e-29
-3.263540334434800183e-01 5.222049896557305819e-29
-3.265009212064114985e-01 5.619177088536035721e-06
-3.274069663769259009e-01 1.032695371448356491e-29
-3.276253804670397618e-01 2.093557929129503061e-28
-3.276747768056368360e-01 9.369129029325509638e-07
-3.288755088684717776e-01 6.463199448701771794e-06
-3.299408430202788178e-01 7.697381444527080876e-07
-3.307788936973253269e-01 4.785593080399541764e-09
-3.316835325009326318e-01 3.672905179861196157e-29
-3.321624549369668333e-01 1.681771296891736163e-07
-3.324516879099976840e-01 1.018711884352329252e-28
-3.325969196326158395e-01 2.149517891200561264e-05
-3.347595482476393713e-01 9.858657021911389198e-30
-3.348018021283798440e-01 2.685814025652583355e-08
-3.358677910034407743e-01 2.212138440557939822e-06
-3.361137798256932929e-01 4.426930711465180371e-06
-3.363428779233127996e-01 1.726037543796549212e-28
-3.363771458344267384e-01 2.006996826858051720e-06
-3.369342168991079078e-01 1.421587976504921081e-07
-3.382075790075597110e-01 5.523421848734173163e-29
-3.386859283801856302e-01 2.249680787213348262e-29
-3.391396786950761078e-01 3.383638753841076783e-07
-3.405284755681475817e-01 2.761545048256204142e-30
-3.408040533241621373e-01 5.018989786583357245e-07
6.486554464646002716e-01 1.046869008377453732e-27
