-8.048824077775481797e-03 2.784502999194787831e-02
-1.142944957899842337e-02 1.274956383173350252e-28
-1.639978855232038235e-02 7.033774169428387568e-03
-2.001731430067142312e-02 4.971332747562255960e+00
-2.085384609460250172e-02 8.097467239750016559e-28
-2.287527676686146663e-02 3.458762442702366380e-02
-2.302842127286143514e-02 5.067256625574906332e-28
-2.645584656163341500e-02 9.578138346235505836e-30
-3.127042531880996901e-02 6.055646796706674623e-04
-9.958521070223839977e-02 4.781721324138717664e-04
3.023923322891721166e-01 2.775868002051078221e-33
3.036454475450423574e-01 2.070788425789794081e-33
3.057326259190640827e-01 6.326436860395854337e-33
3.086518482009585895e-01 3.109070453380132282e-33
3.124002902317034036e-01 2.352079152373305036e-32
3.143119646030096415e-01 5.899430364218576155e-33
3.155650798588799377e-01 3.149475078084402793e-33
3.169743256357227534e-01 1.187913674993922637e-32
3.176522582329016631e-01 1.156340004734049653e-32
3.205714805147963364e-01 3.356753472818339703e-33
3.223695293291727881e-01 6.109152987432345550e-33
3.243199225455410395e-01 1.022895754539260643e-32
3.285806818009237573e-01 1.918704933601277204e-33
3.288939579495603893e-01 5.130383910275153522e-33
3.341652052967045705e-01 2.196893548474311503e-32
3.342891616430103685e-01 1.373454090931963036e-32
3.354183205525747002e-01 2.181258917786252646e-32
3.356017741621000194e-01 6.923473446241854899e-33
3.375054989265950933e-01 2.108547524017469623e-32
3.404247212084904883e-01 2.427838184859481522e-32
3.405003141147615042e-01 1.050389503577602143e-31
3.434260139592925087e-01 6.752128121768376713e-32
3.441731632392349138e-01 1.014084872021048880e-31
3.475214064759375443e-01 9.023683572607833331e-32
3.487471986432544302e-01 5.826990577158543965e-33
3.520458317458180497e-01 7.968901596146311540e-33
3.541424023367046869e-01 3.291941282036346445e-33
3.553456462731305887e-01 1.224010123871139173e-32
3.603535548084543239e-01 2.354665748483057110e-32
3.614528884046701585e-01 2.844691102578876833e-32
3.619328476420843876e-01 2.796665018152300423e-32
3.631859628979556831e-01 6.040348080742554785e-32
3.639654640596550750e-01 2.458717867280262159e-32
3.652731412719766313e-01 1.068753209239717358e-31
3.673746471696314186e-01 1.607292206973630860e-32
3.681923635538715822e-01 1.711598140097764927e-32
3.716380832160757208e-01 7.600687030157231689e-33
3.719408055846156191e-01 3.632533895575755919e-32
3.733725207185074613e-01 1.357130081526771561e-32
3.751988869668232973e-01 1.453453029443924565e-32
3.765148409886354686e-01 3.649215481553308686e-32
3.819100446820859474e-01 1.549113253020137605e-32
3.825915626618568988e-01 7.637541163345099518e-32
3.835577155299141339e-01 2.606641798369108650e-32
3.838187047533508367e-01 8.806055894686259600e-32
3.881211971538368610e-01 6.257597041216707770e-33
3.932257614122015577e-01 2.592526848228827061e-32
3.943027299580671441e-01 6.164861971858011394e-32
3.945111949756948122e-01 8.830676014290009541e-32
3.951422895150130676e-01 1.781737130993831425e-31
3.975880282385292341e-01 1.160616542248906670e-31
3.988411434943991418e-01 2.244509234561748044e-32
4.009283218684214778e-01 2.440607763116713204e-32
4.029665293122072778e-01 3.734152886009598574e-32
4.034109562236083413e-01 1.723740844032549191e-31
4.038475441503155405e-01 8.118185038981360019e-32
4.062223622719051130e-01 3.411182343652155381e-31
4.067602553067029003e-01 1.366911157931584300e-31
4.075959861810605767e-01 6.706714925102296043e-32
4.115863470987329298e-01 8.833492401124880838e-32
4.121700215850794269e-01 8.493398120970668592e-32
4.143644356693879094e-01 3.079273999934162597e-31
4.175652252785302943e-01 6.282945928334360981e-32
4.186798876205390929e-01 2.148779954086426277e-32
4.199520868565448373e-01 3.617578135684559208e-31
4.209934037575829846e-01 1.194187106340430765e-31
4.237763777502812079e-01 1.142005625441419636e-31
4.260756029656000976e-01 1.576676391254434962e-32
4.307974701114581917e-01 7.279389598357894374e-32
4.311785985689906009e-01 8.304966660366327798e-31
4.318717191703808078e-01 2.977094171949918419e-31
4.338654623625481932e-01 1.663175730445069996e-31
4.385331283142353542e-01 5.253429374668939690e-32
4.386217099086506255e-01 4.108467774952979450e-31
4.410962530015605232e-01 3.557407372041748318e-31
4.421320780147690588e-01 3.221288086164887171e-31
4.423493682574318187e-01 3.465366374737892896e-31
4.444365466314538216e-01 4.666571638996349935e-31
4.457850946763873279e-01 2.796985022415086282e-31
4.472415276951767771e-01 7.390378614366282116e-31
4.473557689133483839e-01 6.726308633385573173e-31
4.484869215324954750e-01 2.664447765962347601e-31
4.511042109440938086e-01 4.756506494603453695e-31
4.517249598640757924e-01 2.374654147880965318e-31
4.538432453109813025e-01 2.755485873236248783e-31
4.556782463481129919e-01 6.395526017313614064e-31
4.566485843540282197e-01 3.477074730750907907e-31
4.604065538463331109e-01 3.865372487894239207e-31
4.610734500415636372e-01 8.676817305784898818e-31
4.638023190489475311e-01 3.246337194455922480e-31
4.656383353700815908e-01 9.549782109702319951e-31
4.663007706596168922e-01 1.161747332992573332e-30
4.668337791654351698e-01 1.527206392177868158e-31
4.672846025133141068e-01 9.599592775437823322e-31
4.743056948744908130e-01 5.127204202268198190e-31
4.757219513627842788e-01 3.645497334362855383e-31
4.777872586112134057e-01 9.506694542556979697e-31
4.794926022094596618e-01 1.868870679014860357e-30
4.797968382539411492e-01 4.284953673359156754e-31
4.802597945400279844e-01 1.170842132532072210e-30
4.821299346716818590e-01 1.542651320693547884e-30
4.894984259074255384e-01 3.603825714743519096e-31
4.907497524582080106e-01 7.250817092042740384e-31
4.917164705677778969e-01 2.136525008749974955e-30
4.924154305336594373e-01 1.237550664085997611e-30
4.934059777154631288e-01 2.813876406674439833e-30
4.936685457895301221e-01 1.272734776972553905e-30
4.955751920564794855e-01 6.328125042254902871e-31
4.957557241635511813e-01 1.768020820750732194e-30
4.964550054831299297e-01 3.063027317416563809e-30
4.986749464454469649e-01 2.468105279191364908e-30
5.001568091170613961e-01 6.194672217308841820e-30
5.019559512560602954e-01 3.002488569301214906e-30
5.024233884761909463e-01 1.089299579785762020e-30
5.069974238802110733e-01 1.652074393118904590e-30
5.080274368854081901e-01 5.013680428326235304e-30
5.083746377969686758e-01 1.808702239325312065e-30
5.103420039284661813e-01 2.986880524022679716e-30
5.115697112614731035e-01 9.930547436031316359e-30
5.123926275736604419e-01 1.590165324705105269e-30
5.137607050355749161e-01 1.987376310238159458e-30
5.151477828059014552e-01 1.879379106633416612e-30
5.186037800454108559e-01 5.604391718373859903e-31
5.212954833742464711e-01 1.231172065657941463e-30
5.233428344018616896e-01 3.775253406737847823e-30
