# Energy    MatrixElement
-5.8139302424e-01 9.4123526994e-30
-5.8068984592e-01 1.1660238735e-30
-5.8013175957e-01 6.6305649337e-07
-5.7948205462e-01 2.1618386458e-30
-5.7892409666e-01 6.3886018199e-08
-5.7843217887e-01 5.9501130772e-08
-5.7807241795e-01 1.2515469536e-30
-5.7787040864e-01 6.6941686628e-30
-5.7779299520e-01 3.0753427758e-07
-5.7699300374e-01 6.2124508390e-30
-5.7679705563e-01 3.8224157311e-07
-5.7635346914e-01 1.0826945932e-06
-5.7547819220e-01 6.3157446410e-30
-5.7427484913e-01 1.0238738479e-27
-5.7424638452e-01 1.4999824877e-05
-5.7391330760e-01 2.5844231199e-30
-5.7354300076e-01 6.3241475643e-30
-5.7215249777e-01 8.3467597220e-30
-5.7163628319e-01 2.8028798014e-30
-5.7065058258e-01 1.7439487624e-07
-5.7034000117e-01 3.5135434861e-06
-5.7004068682e-01 4.9398092610e-30
-5.6828036687e-01 1.8413072566e-30
-5.6804859623e-01 5.9868095947e-30
-5.6768464845e-01 2.6095478466e-29
-5.6759087099e-01 3.5943313128e-06
-5.6685375969e-01 2.0515617724e-08
-5.6680521248e-01 2.3026288707e-30
-5.6586359653e-01 1.1927282310e-30
-5.6503779803e-01 6.7698243399e-09
-5.6500484575e-01 5.3737358094e-30
-5.6486800592e-01 2.8716834378e-07
-5.6371195644e-01 1.6835168448e-29
-5.6360355841e-01 3.7115075118e-06
-5.6316129696e-01 8.4892512202e-09
-5.6260616733e-01 2.0929344721e-30
-5.6191356589e-01 8.8196085348e-31
-5.6133371518e-01 3.3816521708e-30
-5.6110621874e-01 1.9129346209e-06
-5.6027647186e-01 1.7117182679e-28
-5.6026881798e-01 1.8477700653e-06
-5.5978880198e-01 4.4509725324e-06
-5.5957600718e-01 1.4577437130e-29
-5.5883244924e-01 1.5543871749e-05
-5.5868346211e-01 1.6141625958e-29
-5.5857405268e-01 6.2759342534e-06
-5.5754685025e-01 8.2402888157e-31
-5.5679028140e-01 3.6075791221e-29
-5.5667125552e-01 1.5900837861e-05
-5.5607688462e-01 3.1128903085e-29
-5.5581954434e-01 1.3336687826e-05
-5.5564127866e-01 1.0034077539e-03
-5.5538086118e-01 2.2020394906e-05
-5.5489074338e-01 9.4377721478e-30
-5.5415163204e-01 6.6953296703e-07
-5.5394698611e-01 1.9955835394e-29
-5.5298372737e-01 2.9523522000e-05
-5.5284249290e-01 2.0508808264e-04
-5.5192971753e-01 2.2518699981e-30
-5.5165237372e-01 2.2955296663e-11
-5.5123008688e-01 1.6735261582e-30
-5.5105083333e-01 2.2618549433e-04
-5.5089065513e-01 5.9969873565e-30
-5.5032595828e-01 5.4075614107e-07
-5.4975286554e-01 2.2142135737e-07
-5.4943709545e-01 1.8359496347e-30
-5.4898174606e-01 1.3471750023e-05
-5.4891066868e-01 1.4221485079e-29
-5.4826384251e-01 2.6831662645e-07
-5.4788783906e-01 3.0286006654e-08
-5.4778425033e-01 1.5659907484e-30
-5.4756999308e-01 2.8355094743e-30
-5.4683372913e-01 1.8065973528e-30
-5.4676496384e-01 1.1506556712e-06
-5.4592723781e-01 1.6970716162e-30
-5.4559961466e-01 1.8148663831e-09
-5.4538561577e-01 1.3587910373e-30
-5.4519766496e-01 1.5298768747e-30
-5.4495509504e-01 3.8578200292e-30
-5.4437876970e-01 1.6946325473e-06
-5.4425814014e-01 6.4164839946e-30
-5.4384002529e-01 3.2546853410e-07
-5.4188859202e-01 6.1743786756e-30
-5.3992553640e-01 7.6818286501e-06
-5.3980953285e-01 4.0069487654e-29
-5.3886203183e-01 2.8366315439e-05
-5.3864719811e-01 1.7874148063e-06
-5.3823975197e-01 2.7209113365e-29
-5.3805192791e-01 6.0680017984e-06
-5.3761561890e-01 3.6351892711e-05
-5.3704534740e-01 4.7518730782e-29
-5.3699535448e-01 3.2370163649e-06
-5.3606867168e-01 2.6844417549e-06
-5.3548029539e-01 1.5696497462e-29
-5.3431329902e-01 5.7823371989e-06
-5.3379228120e-01 1.2507806935e-29
-5.3328682616e-01 3.4512331123e-05
-5.3284359108e-01 1.4492069936e-29
-5.3223921269e-01 6.4509442714e-06
-5.3092385027e-01 7.7691131672e-30
-5.3080639357e-01 1.3453441021e-06
-5.3055674457e-01 1.1531421203e-06
-5.2989853614e-01 3.1503392297e-06
-5.2966009356e-01 5.0748041602e-30
-5.2913540724e-01 1.7387881581e-29
-5.2899163060e-01 2.9210285661e-29
-5.2863261142e-01 9.0348503553e-05
-5.2765699724e-01 2.8307605728e-29
-5.2716309781e-01 6.8231005180e-05
-5.2634145076e-01 1.6530128825e-06
-5.2598016825e-01 4.7672338324e-30
-5.2556847409e-01 8.1563254827e-30
-5.2494388631e-01 9.9826043770e-30
-5.2460907674e-01 6.3111855945e-06
-5.2409482289e-01 2.7497338083e-06
-5.2346372566e-01 1.7174725631e-29
-5.2330589359e-01 8.5678624962e-08
-5.2322028213e-01 7.8208192817e-30
-5.2214520666e-01 3.2204700296e-04
-5.2150327103e-01 1.8518492894e-05
-5.2132205724e-01 5.0315684504e-29
-5.2002623883e-01 1.2020135367e-06
-5.1973234722e-01 1.7214849999e-05
-5.1908200515e-01 5.0448288972e-30
-5.1868329233e-01 1.7918439778e-29
-5.1844914695e-01 9.2797949048e-06
-5.1838056149e-01 2.1487739849e-29
-5.1760482630e-01 1.1160189501e-29
-5.1704956868e-01 8.7967876574e-27
-5.1703652542e-01 6.8363714784e-05
-5.1634453388e-01 1.2640618644e-27
-5.1629075305e-01 5.9636914522e-05
-5.1602071218e-01 7.2126158527e-07
-5.1579358330e-01 6.5141560587e-30
-5.1496557476e-01 1.1752611129e-06
-5.1457029649e-01 5.1003161022e-30
-5.1410713816e-01 4.5618683691e-05
-5.1394718638e-01 5.2194461290e-29
-5.1371660725e-01 8.4336572504e-29
-5.1357807267e-01 1.9257421118e-04
-5.1318646528e-01 5.6930862868e-07
-5.1317212159e-01 5.6267073673e-29
-5.1291311216e-01 3.8176576697e-06
-5.1269652745e-01 1.3537774321e-29
-5.1172611433e-01 1.0749586074e-07
-5.1108318896e-01 6.3819858826e-30
-5.1044031710e-01 7.1531184660e-30
-5.1003691556e-01 4.0321991274e-06
-5.1002129486e-01 5.5526758953e-07
-5.0901781137e-01 1.0241807932e-29
-5.0852279790e-01 5.5486831387e-07
-5.0721236310e-01 1.6040204450e-06
-5.0705138795e-01 1.9074548308e-30
-5.0684745984e-01 2.3910736092e-06
-5.0620401446e-01 1.8620964952e-29
-5.0613059335e-01 8.8677156999e-06
-5.0600798169e-01 1.6213617472e-05
-5.0496054120e-01 2.2082221069e-30
-5.0359734166e-01 1.6490558171e-29
-5.0351376561e-01 4.6222181159e-05
-5.0263184284e-01 2.2856692089e-07
-5.0201189098e-01 1.4033349088e-29
-5.0143725511e-01 3.8814134583e-30
-5.0026019888e-01 1.0176702938e-30
-4.9977798900e-01 1.6705603779e-30
-4.9931995407e-01 3.2868906752e-06
-4.9893427765e-01 2.3321869345e-30
-4.9840199887e-01 5.7693616804e-08
-4.9834185080e-01 5.3943209560e-30
-4.9818059852e-01 3.6079157089e-06
-4.9734545169e-01 4.6544156724e-30
-4.9664552876e-01 6.8889099799e-07
-4.9629071364e-01 5.3195973404e-30
-4.9557482485e-01 2.1369589030e-30
-4.9466751931e-01 1.5224246592e-30
-4.9449809090e-01 2.5417346478e-30
-4.9419284963e-01 3.4885389250e-07
-4.9394138400e-01 4.3936161617e-07
-4.9324509166e-01 2.4724703712e-30
-4.9249249795e-01 2.8560167739e-30
-4.9112341814e-01 3.9986916847e-30
-4.9100292089e-01 3.4331060821e-06
-4.9058929878e-01 4.6716532575e-30
-4.9046074168e-01 8.7118613820e-07
-4.8998417154e-01 2.9195188982e-30
-4.8994898177e-01 3.8626169850e-07
-4.8922896057e-01 1.3185978292e-05
-4.8812692347e-01 8.3195648230e-30
-4.8787415612e-01 1.7051403597e-05
-4.8785113503e-01 3.6426038332e-28
-4.8656723723e-01 9.1928483111e-06
-4.8620642139e-01 6.9514280412e-07
-4.8573914247e-01 1.1897131069e-06
-4.8524488425e-01 5.4549765359e-30
-4.8509872714e-01 1.4044363277e-29
-4.8490146244e-01 4.7585805577e-07
-4.8420292185e-01 1.2490036868e-29
-4.8413437257e-01 1.3637300496e-08
-4.8372766506e-01 4.8987842393e-07
-4.8340482213e-01 6.0960677820e-30
-4.8293733984e-01 1.4972091329e-06
-4.8216961549e-01 1.0201840319e-29
-4.8183146831e-01 1.9492860372e-05
-4.8106191408e-01 6.5162560968e-30
-4.8073541708e-01 1.4597228826e-09
-4.8066713635e-01 7.2023142912e-30
-4.8003664622e-01 6.0052085507e-08
-4.7886439657e-01 6.7880762919e-09
-4.7812314964e-01 2.6854177280e-07
-4.7772025249e-01 6.5820136825e-05
-4.7748536912e-01 4.1118413022e-29
-4.7744968799e-01 8.1643714275e-07
-4.7665216322e-01 1.6191165474e-29
-4.7512927651e-01 3.0249014307e-29
-4.7496157349e-01 6.1439128115e-29
-4.7488839767e-01 2.6691119300e-07
-4.7474562567e-01 1.7382444505e-28
-4.7452372486e-01 4.5171419994e-06
-4.7376011570e-01 1.4822721706e-05
-4.7345848286e-01 1.5524661800e-29
-4.7313914661e-01 1.9999076432e-28
-4.7284739175e-01 3.3249368108e-05
-4.7237373909e-01 1.7721834405e-29
-4.7137006048e-01 4.4465340704e-05
-4.7087464672e-01 3.7012958900e-28
-4.7054427738e-01 6.3898610409e-07
-4.7008462313e-01 1.0005646837e-27
-4.6961344718e-01 8.9598947350e-04
-4.6916334575e-01 1.3282088438e-03
-4.6881430784e-01 4.7675660572e-28
-4.6814093492e-01 1.4177775291e-27
-4.6808824542e-01 7.1520253399e-05
-4.6749487290e-01 3.4671816851e-04
-4.6651576365e-01 8.9126793462e-29
-4.6556834789e-01 2.0226811329e-05
-4.6466251402e-01 3.4712797966e-06
-4.6450269218e-01 1.2918297222e-27
-4.6421908178e-01 3.9626291085e-03
-4.6379672568e-01 1.2036759052e-06
-4.6293500735e-01 1.4976416445e-02
-4.6261082155e-01 1.1701034327e-27
-4.6227111844e-01 2.2326352267e-03
-4.6207736804e-01 5.0392470920e-28
-4.6125477683e-01 2.2051710203e-05
-4.6084455873e-01 8.1095981409e-29
-4.6012575403e-01 1.0308750170e-29
-4.5973511200e-01 6.4757656971e-07
-4.5957674731e-01 6.9709668051e-05
-4.5890438912e-01 5.0071431949e-29
-4.5790943533e-01 6.9573407316e-08
-4.5720600251e-01 1.1864378082e-29
-4.5616393261e-01 1.1172984643e-05
-4.5560277134e-01 1.0965659185e-29
-4.5517729217e-01 1.2138170192e-29
-4.5427986328e-01 3.5841601233e-29
-4.5370221159e-01 4.4943641011e-07
-4.5328911064e-01 9.9714906438e-30
-4.5321660148e-01 4.8168142795e-29
-4.5255709882e-01 6.7045491732e-29
-4.5204403642e-01 2.1660269673e-29
-4.5187732910e-01 5.5455551192e-05
-4.5128720187e-01 4.9562717794e-30
-4.5057993961e-01 5.8105372920e-30
-4.5015444946e-01 3.7133715007e-30
-4.4982581817e-01 9.8030184897e-10
-4.4962334340e-01 7.5309562397e-06
-4.4850291316e-01 7.7927091590e-30
-4.4797104799e-01 4.3044453972e-08
-4.4792474046e-01 1.3992402169e-29
-4.4776521126e-01 2.9199484416e-06
-4.4722931834e-01 1.6458503161e-27
-4.4719011393e-01 6.2313695129e-04
-4.4705004715e-01 1.6129538369e-28
-4.4495230067e-01 8.5054191874e-26
-4.4491713776e-01 7.1879128194e-03
-4.4471204917e-01 3.4625349575e-27
-4.4456030518e-01 8.1513093431e-04
-4.4348181379e-01 1.8784131171e-05
-4.4345616789e-01 6.6951260448e-28
-4.4252275710e-01 6.1232101775e-29
-4.4234901746e-01 5.0280214040e-29
-4.4152311846e-01 1.5654362087e-05
-4.4148495448e-01 9.5236365549e-09
-4.4116724602e-01 1.2597818020e-28
-4.4092913050e-01 1.6702056171e-04
-4.4035891376e-01 1.7742051273e-05
-4.3965122677e-01 2.8304668524e-29
-4.3949042383e-01 2.8987651044e-05
-4.3929716013e-01 1.0260830247e-28
-4.3875983805e-01 2.3793054034e-05
-4.3864354481e-01 1.1900205531e-28
-4.3831341178e-01 2.9864832444e-05
-4.3713673551e-01 3.7490894108e-05
-4.3692711044e-01 9.9435301506e-05
-4.3580109888e-01 4.0767424062e-30
-4.3552127351e-01 1.7535697010e-29
-4.3466806988e-01 8.7981659225e-05
-4.3280776074e-01 2.7444883067e-05
-4.3262102405e-01 2.9486351786e-05
-4.3261614611e-01 1.1140974846e-25
-4.3241514494e-01 4.2325704675e-29
-4.3138248168e-01 1.2695648367e-05
-4.3052716783e-01 1.4246473801e-29
-4.2954233880e-01 2.0171447451e-29
-4.2898706903e-01 3.7207883836e-05
-4.2859530473e-01 1.6171602781e-29
-4.2807412198e-01 2.6738382563e-07
-4.2730030554e-01 1.5309032393e-30
-4.2695679547e-01 6.9343476178e-08
-4.2661106401e-01 2.3115082777e-29
-4.2655823696e-01 4.0749719616e-07
-4.2498055734e-01 2.4989564598e-06
-4.2450374790e-01 3.4017105905e-07
-4.2411696374e-01 1.0507802408e-29
-4.2317355541e-01 2.8700182688e-30
-4.2235120303e-01 2.0144648135e-07
-4.2158000406e-01 5.1402354847e-06
-4.2118080961e-01 6.4353290061e-06
-4.2098783877e-01 1.7810893624e-29
-4.2056568906e-01 5.7065681526e-07
-4.2037661746e-01 7.2113373130e-07
-4.1985212976e-01 2.2363537538e-07
-4.1928280821e-01 9.3972679245e-29
-4.1915125436e-01 2.5678207997e-06
-4.1783115626e-01 6.4258307157e-27
-4.1781223689e-01 2.5376198986e-05
-4.1756277423e-01 2.9243403136e-29
-4.1743064807e-01 1.1721473737e-05
-4.1577930551e-01 7.5119396119e-08
-4.1561776568e-01 7.3966798948e-30
-4.1514021520e-01 9.4231878540e-30
-4.1458592452e-01 1.1663007438e-29
-4.1347316085e-01 8.7362381193e-30
-4.1300113308e-01 4.3172696802e-30
-4.1257617359e-01 1.2556542009e-06
-4.1097272892e-01 2.5668129830e-09
-4.1041328205e-01 1.9179019890e-29
-4.0900324869e-01 3.4103810045e-06
-4.0889783795e-01 1.4712921539e-05
-4.0877635907e-01 9.9232503239e-29
-4.0863683201e-01 8.0727678732e-29
-4.0831445067e-01 3.5860558523e-06
-4.0765463316e-01 1.0884499430e-29
-4.0758845581e-01 5.8969759367e-07
-4.0702803432e-01 2.0304057297e-29
-4.0649194855e-01 1.5995622198e-28
-4.0597481897e-01 3.2277004732e-29
-4.0575629204e-01 2.5414155576e-05
-4.0570859939e-01 1.3477134605e-27
-4.0529296347e-01 1.6140342399e-27
-4.0515900399e-01 2.1331864437e-06
-4.0463810339e-01 2.6595399909e-28
-4.0341420495e-01 8.5078717751e-06
-4.0287356705e-01 9.3063039339e-29
-4.0248798580e-01 4.0185503136e-29
-4.0177563325e-01 6.1569770522e-29
-4.0058664413e-01 2.6357179914e-08
-3.9998205686e-01 5.8834556204e-31
-3.9908667766e-01 3.5407557909e-07
-3.9867515288e-01 1.1379141036e-09
-3.9714241952e-01 2.7487628238e-28
-3.9713394863e-01 3.1341378173e-06
-3.9678567236e-01 7.8440339494e-06
-3.9628478596e-01 1.7657408325e-29
-3.9572892748e-01 3.6871385746e-29
-3.9559619040e-01 7.6702550650e-08
-3.9466038854e-01 4.2086756326e-27
-3.9465053491e-01 9.0275660229e-07
-3.9336917581e-01 8.9348768837e-29
-3.9309328825e-01 3.0290533084e-07
-3.9209275327e-01 1.3828072031e-28
-3.9108577879e-01 6.1928128436e-06
-3.8956356227e-01 5.4376210276e-29
-3.8949116607e-01 4.3857216905e-09
-3.8923713575e-01 2.9718318886e-06
-3.8885139989e-01 3.7221775505e-06
-3.8844372320e-01 1.9582638353e-29
-3.8813489681e-01 8.9996911547e-30
-3.8689253378e-01 1.1695730675e-05
-3.8590590711e-01 8.6049178807e-30
-3.8511583230e-01 6.0946942333e-07
-3.8500198637e-01 4.6880564078e-30
-3.8409515577e-01 1.0357519473e-29
-3.8396180420e-01 2.1559846171e-29
-3.8372133262e-01 2.7637706237e-05
-3.8334781874e-01 9.9184781825e-30
-3.8256818469e-01 1.4099207548e-05
-3.8093470310e-01 2.3432712143e-06
-3.8040396598e-01 3.0244345913e-29
-3.8038533506e-01 7.2283346079e-07
-3.8017073374e-01 1.0843198012e-05
-3.7952238754e-01 1.0955974294e-06
-3.7871241746e-01 5.5634496885e-09
-3.7848544923e-01 3.0678668042e-30
-3.7804348888e-01 7.1159396591e-30
-3.7690923894e-01 8.8557092525e-05
-3.7630342581e-01 3.3968959127e-05
-3.7539474102e-01 1.8569123048e-27
-3.7537467951e-01 2.2428954172e-05
-3.7522654708e-01 1.1929117344e-27
-3.7482733190e-01 3.5480304819e-09
-3.7435987576e-01 1.0700673785e-29
-3.7363469152e-01 1.0718319360e-04
-3.7331112598e-01 6.9513457767e-07
-3.7306704866e-01 1.4262168213e-28
-3.7275524924e-01 2.2508197846e-04
-3.7229682104e-01 1.1137141192e-05
-3.7213066863e-01 2.8466296185e-05
-3.7141512838e-01 9.6988105820e-30
-3.7077572876e-01 9.9056175561e-30
-3.6977532502e-01 7.0417758802e-08
-3.6843989516e-01 6.3747072166e-30
-3.6722540223e-01 3.9413131827e-06
-3.6706502652e-01 9.3600259388e-30
-3.6562798872e-01 3.8194638877e-29
-3.6548695641e-01 3.4664174043e-06
-3.6538195781e-01 2.5387623312e-29
-3.6482549504e-01 1.4718279630e-29
-3.6409489203e-01 8.9428842729e-30
-3.6392212946e-01 2.2684824749e-06
-3.6161915872e-01 2.7673156934e-27
-3.6160876925e-01 7.7633887421e-06
-3.6056831494e-01 1.9946144887e-07
-3.5991169932e-01 1.0136120579e-29
-3.5968885818e-01 1.1284163461e-29
-3.5924681149e-01 8.2709414829e-06
-3.5906422938e-01 1.1792723064e-29
-3.5886969939e-01 4.1853774773e-06
-3.5763115878e-01 4.1552170808e-07
-3.5714008343e-01 3.9880013063e-08
-3.5603268986e-01 7.7530402704e-30
-3.5566461672e-01 2.5637187451e-06
-3.5562535221e-01 2.0575542647e-29
-3.5517372841e-01 9.6342928466e-08
-3.5514877401e-01 7.3528150265e-30
-3.5427352214e-01 1.4613478856e-07
-3.5398876220e-01 2.9971723503e-30
-3.5197677713e-01 2.4526642911e-30
-3.5173462651e-01 2.6763693837e-30
-3.5016724718e-01 1.9480493401e-07
-3.4977201568e-01 1.0386256286e-30
-3.4963234053e-01 5.8365245993e-31
-3.4805144748e-01 2.0179181918e-30
-3.4751847406e-01 6.3485254215e-06
-3.4714100744e-01 2.1964428495e-29
-3.4702717947e-01 3.9279176394e-06
-3.4665472420e-01 5.1060853948e-30
-3.4501854715e-01 4.0720779366e-30
-3.4460603807e-01 1.8855089986e-05
-3.4448324996e-01 8.9829275756e-30
-3.4412361875e-01 9.5036735759e-29
-3.4398537392e-01 2.3139905361e-05
-3.4372539221e-01 2.3364737598e-06
-3.4264444308e-01 6.9139273981e-08
-3.4199870671e-01 3.5360832286e-27
-3.4198833971e-01 7.1610483730e-05
-3.4125385165e-01 2.0057475627e-29
-3.4080405332e-01 5.0189897866e-07
-3.4052847557e-01 5.8518244783e-30
-3.3913967870e-01 3.3836387539e-07
-3.3868592838e-01 4.8588964902e-30
-3.3820757901e-01 4.1647078348e-30
-3.3693421690e-01 1.4215879765e-07
-3.3637714583e-01 2.0069968269e-06
-3.3634287792e-01 1.2244720230e-28
-3.3611377983e-01 4.4269307115e-06
-3.3586779100e-01 2.2121384406e-06
-3.3480180213e-01 2.6858140255e-08
-3.3475954825e-01 1.2859419466e-29
-3.3259691963e-01 2.1495178912e-05
-3.3245168791e-01 1.7666751991e-29
-3.3216245494e-01 1.6817712969e-07
-3.3168353250e-01 1.2472278994e-29
-3.3077889370e-01 4.7855930806e-09
-3.2994084302e-01 7.6973814445e-07
-3.2887550887e-01 6.4631994487e-06
-3.2767477681e-01 9.3691290293e-07
-3.2762538047e-01 1.0180041349e-28
-3.2740696638e-01 1.0326953714e-29
-3.2650092121e-01 5.6191770885e-06
-3.2635403344e-01 2.8194085675e-29
-3.2584074036e-01 8.4487989576e-29
-3.2516544597e-01 5.6646020542e-07
-3.2466521233e-01 8.0255583952e-30
-3.2441709045e-01 2.0763915722e-06
-3.2210144168e-01 2.0874901986e-07
-3.2126306632e-01 1.2711320203e-29
-3.2098101766e-01 9.7488856337e-06
-3.1892823432e-01 6.0095402951e-30
-3.1849937713e-01 4.7572970453e-06
-3.1839834892e-01 1.0979391405e-07
-3.1780136117e-01 3.5610098896e-30
-3.1715362485e-01 2.6972249592e-30
-3.1658590957e-01 1.2233341509e-30
-3.1643071368e-01 1.2956327678e-28
-3.1638547752e-01 1.0598921000e-07
-3.1637527012e-01 6.1820804301e-07
-3.1474656779e-01 7.6531267352e-06
-3.1444806063e-01 4.3472842451e-06
-3.1311791912e-01 1.5959176342e-29
-3.1293315937e-01 4.1060186619e-30
-3.1250706861e-01 8.0621453294e-30
-3.1243530096e-01 1.9628645821e-29
-3.1079016144e-01 4.6817061128e-30
-3.1020233639e-01 1.5346145124e-29
-3.0998191818e-01 4.7612352281e-06
-3.0996708243e-01 3.4105995473e-28
-3.0990976090e-01 1.6114308796e-06
-3.0906212507e-01 4.2661219590e-30
-3.0893736948e-01 1.3439999186e-08
-3.0884246910e-01 3.4907811020e-30
-3.0788678878e-01 1.9870024987e-29
-3.0602345137e-01 1.6598903503e-04
-3.0591237572e-01 1.3121870237e-28
-3.0468232295e-01 2.7283001417e-29
-3.0452058268e-01 6.3563787484e-05
-3.0354893218e-01 9.9818107350e-30
-3.0272328913e-01 1.8704430851e-05
-3.0246015832e-01 8.4332311284e-30
-3.0210560398e-01 5.6547565486e-05
-3.0026518859e-01 5.6891562816e-08
-2.9931831314e-01 3.1251718830e-05
-2.9849568794e-01 7.3912234477e-06
-2.9843013901e-01 3.1530908455e-30
-2.9694202064e-01 1.1023644042e-04
-2.9544903300e-01 8.3674967927e-29
-2.9490984893e-01 1.2485121731e-04
-2.9489557474e-01 7.4418724501e-27
-2.9421401059e-01 1.9433514922e-03
-2.9380041995e-01 8.2189079495e-04
-2.9367917410e-01 8.5280119004e-28
-2.9307656982e-01 1.1969378888e-04
-2.9260621258e-01 3.4323102727e-05
-2.9052214722e-01 2.5229545818e-05
-2.8990414968e-01 1.5461997648e-28
-2.8965457450e-01 4.7610655900e-05
-2.8947456605e-01 1.1504485261e-28
-2.8939209711e-01 5.7996601141e-07
-2.8874473413e-01 6.5640334560e-29
-2.8783655737e-01 4.1174654352e-04
-2.8682691310e-01 2.8779628076e-29
-2.8583103680e-01 1.5549159689e-28
-2.8578246183e-01 1.3167021278e-05
-2.8490956443e-01 1.4509392740e-29
-2.8437296859e-01 2.6663578372e-04
-2.8393161997e-01 1.0136443926e-06
-2.8382691729e-01 2.8620324816e-29
-2.8324544621e-01 2.0578223218e-06
-2.8292299828e-01 2.9421053376e-07
-2.8204715327e-01 2.3163382490e-06
-2.8162522128e-01 7.7313166185e-30
-2.8076847821e-01 2.3208604062e-29
-2.7962213580e-01 1.2869601209e-29
-2.7930193125e-01 8.2795162603e-06
-2.7883388139e-01 5.9364167843e-30
-2.7849187555e-01 5.2656474905e-06
-2.7751243477e-01 2.2441657925e-29
-2.7710132890e-01 1.9854650361e-29
-2.7611722179e-01 1.1591737649e-28
-2.7604360748e-01 9.8566406258e-06
-2.7489316943e-01 5.1398352541e-06
-2.7238097464e-01 8.8636213318e-30
-2.7183051677e-01 2.5087567890e-29
-2.7148352959e-01 3.2117971528e-05
-2.7132486094e-01 2.0603786627e-28
-2.7113343491e-01 1.4187157855e-28
-2.7007241155e-01 6.3504765859e-27
-2.7004950145e-01 1.2848741299e-05
-2.6900626977e-01 1.3229889235e-29
-2.6727425852e-01 9.4408951942e-07
-2.6662084574e-01 2.9507479544e-07
-2.6598420369e-01 2.0829302521e-29
-2.6470142467e-01 2.0474216103e-05
-2.6363406658e-01 8.6697050487e-07
-2.6337094126e-01 4.9533539584e-29
-2.6295835561e-01 4.1916831244e-29
-2.6284131073e-01 2.1082399116e-06
-2.6183209574e-01 6.4926545133e-29
-2.6130978139e-01 1.2673036490e-06
-2.6052572013e-01 1.8306037602e-06
-2.5976164292e-01 2.5132228636e-06
-2.5926288296e-01 4.2942184966e-29
-2.5007552855e-01 1.4494105668e-28
-2.4985050126e-01 2.4511940149e-05
-2.4881160795e-01 1.6401062959e-29
-2.4804774772e-01 2.4665410142e-06
-2.4722646867e-01 8.0881060401e-30
-2.4677149034e-01 3.3388204674e-06
-2.4664314116e-01 2.8800433089e-29
-2.4535519148e-01 2.5235743766e-05
-2.4530740772e-01 7.0668627692e-28
-2.4404610701e-01 2.4773793707e-07
-2.4385054196e-01 8.6499306262e-07
-2.4322867398e-01 4.6335733768e-07
-2.4172417570e-01 2.1489159115e-05
-2.4043501086e-01 8.6933967841e-30
-2.4020220924e-01 4.8228622632e-29
-2.3974341866e-01 8.7531322245e-06
-2.3925524383e-01 1.8327295927e-29
-2.3832056371e-01 3.1549862778e-29
-2.3714030084e-01 3.0098727372e-06
-2.3701942417e-01 2.4573106416e-08
-2.3627675645e-01 1.0906043519e-29
-2.3559053636e-01 2.3640878184e-29
-2.3486146934e-01 2.2580126875e-07
-2.3447532970e-01 1.1893054320e-29
-2.3389231711e-01 1.2852053343e-28
-2.3301829418e-01 1.1248357017e-27
-2.3284226196e-01 2.6887846609e-04
-2.3040828797e-01 1.0864546473e-05
-2.3030062901e-01 7.4561892641e-29
-2.2969557475e-01 5.2737436449e-06
-2.2855555896e-01 5.2209667732e-29
-2.2808490977e-01 6.0783279867e-07
-2.2693765909e-01 1.9276588660e-29
-2.2593709767e-01 1.4848713622e-29
-2.2569063161e-01 2.7689028155e-29
-2.2553632243e-01 3.5274940840e-06
-2.2517845978e-01 1.2627783668e-29
-2.2424910880e-01 2.3777046329e-29
-2.2265038210e-01 1.9513251428e-05
-2.2255843085e-01 5.4550682586e-29
-2.2033587548e-01 1.3628658242e-04
-2.1880744482e-01 2.9288429255e-09
-2.1831611578e-01 4.7303099497e-05
-2.1830848238e-01 7.9352836973e-27
-2.1777372398e-01 7.7632051623e-07
-2.1594137266e-01 2.2791366980e-29
-2.1557871870e-01 7.2960180134e-07
-2.1443176927e-01 2.0799793504e-07
-2.1376751956e-01 7.6670462558e-30
-2.1311341550e-01 1.9763009159e-08
-2.1311243133e-01 1.1786133286e-28
-2.1179658678e-01 5.0050211467e-05
-2.1139858390e-01 8.0023355415e-05
-2.1077136388e-01 8.7100066910e-05
-2.0984828521e-01 7.0379073083e-05
-2.0949249960e-01 4.2572710043e-29
-2.0858773880e-01 2.2147007355e-04
-2.0782493678e-01 4.2694513563e-08
-2.0775927307e-01 1.8675966741e-29
-2.0585705518e-01 5.5183721353e-30
-2.0545557432e-01 9.4045523868e-30
-2.0486477314e-01 9.3018550419e-30
-2.0464291493e-01 1.0616321605e-29
-2.0432202913e-01 2.0504033665e-29
-2.0300452704e-01 6.9396465748e-04
-2.0210956453e-01 3.2453823212e-02
-2.0120567033e-01 3.2853730144e-05
-2.0102463928e-01 2.1967390955e-29
-2.0076532792e-01 1.1469172116e-04
-1.9877181918e-01 1.3201629529e-29
-1.9864159316e-01 5.4380013445e-30
-1.9764974511e-01 2.5442270404e-29
-1.9563742721e-01 1.1429245902e-29
-1.9528329572e-01 2.5664343310e-04
-1.9423214875e-01 1.0565194561e-29
-1.9299441705e-01 2.4760727460e-05
-1.9294959013e-01 1.1201860291e-28
-1.9245250535e-01 1.9302664111e-06
-1.9084704477e-01 6.0253326670e-28
-1.9051255615e-01 3.9884080480e-04
-1.8959086557e-01 1.9146090160e-04
-1.8913870194e-01 4.8008561307e-29
-1.8738324541e-01 1.0585515200e-03
-1.8696654038e-01 5.1601479595e-28
-1.8665915403e-01 1.2854955470e-05
-1.8547095393e-01 3.9561290179e-06
-1.8493643091e-01 9.7971811790e-07
-1.8413890478e-01 1.9241499928e-05
-1.8270429524e-01 1.4750983333e-29
-1.8103405271e-01 2.5353779061e-07
-1.8062841309e-01 1.9680652406e-29
-1.8051774449e-01 1.4343479483e-07
-1.7968450148e-01 4.4375666891e-29
-1.7754598801e-01 1.5432605683e-06
-1.7753043551e-01 8.4097757807e-28
-1.7610670869e-01 5.4678111006e-29
-1.7504737598e-01 1.0871987016e-06
-1.7460956285e-01 2.0594680614e-06
-1.7366233117e-01 7.1506534373e-29
-1.7337450941e-01 6.9144836413e-29
-1.7319194233e-01 1.8733679431e-05
-1.7274013018e-01 1.0895060053e-28
-1.7206419004e-01 1.1854878893e-04
-1.7052496584e-01 7.0836112354e-29
-1.6834316623e-01 7.2640155164e-06
-1.6737317689e-01 9.0652066453e-30
-1.6671203273e-01 1.2013826823e-28
-1.6598724906e-01 1.5215042412e-29
-1.6566166289e-01 1.8807319529e-29
-1.6520662615e-01 5.9419276951e-05
-1.6503680370e-01 1.3883790263e-28
-1.6332444849e-01 7.2323320566e-06
-1.6194021106e-01 3.7545355068e-03
-1.6175494551e-01 6.0951056837e-27
-1.5990131531e-01 1.8499209887e-04
-1.5961897460e-01 2.5583805725e-06
-1.5901036026e-01 8.9405013209e-29
-1.5887436469e-01 4.6525538740e-29
-1.5567883816e-01 3.2617252048e-28
-1.5511044187e-01 1.3811162974e-04
-1.5495583515e-01 1.3516218736e-05
-1.5395484398e-01 1.3042921226e-28
-1.5384183850e-01 7.5791638384e-07
-1.5174813392e-01 1.1939608714e-04
-1.4978265324e-01 7.4948878859e-28
-1.4964803342e-01 1.1494289880e-05
-1.4848265571e-01 1.2267781491e-27
-1.4801411302e-01 8.7417253091e-04
-1.4779726816e-01 1.0438482224e-27
-1.4727500199e-01 5.3204289321e-06
-1.4678358478e-01 1.2675304864e-03
-1.4503657866e-01 2.1649309690e-28
-1.4469016146e-01 6.0397007600e-28
-1.4403537564e-01 3.4457013599e-06
-1.4125804149e-01 6.1849241957e-26
-1.4039923077e-01 4.7905064755e-01
-1.3836745327e-01 8.0828529825e-03
-1.3755761973e-01 2.3866037443e-03
-1.3735222833e-01 5.6883296095e-27
-1.3609552310e-01 8.9915033912e-27
-1.3579458696e-01 2.8116422895e-02
-1.3543504933e-01 6.3196586199e-02
-1.3432416490e-01 2.0026610539e-28
-1.3389767023e-01 5.5270290235e-28
-1.3246028042e-01 7.8892881864e-28
-1.3153954996e-01 9.6321398408e-04
-1.3040466704e-01 1.5111748074e-28
-1.3001685201e-01 1.6578221178e-28
-1.2903793332e-01 4.1076512349e-29
-1.2757923238e-01 8.5734646598e-05
-1.2660546574e-01 1.5557763151e-27
-1.2623853287e-01 4.3890467853e-04
-1.2375121998e-01 5.2117583949e-05
-1.2116960311e-01 5.3922652270e-05
-1.2049423242e-01 7.5495260224e-29
-1.1922697118e-01 3.6392370131e-27
-1.1915996268e-01 7.6085196979e-05
-1.1840340759e-01 1.8631084630e-29
-1.1708205436e-01 3.9652243123e-06
-1.1623657728e-01 9.4390336762e-05
-1.1508891551e-01 5.7760228698e-27
-1.1497820777e-01 8.2387569637e-05
-1.1409580563e-01 6.2656700084e-03
-1.1213359843e-01 6.6392124760e-05
-1.1101617149e-01 1.3764512992e-29
-1.0934311010e-01 1.4682284885e-29
-1.0704346304e-01 4.2584135721e-30
-1.0568006967e-01 7.6739230309e-30
-1.0417430588e-01 1.0406515491e-04
-1.0340227768e-01 3.7873007091e-29
-1.0200611407e-01 7.7088154905e-05
-1.0163394732e-01 9.5925581255e-06
-1.0117674047e-01 1.2012386345e-29
-9.9585210702e-02 4.7817213241e-04
-9.8888525033e-02 1.0744641602e-28
-9.7139460475e-02 1.4944697650e-30
-9.5763369050e-02 3.8336199786e-28
-9.5482364018e-02 5.5057331829e-05
-9.3888607342e-02 8.1674408415e-05
-9.1067184609e-02 7.7604491751e-08
-9.0825394974e-02 9.0692725037e-05
-8.8372570302e-02 2.1487748748e-29
-8.6143458763e-02 3.1246757609e-28
-8.5832503703e-02 7.1896205590e-04
-8.5825821747e-02 4.6438504227e-24
-8.4656598682e-02 4.4214350534e-27
-8.4355362791e-02 2.2085431265e-02
-8.1233095526e-02 4.2434900079e-29
-8.0834509254e-02 7.3378315303e-05
-7.9911862389e-02 1.3973868295e-05
-7.9523425367e-02 1.6164676686e-29
-7.5167395170e-02 3.1006178368e-30
-7.2856254571e-02 3.6494849818e-05
-7.1711543470e-02 2.5089041257e-04
-7.0993744547e-02 2.7733661392e-04
-7.0531572962e-02 1.2794161657e-29
-6.9787893975e-02 5.6178790057e-27
-6.9732113911e-02 3.3341176689e-04
-6.8208784029e-02 5.8839760040e-05
-6.6066047194e-02 1.3891590746e-30
-6.4659407519e-02 2.2184644263e-30
-5.9635408366e-02 2.5136054560e-03
-5.9273148075e-02 5.2732219110e-28
-5.8246692948e-02 1.5474651214e-29
-5.6271167320e-02 7.2097581800e-29
-5.4907307844e-02 8.0181660972e-02
-5.4193419640e-02 6.7350635595e-02
-5.4044738575e-02 2.3460868722e-26
-5.2883409132e-02 1.3017474446e-04
-5.0585157328e-02 2.5526057213e-04
-4.7995232082e-02 6.2529948763e-04
-4.4667384914e-02 1.0212617945e-29
-4.1303656581e-02 1.0291674143e-29
-4.0634031053e-02 3.1441047416e-04
-3.9075716793e-02 7.3772014642e-30
-3.8276345592e-02 7.9122504822e-30
-3.7420548261e-02 3.8260667589e-26
-3.7397645223e-02 4.3915519861e-04
-3.1851590242e-02 2.0173163371e-03
-3.1270425319e-02 6.0556467967e-04
-2.6455846562e-02 9.5781383462e-30
-2.3028421273e-02 5.0672566256e-28
-2.2875276767e-02 3.4587624427e-02
-2.0853846095e-02 8.0974672398e-28
-2.0017314301e-02 4.9713327476e+00
-1.6399788552e-02 7.0337741694e-03
-1.1429449579e-02 1.2749563832e-28
-8.0488240778e-03 2.7845029992e-02
3.0239233229e-01 2.7758680021e-33
3.0364544755e-01 2.0707884258e-33
3.0573262592e-01 6.3264368604e-33
3.0865184820e-01 3.1090704534e-33
3.1240029023e-01 2.3520791524e-32
3.1431196460e-01 5.8994303642e-33
3.1556507986e-01 3.1494750781e-33
3.1697432564e-01 1.1879136750e-32
3.1765225823e-01 1.1563400047e-32
3.2057148051e-01 3.3567534728e-33
3.2236952933e-01 6.1091529874e-33
3.2431992255e-01 1.0228957545e-32
3.2858068180e-01 1.9187049336e-33
3.2889395795e-01 5.1303839103e-33
3.3416520530e-01 2.1968935485e-32
3.3428916164e-01 1.3734540909e-32
3.3541832055e-01 2.1812589178e-32
3.3560177416e-01 6.9234734462e-33
3.3750549893e-01 2.1085475240e-32
3.4042472121e-01 2.4278381849e-32
3.4050031411e-01 1.0503895036e-31
3.4342601396e-01 6.7521281218e-32
3.4417316324e-01 1.0140848720e-31
3.4752140648e-01 9.0236835726e-32
3.4874719864e-01 5.8269905772e-33
3.5204583175e-01 7.9689015961e-33
3.5414240234e-01 3.2919412820e-33
3.5534564627e-01 1.2240101239e-32
3.6035355481e-01 2.3546657485e-32
3.6145288840e-01 2.8446911026e-32
3.6193284764e-01 2.7966650182e-32
3.6318596290e-01 6.0403480807e-32
3.6396546406e-01 2.4587178673e-32
3.6527314127e-01 1.0687532092e-31
3.6737464717e-01 1.6072922070e-32
3.6819236355e-01 1.7115981401e-32
3.7163808322e-01 7.6006870302e-33
3.7194080558e-01 3.6325338956e-32
3.7337252072e-01 1.3571300815e-32
3.7519888697e-01 1.4534530294e-32
3.7651484099e-01 3.6492154816e-32
3.8191004468e-01 1.5491132530e-32
3.8259156266e-01 7.6375411633e-32
3.8355771553e-01 2.6066417984e-32
3.8381870475e-01 8.8060558947e-32
3.8812119715e-01 6.2575970412e-33
3.9322576141e-01 2.5925268482e-32
3.9430272996e-01 6.1648619719e-32
3.9451119498e-01 8.8306760143e-32
3.9514228952e-01 1.7817371310e-31
3.9758802824e-01 1.1606165422e-31
3.9884114349e-01 2.2445092346e-32
4.0092832187e-01 2.4406077631e-32
4.0296652931e-01 3.7341528860e-32
4.0341095622e-01 1.7237408440e-31
4.0384754415e-01 8.1181850390e-32
4.0622236227e-01 3.4111823437e-31
4.0676025531e-01 1.3669111579e-31
4.0759598618e-01 6.7067149251e-32
4.1158634710e-01 1.2485470009e-32
4.1217002159e-01 8.4933981210e-32
4.1436443567e-01 3.0792739999e-31
4.1756522528e-01 6.2829459283e-32
4.1867988762e-01 2.1487799541e-32
4.1995208686e-01 3.6175781357e-31
4.2099340376e-01 1.1941871063e-31
4.2377637775e-01 1.1420056254e-31
4.2607560297e-01 1.5766763913e-32
4.3079747011e-01 7.2793895984e-32
4.3117859857e-01 8.3049666604e-31
4.3187171917e-01 2.9770941719e-31
4.3386546236e-01 1.6631757304e-31
4.3853312831e-01 5.2534293747e-32
4.3862170991e-01 4.1084677750e-31
4.4109625300e-01 3.5574073720e-31
4.4213207801e-01 3.2212880862e-31
4.4234936826e-01 3.4653663747e-31
4.4443654663e-01 4.6665716390e-31
4.4578509468e-01 2.7969850224e-31
4.4724152770e-01 7.3903786144e-31
4.4735576891e-01 6.7263086334e-31
4.4848692153e-01 2.6644477660e-31
4.5110421094e-01 4.7565064946e-31
4.5172495986e-01 2.3746541479e-31
4.5384324531e-01 2.7554858732e-31
4.5567824635e-01 6.3955260173e-31
4.5664858435e-01 3.4770747308e-31
4.6040655385e-01 3.8653724879e-31
4.6107345004e-01 8.6768173058e-31
4.6380231905e-01 3.2463371945e-31
4.6563833537e-01 9.5497821097e-31
4.6630077066e-01 1.1617473330e-30
4.6683377917e-01 1.5272063922e-31
4.6728460251e-01 9.5995927754e-31
4.7430569487e-01 5.1272042023e-31
4.7572195136e-01 3.6454973344e-31
4.7778725861e-01 9.5066945426e-31
4.7949260221e-01 1.8688706790e-30
4.7979683825e-01 4.2849536734e-31
4.8025979454e-01 1.1708421325e-30
4.8212993467e-01 1.5426513207e-30
4.8949842591e-01 3.6038257147e-31
4.9074975246e-01 7.2508170920e-31
4.9171647057e-01 2.1365250087e-30
4.9241543053e-01 1.2375506641e-30
4.9340597772e-01 2.8138764067e-30
4.9366854579e-01 1.2727347770e-30
4.9557519206e-01 6.3281250423e-31
4.9575572416e-01 1.7680208208e-30
4.9645500548e-01 3.0630273174e-30
4.9867494645e-01 2.4681052792e-30
5.0015680912e-01 6.1946722173e-30
5.0195595126e-01 3.0024885693e-30
5.0242338848e-01 1.0892995798e-30
5.0699742388e-01 1.6520743931e-30
5.0802743689e-01 5.0136804283e-30
5.0837463780e-01 1.8087022393e-30
5.1034200393e-01 2.9868805240e-30
5.1156971126e-01 9.9305474360e-30
5.1239262757e-01 1.5901653247e-30
5.1376070504e-01 1.9873763102e-30
5.1514778281e-01 1.8793791066e-30
5.1860378005e-01 5.6043917184e-31
5.2129548337e-01 1.2311720657e-30
5.2334283440e-01 3.7752534067e-30
5.2562487241e-01 1.6518227660e-33
5.2568033735e-01 7.3687991364e-33
5.2822787849e-01 3.7382400355e-33
5.2906115831e-01 7.4155550145e-33
5.3169719476e-01 1.4867565472e-32
5.3300665067e-01 8.4228078113e-33
5.3344911220e-01 7.5689737320e-33
5.3933735361e-01 3.7418828755e-33
5.4206892999e-01 7.8914477386e-33
5.4361682708e-01 4.0640249187e-32
5.4368261748e-01 2.5259154206e-33
5.4546417602e-01 5.0845518607e-33
5.4553357804e-01 9.0463233007e-33
5.5024712227e-01 2.3028803281e-32
5.5147598665e-01 1.5623587602e-32
5.5149591284e-01 2.5065508182e-32
5.5274902810e-01 9.1552672190e-32
5.5483620647e-01 4.1425728915e-32
5.5599552084e-01 4.6955972249e-32
5.5775542876e-01 3.3854902137e-32
5.5865600757e-01 1.2053082392e-32
5.5899801500e-01 1.6700541317e-32
5.6150387079e-01 1.3474398464e-32
5.6166118146e-01 1.4278696885e-32
5.6216675459e-01 3.3388528881e-33
5.6347006777e-01 3.8668395199e-32
5.6607790619e-01 6.2484850855e-33
5.6939254171e-01 4.8032874374e-33
5.7147310988e-01 5.5911569220e-33
5.7256938307e-01 5.8271794569e-33
5.7261466091e-01 3.8401094543e-33
5.7330122039e-01 4.8505136809e-33
5.7499253420e-01 2.2623194237e-32
5.7768426236e-01 1.3737351535e-32
5.8131217402e-01 5.6392845085e-32
5.8201999528e-01 4.7117181607e-33
5.8432582820e-01 5.8100075969e-32
5.8470535472e-01 1.8547182070e-31
5.8719084224e-01 1.4519592520e-32
5.8911493111e-01 1.3383903079e-32
5.9123771012e-01 9.2002051493e-32
5.9165070143e-01 5.5299394596e-31
5.9252959452e-01 1.7989057924e-32
5.9678335355e-01 3.6376639015e-31
6.0103456343e-01 7.9311577381e-33
6.0114941230e-01 5.0114351898e-33
6.0116541472e-01 4.4253430425e-31
6.0250623976e-01 8.9963355341e-33
6.0895640098e-01 9.4696324030e-33
6.0939521034e-01 1.1110792832e-32
6.0978763763e-01 1.0307752105e-32
6.0997518510e-01 1.4656723526e-32
6.1055646896e-01 4.0912476544e-33
6.1828054338e-01 1.3202729108e-32
6.1850075897e-01 1.0609456040e-32
6.1953365864e-01 8.1770542184e-33
6.2074166377e-01 5.3991245406e-33
6.2088780412e-01 5.3909875054e-33
6.2131484266e-01 1.0700692928e-32
6.2162083701e-01 4.2948334476e-33
6.2388856061e-01 3.2183184228e-33
6.2454005930e-01 4.9710984775e-33
6.2689289071e-01 9.4401899466e-33
6.2828850133e-01 4.5645321224e-33
6.2893305706e-01 1.4565673941e-32
6.3021375954e-01 6.4672527818e-33
6.3169514322e-01 2.8159611226e-32
6.3286253673e-01 4.9604348085e-32
6.3515892620e-01 1.3182386503e-31
6.3825774042e-01 9.9771526430e-33
6.3851001978e-01 6.7996820829e-33
6.4116808335e-01 1.1258685529e-31
6.4213339186e-01 5.3257072681e-33
6.4340631051e-01 5.5656308944e-31
6.4446889290e-01 2.8949069221e-31
6.4544281822e-01 1.9457619578e-31
6.4862763515e-01 1.0654026647e+00
6.4865544646e-01 1.0468690084e-27
6.5148998526e-01 5.8911211849e-31
6.5155043811e-01 7.9446995310e-31
6.5246462575e-01 3.7282283977e-31
6.5382541729e-01 2.4008100316e-31
6.5586383586e-01 4.1020173358e-32
6.5931422505e-01 3.9095335941e-32
6.6198663255e-01 5.9227980550e-32
6.6347007043e-01 1.0982877395e-31
6.6458823766e-01 9.5842083623e-32
6.6793404284e-01 8.5013160188e-33
6.6893572570e-01 3.1702697671e-33
6.6905566741e-01 2.1454811165e-33
6.6981993650e-01 3.2997559573e-33
6.7040111548e-01 1.7216947412e-33
6.7085329491e-01 9.1791877366e-30
6.7338460419e-01 2.1870306453e-33
6.7430480916e-01 3.2328893335e-28
6.7734109950e-01 1.6738216120e-32
6.8296904292e-01 8.2513237225e-33
6.8332331112e-01 1.2858567635e-32
6.8431062706e-01 8.9910172694e-33
6.8530423650e-01 2.8967554391e-32
6.8647810373e-01 8.5274239696e-33
6.8752629431e-01 1.8595815616e-32
6.8895104299e-01 7.8330795112e-33
6.8975427490e-01 2.8197267173e-32
6.9270471234e-01 1.5695420420e-31
6.9395782759e-01 2.3237449930e-31
6.9536282955e-01 9.9581556612e-05
6.9569513463e-01 8.9503160906e-31
6.9604500597e-01 7.4671942313e-31
6.9759050209e-01 7.6462896619e-32
6.9847977376e-01 1.2415590027e-31
6.9896422825e-01 5.4528148519e-32
7.0271267028e-01 2.8406250883e-31
7.0378380328e-01 6.4465441241e-32
7.0459090629e-01 1.8858527895e-31
7.0515747720e-01 3.4005000460e-30
7.0563790886e-01 3.2500347150e-04
7.0728670568e-01 1.3602586520e-30
7.0761476694e-01 9.8900925430e-31
7.0809646242e-01 7.7527708517e-31
7.1019094105e-01 3.6461242762e-30
7.1109095347e-01 7.4421394244e-30
7.1268190938e-01 6.2906234589e-30
7.1290589960e-01 3.1130476453e-29
7.1484761608e-01 4.8900627082e-03
7.1846044544e-01 3.3529000360e-31
7.1889306185e-01 4.4086977313e-31
7.2172029301e-01 9.5738284421e-32
7.2264846640e-01 9.6336968062e-31
7.2540945549e-01 7.1999150902e-32
7.2591415421e-01 8.7840082408e-32
7.2746800764e-01 1.9068134230e-31
7.2781885182e-01 1.8488338141e-32
7.2850633832e-01 7.2418974595e-31
7.2890041881e-01 1.0911518788e-31
7.3038007775e-01 4.2167208428e-32
7.3292511954e-01 2.0368937667e-32
7.3373839401e-01 5.6382208855e-32
7.3427230604e-01 5.8967400561e-31
7.3584029795e-01 8.9933164001e-32
7.4027022052e-01 2.7896671993e-32
7.4165851264e-01 1.0889578311e-31
7.4235821179e-01 3.7210158609e-32
