-8.048824077775481797e-03 2.784502999194787831e-02
-1.142944957899842337e-02 1.274956383173350252e-28
-1.639978855232038235e-02 7.033774169428387568e-03
-2.001731430067142312e-02 4.971332747562255960e+00
-2.085384609460250172e-02 8.097467239750016559e-28
-2.287527676686146663e-02 3.458762442702366380e-02
-2.302842127286143514e-02 5.067256625574906332e-28
-2.645584656163341500e-02 9.578138346235505836e-30
-3.127042531880996901e-02 6.055646796706674623e-04
-9.958521070223839977e-02 4.781721324138717664e-04
3.945111949756958669e-01 5.157426252397125028e-32
3.951422895150151215e-01 1.737401881739832391e-31
3.975880282385316766e-01 2.455486853153789191e-31
3.988411434944005296e-01 1.255564072226370571e-31
4.009283218684224770e-01 8.468322326328906760e-33
4.029665293122077774e-01 2.798462874134345474e-32
4.034109562236101176e-01 6.048971552200987690e-32
4.038475441503170948e-01 2.573780176396866142e-31
4.062223622719062788e-01 2.415536261099306591e-33
4.067602553067041216e-01 2.883831624212961248e-32
4.075959861810621865e-01 4.552914562052115775e-33
4.115863470987327632e-01 1.248547000858002429e-32
4.121700215850809812e-01 3.938031515769985470e-32
4.143644356693907405e-01 3.116268782506311463e-32
4.175652252785308494e-01 2.450633390421446828e-32
4.186798876205416464e-01 4.694873974571274532e-32
4.199520868565453369e-01 1.351347631903983372e-32
4.209934037575857602e-01 7.997173613586210382e-33
4.237763777502832063e-01 8.676336276361060967e-33
4.260756029656008748e-01 4.226009793699314363e-32
4.307974701114594129e-01 6.966041059021269290e-33
4.311785985689908784e-01 3.286868002562338961e-32
4.318717191703831393e-01 2.106230368441509877e-32
4.338654623625501361e-01 1.228722336863427402e-32
4.385331283142361869e-01 2.470106827989010349e-32
4.386217099086517912e-01 3.694409979041789166e-32
4.410962530015634098e-01 6.321600355078720993e-33
4.421320780147721119e-01 8.188134641597168702e-33
4.423493682574334840e-01 3.154986089323902616e-33
4.444365466314549318e-01 8.278139088453867820e-33
4.457850946763874944e-01 7.211024427705727553e-33
4.472415276951774987e-01 2.843078078569769790e-33
4.473557689133499937e-01 3.442592021187867649e-33
4.484869215324961411e-01 5.917439634753754269e-33
4.511042109440949743e-01 4.520011311114115479e-33
4.517249598640784014e-01 9.862955915342796914e-33
4.538432453109831344e-01 4.744493046535705937e-33
4.556782463481148793e-01 2.093343537865389414e-32
4.566485843540298295e-01 1.004863917939886644e-32
4.604065538463342211e-01 4.564750341753597907e-33
4.610734500415645254e-01 3.810742224655702029e-33
4.638023190489499181e-01 1.896849835656339640e-33
4.656383353700827010e-01 7.719522398079595864e-34
4.663007706596181690e-01 4.311251751881953051e-33
4.668337791654356139e-01 1.114477851816416560e-32
4.672846025133152725e-01 3.090431420626651836e-33
4.743056948744919787e-01 1.504280032140942513e-33
4.757219513627874430e-01 2.583259272492858979e-33
4.777872586112164033e-01 3.242944483675595915e-33
4.794926022094599394e-01 3.219292206498155424e-34
4.797968382539417043e-01 5.299939403489801623e-33
4.802597945400288171e-01 1.641343106127193668e-33
4.821299346716850232e-01 9.070398213104959226e-33
4.894984259074268151e-01 4.036335268424189511e-34
4.907497524582103421e-01 6.006832419417408339e-34
4.917164705677796732e-01 1.486998791429086344e-33
4.924154305336609916e-01 1.500214345599603625e-33
4.934059777154641835e-01 3.499041463866722969e-34
4.936685457895313434e-01 4.527326300378079573e-34
4.955751920564820945e-01 2.282951502843134814e-33
4.957557241635529577e-01 2.941146302893981880e-34
4.964550054831318171e-01 3.094470809282607447e-34
4.986749464454475755e-01 3.397059367788648826e-35
5.001568091170622843e-01 2.857394049363513026e-35
5.019559512560621828e-01 6.985184702448302491e-34
5.024233884761922786e-01 1.890445931866719780e-33
5.069974238802117394e-01 1.322326914441856636e-33
5.080274368854102995e-01 1.040057805820182576e-34
5.083746377969696750e-01 1.753290487435292596e-33
5.103420039284682908e-01 4.091273249699460988e-34
5.115697112614742137e-01 5.465270990359401069e-34
5.123926275736617741e-01 1.276988132975850646e-33
5.137607050355759153e-01 2.431691424890337096e-33
5.151477828059034536e-01 5.333484098457227077e-33
5.186037800454127433e-01 2.038743489340442887e-33
5.212954833742489136e-01 9.447295723698281616e-33
5.233428344018633549e-01 4.559601951495751495e-33
5.256248724065893940e-01 1.651822765988325421e-33
5.256803373494137732e-01 7.368799136381946360e-33
5.282278784906644375e-01 3.738240035548882839e-33
5.290611583119076977e-01 7.415555014469140280e-33
5.316971947646285113e-01 1.486756547170255356e-32
5.330066506704592699e-01 8.422807811330979929e-33
5.334491122037819943e-01 7.568973731965930398e-33
5.393373536068551966e-01 3.741882875522207189e-33
5.420689299903073133e-01 7.891447738648965273e-33
5.436168270784663692e-01 4.064024918651524093e-32
5.436826174818540913e-01 2.525915420645601519e-33
5.454641760190946931e-01 5.084551860652888856e-33
5.455335780431084247e-01 9.046323300749826817e-33
5.502471222748860358e-01 2.302880328088221073e-32
5.514759866491596441e-01 1.562358760160751381e-32
5.514959128449570258e-01 2.506550818239934835e-32
5.527490281008270445e-01 9.155267218994727243e-32
5.548362064748488809e-01 4.142572891475221893e-32
5.559955208360456425e-01 4.695597224912918504e-32
5.577554287567431102e-01 3.385490213728122844e-32
5.586560075689364080e-01 3.065161709669848728e-32
5.589980149983072577e-01 4.246497947981838789e-32
5.615038707874888679e-01 3.798085790308520009e-32
5.616611814605655395e-01 3.455830374213420361e-32
5.621667545887238937e-01 7.999828298017661318e-32
5.634700677721607986e-01 3.866839519919679104e-32
5.660779061915077737e-01 1.086351307134410539e-32
5.693925417095108132e-01 1.441517397432943256e-31
5.714731098849585855e-01 6.145112958985097729e-33
5.725693830749412072e-01 5.791276084051008041e-32
5.726146609063460513e-01 6.177637793012418519e-32
5.733012203884901847e-01 3.991174140705361132e-32
5.749925342032993214e-01 2.262319423705657540e-32
5.776842623567093327e-01 1.379896406450430827e-31
5.813121740233477830e-01 5.639284508482648726e-32
5.820199952824187672e-01 7.083330208996105123e-32
5.843258282025562966e-01 5.810007596864668535e-32
5.847053547178849842e-01 1.854718207031689567e-31
5.871908422448873788e-01 1.063214513066071722e-30
5.891149311116868903e-01 4.438192287579021918e-31
5.912377101175416705e-01 9.200205149259635669e-32
5.916507014324892122e-01 5.529939459583574052e-31
5.925295945150773624e-01 1.798905792420274124e-32
5.967833535511918308e-01 3.637663901514484530e-31
6.010345634255237490e-01 1.641356676877085842e-31
6.011494123016034585e-01 1.539735722673130693e-30
6.011654147170426565e-01 4.425343042454491916e-31
6.025062397613395460e-01 6.851633628999092498e-31
