-8.048824077775481797e-03 2.784502999194787831e-02
-1.142944957899842337e-02 1.274956383173350252e-28
-1.639978855232038235e-02 7.033774169428387568e-03
-2.001731430067142312e-02 4.971332747562255960e+00
-2.085384609460250172e-02 8.097467239750016559e-28
-2.287527676686146663e-02 3.458762442702366380e-02
-2.302842127286143514e-02 5.067256625574906332e-28
-2.645584656163341500e-02 9.578138346235505836e-30
-3.127042531880996901e-02 6.055646796706674623e-04
-4.700846231346175741e-01 1.000564683736434000e-27
-4.705442773792847255e-01 6.389861040901101527e-07
-4.708746467165297878e-01 3.701295890043706186e-28
-4.713700604791938864e-01 4.446534070412966506e-05
-4.723737390948125614e-01 1.772183440544376644e-29
-4.728473917471711641e-01 3.324936810753459989e-05
-4.731391466070841156e-01 1.999907643211165787e-28
-4.734584828578436433e-01 1.552466180024506608e-29
-4.737601156957385040e-01 1.482272170591481913e-05
-4.745237248605203018e-01 4.517141999429884375e-06
-4.747456256692949572e-01 1.738244450473290066e-28
-4.748883976721367528e-01 2.669111929982192048e-07
-4.749615734865406114e-01 6.143912811465870804e-29
-4.751292765053157785e-01 3.024901430739769412e-29
-4.766521632227500582e-01 1.619116547449414880e-29
-4.774496879858625698e-01 8.164371427454347129e-07
-4.774853691221024321e-01 4.111841302248545800e-29
-4.777202524897080638e-01 6.582013682484132307e-05
-4.781231496367875922e-01 2.685417728048323532e-07
-4.788643965677090164e-01 6.788076291864501300e-09
-4.800366462172744320e-01 6.005208550734812311e-08
-4.806671363457309387e-01 7.202314291232600613e-30
-4.807354170793163295e-01 1.459722882568675812e-09
-4.810619140771724700e-01 6.516256096773871414e-30
-4.818314683098178230e-01 1.949286037155923031e-05
-4.821696154851878302e-01 1.020184031858640975e-29
-4.829373398389017469e-01 1.497209132859671445e-06
-4.834048221330514705e-01 6.096067781983931710e-30
-4.837276650592458593e-01 4.898784239259222477e-07
-4.841343725680262722e-01 1.363730049639479099e-08
-4.842029218478337560e-01 1.249003686830447301e-29
-4.849014624447717248e-01 4.758580557714092761e-07
-4.850987271413638169e-01 1.404436327699671276e-29
-4.852448842505576732e-01 5.454976535861336964e-30
-4.857391424673355718e-01 1.189713106930273967e-06
-4.862064213875202934e-01 6.951428041210454254e-07
-4.865672372323577854e-01 9.192848311072245889e-06
-4.878511350346406705e-01 3.642603833249967709e-28
-4.878741561249402281e-01 1.705140359662630362e-05
-4.881269234662626300e-01 8.319564822981154281e-30
-4.892289605663874275e-01 1.318597829239002910e-05
-4.899489817736738528e-01 3.862616985043481771e-07
-4.899841715431886291e-01 2.919518898199367196e-30
-4.904607416768075323e-01 8.711861382048368402e-07
-4.905892987790626547e-01 4.671653257523033516e-30
-4.910029208930427047e-01 3.433106082108585432e-06
-4.911234181422434730e-01 3.998691684660683336e-30
-4.924924979468133235e-01 2.856016773943447188e-30
-4.932450916580861100e-01 2.472470371226334490e-30
-4.939413840019877822e-01 4.393616161711357250e-07
-4.941928496284357930e-01 3.488538924982332369e-07
-4.944980908967229194e-01 2.541734647813599905e-30
-4.946675193114105085e-01 1.522424659167551324e-30
-4.955748248495798203e-01 2.136958903046512509e-30
-4.962907136390143359e-01 5.319597340439855967e-30
-4.966455287587712153e-01 6.888909979924815672e-07
-4.973454516872086173e-01 4.654415672426362043e-30
-4.981805985179930119e-01 3.607915708909972602e-06
-4.983418508014176851e-01 5.394320955985189163e-30
-4.984019988688170866e-01 5.769361680412654328e-08
-4.989342776536427881e-01 2.332186934453513265e-30
-4.993199540701123706e-01 3.286890675178450764e-06
-4.997779889951347587e-01 1.670560377919256354e-30
-5.002601988813319966e-01 1.017670293754939980e-30
-5.014372551051941018e-01 3.881413458267228935e-30
-5.020118909782953498e-01 1.403334908849636069e-29
-5.026318428360913027e-01 2.285669208852249602e-07
-5.035137656127167682e-01 4.622218115885205146e-05
-5.035973416566925653e-01 1.649055817086187974e-29
-5.049605411983119074e-01 2.208222106948801276e-30
-5.060079816876017489e-01 1.621361747206539003e-05
-5.061305933519467670e-01 8.867715699920962103e-06
-5.062040144559835086e-01 1.862096495189320635e-29
-5.068474598435785961e-01 2.391073609174304291e-06
-5.070513879520034406e-01 1.907454830762212867e-30
-5.072123630958527141e-01 1.604020445011657038e-06
-5.085227978989045328e-01 5.548683138740529936e-07
-5.090178113656290693e-01 1.024180793198041794e-29
-5.100212948551312575e-01 5.552675895272120048e-07
-5.100369155604088656e-01 4.032199127409846233e-06
-5.104403170950541080e-01 7.153118465965161525e-30
-5.110831889641735959e-01 6.381985882572739873e-30
-5.117261143336514495e-01 1.074958607413798479e-07
-5.126965274504969861e-01 1.353777432149557573e-29
-5.129131121608783150e-01 3.817657669707785352e-06
-5.131721215875628683e-01 5.626707367261237467e-29
-5.131864652839663865e-01 5.693086286783767825e-07
-5.135780726666111518e-01 1.925742111849196932e-04
-5.137166072452836740e-01 8.433657250401923600e-29
-5.139471863776846616e-01 5.219446128976282297e-29
-5.141071381610594626e-01 4.561868369086569721e-05
-5.145702964933775991e-01 5.100316102184793339e-30
-5.149655747571570963e-01 1.175261112884968126e-06
-5.157935832995326209e-01 6.514156058727196151e-30
-5.160207121766748894e-01 7.212615852687593920e-07
-5.162907530522516941e-01 5.963691452216365505e-05
-5.163445338790922934e-01 1.264061864358362484e-27
-5.170365254170311564e-01 6.836371478359712080e-05
-5.170495686752095699e-01 8.796787657353365403e-27
-5.176048263021165718e-01 1.116018950108205461e-29
-5.183805614852756705e-01 2.148773984913250063e-29
-5.184491469529184382e-01 9.279794904781973839e-06
-5.186832923301940568e-01 2.404379856080448216e-29
-5.190820051498873378e-01 4.135921930632915710e-30
-5.197323472236550224e-01 1.721484999912803042e-05
-5.200262388251084555e-01 1.202013536739233040e-06
-5.213220572360960370e-01 2.636428611990020840e-29
-5.215032710286292561e-01 1.851849289443997229e-05
-5.221452066580046791e-01 3.220470029622362522e-04
-5.232202821307082585e-01 7.820819281685069525e-30
-5.233058935884197238e-01 8.567862496309704959e-08
-5.234637256598143606e-01 1.717472563129685323e-29
-5.240948228867929881e-01 2.749733808281305084e-06
-5.246090767386801801e-01 6.311185594502406443e-06
-5.249438863125832633e-01 3.902144212061040584e-30
-5.255684740859163373e-01 2.100530026610439649e-30
-5.259801682488287611e-01 4.767233832436819362e-30
-5.263414507581065660e-01 1.653012882511799782e-06
-5.271630978146766289e-01 6.823100517982600083e-05
-5.276569972414300036e-01 4.210928237313056942e-29
-5.286326114202271054e-01 9.034850355255637873e-05
-5.289916305987503176e-01 8.975012941240733799e-30
-5.291354072395939578e-01 2.032495136121204374e-29
-5.296600935588127168e-01 7.238142654477947247e-30
-5.298985361377562819e-01 3.150339229729715113e-06
6.486554464646002716e-01 1.046869008377453732e-27
