-8.048824077775481797e-03 2.784502999194787831e-02
-1.142944957899842337e-02 1.274956383173350252e-28
-1.639978855232038235e-02 7.033774169428387568e-03
-2.001731430067142312e-02 4.971332747562255960e+00
-2.085384609460250172e-02 8.097467239750016559e-28
-2.287527676686146663e-02 3.458762442702366380e-02
-2.302842127286143514e-02 5.067256625574906332e-28
-2.645584656163341500e-02 9.578138346235505836e-30
-3.127042531880996901e-02 6.055646796706674623e-04
-5.186832923301942788e-01 1.791843977774010398e-29
-5.190820051498873378e-01 5.044828897239097579e-30
-5.197323472236551334e-01 1.721484999912216218e-05
-5.200262388251086776e-01 1.202013536740027768e-06
-5.213220572360961480e-01 5.031568450378293087e-29
-5.215032710286292561e-01 1.851849289443376523e-05
-5.221452066580047902e-01 3.220470029622903539e-04
-5.232202821307079255e-01 1.585457125214336011e-29
-5.233058935884200569e-01 8.567862496199058633e-08
-5.234637256598141386e-01 1.068551852636230755e-29
-5.240948228867929881e-01 2.749733808287372804e-06
-5.246090767386801801e-01 6.311185594523879575e-06
-5.249438863125834853e-01 9.982604376961745895e-30
-5.255684740859165593e-01 8.156325482729231439e-30
-5.259801682488286501e-01 2.435549327929582027e-29
-5.263414507581065660e-01 1.653012882524279965e-06
-5.271630978146768509e-01 6.823100517979058808e-05
-5.276569972414303367e-01 2.830760572776536256e-29
-5.286326114202269943e-01 9.034850355256881995e-05
-5.289916305987504286e-01 2.921028566137980079e-29
-5.291354072395941799e-01 1.738788158125645173e-29
-5.296600935588128278e-01 5.074804160224993980e-30
-5.298985361377561709e-01 3.150339229724102249e-06
-5.305567445653166514e-01 1.153142120285853214e-06
-5.308063935741612616e-01 1.345344102140476767e-06
-5.309238502657852576e-01 7.769113167174431691e-30
-5.322392126912034449e-01 6.450944271382839107e-06
-5.328435910811872844e-01 1.449206993610563571e-29
-5.332868261587913050e-01 3.451233112250388457e-05
-5.337922811970734482e-01 1.250780693466030149e-29
-5.343132990176713282e-01 5.782337198861645260e-06
-5.354802953888996297e-01 1.569649746233696801e-29
-5.360686716769218485e-01 2.684441754948191265e-06
-5.369953544834529247e-01 3.237016364911023907e-06
-5.370453474029974750e-01 4.751873078164940306e-29
-5.376156188984176909e-01 3.635189271145918965e-05
-5.380519279090248963e-01 6.068001798380438208e-06
-5.382397519725210522e-01 2.720911336548517296e-29
-5.386471981140926735e-01 1.787414806295661673e-06
-5.388620318339217841e-01 2.836631543873950644e-05
-5.398095328503429435e-01 4.006948765447188634e-29
-5.399255363982650158e-01 7.681828650147912532e-06
-5.418885920230939179e-01 6.174378675556560903e-30
-5.438400252910842170e-01 3.254685340991550446e-07
-5.442581401423975951e-01 6.416483994593191973e-30
-5.443787697007441695e-01 1.694632547294455178e-06
-5.449550950373619473e-01 3.857820029224886517e-30
-5.451976649582074286e-01 1.529876874739034998e-30
-5.453856157658627524e-01 1.358791037309160204e-30
-5.455996146629664700e-01 1.814866383094025617e-09
-5.459272378070400000e-01 1.697071616227088650e-30
-5.467649638410868596e-01 1.150655671249276371e-06
-5.468337291312364012e-01 1.806597352777378846e-30
-5.475699930826213313e-01 2.835509474330933140e-30
-5.477842503341529001e-01 1.565990748378838582e-30
-5.478878390554666744e-01 3.028600665410053975e-08
-5.482638425054551234e-01 2.683166264484270770e-07
-5.489106686769539278e-01 1.422148507949207886e-29
-5.489817460553315653e-01 1.347175002274667870e-05
-5.494370954453963174e-01 1.835949634661947111e-30
-5.497528655384170682e-01 2.214213573700266930e-07
-5.503259582776542924e-01 5.407561410725276298e-07
-5.508906551301588905e-01 5.996987356481209513e-30
-5.510508333342295506e-01 2.261854943275610390e-04
-5.512300868796496944e-01 1.673526158192400617e-30
-5.516523737236167513e-01 2.295529666301330377e-11
-5.519297175287060098e-01 2.251869998077862454e-30
-5.528424928951350958e-01 2.050880826373416570e-04
-5.529837273699230726e-01 2.952352200045612013e-05
-5.539469861106628423e-01 1.995583539420230698e-29
-5.541516320421744357e-01 6.695329670265110229e-07
-5.548907433821451685e-01 9.437772147766471566e-30
-5.553808611835648890e-01 2.202039490640351300e-05
-5.556412786649105318e-01 1.003407753878544873e-03
-5.558195443377762501e-01 1.333668782612957680e-05
-5.560768846195581760e-01 3.112890308450904770e-29
-5.566712555151162034e-01 1.590083786133841538e-05
-5.567902814042414716e-01 3.607579122149848305e-29
-5.575468502492403333e-01 8.240288815694586310e-31
-5.585740526778482096e-01 6.275934253415412035e-06
-5.586834621054762584e-01 1.614162595756955665e-29
-5.588324492423952794e-01 1.554387174939083737e-05
-5.595760071830578886e-01 1.457743713041923645e-29
-5.597888019830935535e-01 4.450972532413204825e-06
-5.602688179806781799e-01 1.847770065342639709e-06
-5.602764718622726958e-01 1.711718267881002434e-28
-5.611062187407629409e-01 1.912934620884523202e-06
-5.613337151762038957e-01 3.381652170809812902e-30
-5.619135658934825139e-01 8.819608534849718789e-31
-5.626061673324711521e-01 2.092934472078673524e-30
-5.631612969648492895e-01 8.489251220186338438e-09
-5.636035584116265706e-01 3.711507511829615188e-06
-5.637119564377168768e-01 1.683516844760288355e-29
-5.648680059180617441e-01 2.871683437792652502e-07
-5.650048457507030886e-01 5.373735809405728650e-30
-5.650377980320099303e-01 6.769824339929768224e-09
-5.658635965294089853e-01 1.192728230965578062e-30
-5.668052124839381145e-01 2.302628870686270058e-30
-5.668537596908816978e-01 2.051561772350815084e-08
-5.675908709892804049e-01 3.594331312809008917e-06
-5.676846484477943156e-01 2.609547846616248802e-29
-5.680485962333395866e-01 5.986809594660077132e-30
-5.682803668672826714e-01 1.841307256613314564e-30
-5.700406868193724774e-01 4.939809261049897597e-30
-5.703400011697085104e-01 3.513543486098913431e-06
-5.706505825802199450e-01 1.743948762393649938e-07
-5.716362831927660482e-01 2.802879801411200887e-30
-5.721524977655094713e-01 8.346759721972481914e-30
-5.735430007646962203e-01 6.324147564348153479e-30
-5.739133076044380388e-01 2.584423119861278754e-30
-5.742463845167257164e-01 1.499982487722604035e-05
-5.742748491334561667e-01 1.023873847861280462e-27
-5.754781922045505427e-01 6.315744641049874379e-30
-5.763534691362462992e-01 1.082694593179131375e-06
-5.767970556270665128e-01 3.822415731102598160e-07
-5.769930037405199830e-01 6.212450839036272160e-30
-5.777929951984426271e-01 3.075342775767074165e-07
-5.778704086366505122e-01 6.694168662799877547e-30
-5.780724179455050127e-01 1.251546953604217537e-30
-5.784321788671195064e-01 5.950113077246510946e-08
-5.789240966576614245e-01 6.388601819936051292e-08
-5.794820546222431146e-01 2.161838645848330891e-30
-5.801317595714535758e-01 6.630564933659003330e-07
-5.806898459157201486e-01 1.166023873451345840e-30
-5.813930242412277405e-01 9.412352699385100570e-30
6.486554464646002716e-01 1.046869008377453732e-27
