# theta_deg  Ey_V_per_um  Ez_V_per_um  alpha_eV_A  perturbative_gap_k1_microeV  
0.000000000000000000e+00 0.000000000000000000e+00 7.000000000000000000e+00 9.635105659440848860e-03 1.927021131890860417e+01
2.399999999999999911e+00 2.931295761043973824e-01 6.993859810692009127e+00 1.262686595024084535e-02 2.525373190045976202e+01
4.799999999999999822e+00 5.857449033262084326e-01 6.975450014746530591e+00 1.884294873117016433e-02 3.768589746230843929e+01
7.199999999999999289e+00 8.773326349501295862e-01 6.944802909201344576e+00 2.586613949705871690e-02 5.173227899409049968e+01
9.599999999999999645e+00 1.167381227012715739e+00 6.901972259493534878e+00 3.299015052658529901e-02 6.598030105321728911e+01
1.200000000000000000e+01 1.455381835724315565e+00 6.847033205136639822e+00 4.000470725707418185e-02 8.000941451404008831e+01
1.439999999999999858e+01 1.740829210153983286e+00 6.780082127900417532e+00 4.684132170212673696e-02 9.368264340409160695e+01
1.680000000000000071e+01 2.023222578611301170e+00 6.701236482724469923e+00 5.347826555925103142e-02 1.069565311185016725e+02
1.919999999999999929e+01 2.302066527170082644e+00 6.610634591662367221e+00 5.991009121397849330e-02 1.198201824281347427e+02
2.159999999999999787e+01 2.576871868792744991e+00 6.508435401217759875e+00 6.613701372607934392e-02 1.322740274520284345e+02
2.400000000000000000e+01 2.847156501530601513e+00 6.394818203498206621e+00 7.216114628398773156e-02 1.443222925681109245e+02
2.639999999999999858e+01 3.112446254294492398e+00 6.269982321675890091e+00 7.798519301653791813e-02 1.559703860329886425e+02
2.879999999999999716e+01 3.372275718712006043e+00 6.134146760307044310e+00 8.361202615507189184e-02 1.672240523102469467e+02
3.119999999999999929e+01 3.626189065611911122e+00 5.987549821123546501e+00 8.904457438320252660e-02 1.780891487666303021e+02
3.360000000000000142e+01 3.873740844703408737e+00 5.830448684970696682e+00 9.428581342421890610e-02 1.885716268484743807e+02
3.600000000000000000e+01 4.114496766047311738e+00 5.663118960624631271e+00 9.933878405404686363e-02 1.986775681080965512e+02
3.839999999999999858e+01 4.348034461948172336e+00 5.485854201280878861e+00 1.042066121504049980e-01 2.084132243007352656e+02
4.079999999999999716e+01 4.573944227930737405e+00 5.298965389562294348e+00 1.088925232783212460e-01 2.177850465565761624e+02
4.319999999999999574e+01 4.791829741500820639e+00 5.102780391949880645e+00 1.133998503675790470e-01 2.267997007350946888e+02
4.560000000000000142e+01 5.001308757429622887e+00 4.897643383593558220e+00 1.177320345911573862e-01 2.354640691822756935e+02
4.800000000000000000e+01 5.202013778341759043e+00 4.683914244512007663e+00 1.218926192804480058e-01 2.437852385609035082e+02
5.039999999999999858e+01 5.393592699430524995e+00 4.461967928240827774e+00 1.258852354629504955e-01 2.517704709258383673e+02
5.279999999999999716e+01 5.575709426169373373e+00 4.232193804036624485e+00 1.297135754143965702e-01 2.594271508286477683e+02
5.519999999999999574e+01 5.748044463935927162e+00 3.994994973791022641e+00 1.333813469701735088e-01 2.667626939402978223e+02
5.759999999999999432e+01 5.910295478514104417e+00 3.750787564852977152e+00 1.368921950684303390e-01 2.737843901369357695e+02
6.000000000000000000e+01 6.062177826491070398e+00 3.500000000000000444e+00 1.402495657481442892e-01 2.804991314963311879e+02
6.239999999999999858e+01 6.203425054618502799e+00 3.243072245839032419e+00 1.434564668387053321e-01 2.869129336776493346e+02
6.479999999999999716e+01 6.333789367262137482e+00 2.980455040955508839e+00 1.465150388387573832e-01 2.930300776773087250e+02
6.720000000000000284e+01 6.453042061119504069e+00 2.712609105164720535e+00 1.494257668862417066e-01 2.988515337723485459e+02
6.959999999999999432e+01 6.560973926443240067e+00 2.440004331252707104e+00 1.521859886187496569e-01 3.043719772375594061e+02
7.200000000000000000e+01 6.657395614066074607e+00 2.163118960624632159e+00 1.547869540000906818e-01 3.095739080001130787e+02
7.439999999999999147e+01 6.742137967583606617e+00 1.882438744306861311e+00 1.572077216767230057e-01 3.144154433534218924e+02
7.679999999999999716e+01 6.815052320112121365e+00 1.598456090774591054e+00 1.594015818242666971e-01 3.188031636486010711e+02
7.920000000000000284e+01 6.876010755100820937e+00 1.311669202100071541e+00 1.612628968286781705e-01 3.225257936573591451e+02
8.159999999999999432e+01 6.924906330740917326e+00 1.022581199936881680e+00 1.625347781105188627e-01 3.250695562209623972e+02
8.400000000000000000e+01 6.961653267577912807e+00 7.316992428735741294e-01 1.624965432860712711e-01 3.249930865721131568e+02
8.639999999999999147e+01 6.986187098997901579e+00 4.395336367051946858e-01 1.585011074214224269e-01 3.170022148428694209e+02
8.879999999999999716e+01 6.998464784323918941e+00 1.465969391834993640e-01 1.344433640177868650e-01 2.688867280356416245e+02
9.120000000000000284e+01 6.998464784323918941e+00 -1.465969391834984759e-01 1.344433640177882250e-01 2.688867280355444791e+02
9.359999999999999432e+01 6.986187098997901579e+00 -4.395336367051922433e-01 1.585011074214219273e-01 3.170022148428694209e+02
9.600000000000000000e+01 6.961653267577912807e+00 -7.316992428735747955e-01 1.624965432860704939e-01 3.249930865722658382e+02
9.839999999999999147e+01 6.924906330740917326e+00 -1.022581199936880791e+00 1.625347781105189737e-01 3.250695562210179332e+02
1.007999999999999972e+02 6.876010755100820937e+00 -1.311669202100072207e+00 1.612628968286786701e-01 3.225257936573591451e+02
1.032000000000000028e+02 6.815052320112122253e+00 -1.598456090774590610e+00 1.594015818242662530e-01 3.188031636485108606e+02
1.055999999999999943e+02 6.742137967583607505e+00 -1.882438744306859313e+00 1.572077216767231445e-01 3.144154433534496320e+02
1.080000000000000000e+02 6.657395614066075495e+00 -2.163118960624631271e+00 1.547869540000902933e-01 3.095739080002171590e+02
1.103999999999999915e+02 6.560973926443240956e+00 -2.440004331252704883e+00 1.521859886187500732e-01 3.043719772374622607e+02
1.127999999999999972e+02 6.453042061119504069e+00 -2.712609105164719647e+00 1.494257668862420951e-01 2.988515337725705763e+02
1.151999999999999886e+02 6.333789367262138370e+00 -2.980455040955506174e+00 1.465150388387580493e-01 2.930300776775168856e+02
1.175999999999999943e+02 6.203425054618503687e+00 -3.243072245839030199e+00 1.434564668387059150e-01 2.869129336772885495e+02
1.200000000000000000e+02 6.062177826491071286e+00 -3.499999999999998224e+00 1.402495657481441227e-01 2.804991314962063029e+02
1.223999999999999915e+02 5.910295478514106193e+00 -3.750787564852975375e+00 1.368921950684308109e-01 2.737843901367137391e+02
1.247999999999999972e+02 5.748044463935928938e+00 -3.994994973791021309e+00 1.333813469701730925e-01 2.667626939403810979e+02
1.271999999999999886e+02 5.575709426169375149e+00 -4.232193804036623597e+00 1.297135754143955988e-01 2.594271508290502197e+02
1.295999999999999943e+02 5.393592699430524995e+00 -4.461967928240827774e+00 1.258852354629503290e-01 2.517704709257689899e+02
1.320000000000000000e+02 5.202013778341759043e+00 -4.683914244512007663e+00 1.218926192804478253e-01 2.437852385610006536e+02
1.344000000000000057e+02 5.001308757429622887e+00 -4.897643383593559108e+00 1.177320345911579136e-01 2.354640691824422163e+02
1.367999999999999829e+02 4.791829741500821527e+00 -5.102780391949879757e+00 1.133998503675791719e-01 2.267997007350253114e+02
1.391999999999999886e+02 4.573944227930739181e+00 -5.298965389562294348e+00 1.088925232783203856e-01 2.177850465567149456e+02
1.415999999999999943e+02 4.348034461948173224e+00 -5.485854201280877973e+00 1.042066121504043874e-01 2.084132243006797580e+02
1.440000000000000000e+02 4.114496766047312626e+00 -5.663118960624631271e+00 9.933878405404672485e-02 1.986775681079994058e+02
1.464000000000000057e+02 3.873740844703408737e+00 -5.830448684970696682e+00 9.428581342421912814e-02 1.885716268483633655e+02
1.487999999999999829e+02 3.626189065611914675e+00 -5.987549821123544724e+00 8.904457438320355356e-02 1.780891487663805037e+02
1.511999999999999886e+02 3.372275718712009152e+00 -6.134146760307043422e+00 8.361202615507223879e-02 1.672240523101081635e+02
1.535999999999999943e+02 3.112446254294494619e+00 -6.269982321675889203e+00 7.798519301653777935e-02 1.559703860331690350e+02
1.560000000000000000e+02 2.847156501530602846e+00 -6.394818203498205733e+00 7.216114628398770381e-02 1.443222925680692867e+02
1.584000000000000057e+02 2.576871868792744102e+00 -6.508435401217759875e+00 6.613701372607962148e-02 1.322740274520284345e+02
1.607999999999999829e+02 2.302066527170083532e+00 -6.610634591662366333e+00 5.991009121397825044e-02 1.198201824278988283e+02
1.631999999999999886e+02 2.023222578611301614e+00 -6.701236482724469923e+00 5.347826555925150327e-02 1.069565311185433103e+02
1.655999999999999943e+02 1.740829210153983730e+00 -6.780082127900417532e+00 4.684132170212641777e-02 9.368264340411936075e+01
1.680000000000000000e+02 1.455381835724315120e+00 -6.847033205136639822e+00 4.000470725707351571e-02 8.000941451430377072e+01
1.704000000000000057e+02 1.167381227012715295e+00 -6.901972259493534878e+00 3.299015052658511166e-02 6.598030105318952110e+01
1.727999999999999829e+02 8.773326349501316956e-01 -6.944802909201344576e+00 2.586613949705843588e-02 5.173227899420152198e+01
1.751999999999999886e+02 5.857449033262100979e-01 -6.975450014746530591e+00 1.884294873117052516e-02 3.768589746236394689e+01
1.775999999999999943e+02 2.931295761043986592e-01 -6.993859810692009127e+00 1.262686595024071351e-02 2.525373190045976202e+01
1.800000000000000000e+02 0.000000000000000000e+00 -7.000000000000000000e+00 9.635105659440998047e-03 1.927021131889472372e+01
1.824000000000000057e+02 -2.931295761043969383e-01 -6.993859810692009127e+00 1.262686595024086617e-02 2.525373190050139627e+01
1.847999999999999829e+02 -5.857449033262052129e-01 -6.975450014746530591e+00 1.884294873117040026e-02 3.768589746233619309e+01
1.871999999999999886e+02 -8.773326349501268107e-01 -6.944802909201344576e+00 2.586613949705869261e-02 5.173227899403498498e+01
1.895999999999999943e+02 -1.167381227012713740e+00 -6.901972259493534878e+00 3.299015052658492431e-02 6.598030105314789751e+01
1.920000000000000000e+02 -1.455381835724316675e+00 -6.847033205136639822e+00 4.000470725707386266e-02 8.000941451427601692e+01
1.944000000000000057e+02 -1.740829210153985063e+00 -6.780082127900417532e+00 4.684132170212675778e-02 9.368264340427201375e+01
1.967999999999999829e+02 -2.023222578611300282e+00 -6.701236482724470811e+00 5.347826555925051795e-02 1.069565311184739187e+02
1.991999999999999886e+02 -2.302066527170081756e+00 -6.610634591662367221e+00 5.991009121397836146e-02 1.198201824280514813e+02
2.015999999999999943e+02 -2.576871868792744991e+00 -6.508435401217759875e+00 6.613701372607938556e-02 1.322740274521117101e+02
2.040000000000000000e+02 -2.847156501530601513e+00 -6.394818203498206621e+00 7.216114628398795361e-02 1.443222925679998809e+02
2.064000000000000057e+02 -3.112446254294492842e+00 -6.269982321675889203e+00 7.798519301653733526e-02 1.559703860331412955e+02
2.087999999999999829e+02 -3.372275718712005155e+00 -6.134146760307046087e+00 8.361202615507208613e-02 1.672240523101636711e+02
2.111999999999999886e+02 -3.626189065611909790e+00 -5.987549821123547389e+00 8.904457438320273477e-02 1.780891487663527357e+02
2.135999999999999943e+02 -3.873740844703407404e+00 -5.830448684970697570e+00 9.428581342421890610e-02 1.885716268483078579e+02
2.160000000000000000e+02 -4.114496766047310850e+00 -5.663118960624633047e+00 9.933878405404650280e-02 1.986775681081243192e+02
2.184000000000000057e+02 -4.348034461948172336e+00 -5.485854201280878861e+00 1.042066121504043597e-01 2.084132243007908016e+02
2.207999999999999829e+02 -4.573944227930735629e+00 -5.298965389562297013e+00 1.088925232783206354e-01 2.177850465566871776e+02
2.231999999999999886e+02 -4.791829741500818862e+00 -5.102780391949882421e+00 1.133998503675794911e-01 2.267997007352196022e+02
2.255999999999999943e+02 -5.001308757429621998e+00 -4.897643383593559108e+00 1.177320345911579691e-01 2.354640691822756935e+02
2.280000000000000000e+02 -5.202013778341759931e+00 -4.683914244512006775e+00 1.218926192804476727e-01 2.437852385608757402e+02
2.303999999999999773e+02 -5.393592699430521442e+00 -4.461967928240831327e+00 1.258852354629508563e-01 2.517704709258383673e+02
2.327999999999999829e+02 -5.575709426169371596e+00 -4.232193804036627149e+00 1.297135754143964315e-01 2.594271508288003929e+02
2.351999999999999886e+02 -5.748044463935926274e+00 -3.994994973791025306e+00 1.333813469701732868e-01 2.667626939402978223e+02
2.375999999999999943e+02 -5.910295478514103529e+00 -3.750787564852979372e+00 1.368921950684300615e-01 2.737843901368386241e+02
2.400000000000000000e+02 -6.062177826491067734e+00 -3.500000000000003109e+00 1.402495657481443447e-01 2.804991314962063029e+02
2.423999999999999773e+02 -6.203425054618501910e+00 -3.243072245839034640e+00 1.434564668387052766e-01 2.869129336773440286e+02
2.447999999999999829e+02 -6.333789367262134817e+00 -2.980455040955510171e+00 1.465150388387576053e-01 2.930300776774752194e+02
2.471999999999999886e+02 -6.453042061119503181e+00 -2.712609105164722312e+00 1.494257668862409849e-01 2.988515337725011705e+02
2.495999999999999943e+02 -6.560973926443240067e+00 -2.440004331252707992e+00 1.521859886187503785e-01 3.043719772374761874e+02
2.520000000000000000e+02 -6.657395614066074607e+00 -2.163118960624632603e+00 1.547869540000901267e-01 3.095739080001547450e+02
2.543999999999999773e+02 -6.742137967583606617e+00 -1.882438744306860645e+00 1.572077216767230889e-01 3.144154433533594215e+02
2.568000000000000114e+02 -6.815052320112122253e+00 -1.598456090774590610e+00 1.594015818242672522e-01 3.188031636485108606e+02
2.591999999999999886e+02 -6.876010755100820937e+00 -1.311669202100072207e+00 1.612628968286786146e-01 3.225257936573661368e+02
2.615999999999999659e+02 -6.924906330740917326e+00 -1.022581199936887009e+00 1.625347781105195843e-01 3.250695562209901368e+02
2.640000000000000000e+02 -6.961653267577913695e+00 -7.316992428735734633e-01 1.624965432860702996e-01 3.249930865721964324e+02
2.663999999999999773e+02 -6.986187098997901579e+00 -4.395336367051986270e-01 1.585011074214224824e-01 3.170022148427931370e+02
2.688000000000000114e+02 -6.998464784323918941e+00 -1.465969391834970881e-01 1.344433640177870593e-01 2.688867280356069500e+02
2.711999999999999886e+02 -6.998464784323918941e+00 1.465969391834945346e-01 1.344433640177880585e-01 2.688867280355652838e+02
2.735999999999999659e+02 -6.986187098997901579e+00 4.395336367051898008e-01 1.585011074214220939e-01 3.170022148428416813e+02
2.760000000000000000e+02 -6.961653267577913695e+00 7.316992428735709098e-01 1.624965432860696612e-01 3.249930865721270266e+02
2.783999999999999773e+02 -6.924906330740917326e+00 1.022581199936878571e+00 1.625347781105196399e-01 3.250695562210318030e+02
2.808000000000000114e+02 -6.876010755100820937e+00 1.311669202100075760e+00 1.612628968286778930e-01 3.225257936573938764e+02
2.831999999999999886e+02 -6.815052320112122253e+00 1.598456090774588167e+00 1.594015818242668636e-01 3.188031636484483897e+02
2.855999999999999659e+02 -6.742137967583607505e+00 1.882438744306858425e+00 1.572077216767229224e-01 3.144154433534149007e+02
2.880000000000000000e+02 -6.657395614066075495e+00 2.163118960624630827e+00 1.547869540000895161e-01 3.095739080001616799e+02
2.903999999999999773e+02 -6.560973926443240956e+00 2.440004331252705327e+00 1.521859886187501565e-01 3.043719772374900572e+02
2.928000000000000114e+02 -6.453042061119504069e+00 2.712609105164720091e+00 1.494257668862418176e-01 2.988515337724734309e+02
2.951999999999999886e+02 -6.333789367262137482e+00 2.980455040955508395e+00 1.465150388387574110e-01 2.930300776775723648e+02
2.975999999999999659e+02 -6.203425054618505463e+00 3.243072245839026646e+00 1.434564668387050823e-01 2.869129336774273042e+02
3.000000000000000000e+02 -6.062177826491070398e+00 3.500000000000000444e+00 1.402495657481442892e-01 2.804991314962340425e+02
3.023999999999999773e+02 -5.910295478514108858e+00 3.750787564852971823e+00 1.368921950684306166e-01 2.737843901367970147e+02
3.048000000000000114e+02 -5.748044463935927162e+00 3.994994973791022641e+00 1.333813469701725651e-01 2.667626939403533584e+02
3.071999999999999886e+02 -5.575709426169376925e+00 4.232193804036620932e+00 1.297135754143961539e-01 2.594271508287865231e+02
3.095999999999999659e+02 -5.393592699430526771e+00 4.461967928240825110e+00 1.258852354629507730e-01 2.517704709259216429e+02
3.120000000000000000e+02 -5.202013778341762595e+00 4.683914244512004110e+00 1.218926192804480335e-01 2.437852385608202326e+02
3.143999999999999773e+02 -5.001308757429626439e+00 4.897643383593555555e+00 1.177320345911583577e-01 2.354640691822618237e+02
3.168000000000000114e+02 -4.791829741500817974e+00 5.102780391949882421e+00 1.133998503675792968e-01 2.267997007350391812e+02
3.191999999999999886e+02 -4.573944227930740070e+00 5.298965389562293460e+00 1.088925232783203578e-01 2.177850465566594096e+02
3.215999999999999659e+02 -4.348034461948175000e+00 5.485854201280877085e+00 1.042066121504044429e-01 2.084132243008463092e+02
3.240000000000000000e+02 -4.114496766047313514e+00 5.663118960624631271e+00 9.933878405404650280e-02 1.986775681081381890e+02
3.263999999999999773e+02 -3.873740844703409625e+00 5.830448684970696682e+00 9.428581342421890610e-02 1.885716268484605109e+02
3.288000000000000114e+02 -3.626189065611911566e+00 5.987549821123546501e+00 8.904457438320320661e-02 1.780891487663388659e+02
3.311999999999999886e+02 -3.372275718712007375e+00 6.134146760307044310e+00 8.361202615507207225e-02 1.672240523100665541e+02
3.335999999999999659e+02 -3.112446254294497727e+00 6.269982321675886539e+00 7.798519301653848712e-02 1.559703860330580198e+02
3.360000000000000000e+02 -2.847156501530600625e+00 6.394818203498206621e+00 7.216114628398784259e-02 1.443222925678610977e+02
3.383999999999999773e+02 -2.576871868792750764e+00 6.508435401217758098e+00 6.613701372607957985e-02 1.322740274521255799e+02
3.408000000000000114e+02 -2.302066527170081311e+00 6.610634591662367221e+00 5.991009121397848636e-02 1.198201824280375973e+02
3.431999999999999886e+02 -2.023222578611305611e+00 6.701236482724469923e+00 5.347826555925183634e-02 1.069565311185571801e+02
3.455999999999999659e+02 -1.740829210153987283e+00 6.780082127900416644e+00 4.684132170212675778e-02 9.368264340421650616e+01
3.480000000000000000e+02 -1.455381835724319117e+00 6.847033205136639822e+00 4.000470725707376551e-02 8.000941451406784211e+01
3.503999999999999773e+02 -1.167381227012719069e+00 6.901972259493534878e+00 3.299015052658509084e-02 6.598030105318952110e+01
3.528000000000000114e+02 -8.773326349501265886e-01 6.944802909201344576e+00 2.586613949705874466e-02 5.173227899409049968e+01
3.551999999999999886e+02 -5.857449033262108751e-01 6.975450014746530591e+00 1.884294873117051475e-02 3.768589746235006999e+01
3.575999999999999659e+02 -2.931295761043994919e-01 6.993859810692009127e+00 1.262686595024098586e-02 2.525373190044588512e+01
3.600000000000000000e+02 0.000000000000000000e+00 7.000000000000000000e+00 9.635105659440970291e-03 1.927021131888084682e+01
