# theta_deg  Ey_V_per_um  Ez_V_per_um  alpha_eV_A  perturbative_gap_k1_microeV  
0.000000000000000000e+00 0.000000000000000000e+00 5.999999999999999112e+00 9.293212539935447394e-03 1.858642507987507031e+01
2.399999999999999911e+00 2.512539223751977246e-01 5.994736980593150300e+00 1.167910528281150551e-02 2.335821056567016640e+01
4.799999999999999822e+00 5.020670599938928946e-01 5.978957155497026221e+00 1.685604893045435093e-02 3.371209786082879134e+01
7.199999999999999289e+00 7.519994013858252169e-01 5.952688207886867033e+00 2.287408802586489778e-02 4.574817605173392110e+01
9.599999999999999645e+00 1.000612480296613427e+00 5.915976222423029895e+00 2.907503778954023677e-02 5.815007557911228275e+01
1.200000000000000000e+01 1.247470144906555944e+00 5.868885604402834133e+00 3.524050484133673528e-02 7.048100968261999810e+01
1.439999999999999858e+01 1.492139322989128214e+00 5.811498966771785568e+00 4.128903386223437000e-02 8.257806772442310717e+01
1.680000000000000071e+01 1.734190781666829606e+00 5.743916985192403679e+00 4.718868501337026428e-02 9.437737002671725861e+01
1.919999999999999929e+01 1.973199880431499187e+00 5.666258221424885555e+00 5.292707513367671257e-02 1.058541502673218702e+02
2.159999999999999787e+01 2.208747316108067515e+00 5.578658915329508083e+00 5.849982076790571223e-02 1.169996415356783217e+02
2.400000000000000000e+01 2.440419858454800917e+00 5.481272745855604533e+00 6.390585076771748696e-02 1.278117015353352741e+02
2.639999999999999858e+01 2.667811075109564722e+00 5.374270561436476967e+00 6.914548017638519339e-02 1.382909603527895968e+02
2.879999999999999716e+01 2.890522044610290830e+00 5.257840080263180838e+00 7.421962546657226434e-02 1.484392509331355825e+02
3.119999999999999929e+01 3.108162056238780391e+00 5.132185560963039350e+00 7.912949433259885978e-02 1.582589886650817448e+02
3.360000000000000142e+01 3.320349295460064631e+00 4.997527444260596141e+00 8.387647101245269965e-02 1.677529420249512668e+02
3.600000000000000000e+01 3.526711513754838379e+00 4.854101966249684708e+00 8.846207989226423374e-02 1.769241597845278022e+02
3.839999999999999858e+01 3.726886681669861368e+00 4.702160743955038136e+00 9.288797838150247843e-02 1.857759567630221227e+02
4.079999999999999716e+01 3.920523623940632252e+00 4.541970333910538393e+00 9.715595890625168540e-02 1.943119178124605355e+02
4.319999999999999574e+01 4.107282635572131468e+00 4.373811764528468871e+00 1.012679519501753084e-01 2.025359039003818395e+02
4.560000000000000142e+01 4.286836077796819744e+00 4.197980043080192125e+00 1.052260268957576350e-01 2.104520537915335865e+02
4.800000000000000000e+01 4.458868952864365021e+00 4.014783638153149425e+00 1.090323889778948563e-01 2.180647779557176591e+02
5.039999999999999858e+01 4.623079456654735075e+00 3.824543938492138473e+00 1.126893705597717121e-01 2.253787411194765866e+02
5.279999999999999716e+01 4.779179508145177557e+00 3.627594689174249432e+00 1.161994136592334192e-01 2.323988273184932041e+02
5.519999999999999574e+01 4.926895254802222901e+00 3.424281406106590708e+00 1.195650380120141937e-01 2.391300760240106058e+02
5.759999999999999432e+01 5.065967553012089120e+00 3.214960769873980162e+00 1.227887841365201821e-01 2.455775682731753307e+02
6.000000000000000000e+01 5.196152422706631135e+00 3.000000000000000444e+00 1.258731120506886292e-01 2.517462241013179778e+02
6.239999999999999858e+01 5.317221475387288621e+00 2.779776210719170582e+00 1.288202197251402392e-01 2.576404394501880120e+02
6.479999999999999716e+01 5.428962314796116573e+00 2.554675749390435957e+00 1.316317130751420428e-01 2.632634261503854987e+02
6.720000000000000284e+01 5.531178909531002219e+00 2.325093518712617602e+00 1.343079936713006961e-01 2.686159873427282605e+02
6.959999999999999432e+01 5.623691936951348502e+00 2.091432283930891423e+00 1.368470901312523469e-01 2.736941802625320292e+02
7.200000000000000000e+01 5.706339097770920965e+00 1.854101966249684486e+00 1.392423410648817583e-01 2.784846821297579140e+02
7.439999999999999147e+01 5.778975400785947514e+00 1.613518923691595219e+00 1.414775609632788478e-01 2.829551219265952113e+02
7.679999999999999716e+01 5.841473417238960408e+00 1.370105220663935253e+00 1.435162427332611901e-01 2.870324854666178567e+02
7.920000000000000284e+01 5.893723504372132105e+00 1.124287887514347162e+00 1.452750924507363040e-01 2.905501849014488585e+02
8.159999999999999432e+01 5.935633997777929771e+00 8.764981713744698366e-01 1.465500915657079462e-01 2.931001831313756725e+02
8.400000000000000000e+01 5.967131372209638407e+00 6.271707796059207141e-01 1.467653690064799621e-01 2.935307380128940054e+02
8.639999999999999147e+01 5.988160370569628910e+00 3.767431171758811592e-01 1.438024337047405787e-01 2.876048674095299589e+02
8.879999999999999716e+01 5.998684100849072998e+00 1.256545193001422922e-01 1.260573435352201066e-01 2.521146870703844343e+02
9.120000000000000284e+01 5.998684100849072998e+00 -1.256545193001415428e-01 1.260573435352201899e-01 2.521146870704399419e+02
9.359999999999999432e+01 5.988160370569628910e+00 -3.767431171758790498e-01 1.438024337047399959e-01 2.876048674094536182e+02
9.600000000000000000e+01 5.967131372209638407e+00 -6.271707796059212692e-01 1.467653690064796845e-01 2.935307380130674915e+02
9.839999999999999147e+01 5.935633997777929771e+00 -8.764981713744691705e-01 1.465500915657078629e-01 2.931001831314728179e+02
1.007999999999999972e+02 5.893723504372132105e+00 -1.124287887514347384e+00 1.452750924507362207e-01 2.905501849015182643e+02
1.032000000000000028e+02 5.841473417238961297e+00 -1.370105220663934364e+00 1.435162427332611901e-01 2.870324854665345811e+02
1.055999999999999943e+02 5.778975400785948402e+00 -1.613518923691593443e+00 1.414775609632787368e-01 2.829551219266368776e+02
1.080000000000000000e+02 5.706339097770921853e+00 -1.854101966249684041e+00 1.392423410648814808e-01 2.784846821297440442e+02
1.103999999999999915e+02 5.623691936951348502e+00 -2.091432283930890090e+00 1.368470901312524024e-01 2.736941802626152480e+02
1.127999999999999972e+02 5.531178909531003995e+00 -2.325093518712616714e+00 1.343079936713010569e-01 2.686159873425963838e+02
1.151999999999999886e+02 5.428962314796118349e+00 -2.554675749390433737e+00 1.316317130751420983e-01 2.632634261503160928e+02
1.175999999999999943e+02 5.317221475387288621e+00 -2.779776210719168805e+00 1.288202197251402392e-01 2.576404394503267667e+02
1.200000000000000000e+02 5.196152422706631135e+00 -2.999999999999998668e+00 1.258731120506889900e-01 2.517462241013804203e+02
1.223999999999999915e+02 5.065967553012090896e+00 -3.214960769873978386e+00 1.227887841365195021e-01 2.455775682729880032e+02
1.247999999999999972e+02 4.926895254802223789e+00 -3.424281406106589376e+00 1.195650380120141520e-01 2.391300760240799832e+02
1.271999999999999886e+02 4.779179508145177557e+00 -3.627594689174248543e+00 1.161994136592329890e-01 2.323988273184932041e+02
1.295999999999999943e+02 4.623079456654735075e+00 -3.824543938492138473e+00 1.126893705597718370e-01 2.253787411196361745e+02
1.320000000000000000e+02 4.458868952864365021e+00 -4.014783638153149425e+00 1.090323889778946065e-01 2.180647779557245940e+02
1.344000000000000057e+02 4.286836077796818856e+00 -4.197980043080193013e+00 1.052260268957569550e-01 2.104520537915890941e+02
1.367999999999999829e+02 4.107282635572133245e+00 -4.373811764528467982e+00 1.012679519501749614e-01 2.025359039002638895e+02
1.391999999999999886e+02 3.920523623940633140e+00 -4.541970333910537505e+00 9.715595890625138009e-02 1.943119178124813686e+02
1.415999999999999943e+02 3.726886681669862700e+00 -4.702160743955038136e+00 9.288797838150132657e-02 1.857759567630151594e+02
1.440000000000000000e+02 3.526711513754839267e+00 -4.854101966249683819e+00 8.846207989226285984e-02 1.769241597845000342e+02
1.464000000000000057e+02 3.320349295460064631e+00 -4.997527444260596141e+00 8.387647101245213066e-02 1.677529420249790348e+02
1.487999999999999829e+02 3.108162056238783499e+00 -5.132185560963037574e+00 7.912949433259860998e-02 1.582589886651927884e+02
1.511999999999999886e+02 2.890522044610293495e+00 -5.257840080263179949e+00 7.421962546657290272e-02 1.484392509332049883e+02
1.535999999999999943e+02 2.667811075109566499e+00 -5.374270561436476079e+00 6.914548017638480482e-02 1.382909603527548938e+02
1.560000000000000000e+02 2.440419858454802249e+00 -5.481272745855603645e+00 6.390585076771751472e-02 1.278117015354809922e+02
1.584000000000000057e+02 2.208747316108066183e+00 -5.578658915329508083e+00 5.849982076790583019e-02 1.169996415358171049e+02
1.607999999999999829e+02 1.973199880431500297e+00 -5.666258221424885555e+00 5.292707513367765626e-02 1.058541502673981967e+02
1.631999999999999886e+02 1.734190781666829828e+00 -5.743916985192403679e+00 4.718868501337013244e-02 9.437737002678665021e+01
1.655999999999999943e+02 1.492139322989128880e+00 -5.811498966771785568e+00 4.128903386223461980e-02 8.257806772449249877e+01
1.680000000000000000e+02 1.247470144906555944e+00 -5.868885604402834133e+00 3.524050484133686018e-02 7.048100968262693300e+01
1.704000000000000057e+02 1.000612480296612983e+00 -5.915976222423029895e+00 2.907503778953994533e-02 5.815007557909840585e+01
1.727999999999999829e+02 7.519994013858271042e-01 -5.952688207886866145e+00 2.287408802586504003e-02 4.574817605172004420e+01
1.751999999999999886e+02 5.020670599938943379e-01 -5.978957155497026221e+00 1.685604893045435093e-02 3.371209786094675565e+01
1.775999999999999943e+02 2.512539223751988349e-01 -5.994736980593150300e+00 1.167910528281131816e-02 2.335821056563547415e+01
1.800000000000000000e+02 0.000000000000000000e+00 -5.999999999999999112e+00 9.293212539935558417e-03 1.858642507986118986e+01
1.824000000000000057e+02 -2.512539223751973916e-01 -5.994736980593150300e+00 1.167910528281137367e-02 2.335821056562159725e+01
1.847999999999999829e+02 -5.020670599938901191e-01 -5.978957155497026221e+00 1.685604893045431624e-02 3.371209786092593674e+01
1.871999999999999886e+02 -7.519994013858229964e-01 -5.952688207886867033e+00 2.287408802586486309e-02 4.574817605174780510e+01
1.895999999999999943e+02 -1.000612480296611650e+00 -5.915976222423029895e+00 2.907503778953975451e-02 5.815007557915391345e+01
1.920000000000000000e+02 -1.247470144906557055e+00 -5.868885604402833245e+00 3.524050484133687405e-02 7.048100968268245481e+01
1.944000000000000057e+02 -1.492139322989129990e+00 -5.811498966771785568e+00 4.128903386223486960e-02 8.257806772448556387e+01
1.967999999999999829e+02 -1.734190781666828496e+00 -5.743916985192403679e+00 4.718868501337020183e-02 9.437737002671725861e+01
1.991999999999999886e+02 -1.973199880431498521e+00 -5.666258221424885555e+00 5.292707513367705952e-02 1.058541502673288051e+02
2.015999999999999943e+02 -2.208747316108067515e+00 -5.578658915329508083e+00 5.849982076790584407e-02 1.169996415358101558e+02
2.040000000000000000e+02 -2.440419858454800917e+00 -5.481272745855604533e+00 6.390585076771732043e-02 1.278117015354116006e+02
2.064000000000000057e+02 -2.667811075109565166e+00 -5.374270561436476079e+00 6.914548017638505462e-02 1.382909603528104014e+02
2.087999999999999829e+02 -2.890522044610289942e+00 -5.257840080263181726e+00 7.421962546657244475e-02 1.484392509331078429e+02
2.111999999999999886e+02 -3.108162056238779503e+00 -5.132185560963040238e+00 7.912949433259863774e-02 1.582589886652066582e+02
2.135999999999999943e+02 -3.320349295460062855e+00 -4.997527444260597917e+00 8.387647101245251924e-02 1.677529420249373970e+02
2.160000000000000000e+02 -3.526711513754837934e+00 -4.854101966249684708e+00 8.846207989226302637e-02 1.769241597845347371e+02
2.184000000000000057e+02 -3.726886681669861368e+00 -4.702160743955038136e+00 9.288797838150160413e-02 1.857759567629180140e+02
2.207999999999999829e+02 -3.920523623940630031e+00 -4.541970333910540170e+00 9.715595890625136621e-02 1.943119178124813686e+02
2.231999999999999886e+02 -4.107282635572130580e+00 -4.373811764528470647e+00 1.012679519501754610e-01 2.025359039003541000e+02
2.255999999999999943e+02 -4.286836077796818856e+00 -4.197980043080193902e+00 1.052260268957575517e-01 2.104520537915613545e+02
2.280000000000000000e+02 -4.458868952864365909e+00 -4.014783638153148537e+00 1.090323889778952032e-01 2.180647779558286743e+02
2.303999999999999773e+02 -4.623079456654732411e+00 -3.824543938492141137e+00 1.126893705597713791e-01 2.253787411195320942e+02
2.327999999999999829e+02 -4.779179508145174893e+00 -3.627594689174252096e+00 1.161994136592326005e-01 2.323988273184793343e+02
2.351999999999999886e+02 -4.926895254802222013e+00 -3.424281406106592929e+00 1.195650380120136802e-01 2.391300760240799832e+02
2.375999999999999943e+02 -5.065967553012088231e+00 -3.214960769873982382e+00 1.227887841365194882e-01 2.455775682730712504e+02
2.400000000000000000e+02 -5.196152422706630247e+00 -3.000000000000002665e+00 1.258731120506889622e-01 2.517462241013873552e+02
2.423999999999999773e+02 -5.317221475387285956e+00 -2.779776210719172358e+00 1.288202197251399339e-01 2.576404394502851574e+02
2.447999999999999829e+02 -5.428962314796115685e+00 -2.554675749390437289e+00 1.316317130751420428e-01 2.632634261502398090e+02
2.471999999999999886e+02 -5.531178909531002219e+00 -2.325093518712618934e+00 1.343079936713009181e-01 2.686159873425617093e+02
2.495999999999999943e+02 -5.623691936951348502e+00 -2.091432283930892755e+00 1.368470901312526800e-01 2.736941802625181026e+02
2.520000000000000000e+02 -5.706339097770920965e+00 -1.854101966249685374e+00 1.392423410648818694e-01 2.784846821297717838e+02
2.543999999999999773e+02 -5.778975400785947514e+00 -1.613518923691594775e+00 1.414775609632791253e-01 2.829551219265674717e+02
2.568000000000000114e+02 -5.841473417238961297e+00 -1.370105220663934809e+00 1.435162427332610235e-01 2.870324854665207113e+02
2.591999999999999886e+02 -5.893723504372132105e+00 -1.124287887514347828e+00 1.452750924507369146e-01 2.905501849014557934e+02
2.615999999999999659e+02 -5.935633997777928883e+00 -8.764981713744743885e-01 1.465500915657076408e-01 2.931001831313617458e+02
2.640000000000000000e+02 -5.967131372209640183e+00 -6.271707796059200479e-01 1.467653690064804617e-01 2.935307380130050774e+02
2.663999999999999773e+02 -5.988160370569628910e+00 -3.767431171758845454e-01 1.438024337047406620e-01 2.876048674095230240e+02
2.688000000000000114e+02 -5.998684100849072998e+00 -1.256545193001403493e-01 1.260573435352183580e-01 2.521146870704330070e+02
2.711999999999999886e+02 -5.998684100849072998e+00 1.256545193001381566e-01 1.260573435352188021e-01 2.521146870704260436e+02
2.735999999999999659e+02 -5.988160370569628910e+00 3.767431171758769404e-01 1.438024337047399959e-01 2.876048674095299589e+02
2.760000000000000000e+02 -5.967131372209640183e+00 6.271707796059178275e-01 1.467653690064804617e-01 2.935307380129703461e+02
2.783999999999999773e+02 -5.935633997777929771e+00 8.764981713744670611e-01 1.465500915657078074e-01 2.931001831313826074e+02
2.808000000000000114e+02 -5.893723504372131217e+00 1.124287887514350714e+00 1.452750924507358321e-01 2.905501849014765980e+02
2.831999999999999886e+02 -5.841473417238961297e+00 1.370105220663932588e+00 1.435162427332603852e-01 2.870324854664860368e+02
2.855999999999999659e+02 -5.778975400785948402e+00 1.613518923691592777e+00 1.414775609632797082e-01 2.829551219265119357e+02
2.880000000000000000e+02 -5.706339097770921853e+00 1.854101966249683153e+00 1.392423410648822579e-01 2.784846821297440442e+02
2.903999999999999773e+02 -5.623691936951348502e+00 2.091432283930890090e+00 1.368470901312531796e-01 2.736941802624972979e+02
2.928000000000000114e+02 -5.531178909531002219e+00 2.325093518712617158e+00 1.343079936713000300e-01 2.686159873425963838e+02
2.951999999999999886e+02 -5.428962314796116573e+00 2.554675749390435513e+00 1.316317130751418207e-01 2.632634261502883533e+02
2.975999999999999659e+02 -5.317221475387289509e+00 2.779776210719165697e+00 1.288202197251407388e-01 2.576404394502782225e+02
3.000000000000000000e+02 -5.196152422706631135e+00 3.000000000000000444e+00 1.258731120506882406e-01 2.517462241014359279e+02
3.023999999999999773e+02 -5.065967553012092672e+00 3.214960769873975721e+00 1.227887841365197241e-01 2.455775682730226777e+02
3.048000000000000114e+02 -4.926895254802222901e+00 3.424281406106590708e+00 1.195650380120140549e-01 2.391300760240244756e+02
3.071999999999999886e+02 -4.779179508145180222e+00 3.627594689174246323e+00 1.161994136592326143e-01 2.323988273185140088e+02
3.095999999999999659e+02 -4.623079456654737740e+00 3.824543938492135364e+00 1.126893705597711987e-01 2.253787411195529273e+02
3.120000000000000000e+02 -4.458868952864366797e+00 4.014783638153146761e+00 1.090323889778946065e-01 2.180647779557801016e+02
3.143999999999999773e+02 -4.286836077796821520e+00 4.197980043080190349e+00 1.052260268957571354e-01 2.104520537915266516e+02
3.168000000000000114e+02 -4.107282635572128804e+00 4.373811764528470647e+00 1.012679519501752390e-01 2.025359039003332668e+02
3.191999999999999886e+02 -3.920523623940633584e+00 4.541970333910536617e+00 9.715595890625151887e-02 1.943119178125021733e+02
3.215999999999999659e+02 -3.726886681669863588e+00 4.702160743955037248e+00 9.288797838150139596e-02 1.857759567630429274e+02
3.240000000000000000e+02 -3.526711513754839711e+00 4.854101966249683819e+00 8.846207989226317903e-02 1.769241597845139324e+02
3.263999999999999773e+02 -3.320349295460065076e+00 4.997527444260596141e+00 8.387647101245293557e-02 1.677529420248680196e+02
3.288000000000000114e+02 -3.108162056238781723e+00 5.132185560963039350e+00 7.912949433259770793e-02 1.582589886651442157e+02
3.311999999999999886e+02 -2.890522044610291275e+00 5.257840080263180838e+00 7.421962546657218107e-02 1.484392509330662051e+02
3.335999999999999659e+02 -2.667811075109569607e+00 5.374270561436474303e+00 6.914548017638499910e-02 1.382909603527410241e+02
3.360000000000000000e+02 -2.440419858454800917e+00 5.481272745855604533e+00 6.390585076771722328e-02 1.278117015354254846e+02
3.383999999999999773e+02 -2.208747316108071956e+00 5.578658915329506307e+00 5.849982076790562202e-02 1.169996415358032209e+02
3.408000000000000114e+02 -1.973199880431498077e+00 5.666258221424885555e+00 5.292707513367696237e-02 1.058541502673288051e+02
3.431999999999999886e+02 -1.734190781666833159e+00 5.743916985192401903e+00 4.718868501337023652e-02 9.437737002671725861e+01
3.455999999999999659e+02 -1.492139322989131989e+00 5.811498966771785568e+00 4.128903386223484878e-02 8.257806772445781007e+01
3.480000000000000000e+02 -1.247470144906559053e+00 5.868885604402833245e+00 3.524050484133728345e-02 7.048100968266857080e+01
3.503999999999999773e+02 -1.000612480296616313e+00 5.915976222423028119e+00 2.907503778953998003e-02 5.815007557908452895e+01
3.528000000000000114e+02 -7.519994013858226634e-01 5.952688207886867033e+00 2.287408802586491513e-02 4.574817605177555890e+01
3.551999999999999886e+02 -5.020670599938950041e-01 5.978957155497024445e+00 1.685604893045440644e-02 3.371209786082185644e+01
3.575999999999999659e+02 -2.512539223751995565e-01 5.994736980593150300e+00 1.167910528281133897e-02 2.335821056558690145e+01
3.600000000000000000e+02 0.000000000000000000e+00 5.999999999999999112e+00 9.293212539935509844e-03 1.858642507986812831e+01
