# theta_deg  Ey_V_per_um  Ez_V_per_um  alpha_eV_A  perturbative_gap_k1_microeV  
0.000000000000000000e+00 0.000000000000000000e+00 5.999999999999999112e+00 9.581783186837663363e-03 1.916356637367971771e+01
1.800000000000000044e+00 1.884645544687697516e-01 5.997039362194389156e+00 1.097746848573226582e-02 2.195493697142864065e+01
3.600000000000000089e+00 3.767431171758802155e-01 5.988160370569628910e+00 1.434615098939648337e-02 2.869230198043054614e+01
5.400000000000000355e+00 5.646498799110859501e-01 5.973371787618479978e+00 1.858942493554547812e-02 3.717884987086000592e+01
7.200000000000000178e+00 7.519994013858255499e-01 5.952688207886867033e+00 2.316515746526454436e-02 4.633031492994737732e+01
9.000000000000000000e+00 9.386067902413851582e-01 5.926130043570825734e+00 2.784514752082659778e-02 5.569029504063488645e+01
1.080000000000000071e+01 1.124287887514347828e+00 5.893723504372132105e+00 3.252736822264655492e-02 6.505473644553838142e+01
1.259999999999999964e+01 1.308859448379255053e+00 5.855500571632484608e+00 3.716300263836143369e-02 7.432600527890187436e+01
1.440000000000000036e+01 1.492139322989128658e+00 5.811498966771785568e+00 4.172777648370089298e-02 8.345555296788987221e+01
1.619999999999999929e+01 1.673946636235375429e+00 5.761762114061657947e+00 4.620945922435810982e-02 9.241891844834204051e+01
1.800000000000000000e+01 1.854101966249684263e+00 5.706339097770920965e+00 5.060193349747060115e-02 1.012038669949838550e+02
1.980000000000000071e+01 2.032427521471748211e+00 5.645284613725352507e+00 5.490223618749951601e-02 1.098044723778085512e+02
2.160000000000000142e+01 2.208747316108067515e+00 5.578658915329507195e+00 5.910904451325995485e-02 1.182180890243050868e+02
2.340000000000000213e+01 2.382887343808683500e+00 5.506527754103887062e+00 6.322189341808670537e-02 1.264437868381263002e+02
2.519999999999999929e+01 2.554675749390435957e+00 5.428962314796116573e+00 6.724077048432883230e-02 1.344815409699481847e+02
2.700000000000000000e+01 2.723942998437280494e+00 5.346039145130206727e+00 7.116590745954462505e-02 1.423318149219171573e+02
2.880000000000000071e+01 2.890522044610291275e+00 5.257840080263180838e+00 7.499767440742874380e-02 1.499953488137625754e+02
3.060000000000000142e+01 3.054248494502227906e+00 5.164452162023661863e+00 7.873652726630139820e-02 1.574730545336397540e+02
3.239999999999999858e+01 3.214960769873979718e+00 5.065967553012090896e+00 8.238298294867844873e-02 1.647659658973732348e+02
3.420000000000000284e+01 3.372500267112783057e+00 4.962483445647370317e+00 8.593760838275876779e-02 1.718752167623738387e+02
3.600000000000000000e+01 3.526711513754838379e+00 4.854101966249684708e+00 8.940101636874341062e-02 1.788020327360417809e+02
3.780000000000000426e+01 3.677442321917858692e+00 4.740930074254141147e+00 9.277386454169811447e-02 1.855477290847173890e+02
3.960000000000000142e+01 3.824543938492138473e+00 4.623079456654735075e+00 9.605685553430116930e-02 1.921137110662482428e+02
4.139999999999999858e+01 3.967871191941910514e+00 4.500666417782756668e+00 9.925073736949979741e-02 1.985014747397928545e+02
4.320000000000000284e+01 4.107282635572131468e+00 4.373811764528468871e+00 1.023563035840081153e-01 2.047126071709828921e+02
4.500000000000000000e+01 4.242640687119284770e+00 4.242640687119284770e+00 1.053743927953209314e-01 2.107487855947526327e+02
4.680000000000000426e+01 4.373811764528468871e+00 4.107282635572131468e+00 1.083058874854812698e-01 2.166117749722168355e+02
4.860000000000000142e+01 4.500666417782756668e+00 3.967871191941910514e+00 1.111517117332981031e-01 2.223034234651657925e+02
5.039999999999999858e+01 4.623079456654735075e+00 3.824543938492138473e+00 1.139128274979378241e-01 2.278256549948162615e+02
5.220000000000000284e+01 4.740930074254142035e+00 3.677442321917858692e+00 1.165902288321326030e-01 2.331804576630250381e+02
5.400000000000000000e+01 4.854101966249684708e+00 3.526711513754838379e+00 1.191849330457072642e-01 2.383698660934005602e+02
5.580000000000000426e+01 4.962483445647370317e+00 3.372500267112783057e+00 1.216979672846974503e-01 2.433959345665842591e+02
5.760000000000000142e+01 5.065967553012090896e+00 3.214960769873978830e+00 1.241303481207781112e-01 2.482606962421543528e+02
5.939999999999999858e+01 5.164452162023660087e+00 3.054248494502228350e+00 1.264830503609325474e-01 2.529661007245678661e+02
6.120000000000000284e+01 5.257840080263181726e+00 2.890522044610290830e+00 1.287569590437606104e-01 2.575139180916799546e+02
6.300000000000000000e+01 5.346039145130205839e+00 2.723942998437280494e+00 1.309527948761965988e-01 2.619055897535166082e+02
6.479999999999999716e+01 5.428962314796116573e+00 2.554675749390435957e+00 1.330709970737478098e-01 2.661419941445697646e+02
6.660000000000000853e+01 5.506527754103887062e+00 2.382887343808683056e+00 1.351115366231301351e-01 2.702230732447921469e+02
6.840000000000000568e+01 5.578658915329508083e+00 2.208747316108067071e+00 1.370736133602054596e-01 2.741472267203323554e+02
7.020000000000000284e+01 5.645284613725352507e+00 2.032427521471747323e+00 1.389551538248877671e-01 2.779103076480868140e+02
7.200000000000000000e+01 5.706339097770920965e+00 1.854101966249684486e+00 1.407519564574206405e-01 2.815039129117624839e+02
7.379999999999999716e+01 5.761762114061657947e+00 1.673946636235375429e+00 1.424561881361340876e-01 2.849123762715122439e+02
7.560000000000000853e+01 5.811498966771785568e+00 1.492139322989128214e+00 1.440536308210904060e-01 2.881072616444171786e+02
7.740000000000000568e+01 5.855500571632484608e+00 1.308859448379254831e+00 1.455183782729047581e-01 2.910367565463894834e+02
7.920000000000000284e+01 5.893723504372132105e+00 1.124287887514347162e+00 1.468019459452465925e-01 2.936038918911546034e+02
8.100000000000000000e+01 5.926130043570825734e+00 9.386067902413854913e-01 1.478089697428394966e-01 2.956179394864380470e+02
8.279999999999999716e+01 5.952688207886867033e+00 7.519994013858255499e-01 1.483365787595446461e-01 2.966731575181486278e+02
8.460000000000000853e+01 5.973371787618479978e+00 5.646498799110856170e-01 1.478975754153673550e-01 2.957951508301068202e+02
8.640000000000000568e+01 5.988160370569628910e+00 3.767431171758797714e-01 1.450740368950020343e-01 2.901480737903666522e+02
8.820000000000000284e+01 5.997039362194389156e+00 1.884645544687690299e-01 1.344860642764640069e-01 2.689721285528481758e+02
9.000000000000000000e+01 5.999999999999999112e+00 0.000000000000000000e+00 1.121558336009144119e-01 2.243116672014724884e+02
9.179999999999999716e+01 5.997039362194389156e+00 -1.884645544687696406e-01 1.344860642764616476e-01 2.689721285512730446e+02
9.360000000000000853e+01 5.988160370569628910e+00 -3.767431171758803821e-01 1.450740368950040882e-01 2.901480737895548145e+02
9.540000000000000568e+01 5.973371787618479978e+00 -5.646498799110862832e-01 1.478975754153672995e-01 2.957951508299194643e+02
9.720000000000000284e+01 5.952688207886866145e+00 -7.519994013858262161e-01 1.483365787595471441e-01 2.966731575178293951e+02
9.900000000000000000e+01 5.926130043570825734e+00 -9.386067902413848252e-01 1.478089697428395244e-01 2.956179394863270318e+02
1.007999999999999972e+02 5.893723504372132105e+00 -1.124287887514347384e+00 1.468019459452447051e-01 2.936038918900860040e+02
1.026000000000000085e+02 5.855500571632484608e+00 -1.308859448379255275e+00 1.455183782729039255e-01 2.910367565448143523e+02
1.044000000000000057e+02 5.811498966771785568e+00 -1.492139322989128880e+00 1.440536308210837446e-01 2.881072616406701741e+02
1.062000000000000028e+02 5.761762114061657947e+00 -1.673946636235375873e+00 1.424561881361345594e-01 2.849123762718244848e+02
1.080000000000000000e+02 5.706339097770921853e+00 -1.854101966249684041e+00 1.407519564574175597e-01 2.815039129143853529e+02
1.097999999999999972e+02 5.645284613725352507e+00 -2.032427521471748211e+00 1.389551538248878504e-01 2.779103076498701057e+02
1.116000000000000085e+02 5.578658915329507195e+00 -2.208747316108067515e+00 1.370736133602050155e-01 2.741472267179592563e+02
1.134000000000000057e+02 5.506527754103887062e+00 -2.382887343808683944e+00 1.351115366231245285e-01 2.702230732484212012e+02
1.152000000000000028e+02 5.428962314796115685e+00 -2.554675749390435957e+00 1.330709970737513070e-01 2.661419941495865373e+02
1.170000000000000000e+02 5.346039145130206727e+00 -2.723942998437280050e+00 1.309527948761993466e-01 2.619055897500402352e+02
1.187999999999999972e+02 5.257840080263181726e+00 -2.890522044610289942e+00 1.287569590437636635e-01 2.575139180826732854e+02
1.206000000000000085e+02 5.164452162023661863e+00 -3.054248494502227906e+00 1.264830503609310486e-01 2.529661007210221157e+02
1.224000000000000057e+02 5.065967553012089120e+00 -3.214960769873981050e+00 1.241303481207766679e-01 2.482606962417171985e+02
1.242000000000000028e+02 4.962483445647370317e+00 -3.372500267112783945e+00 1.216979672846905947e-01 2.433959345686936899e+02
1.260000000000000000e+02 4.854101966249684708e+00 -3.526711513754837934e+00 1.191849330457078054e-01 2.383698660887931169e+02
1.277999999999999972e+02 4.740930074254142923e+00 -3.677442321917857360e+00 1.165902288321370717e-01 2.331804576630111399e+02
1.295999999999999943e+02 4.623079456654735075e+00 -3.824543938492138473e+00 1.139128274979349931e-01 2.278256549967522346e+02
1.314000000000000057e+02 4.500666417782755779e+00 -3.967871191941911846e+00 1.111517117333017113e-01 2.223034234656307149e+02
1.332000000000000171e+02 4.373811764528467982e+00 -4.107282635572131468e+00 1.083058874854847531e-01 2.166117749707596829e+02
1.350000000000000000e+02 4.242640687119284770e+00 -4.242640687119284770e+00 1.053743927953206261e-01 2.107487855890141759e+02
1.368000000000000114e+02 4.107282635572130580e+00 -4.373811764528469759e+00 1.023563035840090868e-01 2.047126071696020517e+02
1.385999999999999943e+02 3.967871191941910514e+00 -4.500666417782756668e+00 9.925073736950015824e-02 1.985014747392793595e+02
1.404000000000000057e+02 3.824543938492136697e+00 -4.623079456654735964e+00 9.605685553429965662e-02 1.921137110706683302e+02
1.422000000000000171e+02 3.677442321917857804e+00 -4.740930074254142035e+00 9.277386454169800345e-02 1.855477290869031322e+02
1.440000000000000000e+02 3.526711513754839267e+00 -4.854101966249683819e+00 8.940101636874459023e-02 1.788020327361458612e+02
1.458000000000000114e+02 3.372500267112782613e+00 -4.962483445647371205e+00 8.593760838275649183e-02 1.718752167649828380e+02
1.475999999999999943e+02 3.214960769873979718e+00 -5.065967553012090896e+00 8.238298294867502092e-02 1.647659658965336291e+02
1.494000000000000057e+02 3.054248494502226130e+00 -5.164452162023661863e+00 7.873652726630214760e-02 1.574730545315997006e+02
1.512000000000000171e+02 2.890522044610290830e+00 -5.257840080263180838e+00 7.499767440742681479e-02 1.499953488138458511e+02
1.530000000000000000e+02 2.723942998437280938e+00 -5.346039145130205839e+00 7.116590745954468056e-02 1.423318149190583313e+02
1.548000000000000114e+02 2.554675749390434625e+00 -5.428962314796116573e+00 6.724077048432659798e-02 1.344815409679636673e+02
1.565999999999999943e+02 2.382887343808683500e+00 -5.506527754103887062e+00 6.322189341808603924e-02 1.264437868380638434e+02
1.584000000000000057e+02 2.208747316108066183e+00 -5.578658915329508083e+00 5.910904451326116915e-02 1.182180890277329013e+02
1.602000000000000171e+02 2.032427521471747767e+00 -5.645284613725352507e+00 5.490223618749884293e-02 1.098044723758934111e+02
1.620000000000000000e+02 1.854101966249684708e+00 -5.706339097770920965e+00 5.060193349747238445e-02 1.012038669958789683e+02
1.638000000000000114e+02 1.673946636235374541e+00 -5.761762114061657947e+00 4.620945922435770736e-02 9.241891844663507527e+01
1.655999999999999943e+02 1.492139322989128880e+00 -5.811498966771785568e+00 4.172777648370126075e-02 8.345555296997846995e+01
1.674000000000000057e+02 1.308859448379253720e+00 -5.855500571632484608e+00 3.716300263836110063e-02 7.432600527820105185e+01
1.692000000000000171e+02 1.124287887514347384e+00 -5.893723504372132105e+00 3.252736822264636063e-02 6.505473644555226542e+01
1.710000000000000000e+02 9.386067902413858244e-01 -5.926130043570825734e+00 2.784514752082628899e-02 5.569029504005895603e+01
1.728000000000000114e+02 7.519994013858244397e-01 -5.952688207886867033e+00 2.316515746526416619e-02 4.633031493136291346e+01
1.745999999999999943e+02 5.646498799110860611e-01 -5.973371787618479978e+00 1.858942493554518668e-02 3.717884987144287834e+01
1.764000000000000057e+02 3.767431171758787722e-01 -5.988160370569628910e+00 1.434615098939607397e-02 2.869230197823785389e+01
1.782000000000000171e+02 1.884645544687694185e-01 -5.997039362194389156e+00 1.097746848573280531e-02 2.195493697038086722e+01
1.800000000000000000e+02 0.000000000000000000e+00 -5.999999999999999112e+00 9.581783186837654689e-03 1.916356637367971771e+01
1.818000000000000114e+02 -1.884645544687705843e-01 -5.997039362194389156e+00 1.097746848573213051e-02 2.195493697108169684e+01
1.835999999999999943e+02 -3.767431171758800490e-01 -5.988160370569628910e+00 1.434615098939582417e-02 2.869230197879990385e+01
1.854000000000000057e+02 -5.646498799110872824e-01 -5.973371787618479978e+00 1.858942493554431932e-02 3.717884986960407190e+01
1.872000000000000171e+02 -7.519994013858256610e-01 -5.952688207886867033e+00 2.316515746526324332e-02 4.633031492953104902e+01
1.890000000000000000e+02 -9.386067902413842701e-01 -5.926130043570825734e+00 2.784514752082643818e-02 5.569029504140510056e+01
1.908000000000000114e+02 -1.124287887514348494e+00 -5.893723504372131217e+00 3.252736822264618022e-02 6.505473644480287021e+01
1.925999999999999943e+02 -1.308859448379255053e+00 -5.855500571632484608e+00 3.716300263835890794e-02 7.432600527771532484e+01
1.944000000000000057e+02 -1.492139322989129990e+00 -5.811498966771785568e+00 4.172777648369919296e-02 8.345555296881967422e+01
1.962000000000000171e+02 -1.673946636235375429e+00 -5.761762114061657947e+00 4.620945922435296116e-02 9.241891844886940532e+01
1.980000000000000000e+02 -1.854101966249683375e+00 -5.706339097770921853e+00 5.060193349746749947e-02 1.012038669946646650e+02
1.998000000000000114e+02 -2.032427521471748655e+00 -5.645284613725352507e+00 5.490223618749597023e-02 1.098044723753244227e+02
2.015999999999999943e+02 -2.208747316108067515e+00 -5.578658915329508083e+00 5.910904451326062792e-02 1.182180890271916667e+02
2.034000000000000057e+02 -2.382887343808684388e+00 -5.506527754103885286e+00 6.322189341808290286e-02 1.264437868362666677e+02
2.052000000000000171e+02 -2.554675749390435957e+00 -5.428962314796115685e+00 6.724077048432253179e-02 1.344815409694347181e+02
2.070000000000000000e+02 -2.723942998437280050e+00 -5.346039145130206727e+00 7.116590745953678410e-02 1.423318149197938567e+02
2.088000000000000114e+02 -2.890522044610292163e+00 -5.257840080263180838e+00 7.499767440742385882e-02 1.499953488151156762e+02
2.105999999999999943e+02 -3.054248494502227018e+00 -5.164452162023661863e+00 7.873652726630096799e-02 1.574730545328556559e+02
2.124000000000000057e+02 -3.214960769873980162e+00 -5.065967553012089120e+00 8.238298294867343885e-02 1.647659658971997771e+02
2.142000000000000171e+02 -3.372500267112783057e+00 -4.962483445647370317e+00 8.593760838274927538e-02 1.718752167665093964e+02
2.160000000000000000e+02 -3.526711513754837934e+00 -4.854101966249684708e+00 8.940101636873187818e-02 1.788020327369715972e+02
2.178000000000000114e+02 -3.677442321917859136e+00 -4.740930074254141147e+00 9.277386454169311847e-02 1.855477290819626432e+02
2.195999999999999943e+02 -3.824543938492137141e+00 -4.623079456654735075e+00 9.605685553429299528e-02 1.921137110689613507e+02
2.214000000000000057e+02 -3.967871191941911846e+00 -4.500666417782755779e+00 9.925073736949416303e-02 1.985014747395985637e+02
2.232000000000000171e+02 -4.107282635572131468e+00 -4.373811764528468871e+00 1.023563035840017871e-01 2.047126071686375326e+02
2.250000000000000000e+02 -4.242640687119284770e+00 -4.242640687119285658e+00 1.053743927953116610e-01 2.107487855901590876e+02
2.268000000000000114e+02 -4.373811764528468871e+00 -4.107282635572131468e+00 1.083058874854803399e-01 2.166117749701629407e+02
2.285999999999999943e+02 -4.500666417782756668e+00 -3.967871191941911402e+00 1.111517117332926907e-01 2.223034234669074465e+02
2.304000000000000057e+02 -4.623079456654735964e+00 -3.824543938492136697e+00 1.139128274979281652e-01 2.278256549957252730e+02
2.322000000000000171e+02 -4.740930074254142035e+00 -3.677442321917858692e+00 1.165902288321305214e-01 2.331804576646973146e+02
2.340000000000000000e+02 -4.854101966249683819e+00 -3.526711513754839267e+00 1.191849330457008804e-01 2.383698660913744050e+02
2.358000000000000114e+02 -4.962483445647372093e+00 -3.372500267112780392e+00 1.216979672846924543e-01 2.433959345694638898e+02
2.375999999999999943e+02 -5.065967553012088231e+00 -3.214960769873982382e+00 1.241303481207725462e-01 2.482606962420433376e+02
2.394000000000000057e+02 -5.164452162023661863e+00 -3.054248494502226130e+00 1.264830503609266632e-01 2.529661007209319052e+02
2.412000000000000171e+02 -5.257840080263180838e+00 -2.890522044610291275e+00 1.287569590437597777e-01 2.575139180872251927e+02
2.430000000000000000e+02 -5.346039145130205839e+00 -2.723942998437280938e+00 1.309527948761958216e-01 2.619055897527949810e+02
2.448000000000000114e+02 -5.428962314796118349e+00 -2.554675749390432404e+00 1.330709970737482817e-01 2.661419941476575559e+02
2.465999999999999943e+02 -5.506527754103884398e+00 -2.382887343808686609e+00 1.351115366231228632e-01 2.702230732457566660e+02
2.484000000000000057e+02 -5.578658915329508083e+00 -2.208747316108066627e+00 1.370736133602048212e-01 2.741472267200478541e+02
2.502000000000000171e+02 -5.645284613725352507e+00 -2.032427521471748211e+00 1.389551538248867679e-01 2.779103076499881126e+02
2.520000000000000000e+02 -5.706339097770920965e+00 -1.854101966249685374e+00 1.407519564574139792e-01 2.815039129150861754e+02
2.538000000000000114e+02 -5.761762114061658835e+00 -1.673946636235372099e+00 1.424561881361368909e-01 2.849123762724004223e+02
2.555999999999999943e+02 -5.811498966771785568e+00 -1.492139322989131545e+00 1.440536308210871863e-01 2.881072616424743273e+02
2.574000000000000341e+02 -5.855500571632484608e+00 -1.308859448379254165e+00 1.455183782729030928e-01 2.910367565462090624e+02
2.591999999999999886e+02 -5.893723504372132105e+00 -1.124287887514347828e+00 1.468019459452436504e-01 2.936038918901970192e+02
2.610000000000000000e+02 -5.926130043570825734e+00 -9.386067902413861574e-01 1.478089697428397464e-01 2.956179394856816884e+02
2.628000000000000114e+02 -5.952688207886867033e+00 -7.519994013858223303e-01 1.483365787595447571e-01 2.966731575193490471e+02
2.646000000000000227e+02 -5.973371787618479978e+00 -5.646498799110837297e-01 1.478975754153674660e-01 2.957951508306064170e+02
2.664000000000000341e+02 -5.988160370569628910e+00 -3.767431171758791608e-01 1.450740368949957615e-01 2.901480737897283007e+02
2.681999999999999886e+02 -5.997039362194389156e+00 -1.884645544687697793e-01 1.344860642764575120e-01 2.689721285530216619e+02
2.700000000000000000e+02 -5.999999999999999112e+00 0.000000000000000000e+00 1.121558336009206291e-01 2.243116672010769719e+02
2.718000000000000114e+02 -5.997039362194388268e+00 1.884645544687728880e-01 1.344860642764564296e-01 2.689721285531049375e+02
2.736000000000000227e+02 -5.988160370569628910e+00 3.767431171758823250e-01 1.450740368949951509e-01 2.901480737904499279e+02
2.754000000000000341e+02 -5.973371787618479978e+00 5.646498799110869493e-01 1.478975754153679378e-01 2.957951508305370112e+02
2.771999999999999886e+02 -5.952688207886867033e+00 7.519994013858252169e-01 1.483365787595424812e-01 2.966731575187592398e+02
2.790000000000000000e+02 -5.926130043570825734e+00 9.386067902413840480e-01 1.478089697428393856e-01 2.956179394856470140e+02
2.808000000000000114e+02 -5.893723504372131217e+00 1.124287887514350714e+00 1.468019459452436226e-01 2.936038918906133404e+02
2.826000000000000227e+02 -5.855500571632482831e+00 1.308859448379257273e+00 1.455183782729017050e-01 2.910367565459037564e+02
2.844000000000000341e+02 -5.811498966771785568e+00 1.492139322989129324e+00 1.440536308210861871e-01 2.881072616429461277e+02
2.861999999999999886e+02 -5.761762114061657947e+00 1.673946636235375207e+00 1.424561881361405546e-01 2.849123762723934874e+02
2.880000000000000000e+02 -5.706339097770921853e+00 1.854101966249683153e+00 1.407519564574147286e-01 2.815039129143853529e+02
2.898000000000000114e+02 -5.645284613725351619e+00 2.032427521471750875e+00 1.389551538248898765e-01 2.779103076497868869e+02
2.916000000000000227e+02 -5.578658915329507195e+00 2.208747316108069292e+00 1.370736133602041273e-01 2.741472267201172599e+02
2.934000000000000341e+02 -5.506527754103885286e+00 2.382887343808684388e+00 1.351115366231226689e-01 2.702230732459856313e+02
2.951999999999999886e+02 -5.428962314796116573e+00 2.554675749390435513e+00 1.330709970737483649e-01 2.661419941465403554e+02
2.970000000000000000e+02 -5.346039145130207615e+00 2.723942998437279606e+00 1.309527948761949889e-01 2.619055897518513234e+02
2.988000000000000114e+02 -5.257840080263179949e+00 2.890522044610293939e+00 1.287569590437621370e-01 2.575139180872113229e+02
3.006000000000000227e+02 -5.164452162023660087e+00 3.054248494502228795e+00 1.264830503609249979e-01 2.529661007221670275e+02
3.024000000000000341e+02 -5.065967553012089120e+00 3.214960769873980162e+00 1.241303481207709641e-01 2.482606962418559817e+02
3.041999999999999886e+02 -4.962483445647370317e+00 3.372500267112783057e+00 1.216979672846927735e-01 2.433959345699218773e+02
3.060000000000000000e+02 -4.854101966249684708e+00 3.526711513754837046e+00 1.191849330457006584e-01 2.383698660917629581e+02
3.078000000000000114e+02 -4.740930074254140258e+00 3.677442321917861356e+00 1.165902288321317426e-01 2.331804576650026206e+02
3.096000000000000227e+02 -4.623079456654733299e+00 3.824543938492139361e+00 1.139128274979284705e-01 2.278256549957530126e+02
3.114000000000000341e+02 -4.500666417782756668e+00 3.967871191941911402e+00 1.111517117332917748e-01 2.223034234661372466e+02
3.131999999999999886e+02 -4.373811764528468871e+00 4.107282635572131468e+00 1.083058874854799791e-01 2.166117749703711013e+02
3.150000000000000000e+02 -4.242640687119285658e+00 4.242640687119283882e+00 1.053743927953110227e-01 2.107487855910333963e+02
3.168000000000000114e+02 -4.107282635572128804e+00 4.373811764528470647e+00 1.023563035840025226e-01 2.047126071684710098e+02
3.186000000000000227e+02 -3.967871191941909181e+00 4.500666417782757556e+00 9.925073736949405201e-02 1.985014747390018215e+02
3.204000000000000341e+02 -3.824543938492137141e+00 4.623079456654735964e+00 9.605685553429403611e-02 1.921137110673792847e+02
3.221999999999999886e+02 -3.677442321917858692e+00 4.740930074254141147e+00 9.277386454169450625e-02 1.855477290837181954e+02
3.240000000000000000e+02 -3.526711513754839711e+00 4.854101966249683819e+00 8.940101636873279412e-02 1.788020327371311851e+02
3.258000000000000114e+02 -3.372500267112781280e+00 4.962483445647372093e+00 8.593760838275041336e-02 1.718752167656142831e+02
3.276000000000000227e+02 -3.214960769873977497e+00 5.065967553012091784e+00 8.238298294867420213e-02 1.647659658982128406e+02
3.294000000000000341e+02 -3.054248494502227018e+00 5.164452162023661863e+00 7.873652726630137044e-02 1.574730545331054543e+02
3.311999999999999886e+02 -2.890522044610291275e+00 5.257840080263180838e+00 7.499767440742516333e-02 1.499953488140193372e+02
3.330000000000000000e+02 -2.723942998437281382e+00 5.346039145130205839e+00 7.116590745953599306e-02 1.423318149197244509e+02
3.348000000000000114e+02 -2.554675749390433293e+00 5.428962314796118349e+00 6.724077048432153259e-02 1.344815409691849197e+02
3.366000000000000227e+02 -2.382887343808681724e+00 5.506527754103887062e+00 6.322189341808356899e-02 1.264437868360931958e+02
3.384000000000000341e+02 -2.208747316108067071e+00 5.578658915329508083e+00 5.910904451326004505e-02 1.182180890263312421e+02
3.401999999999999886e+02 -2.032427521471748211e+00 5.645284613725352507e+00 5.490223618749502654e-02 1.098044723753036038e+02
3.420000000000000000e+02 -1.854101966249685596e+00 5.706339097770920965e+00 5.060193349746890112e-02 1.012038669948173180e+02
3.438000000000000114e+02 -1.673946636235372543e+00 5.761762114061658835e+00 4.620945922435289177e-02 9.241891844839756232e+01
3.456000000000000227e+02 -1.492139322989126660e+00 5.811498966771786456e+00 4.172777648369953990e-02 8.345555296620371166e+01
3.474000000000000341e+02 -1.308859448379254387e+00 5.855500571632484608e+00 3.716300263836069817e-02 7.432600527627897691e+01
3.491999999999999886e+02 -1.124287887514348050e+00 5.893723504372132105e+00 3.252736822264648553e-02 6.505473644614207274e+01
3.510000000000000000e+02 -9.386067902413866015e-01 5.926130043570825734e+00 2.784514752082576164e-02 5.569029504128714336e+01
3.528000000000000114e+02 -7.519994013858226634e-01 5.952688207886867033e+00 2.316515746526335781e-02 4.633031493079392504e+01
3.546000000000000227e+02 -5.646498799110841738e-01 5.973371787618479978e+00 1.858942493554479117e-02 3.717884987144287834e+01
3.564000000000000341e+02 -3.767431171758794939e-01 5.988160370569628910e+00 1.434615098939585019e-02 2.869230197866112775e+01
3.581999999999999886e+02 -1.884645544687701679e-01 5.997039362194389156e+00 1.097746848573206979e-02 2.195493697127598409e+01
3.600000000000000000e+02 0.000000000000000000e+00 5.999999999999999112e+00 9.581783186837803876e-03 1.916356637367277926e+01
