# theta_deg  Ey_V_per_um  Ez_V_per_um  alpha_eV_A  perturbative_gap_k1_microeV  
0.000000000000000000e+00 0.000000000000000000e+00 5.000000000000000000e+00 8.843894260871501198e-03 1.768778852172941995e+01
2.399999999999999911e+00 2.093782686459981224e-01 4.995614150494292360e+00 1.067014345887673347e-02 2.134028691776895670e+01
4.799999999999999822e+00 4.183892166615774122e-01 4.982464296247521851e+00 1.481643196684352334e-02 2.963286393369707383e+01
7.199999999999999289e+00 6.266661678215210696e-01 4.960573506572389491e+00 1.979505755523251059e-02 3.959011511043414089e+01
9.599999999999999645e+00 8.338437335805112260e-01 4.929980185352524913e+00 2.502045777604738550e-02 5.004091555205203434e+01
1.200000000000000000e+01 1.039558454088796768e+00 4.890738003669028444e+00 3.027729201818308777e-02 6.055458403626812469e+01
1.439999999999999858e+01 1.243449435824273586e+00 4.842915805643155380e+00 3.547637619061835834e-02 7.095275238123977601e+01
1.680000000000000071e+01 1.445158984722358042e+00 4.786597487660336547e+00 4.057745345479103760e-02 8.115490690965843612e+01
1.919999999999999929e+01 1.644333233692916174e+00 4.721881851187405665e+00 4.556149490743256758e-02 9.112298981487492711e+01
2.159999999999999787e+01 1.840622763423389596e+00 4.648882429441257180e+00 5.041928091673040374e-02 1.008385618334398117e+02
2.400000000000000000e+01 2.033683215379001208e+00 4.567727288213004222e+00 5.514628123755020012e-02 1.102925624750783413e+02
2.639999999999999858e+01 2.223175895924637047e+00 4.478558801197064732e+00 5.974026452827214950e-02 1.194805290566230980e+02
2.879999999999999716e+01 2.408768370508576062e+00 4.381533400219318253e+00 6.420016422226762498e-02 1.284003284444667941e+02
3.119999999999999929e+01 2.590135046865650992e+00 4.276821300802533088e+00 6.852553899798795312e-02 1.370510779960601440e+02
3.360000000000000142e+01 2.766957746216720526e+00 4.164606203550497376e+00 7.271631774597064890e-02 1.454326354919793687e+02
3.600000000000000000e+01 2.938926261462365463e+00 4.045084971874737256e+00 7.677268087130253993e-02 1.535453617425158654e+02
3.839999999999999858e+01 3.105738901391551732e+00 3.918467286629199187e+00 8.069500654099377723e-02 1.613900130820813956e+02
4.079999999999999716e+01 3.267103019950526654e+00 3.784975278258781994e+00 8.448384736927318228e-02 1.689676947385781887e+02
4.319999999999999574e+01 3.422735529643443186e+00 3.644843137107057984e+00 8.813992082491228786e-02 1.762798416497235507e+02
4.560000000000000142e+01 3.572363398164016601e+00 3.498316702566827363e+00 9.166410515117139057e-02 1.833282103023553589e+02
4.800000000000000000e+01 3.715724127386971443e+00 3.345653031794291632e+00 9.505743647190639800e-02 1.901148729438820055e+02
5.039999999999999858e+01 3.852566213878946488e+00 3.187119948743448727e+00 9.832110419408524038e-02 1.966422083881924721e+02
5.279999999999999716e+01 3.982649590120981298e+00 3.022995574311874822e+00 1.014564417235060134e-01 2.029128834469817662e+02
5.519999999999999574e+01 4.105746045668519528e+00 2.853567838422159220e+00 1.044649080657199525e-01 2.089298161313743378e+02
5.759999999999999432e+01 4.221639627510074710e+00 2.679133974894984060e+00 1.073480526581619687e-01 2.146961053164156397e+02
6.000000000000000000e+01 4.330127018922192761e+00 2.500000000000000444e+00 1.101074495365028383e-01 2.202148990729444051e+02
6.239999999999999858e+01 4.431017896156073554e+00 2.316480175599309188e+00 1.127445749685069831e-01 2.254891499369401799e+02
6.479999999999999716e+01 4.524135262330097440e+00 2.128896457825363520e+00 1.152605791607947266e-01 2.305211583215616145e+02
6.720000000000000284e+01 4.609315757942503033e+00 1.937577932260514668e+00 1.176558545777192238e-01 2.353117091554168780e+02
6.959999999999999432e+01 4.686409947459457825e+00 1.742860236609076630e+00 1.199292003401387086e-01 2.398584006802553859e+02
7.200000000000000000e+01 4.755282581475768211e+00 1.545084971874737256e+00 1.220761476622541641e-01 2.441522953244915186e+02
7.439999999999999147e+01 4.815812833988290187e+00 1.344599103076329794e+00 1.240854373402834609e-01 2.481708746806393719e+02
7.679999999999999716e+01 4.867894514365801228e+00 1.141754350553279451e+00 1.259311008706080481e-01 2.518622017412472474e+02
7.920000000000000284e+01 4.911436253643444161e+00 9.369065729286225608e-01 1.275529497964846271e-01 2.551058995929680862e+02
8.159999999999999432e+01 4.946361664814942216e+00 7.304151428120583267e-01 1.288018487940424395e-01 2.576036975880588216e+02
8.400000000000000000e+01 4.972609476841366671e+00 5.226423163382672987e-01 1.292537575719540643e-01 2.585075151439117462e+02
8.639999999999999147e+01 4.990133642141358017e+00 3.139525976465676327e-01 1.273660324063979332e-01 2.547320648128396954e+02
8.879999999999999716e+01 4.998903417374227942e+00 1.047120994167852481e-01 1.162402624001131202e-01 2.324805248002173528e+02
9.120000000000000284e+01 4.998903417374227942e+00 -1.047120994167846236e-01 1.162402624001143692e-01 2.324805248002659255e+02
9.359999999999999432e+01 4.990133642141358017e+00 -3.139525976465659118e-01 1.273660324063982385e-01 2.547320648127980576e+02
9.600000000000000000e+01 4.972609476841366671e+00 -5.226423163382677428e-01 1.292537575719535092e-01 2.585075151438840066e+02
9.839999999999999147e+01 4.946361664814942216e+00 -7.304151428120576606e-01 1.288018487940416346e-01 2.576036975880241471e+02
1.007999999999999972e+02 4.911436253643444161e+00 -9.369065729286230049e-01 1.275529497964850156e-01 2.551058995929854234e+02
1.032000000000000028e+02 4.867894514365802117e+00 -1.141754350553278785e+00 1.259311008706079371e-01 2.518622017412056096e+02
1.055999999999999943e+02 4.815812833988291075e+00 -1.344599103076327795e+00 1.240854373402829891e-01 2.481708746805283283e+02
1.080000000000000000e+02 4.755282581475768211e+00 -1.545084971874736812e+00 1.220761476622538588e-01 2.441522953246164036e+02
1.103999999999999915e+02 4.686409947459457825e+00 -1.742860236609075297e+00 1.199292003401387779e-01 2.398584006802761905e+02
1.127999999999999972e+02 4.609315757942503033e+00 -1.937577932260514002e+00 1.176558545777182246e-01 2.353117091554238129e+02
1.151999999999999886e+02 4.524135262330098328e+00 -2.128896457825361743e+00 1.152605791607942270e-01 2.305211583216934628e+02
1.175999999999999943e+02 4.431017896156074443e+00 -2.316480175599307856e+00 1.127445749685070941e-01 2.254891499371067312e+02
1.200000000000000000e+02 4.330127018922193649e+00 -2.499999999999999112e+00 1.101074495365022277e-01 2.202148990730415505e+02
1.223999999999999915e+02 4.221639627510075599e+00 -2.679133974894982284e+00 1.073480526581617467e-01 2.146961053163531972e+02
1.247999999999999972e+02 4.105746045668520416e+00 -2.853567838422157887e+00 1.044649080657202161e-01 2.089298161314506785e+02
1.271999999999999886e+02 3.982649590120982186e+00 -3.022995574311874378e+00 1.014564417235063187e-01 2.029128834470581069e+02
1.295999999999999943e+02 3.852566213878946488e+00 -3.187119948743448727e+00 9.832110419408543467e-02 1.966422083882063419e+02
1.320000000000000000e+02 3.715724127386971443e+00 -3.345653031794291632e+00 9.505743647190603718e-02 1.901148729438195630e+02
1.344000000000000057e+02 3.572363398164016157e+00 -3.498316702566827807e+00 9.166410515117073832e-02 1.833282103022373803e+02
1.367999999999999829e+02 3.422735529643444519e+00 -3.644843137107056652e+00 8.813992082491138580e-02 1.762798416497790583e+02
1.391999999999999886e+02 3.267103019950527987e+00 -3.784975278258781550e+00 8.448384736927325167e-02 1.689676947385504491e+02
1.415999999999999943e+02 3.105738901391552620e+00 -3.918467286629198743e+00 8.069500654099329151e-02 1.613900130819703804e+02
1.440000000000000000e+02 2.938926261462365908e+00 -4.045084971874737256e+00 7.677268087130213747e-02 1.535453617426962865e+02
1.464000000000000057e+02 2.766957746216720526e+00 -4.164606203550497376e+00 7.271631774597109299e-02 1.454326354919585640e+02
1.487999999999999829e+02 2.590135046865653212e+00 -4.276821300802532200e+00 6.852553899798768944e-02 1.370510779959768684e+02
1.511999999999999886e+02 2.408768370508577839e+00 -4.381533400219317365e+00 6.420016422226776376e-02 1.284003284445570046e+02
1.535999999999999943e+02 2.223175895924638823e+00 -4.478558801197062955e+00 5.974026452827155276e-02 1.194805290565814602e+02
1.560000000000000000e+02 2.033683215379002096e+00 -4.567727288213004222e+00 5.514628123755061645e-02 1.102925624751061093e+02
1.584000000000000057e+02 1.840622763423388708e+00 -4.648882429441257180e+00 5.041928091673066048e-02 1.008385618334328768e+02
1.607999999999999829e+02 1.644333233692917062e+00 -4.721881851187404777e+00 4.556149490743265085e-02 9.112298981489574601e+01
1.631999999999999886e+02 1.445158984722358264e+00 -4.786597487660336547e+00 4.057745345479102372e-02 8.115490690960986342e+01
1.655999999999999943e+02 1.243449435824274252e+00 -4.842915805643155380e+00 3.547637619061859426e-02 7.095275238123977601e+01
1.680000000000000000e+02 1.039558454088796546e+00 -4.890738003669028444e+00 3.027729201818329247e-02 6.055458403639995879e+01
1.704000000000000057e+02 8.338437335805108930e-01 -4.929980185352524913e+00 2.502045777604739937e-02 5.004091555214223774e+01
1.727999999999999829e+02 6.266661678215227349e-01 -4.960573506572388602e+00 1.979505755523260427e-02 3.959011511051740939e+01
1.751999999999999886e+02 4.183892166615786334e-01 -4.982464296247521851e+00 1.481643196684389110e-02 2.963286393371788918e+01
1.775999999999999943e+02 2.093782686459990383e-01 -4.995614150494292360e+00 1.067014345887665368e-02 2.134028691779671405e+01
1.800000000000000000e+02 0.000000000000000000e+00 -5.000000000000000000e+00 8.843894260871596608e-03 1.768778852172248151e+01
1.824000000000000057e+02 -2.093782686459978171e-01 -4.995614150494292360e+00 1.067014345887680980e-02 2.134028691774814135e+01
1.847999999999999829e+02 -4.183892166615751917e-01 -4.982464296247521851e+00 1.481643196684362049e-02 2.963286393373870808e+01
1.871999999999999886e+02 -6.266661678215191822e-01 -4.960573506572389491e+00 1.979505755523270488e-02 3.959011511048271359e+01
1.895999999999999943e+02 -8.338437335805097828e-01 -4.929980185352524913e+00 2.502045777604696569e-02 5.004091555214223774e+01
1.920000000000000000e+02 -1.039558454088797657e+00 -4.890738003669027556e+00 3.027729201818316063e-02 6.055458403637914699e+01
1.944000000000000057e+02 -1.243449435824274918e+00 -4.842915805643155380e+00 3.547637619061836528e-02 7.095275238126752981e+01
1.967999999999999829e+02 -1.445158984722357154e+00 -4.786597487660336547e+00 4.057745345479138455e-02 8.115490690960986342e+01
1.991999999999999886e+02 -1.644333233692915730e+00 -4.721881851187405665e+00 4.556149490743240799e-02 9.112298981487492711e+01
2.015999999999999943e+02 -1.840622763423389596e+00 -4.648882429441257180e+00 5.041928091673039680e-02 1.008385618334883844e+02
2.040000000000000000e+02 -2.033683215379001208e+00 -4.567727288213004222e+00 5.514628123755037359e-02 1.102925624751338631e+02
2.064000000000000057e+02 -2.223175895924637935e+00 -4.478558801197064732e+00 5.974026452827153194e-02 1.194805290564912639e+02
2.087999999999999829e+02 -2.408768370508575174e+00 -4.381533400219319141e+00 6.420016422226795805e-02 1.284003284445570046e+02
2.111999999999999886e+02 -2.590135046865650104e+00 -4.276821300802533976e+00 6.852553899798788373e-02 1.370510779959977015e+02
2.135999999999999943e+02 -2.766957746216719638e+00 -4.164606203550498265e+00 7.271631774597056563e-02 1.454326354919307960e+02
2.160000000000000000e+02 -2.938926261462365019e+00 -4.045084971874738144e+00 7.677268087130237340e-02 1.535453617425297637e+02
2.184000000000000057e+02 -3.105738901391551732e+00 -3.918467286629199187e+00 8.069500654099401316e-02 1.613900130819773153e+02
2.207999999999999829e+02 -3.267103019950525322e+00 -3.784975278258783771e+00 8.448384736927277983e-02 1.689676947384741084e+02
2.231999999999999886e+02 -3.422735529643442298e+00 -3.644843137107058872e+00 8.813992082491207969e-02 1.762798416498206961e+02
2.255999999999999943e+02 -3.572363398164015713e+00 -3.498316702566828251e+00 9.166410515117125180e-02 1.833282103022790182e+02
2.280000000000000000e+02 -3.715724127386971887e+00 -3.345653031794290744e+00 9.505743647190552370e-02 1.901148729438195630e+02
2.303999999999999773e+02 -3.852566213878944268e+00 -3.187119948743450948e+00 9.832110419408580937e-02 1.966422083881994070e+02
2.327999999999999829e+02 -3.982649590120979965e+00 -3.022995574311877043e+00 1.014564417235059995e-01 2.029128834470372738e+02
2.351999999999999886e+02 -4.105746045668518640e+00 -2.853567838422160996e+00 1.044649080657203133e-01 2.089298161314368087e+02
2.375999999999999943e+02 -4.221639627510073822e+00 -2.679133974894985393e+00 1.073480526581618577e-01 2.146961053162907547e+02
2.400000000000000000e+02 -4.330127018922191873e+00 -2.500000000000002220e+00 1.101074495365023109e-01 2.202148990729999127e+02
2.423999999999999773e+02 -4.431017896156072666e+00 -2.316480175599310520e+00 1.127445749685073995e-01 2.254891499369957160e+02
2.447999999999999829e+02 -4.524135262330096552e+00 -2.128896457825364852e+00 1.152605791607942964e-01 2.305211583216032523e+02
2.471999999999999886e+02 -4.609315757942502145e+00 -1.937577932260516000e+00 1.176558545777190157e-01 2.353117091554377112e+02
2.495999999999999943e+02 -4.686409947459457825e+00 -1.742860236609077296e+00 1.199292003401387641e-01 2.398584006802692556e+02
2.520000000000000000e+02 -4.755282581475768211e+00 -1.545084971874737922e+00 1.220761476622540809e-01 2.441522953244637506e+02
2.543999999999999773e+02 -4.815812833988290187e+00 -1.344599103076328905e+00 1.240854373402829058e-01 2.481708746805352916e+02
2.568000000000000114e+02 -4.867894514365802117e+00 -1.141754350553279007e+00 1.259311008706081314e-01 2.518622017411986747e+02
2.591999999999999886e+02 -4.911436253643444161e+00 -9.369065729286231159e-01 1.275529497964852377e-01 2.551058995929576838e+02
2.615999999999999659e+02 -4.946361664814940440e+00 -7.304151428120621015e-01 1.288018487940429391e-01 2.576036975880588216e+02
2.640000000000000000e+02 -4.972609476841366671e+00 -5.226423163382668546e-01 1.292537575719535092e-01 2.585075151438666126e+02
2.663999999999999773e+02 -4.990133642141358017e+00 -3.139525976465705193e-01 1.273660324063985438e-01 2.547320648127841878e+02
2.688000000000000114e+02 -4.998903417374227942e+00 -1.047120994167836383e-01 1.162402624001139528e-01 2.324805248002312226e+02
2.711999999999999886e+02 -4.998903417374227942e+00 1.047120994167818203e-01 1.162402624001145218e-01 2.324805248002104179e+02
2.735999999999999659e+02 -4.990133642141358017e+00 3.139525976465641910e-01 1.273660324063982663e-01 2.547320648128049925e+02
2.760000000000000000e+02 -4.972609476841366671e+00 5.226423163382649673e-01 1.292537575719534537e-01 2.585075151439048113e+02
2.783999999999999773e+02 -4.946361664814942216e+00 7.304151428120559952e-01 1.288018487940423840e-01 2.576036975880831505e+02
2.808000000000000114e+02 -4.911436253643442384e+00 9.369065729286255584e-01 1.275529497964850711e-01 2.551058995929715536e+02
2.831999999999999886e+02 -4.867894514365802117e+00 1.141754350553277231e+00 1.259311008706081869e-01 2.518622017412125444e+02
2.855999999999999659e+02 -4.815812833988291075e+00 1.344599103076327351e+00 1.240854373402833777e-01 2.481708746805699661e+02
2.880000000000000000e+02 -4.755282581475768211e+00 1.545084971874736146e+00 1.220761476622533037e-01 2.441522953245053884e+02
2.903999999999999773e+02 -4.686409947459457825e+00 1.742860236609075519e+00 1.199292003401386253e-01 2.398584006802831254e+02
2.928000000000000114e+02 -4.609315757942503033e+00 1.937577932260514446e+00 1.176558545777187659e-01 2.353117091554654507e+02
2.951999999999999886e+02 -4.524135262330097440e+00 2.128896457825363076e+00 1.152605791607938246e-01 2.305211583215338464e+02
2.975999999999999659e+02 -4.431017896156075331e+00 2.316480175599304747e+00 1.127445749685068166e-01 2.254891499370095858e+02
3.000000000000000000e+02 -4.330127018922192761e+00 2.500000000000000444e+00 1.101074495365019085e-01 2.202148990730137825e+02
3.023999999999999773e+02 -4.221639627510077375e+00 2.679133974894980064e+00 1.073480526581622047e-01 2.146961053163948350e+02
3.048000000000000114e+02 -4.105746045668519528e+00 2.853567838422159220e+00 1.044649080657196333e-01 2.089298161314090407e+02
3.071999999999999886e+02 -3.982649590120983518e+00 3.022995574311872158e+00 1.014564417235061244e-01 2.029128834469540266e+02
3.095999999999999659e+02 -3.852566213878948265e+00 3.187119948743446507e+00 9.832110419408590651e-02 1.966422083881994070e+02
3.120000000000000000e+02 -3.715724127386973219e+00 3.345653031794289411e+00 9.505743647190648127e-02 1.901148729438334328e+02
3.143999999999999773e+02 -3.572363398164018378e+00 3.498316702566825587e+00 9.166410515117123792e-02 1.833282103022998513e+02
3.168000000000000114e+02 -3.422735529643441410e+00 3.644843137107059317e+00 8.813992082491255153e-02 1.762798416498137613e+02
3.191999999999999886e+02 -3.267103019950528431e+00 3.784975278258781106e+00 8.448384736927258554e-02 1.689676947385573840e+02
3.215999999999999659e+02 -3.105738901391553508e+00 3.918467286629198298e+00 8.069500654099337478e-02 1.613900130819703804e+02
3.240000000000000000e+02 -2.938926261462366796e+00 4.045084971874737256e+00 7.677268087130184604e-02 1.535453617425991411e+02
3.263999999999999773e+02 -2.766957746216721414e+00 4.164606203550497376e+00 7.271631774597064890e-02 1.454326354919446942e+02
3.288000000000000114e+02 -2.590135046865651436e+00 4.276821300802533088e+00 6.852553899798842496e-02 1.370510779959699335e+02
3.311999999999999886e+02 -2.408768370508576506e+00 4.381533400219318253e+00 6.420016422226754171e-02 1.284003284445223017e+02
3.335999999999999659e+02 -2.223175895924641488e+00 4.478558801197062067e+00 5.974026452827171929e-02 1.194805290566022791e+02
3.360000000000000000e+02 -2.033683215379000764e+00 4.567727288213005110e+00 5.514628123755062339e-02 1.102925624750852904e+02
3.383999999999999773e+02 -1.840622763423393371e+00 4.648882429441256292e+00 5.041928091673092416e-02 1.008385618334259277e+02
3.408000000000000114e+02 -1.644333233692915286e+00 4.721881851187405665e+00 4.556149490743254676e-02 9.112298981490269512e+01
3.431999999999999886e+02 -1.445158984722361151e+00 4.786597487660335659e+00 4.057745345479120413e-02 8.115490690961679832e+01
3.455999999999999659e+02 -1.243449435824276916e+00 4.842915805643155380e+00 3.547637619061823344e-02 7.095275238123977601e+01
3.480000000000000000e+02 -1.039558454088799433e+00 4.890738003669027556e+00 3.027729201818311899e-02 6.055458403631669739e+01
3.503999999999999773e+02 -8.338437335805136685e-01 4.929980185352524913e+00 2.502045777604712529e-02 5.004091555212836084e+01
3.528000000000000114e+02 -6.266661678215189601e-01 4.960573506572389491e+00 1.979505755523257304e-02 3.959011511048271359e+01
3.551999999999999886e+02 -4.183892166615792441e-01 4.982464296247521851e+00 1.481643196684343314e-02 2.963286393367625493e+01
3.575999999999999659e+02 -2.093782686459996489e-01 4.995614150494292360e+00 1.067014345887664847e-02 2.134028691772732600e+01
3.600000000000000000e+02 0.000000000000000000e+00 5.000000000000000000e+00 8.843894260871522014e-03 1.768778852172941995e+01
