# theta_deg  Ey_V_per_um  Ez_V_per_um  alpha_eV_A  perturbative_gap_k1_microeV  
0.000000000000000000e+00 0.000000000000000000e+00 1.000000000000000000e+00 4.321321889021265822e-03 8.642643778042488734e+00
2.399999999999999911e+00 4.187565372919962309e-02 9.991228300988584943e-01 4.517378241488480099e-03 9.034756482974509950e+00
4.799999999999999822e+00 8.367784333231548244e-02 9.964928592495044812e-01 5.058984031043826241e-03 1.011796806208573152e+01
7.199999999999999289e+00 1.253332335643042306e-01 9.921147013144778759e-01 5.847880096815947365e-03 1.169576019364055597e+01
9.599999999999999645e+00 1.667687467161022563e-01 9.859960370705050936e-01 6.794145233262783787e-03 1.358829046652757278e+01
1.200000000000000000e+01 2.079116908177593426e-01 9.781476007338056888e-01 7.835766536588701509e-03 1.567153307317721378e+01
1.439999999999999858e+01 2.486898871648547393e-01 9.685831611286310761e-01 8.933654979908587507e-03 1.786730995981471537e+01
1.680000000000000071e+01 2.890317969444716195e-01 9.573194975320672429e-01 1.006323450121060850e-02 2.012646900242369341e+01
1.919999999999999929e+01 3.288666467385832903e-01 9.443763702374811109e-01 1.120852105749098326e-02 2.241704211498295152e+01
2.159999999999999787e+01 3.681245526846779192e-01 9.297764858882514583e-01 1.235862092870839389e-02 2.471724185741957669e+01
2.400000000000000000e+01 4.067366430758002083e-01 9.135454576426008666e-01 1.350573711472148955e-02 2.701147422946213794e+01
2.639999999999999858e+01 4.446351791849274537e-01 8.957117602394130129e-01 1.464402568916969676e-02 2.928805137833678884e+01
2.879999999999999716e+01 4.817536741017152679e-01 8.763066800438635839e-01 1.576892371450268338e-02 3.153784742900066362e+01
3.119999999999999929e+01 5.180270093731302872e-01 8.553642601605065954e-01 1.687674244453843397e-02 3.375348488906426070e+01
3.360000000000000142e+01 5.533915492433441052e-01 8.329212407100995419e-01 1.796441351772919137e-02 3.592882703545022594e+01
3.600000000000000000e+01 5.877852522924731371e-01 8.090169943749475623e-01 1.902932592422913044e-02 3.805865184845248450e+01
3.839999999999999858e+01 6.211477802783104130e-01 7.836934573258398373e-01 2.006921843182375709e-02 4.013843686365169816e+01
4.079999999999999716e+01 6.534206039901053753e-01 7.569950556517563989e-01 2.108210690426279288e-02 4.216421380853947198e+01
4.319999999999999574e+01 6.845471059286887261e-01 7.289686274214115524e-01 2.206623423409386636e-02 4.413246846819761515e+01
4.560000000000000142e+01 7.144726796328034757e-01 6.996633405133654282e-01 2.302003539161744800e-02 4.604007078323562041e+01
4.800000000000000000e+01 7.431448254773943551e-01 6.691306063588582376e-01 2.394211291615776574e-02 4.788422583231746188e+01
5.039999999999999858e+01 7.705132427757892533e-01 6.374239897486897455e-01 2.483121987933725738e-02 4.966243975867740090e+01
5.279999999999999716e+01 7.965299180241962596e-01 6.045991148623749423e-01 2.568624838402022020e-02 5.137249676805317478e+01
5.519999999999999574e+01 8.211492091337040389e-01 5.707135676844318217e-01 2.650622226301690282e-02 5.301244452603670965e+01
5.759999999999999432e+01 8.443279255020149643e-01 5.358267949789967677e-01 2.729029290411815606e-02 5.458058580823312411e+01
6.000000000000000000e+01 8.660254037844385966e-01 5.000000000000001110e-01 2.803773702230703824e-02 5.607547404462304996e+01
6.239999999999999858e+01 8.862035792312148441e-01 4.632960351198617821e-01 2.874795452506229837e-02 5.749590905012799880e+01
6.479999999999999716e+01 9.048270524660196878e-01 4.257792915650727150e-01 2.942046286546789319e-02 5.884092573094426371e+01
6.720000000000000284e+01 9.218631515885005179e-01 3.875155864521029336e-01 3.005488033446303969e-02 6.010976066892501279e+01
6.959999999999999432e+01 9.372819894918914541e-01 3.485720473218153481e-01 3.065088227641878799e-02 6.130176455281920767e+01
7.200000000000000000e+01 9.510565162951535312e-01 3.090169943749474513e-01 3.120809659479100925e-02 6.241619318957982188e+01
7.439999999999999147e+01 9.631625667976581040e-01 2.689198206152659254e-01 3.172586987221633070e-02 6.345173974441411957e+01
7.679999999999999716e+01 9.735789028731601791e-01 2.283508701106558847e-01 3.220277181858439974e-02 6.440554363716567821e+01
7.920000000000000284e+01 9.822872507286887211e-01 1.873813145857245455e-01 3.263561379952526625e-02 6.527122759905461180e+01
8.159999999999999432e+01 9.892723329629883322e-01 1.460830285624116487e-01 3.301771244151880530e-02 6.603542488303705227e+01
8.400000000000000000e+01 9.945218953682734009e-01 1.045284632676534708e-01 3.333645614337817087e-02 6.667291228674554304e+01
8.639999999999999147e+01 9.980267284282716700e-01 6.279051952931352654e-02 3.357163648293901015e-02 6.714327296587774185e+01
8.879999999999999716e+01 9.997806834748456106e-01 2.094241988335705101e-02 3.369846938155383886e-02 6.739693876311839915e+01
9.120000000000000284e+01 9.997806834748456106e-01 -2.094241988335692611e-02 3.369846938155351274e-02 6.739693876310452936e+01
9.359999999999999432e+01 9.980267284282716700e-01 -6.279051952931317959e-02 3.357163648293862157e-02 6.714327296589162586e+01
9.600000000000000000e+01 9.945218953682734009e-01 -1.045284632676535680e-01 3.333645614337822638e-02 6.667291228676288029e+01
9.839999999999999147e+01 9.892723329629883322e-01 -1.460830285624115377e-01 3.301771244151896489e-02 6.603542488302143454e+01
1.007999999999999972e+02 9.822872507286887211e-01 -1.873813145857246010e-01 3.263561379952552299e-02 6.527122759904334259e+01
1.032000000000000028e+02 9.735789028731602901e-01 -2.283508701106558014e-01 3.220277181858433035e-02 6.440554363717089359e+01
1.055999999999999943e+02 9.631625667976582150e-01 -2.689198206152655923e-01 3.172586987221633070e-02 6.345173974442236187e+01
1.080000000000000000e+02 9.510565162951536422e-01 -3.090169943749473402e-01 3.120809659479065884e-02 6.241619318957287987e+01
1.103999999999999915e+02 9.372819894918916761e-01 -3.485720473218150151e-01 3.065088227641888513e-02 6.130176455283265113e+01
1.127999999999999972e+02 9.218631515885006289e-01 -3.875155864521028781e-01 3.005488033446305010e-02 6.010976066892067848e+01
1.151999999999999886e+02 9.048270524660196878e-01 -4.257792915650723820e-01 2.942046286546786543e-02 5.884092573094122969e+01
1.175999999999999943e+02 8.862035792312149551e-01 -4.632960351198615045e-01 2.874795452506209714e-02 5.749590905011021391e+01
1.200000000000000000e+02 8.660254037844388186e-01 -4.999999999999998335e-01 2.803773702230698273e-02 5.607547404460179763e+01
1.223999999999999915e+02 8.443279255020152974e-01 -5.358267949789964346e-01 2.729029290411918995e-02 5.458058580823854555e+01
1.247999999999999972e+02 8.211492091337041499e-01 -5.707135676844315997e-01 2.650622226301686812e-02 5.301244452603236823e+01
1.271999999999999886e+02 7.965299180241963706e-01 -6.045991148623748312e-01 2.568624838402059490e-02 5.137249676805447507e+01
1.295999999999999943e+02 7.705132427757892533e-01 -6.374239897486897455e-01 2.483121987933692779e-02 4.966243975867653404e+01
1.320000000000000000e+02 7.431448254773943551e-01 -6.691306063588582376e-01 2.394211291615780390e-02 4.788422583232331675e+01
1.344000000000000057e+02 7.144726796328032536e-01 -6.996633405133656503e-01 2.302003539161759371e-02 4.604007078322759838e+01
1.367999999999999829e+02 6.845471059286888371e-01 -7.289686274214113304e-01 2.206623423409367207e-02 4.413246846818611857e+01
1.391999999999999886e+02 6.534206039901057084e-01 -7.569950556517562879e-01 2.108210690426258471e-02 4.216421380852104051e+01
1.415999999999999943e+02 6.211477802783105240e-01 -7.836934573258398373e-01 2.006921843182343790e-02 4.013843686365375873e+01
1.440000000000000000e+02 5.877852522924732481e-01 -8.090169943749474513e-01 1.902932592422900554e-02 3.805865184845888649e+01
1.464000000000000057e+02 5.533915492433441052e-01 -8.329212407100995419e-01 1.796441351772943423e-02 3.592882703545028278e+01
1.487999999999999829e+02 5.180270093731306202e-01 -8.553642601605064844e-01 1.687674244453831601e-02 3.375348488908160505e+01
1.511999999999999886e+02 4.817536741017156010e-01 -8.763066800438634729e-01 1.576892371450296440e-02 3.153784742899670590e+01
1.535999999999999943e+02 4.446351791849277868e-01 -8.957117602394126799e-01 1.464402568916917807e-02 2.928805137834269701e+01
1.560000000000000000e+02 4.067366430758004303e-01 -9.135454576426008666e-01 1.350573711472142016e-02 2.701147422944904619e+01
1.584000000000000057e+02 3.681245526846777527e-01 -9.297764858882514583e-01 1.235862092870861073e-02 2.471724185742306545e+01
1.607999999999999829e+02 3.288666467385834014e-01 -9.443763702374809998e-01 1.120852105749132153e-02 2.241704211497571819e+01
1.631999999999999886e+02 2.890317969444716750e-01 -9.573194975320672429e-01 1.006323450121037605e-02 2.012646900241400161e+01
1.655999999999999943e+02 2.486898871648548504e-01 -9.685831611286310761e-01 8.933654979908351584e-03 1.786730995981788794e+01
1.680000000000000000e+02 2.079116908177593148e-01 -9.781476007338056888e-01 7.835766536589003350e-03 1.567153307317916422e+01
1.704000000000000057e+02 1.667687467161021730e-01 -9.859960370705050936e-01 6.794145233262884401e-03 1.358829046653253236e+01
1.727999999999999829e+02 1.253332335643045359e-01 -9.921147013144777649e-01 5.847880096815716647e-03 1.169576019363088015e+01
1.751999999999999886e+02 8.367784333231573224e-02 -9.964928592495044812e-01 5.058984031044030938e-03 1.011796806209370203e+01
1.775999999999999943e+02 4.187565372919981738e-02 -9.991228300988584943e-01 4.517378241488765461e-03 9.034756482977112313e+00
1.800000000000000000e+02 0.000000000000000000e+00 -1.000000000000000000e+00 4.321321889018832872e-03 8.642643778037609081e+00
1.824000000000000057e+02 -4.187565372919956758e-02 -9.991228300988584943e-01 4.517378241488779339e-03 9.034756482972694513e+00
1.847999999999999829e+02 -8.367784333231503835e-02 -9.964928592495044812e-01 5.058984031043838384e-03 1.011796806208372601e+01
1.871999999999999886e+02 -1.253332335643038420e-01 -9.921147013144778759e-01 5.847880096815465979e-03 1.169576019362711250e+01
1.895999999999999943e+02 -1.667687467161019510e-01 -9.859960370705050936e-01 6.794145233261870455e-03 1.358829046651391259e+01
1.920000000000000000e+02 -2.079116908177595369e-01 -9.781476007338055778e-01 7.835766536589506420e-03 1.567153307318561595e+01
1.944000000000000057e+02 -2.486898871648550446e-01 -9.685831611286310761e-01 8.933654979908289134e-03 1.786730995982115289e+01
1.967999999999999829e+02 -2.890317969444714530e-01 -9.573194975320673539e-01 1.006323450121060503e-02 2.012646900242443948e+01
1.991999999999999886e+02 -3.288666467385831238e-01 -9.443763702374811109e-01 1.120852105749130592e-02 2.241704211498656107e+01
2.015999999999999943e+02 -3.681245526846779192e-01 -9.297764858882514583e-01 1.235862092870836267e-02 2.471724185740376711e+01
2.040000000000000000e+02 -4.067366430758002083e-01 -9.135454576426008666e-01 1.350573711472195446e-02 2.701147422942165832e+01
2.064000000000000057e+02 -4.446351791849275648e-01 -8.957117602394129019e-01 1.464402568916937930e-02 2.928805137833714056e+01
2.087999999999999829e+02 -4.817536741017149904e-01 -8.763066800438636950e-01 1.576892371450277358e-02 3.153784742900662508e+01
2.111999999999999886e+02 -5.180270093731299541e-01 -8.553642601605068174e-01 1.687674244453851724e-02 3.375348488906447386e+01
2.135999999999999943e+02 -5.533915492433438832e-01 -8.329212407100996529e-01 1.796441351772926770e-02 3.592882703546611367e+01
2.160000000000000000e+02 -5.877852522924730261e-01 -8.090169943749475623e-01 1.902932592422964392e-02 3.805865184846257421e+01
2.184000000000000057e+02 -6.211477802783104130e-01 -7.836934573258398373e-01 2.006921843182363913e-02 4.013843686364769070e+01
2.207999999999999829e+02 -6.534206039901051533e-01 -7.569950556517568430e-01 2.108210690426321962e-02 4.216421380853860512e+01
2.231999999999999886e+02 -6.845471059286883930e-01 -7.289686274214118855e-01 2.206623423409355064e-02 4.413246846818330482e+01
2.255999999999999943e+02 -7.144726796328031426e-01 -6.996633405133657613e-01 2.302003539161781576e-02 4.604007078323432012e+01
2.280000000000000000e+02 -7.431448254773944662e-01 -6.691306063588581265e-01 2.394211291615797738e-02 4.788422583230748586e+01
2.303999999999999773e+02 -7.705132427757889202e-01 -6.374239897486903006e-01 2.483121987933753494e-02 4.966243975867480032e+01
2.327999999999999829e+02 -7.965299180241960375e-01 -6.045991148623753864e-01 2.568624838402047000e-02 5.137249676805296161e+01
2.351999999999999886e+02 -8.211492091337037058e-01 -5.707135676844322658e-01 2.650622226301712486e-02 5.301244452603974366e+01
2.375999999999999943e+02 -8.443279255020148533e-01 -5.358267949789972118e-01 2.729029290411926628e-02 5.458058580822921613e+01
2.400000000000000000e+02 -8.660254037844383745e-01 -5.000000000000004441e-01 2.803773702230646925e-02 5.607547404460917306e+01
2.423999999999999773e+02 -8.862035792312145110e-01 -4.632960351198621152e-01 2.874795452506220123e-02 5.749590905012843223e+01
2.447999999999999829e+02 -9.048270524660193548e-01 -4.257792915650729926e-01 2.942046286546793482e-02 5.884092573092735279e+01
2.471999999999999886e+02 -9.218631515885004069e-01 -3.875155864521032112e-01 3.005488033446304663e-02 6.010976066892284564e+01
2.495999999999999943e+02 -9.372819894918914541e-01 -3.485720473218154591e-01 3.065088227641848267e-02 6.130176455284219372e+01
2.520000000000000000e+02 -9.510565162951535312e-01 -3.090169943749476178e-01 3.120809659479052006e-02 6.241619318957504703e+01
2.543999999999999773e+02 -9.631625667976581040e-01 -2.689198206152658144e-01 3.172586987221627519e-02 6.345173974443623877e+01
2.568000000000000114e+02 -9.735789028731602901e-01 -2.283508701106558292e-01 3.220277181858434423e-02 6.440554363718736397e+01
2.591999999999999886e+02 -9.822872507286887211e-01 -1.873813145857246565e-01 3.263561379952494013e-02 6.527122759905331861e+01
2.615999999999999659e+02 -9.892723329629882212e-01 -1.460830285624124258e-01 3.301771244151888857e-02 6.603542488304009339e+01
2.640000000000000000e+02 -9.945218953682735119e-01 -1.045284632676533598e-01 3.333645614337830965e-02 6.667291228675334480e+01
2.663999999999999773e+02 -9.980267284282716700e-01 -6.279051952931409553e-02 3.357163648293846892e-02 6.714327296587860872e+01
2.688000000000000114e+02 -9.997806834748456106e-01 -2.094241988335672836e-02 3.369846938155424132e-02 6.739693876310192877e+01
2.711999999999999886e+02 -9.997806834748456106e-01 2.094241988335636059e-02 3.369846938155359600e-02 6.739693876309672760e+01
2.735999999999999659e+02 -9.980267284282716700e-01 6.279051952931283265e-02 3.357163648293849667e-02 6.714327296590029448e+01
2.760000000000000000e+02 -9.945218953682735119e-01 1.045284632676529851e-01 3.333645614337819169e-02 6.667291228675638592e+01
2.783999999999999773e+02 -9.892723329629883322e-01 1.460830285624112046e-01 3.301771244151924245e-02 6.603542488304658775e+01
2.808000000000000114e+02 -9.822872507286886101e-01 1.873813145857251561e-01 3.263561379952518993e-02 6.527122759904941063e+01
2.831999999999999886e+02 -9.735789028731602901e-01 2.283508701106554684e-01 3.220277181858463567e-02 6.440554363716091757e+01
2.855999999999999659e+02 -9.631625667976582150e-01 2.689198206152654813e-01 3.172586987221633070e-02 6.345173974444361420e+01
2.880000000000000000e+02 -9.510565162951536422e-01 3.090169943749472847e-01 3.120809659479084272e-02 6.241619318958762364e+01
2.903999999999999773e+02 -9.372819894918916761e-01 3.485720473218150706e-01 3.065088227641857288e-02 6.130176455283481829e+01
2.928000000000000114e+02 -9.218631515885005179e-01 3.875155864521028781e-01 3.005488033446299459e-02 6.010976066890159331e+01
2.951999999999999886e+02 -9.048270524660196878e-01 4.257792915650726595e-01 2.942046286546786543e-02 5.884092573095207257e+01
2.975999999999999659e+02 -8.862035792312150662e-01 4.632960351198609494e-01 2.874795452506226021e-02 5.749590905011628905e+01
3.000000000000000000e+02 -8.660254037844385966e-01 5.000000000000001110e-01 2.803773702230672252e-02 5.607547404462565055e+01
3.023999999999999773e+02 -8.443279255020155194e-01 5.358267949789959905e-01 2.729029290411952996e-02 5.458058580824222616e+01
3.048000000000000114e+02 -8.211492091337040389e-01 5.707135676844318217e-01 2.650622226301675710e-02 5.301244452602782076e+01
3.071999999999999886e+02 -7.965299180241967036e-01 6.045991148623744982e-01 2.568624838402004673e-02 5.137249676803105558e+01
3.095999999999999659e+02 -7.705132427757895863e-01 6.374239897486893014e-01 2.483121987933728514e-02 4.966243975866287741e+01
3.120000000000000000e+02 -7.431448254773945772e-01 6.691306063588579045e-01 2.394211291615717940e-02 4.788422583232050300e+01
3.143999999999999773e+02 -7.144726796328036977e-01 6.996633405133650951e-01 2.302003539161771167e-02 4.604007078323171953e+01
3.168000000000000114e+02 -6.845471059286882820e-01 7.289686274214119965e-01 2.206623423409358534e-02 4.413246846818015712e+01
3.191999999999999886e+02 -6.534206039901058194e-01 7.569950556517561768e-01 2.108210690426256737e-02 4.216421380852863621e+01
3.215999999999999659e+02 -6.211477802783106350e-01 7.836934573258397263e-01 2.006921843182402077e-02 4.013843686365311214e+01
3.240000000000000000e+02 -5.877852522924733591e-01 8.090169943749474513e-01 1.902932592422938024e-02 3.805865184844955706e+01
3.263999999999999773e+02 -5.533915492433442163e-01 8.329212407100995419e-01 1.796441351772924688e-02 3.592882703544941592e+01
3.288000000000000114e+02 -5.180270093731302872e-01 8.553642601605065954e-01 1.687674244453843397e-02 3.375348488908615963e+01
3.311999999999999886e+02 -4.817536741017153235e-01 8.763066800438635839e-01 1.576892371450276664e-02 3.153784742900061033e+01
3.335999999999999659e+02 -4.446351791849283419e-01 8.957117602394124578e-01 1.464402568916946604e-02 2.928805137832624439e+01
3.360000000000000000e+02 -4.067366430758001528e-01 9.135454576426009776e-01 1.350573711472185731e-02 2.701147422944425003e+01
3.383999999999999773e+02 -3.681245526846786964e-01 9.297764858882511252e-01 1.235862092870818746e-02 2.471724185743027036e+01
3.408000000000000114e+02 -3.288666467385830683e-01 9.443763702374811109e-01 1.120852105749106653e-02 2.241704211497815535e+01
3.431999999999999886e+02 -2.890317969444722301e-01 9.573194975320671318e-01 1.006323450121008115e-02 2.012646900241222880e+01
3.455999999999999659e+02 -2.486898871648553500e-01 9.685831611286309650e-01 8.933654979908110458e-03 1.786730995981372772e+01
3.480000000000000000e+02 -2.079116908177598699e-01 9.781476007338055778e-01 7.835766536588892328e-03 1.567153307318008615e+01
3.503999999999999773e+02 -1.667687467161027282e-01 9.859960370705048716e-01 6.794145233262217400e-03 1.358829046652261319e+01
3.528000000000000114e+02 -1.253332335643037865e-01 9.921147013144778759e-01 5.847880096814788570e-03 1.169576019363215380e+01
3.551999999999999886e+02 -8.367784333231585714e-02 9.964928592495042592e-01 5.058984031043328375e-03 1.011796806208388944e+01
3.575999999999999659e+02 -4.187565372919992840e-02 9.991228300988584943e-01 4.517378241488711685e-03 9.034756482979144465e+00
3.600000000000000000e+02 0.000000000000000000e+00 1.000000000000000000e+00 4.321321889019746204e-03 8.642643778039506230e+00
