# theta_deg  Ey_V_per_um  Ez_V_per_um  alpha_eV_A  perturbative_gap_k1_microeV  
0.000000000000000000e+00 0.000000000000000000e+00 1.000000000000000000e+00 4.437916620880982127e-03 8.875833241761842629e+00
1.002785515320334220e+00 1.750101542582878714e-02 9.998468455013822531e-01 4.472350113191676454e-03 8.944700226384512121e+00
2.005571030640668440e+00 3.499667013317188380e-02 9.993874289181298165e-01 4.574054983857638729e-03 9.148109967712834134e+00
3.008356545961002659e+00 5.248160504557992240e-02 9.986218909736758187e-01 4.738584291023643230e-03 9.477168582042807543e+00
4.011142061281336879e+00 6.995046437017310437e-02 9.975504661591798605e-01 4.959502904728548336e-03 9.919005809449057409e+00
5.013927576601671099e+00 8.739789723816893119e-02 9.961734826617031358e-01 5.229422018744543307e-03 1.045884403749321834e+01
6.016713091922005319e+00 1.048185593439012187e-01 9.944913622636796235e-01 5.540886168246965914e-03 1.108177233649431770e+01
7.019498607242339538e+00 1.222071145818292154e-01 9.925046202137215445e-01 5.886962066578273201e-03 1.177392413315622655e+01
8.022284122562673758e+00 1.395582366810345643e-01 9.902138650687942745e-01 6.261533945555159894e-03 1.252306789111499974e+01
9.025069637883007090e+00 1.568666108367062217e-01 9.876197985078090102e-01 6.659385411794885822e-03 1.331877082358848163e+01
1.002785515320334220e+01 1.741269353381127427e-01 9.847232151166930292e-01 7.076156360848335700e-03 1.415231272168786880e+01
1.103064066852367731e+01 1.913339231925641759e-01 9.815250021449999362e-01 7.508241963344526246e-03 1.501648392667758536e+01
1.203342618384401064e+01 2.084823037448653438e-01 9.780261392341382809e-01 7.952674931904006941e-03 1.590534986380633242e+01
1.303621169916434397e+01 2.255668242917649724e-01 9.742276981172975914e-01 8.407012522807948141e-03 1.681402504562137068e+01
1.403899721448467908e+01 2.425822516909062754e-01 9.701308422911674167e-01 8.869237387562197913e-03 1.773847477511120374e+01
1.504178272980501418e+01 2.595233739637849979e-01 9.657368266595478534e-01 9.337674678418110552e-03 1.867534935684463449e+01
1.604456824512534752e+01 2.763850018922256457e-01 9.610469971489608021e-01 9.810924614983533229e-03 1.962184922998295988e+01
1.704735376044568085e+01 2.931619706078857912e-01 9.560627902963806379e-01 1.028780846767796825e-02 2.057561693534557534e+01
1.805013927576601418e+01 3.098491411743013457e-01 9.507857328092107485e-01 1.076732563751536635e-02 2.153465127503515220e+01
1.905292479108635106e+01 3.264414021609896577e-01 9.452174410976381669e-01 1.124861966890700060e-02 2.249723933783812413e+01
2.005571030640668440e+01 3.429336712091258232e-01 9.393596207795135156e-01 1.173095134570621006e-02 2.346190269139480122e+01
2.105849582172701773e+01 3.593208965883155637e-01 9.332140661579041430e-01 1.221367735849990949e-02 2.442735471702087224e+01
2.206128133704735461e+01 3.755980587439855523e-01 9.267826596714839882e-01 1.269623333814850520e-02 2.539246667630171927e+01
2.306406685236768794e+01 3.917601718349181250e-01 9.200673713179244873e-01 1.317812030920773383e-02 2.635624061841557619e+01
2.406685236768802127e+01 4.078022852604590298e-01 9.130702580504674870e-01 1.365889382518417280e-02 2.731778765037980961e+01
2.506963788300835461e+01 4.237194851769315318e-01 9.057934631478613552e-01 1.413815521265216271e-02 2.827631042529566940e+01
2.607242339832868794e+01 4.395068960027901928e-01 8.982392155578560189e-01 1.461554447926526404e-02 2.923108895853994937e+01
2.707520891364902482e+01 4.551596819120563020e-01 8.904098292144554394e-01 1.509073454008740510e-02 3.018146908018612606e+01
2.807799442896935815e+01 4.706730483155737166e-01 8.823077023291395760e-01 1.556342649296214506e-02 3.112685298593570948e+01
2.908077994428969149e+01 4.860422433296359146e-01 8.739353166562700004e-01 1.603334573265303639e-02 3.206669146531087478e+01
3.008356545961002837e+01 5.012625592315296252e-01 8.652952367329068695e-01 1.650023873881817371e-02 3.300047747764052986e+01
3.108635097493036170e+01 5.163293339015534444e-01 8.563901090932671822e-01 1.696387040795475920e-02 3.392774081591268498e+01
3.208913649025069503e+01 5.312379522510666252e-01 8.472226614580690152e-01 1.742402182667953520e-02 3.484804365334431253e+01
3.309192200557102836e+01 5.459838476361321691e-01 8.377957018990040972e-01 1.788048840479447565e-02 3.576097680958056202e+01
3.409470752089136170e+01 5.605625032563216203e-01 8.281121179786021802e-01 1.833307830317441878e-02 3.666615660634050045e+01
3.509749303621169503e+01 5.749694535382507965e-01 8.181748758657438891e-01 1.878161110428671482e-02 3.756322220856112892e+01
3.610027855153202836e+01 5.892002855034254027e-01 8.079870194270957207e-01 1.922591668359746597e-02 3.845183336719664879e+01
3.710306406685236880e+01 6.032506401199768664e-01 7.975516692947474118e-01 1.966583424788530265e-02 3.933166849574582358e+01
3.810584958217270213e+01 6.171162136378712804e-01 7.868720219103341185e-01 2.010121151315450577e-02 4.020242302630781239e+01
3.910863509749303546e+01 6.307927589071885555e-01 7.759513485459367255e-01 2.053190399970281771e-02 4.106380799940494342e+01
4.011142061281336879e+01 6.442760866790614438e-01 7.647929943020624899e-01 2.095777442618761838e-02 4.191554885237891881e+01
4.111420612813370212e+01 6.575620668888808584e-01 7.534003770830108859e-01 2.137869218764009566e-02 4.275738437529313529e+01
4.211699164345403545e+01 6.706466299213713622e-01 7.417769865499381776e-01 2.179453290525561193e-02 4.358906581049726014e+01
4.311977715877436879e+01 6.835257678571513562e-01 7.299263830519430174e-01 2.220517803764643361e-02 4.441035607532280949e+01
4.412256267409470922e+01 6.961955357003943856e-01 7.178521965354992540e-01 2.261051454531175231e-02 4.522102909066067156e+01
4.512534818941504255e+01 7.086520525872173071e-01 7.055581254325714591e-01 2.301043460123407616e-02 4.602086920247011648e+01
4.612813370473537589e+01 7.208915029744230596e-01 6.930479355277510134e-01 2.340483534187613041e-02 4.680967068377032803e+01
4.713091922005570922e+01 7.329101378082369944e-01 6.803254588047628060e-01 2.379361865363703588e-02 4.758723730721899159e+01
4.813370473537604255e+01 7.447042756726754975e-01 6.673945922726943758e-01 2.417669099075807695e-02 4.835338198155348977e+01
4.913649025069637588e+01 7.562703039171954078e-01 6.542592967723065422e-01 2.455396322114652974e-02 4.910792644230726012e+01
5.013927576601670921e+01 7.676046797632835039e-01 6.409235957627924529e-01 2.492535049716764622e-02 4.985070099433087876e+01
5.114206128133704254e+01 7.787039313896400028e-01 6.273915740893554194e-01 2.529077214873758084e-02 5.058154429744702441e+01
5.214484679665737588e+01 7.895646589956288874e-01 6.136673767319852368e-01 2.565015159637360626e-02 5.130030319269794603e+01
5.314763231197771631e+01 8.001835358426686584e-01 5.997552075358117962e-01 2.600341628196787408e-02 5.200683256400390775e+01
5.415041782729804964e+01 8.105573092732398788e-01 5.856593279234315608e-01 2.635049761494143161e-02 5.270099522985548646e+01
5.515320334261838298e+01 8.206828017072055337e-01 5.713840555895933759e-01 2.669133093143789132e-02 5.338266186290393023e+01
5.615598885793871631e+01 8.305569116151318987e-01 5.569337631786511755e-01 2.702585546371217076e-02 5.405171092741833405e+01
5.715877437325904964e+01 8.401766144683144866e-01 5.423128769451830422e-01 2.735401431635285652e-02 5.470802863270828453e+01
5.816155988857938297e+01 8.495389636652184162e-01 5.275258753981900695e-01 2.767575444501325921e-02 5.535150888998736463e+01
5.916434540389971630e+01 8.586410914340495415e-01 5.125772879292879169e-01 2.799102663195449092e-02 5.598205326388851688e+01
6.016713091922005674e+01 8.674802097111784516e-01 4.974716934253144984e-01 2.829978545086297981e-02 5.659957090167148408e+01
6.116991643454039007e+01 8.760536109951488903e-01 4.822137188657747986e-01 2.860198921054879148e-02 5.720397842105687403e+01
6.217270194986072340e+01 8.843586691760109142e-01 4.668080379055561946e-01 2.889759986351942908e-02 5.779519972706672348e+01
6.317548746518105673e+01 8.923928403397208831e-01 4.512593694433452152e-01 2.918658286004920110e-02 5.837316572009131477e+01
6.417827298050139007e+01 9.001536635473662562e-01 4.355724761761871622e-01 2.946890692134484721e-02 5.893781384274038970e+01
6.518105849582173050e+01 9.076387615889726090e-01 4.197521631406276876e-01 2.974454369552656519e-02 5.948908739101350562e+01
6.618384401114205673e+01 9.148458417116646091e-01 4.038032762408895748e-01 3.001346724670095681e-02 6.002693449346256216e+01
6.718662952646239717e+01 9.217726963219565750e-01 3.877307007645255377e-01 3.027565330949932854e-02 6.055130661905853628e+01
6.818941504178272339e+01 9.284172036619592339e-01 3.715393598860128321e-01 3.053107821667223193e-02 6.106215643324544828e+01
6.919220055710306383e+01 9.347773284592920673e-01 3.552342131587399310e-01 3.077971737497633281e-02 6.155943475000258047e+01
7.019498607242339006e+01 9.408511225505057363e-01 3.388202549958508891e-01 3.102154312110196738e-02 6.204308624219341795e+01
7.119777158774373049e+01 9.466367254778232931e-01 3.223025131404104182e-01 3.125652173344581342e-02 6.251304346693246572e+01
7.220055710306405672e+01 9.521323650590131082e-01 3.056860471253639022e-01 3.148460930352296044e-02 6.296921860705081997e+01
7.320334261838439716e+01 9.573363579302264226e-01 2.889759467237530965e-01 3.170574608283402429e-02 6.341149216563569979e+01
7.420612813370473759e+01 9.622471100616251105e-01 2.721773303896763974e-01 3.191984881741784241e-02 6.383969763475161585e+01
7.520891364902506382e+01 9.668631172456476630e-01 2.552953436904579210e-01 3.212680047083467383e-02 6.425360094167642444e+01
7.621169916434540426e+01 9.711829655577628451e-01 2.383351577305143909e-01 3.232643663619139129e-02 6.465287327237248860e+01
7.721448467966573048e+01 9.752053317895658102e-01 2.213019675674008091e-01 3.251852788635924141e-02 6.503705577273538552e+01
7.821727019498607092e+01 9.789289838540895516e-01 2.042009906205152214e-01 3.270275737925120579e-02 6.540551475857229491e+01
7.922005571030639715e+01 9.823527811632041251e-01 1.870374650729581256e-01 3.287869333804734062e-02 6.575738667614471922e+01
8.022284122562673758e+01 9.854756749769891799e-01 1.698166482670290522e-01 3.304575673646888839e-02 6.609151347300618795e+01
8.122562674094707802e+01 9.882967087249718841e-01 1.525438150938554505e-01 3.320318586183368392e-02 6.640637172371016561e+01
8.222841225626740425e+01 9.908150182991337651e-01 1.352242563776459294e-01 3.335000162399895385e-02 6.670000324796205859e+01
8.323119777158774468e+01 9.930298323185946519e-01 1.178632772550634727e-01 3.348498060330801218e-02 6.696996120661695784e+01
8.423398328690807091e+01 9.949404723658928917e-01 1.004661955502143267e-01 3.360664654410258634e-02 6.721329308826285853e+01
8.523676880222841135e+01 9.965463531947919007e-01 8.303834014574966449e-02 3.371329416828544590e-02 6.742658833648867756e+01
8.623955431754873757e+01 9.978469829095449883e-01 6.558504935058331875e-02 3.380305961868991516e-02 6.760611923738775886e+01
8.724233983286907801e+01 9.988419631155684986e-01 4.811166926471652922e-02 3.387404663624552642e-02 6.774809327243346502e+01
8.824512534818941845e+01 9.995309890414731946e-01 3.062355214168171677e-02 3.392450461653796767e-02 6.784900923310129883e+01
8.924791086350974467e+01 9.999138496324189163e-01 1.312605474909903785e-02 3.395303530652232088e-02 6.790607061299760971e+01
9.025069637883008511e+01 9.999904276147617566e-01 -4.375463272151942050e-03 3.395878593926766886e-02 6.791757187848274668e+01
9.125348189415041134e+01 9.997606995319768819e-01 -2.187564104963514791e-02 3.394157890206087047e-02 6.788315780412862921e+01
9.225626740947075177e+01 9.992247357518426742e-01 -3.936911812144477246e-02 3.390193985755819706e-02 6.780387971508719147e+01
9.325905292479107800e+01 9.983827004448875275e-01 -5.685053607816034638e-02 3.384101562653524242e-02 6.768203125315665147e+01
9.426183844011141844e+01 9.972348515341017405e-01 -7.431454020417796458e-02 3.376040678916653048e-02 6.752081357840316400e+01
9.526462395543174466e+01 9.957815406159341576e-01 -9.175578111790518021e-02 3.366196161785443841e-02 6.732392323574588033e+01
9.626740947075208510e+01 9.940232128525948729e-01 -1.091689164103280402e-01 3.354757948184622363e-02 6.709515896366957577e+01
9.727019498607242554e+01 9.919604068356977500e-01 -1.265486122814357406e-01 3.341905713613935180e-02 6.683811427231084679e+01
9.827298050139275176e+01 9.895937544212856096e-01 -1.438895451740137277e-01 3.327799092953616367e-02 6.655598185908995390e+01
9.927576601671309220e+01 9.869239805362859386e-01 -1.611864034042972960e-01 3.312573130593036291e-02 6.625146261176337248e+01
1.002785515320334184e+02 9.839519029564606223e-01 -1.784338887889855563e-01 3.296337700919225316e-02 6.592675401837725246e+01
1.012813370473537589e+02 9.806784320559125412e-01 -1.956267182681263039e-01 3.279179438177583228e-02 6.558358876356234646e+01
1.022841225626740851e+02 9.771045705282311866e-01 -2.127596255233618616e-01 3.261164928721011630e-02 6.522329857447731172e+01
1.032869080779944255e+02 9.732314130793567886e-01 -2.298273625910511320e-01 3.242344283227691082e-02 6.484688566451559666e+01
1.042896935933147518e+02 9.690601460922640964e-01 -2.468247014697676212e-01 3.222754556695273109e-02 6.445509113388098399e+01
1.052924791086350922e+02 9.645920472635607368e-01 -2.637464357216843247e-01 3.202422750928667072e-02 6.404845501850348910e+01
1.062952646239554326e+02 9.598284852121188315e-01 -2.805873820673505659e-01 3.181368308747150458e-02 6.362736617497241554e+01
1.072980501392757589e+02 9.547709190598536733e-01 -2.973423819733785334e-01 3.159605108841664900e-02 6.319210217684088349e+01
1.083008356545960993e+02 9.494208979847812424e-01 -3.140063032325490777e-01 3.137143018313681697e-02 6.274286036630658714e+01
1.093036211699164255e+02 9.437800607464930103e-01 -3.305740415358502937e-01 3.113989076679860024e-02 6.227978153362096236e+01
1.103064066852367660e+02 9.378501351841863620e-01 -3.470405220359768506e-01 3.090148384818982435e-02 6.180296769643829435e+01
1.113091922005570922e+02 9.316329376874142865e-01 -3.634007009017984902e-01 3.065624764117534651e-02 6.131249528241880853e+01
1.123119777158774326e+02 9.251303726397077654e-01 -3.796495668633321774e-01 3.040421240129127095e-02 6.080842480255108029e+01
1.133147632311977731e+02 9.183444318352455005e-01 -3.957821427467392295e-01 3.014540394206881996e-02 6.029080788410700364e+01
1.143175487465180993e+02 9.112771938687511675e-01 -4.117934869988774671e-01 2.987984616901617763e-02 5.975969233804013925e+01
1.153203342618384397e+02 9.039308234987991630e-01 -4.276786952009452025e-01 2.960756288954218343e-02 5.921512577906126040e+01
1.163231197771587659e+02 8.963075709847310168e-01 -4.434329015707467181e-01 2.932857909316477496e-02 5.865715818633918133e+01
1.173259052924791064e+02 8.884097713973798660e-01 -4.590512804531267088e-01 2.904292184707263358e-02 5.808584369421370752e+01
1.183286908077994326e+02 8.802398439038177091e-01 -4.745290477981118360e-01 2.875062091452221941e-02 5.750124182901097925e+01
1.193314763231197730e+02 8.718002910263427108e-01 -4.898614626263063654e-01 2.845170917508670766e-02 5.690341835013715865e+01
1.203342618384401135e+02 8.630936978759335965e-01 -5.050438284810999656e-01 2.814622290479265945e-02 5.629244580963388955e+01
1.213370473537604397e+02 8.541227313604080607e-01 -5.200714948672310323e-01 2.783420195867895505e-02 5.566840391729981974e+01
1.223398328690807801e+02 8.448901393675229965e-01 -5.349398586752790452e-01 2.751568988663757875e-02 5.503137977323985552e+01
1.233426183844011064e+02 8.353987499232745639e-01 -5.496443655916344317e-01 2.719073400526183376e-02 5.438146801058172741e+01
1.243454038997214468e+02 8.256514703256448984e-01 -5.641805114935296572e-01 2.685938544207377293e-02 5.371877088414353807e+01
1.253481894150417730e+02 8.156512862540740150e-01 -5.785438438286890639e-01 2.652169916424542209e-02 5.304339832848349090e+01
1.263509749303621135e+02 8.054012608549165897e-01 -5.927299629791890068e-01 2.617773400065387390e-02 5.235546800137335310e+01
1.273537604456824397e+02 7.949045338031746066e-01 -6.067345236090968541e-01 2.582755266379117842e-02 5.165510532756270123e+01
1.283565459610027801e+02 7.841643203407854257e-01 -6.205532359954898380e-01 2.547122177647839769e-02 5.094244355294719639e+01
1.293593314763231206e+02 7.731839102917645867e-01 -6.341818673424340913e-01 2.510881190720671424e-02 5.021762381441567413e+01
1.303621169916434610e+02 7.619666670545034437e-01 -6.476162430775279644e-01 2.474039761713592647e-02 4.948079523431022864e+01
1.313649025069637730e+02 7.505160265715304924e-01 -6.608522481306102758e-01 2.436605752133325781e-02 4.873211504270269501e+01
1.323676880222841135e+02 7.388354962770489198e-01 -6.738858281942476935e-01 2.398587436659834621e-02 4.797174873321622357e+01
1.333704735376044539e+02 7.269286540225803339e-01 -6.867129909655995679e-01 2.359993512809782992e-02 4.719987025617392362e+01
1.343732590529247943e+02 7.147991469810367482e-01 -6.993298073693000605e-01 2.320833112711706558e-02 4.641666225423416847e+01
1.353760445682451063e+02 7.024506905295566650e-01 -7.117324127609682138e-01 2.281115817237654164e-02 4.562231634475393349e+01
1.363788300835654468e+02 6.898870671114526454e-01 -7.239170081109836952e-01 2.240851672782239595e-02 4.481703345565269103e+01
1.373816155988857872e+02 6.771121250776163114e-01 -7.358798611681628410e-01 2.200051210991895573e-02 4.400102421982493439e+01
1.383844011142061277e+02 6.641297775077311671e-01 -7.476173076029819509e-01 2.158725471840294147e-02 4.317450943679840236e+01
1.393871866295264681e+02 6.509440010116631647e-01 -7.591257521299931144e-01 2.116886030480879394e-02 4.233772060963309514e+01
1.403899721448467801e+02 6.375588345113896160e-01 -7.704016696090932870e-01 2.074545028414331166e-02 4.149090056830648621e+01
1.413927576601671205e+02 6.239783780038374861e-01 -7.814416061253075529e-01 2.031715209607147174e-02 4.063430419214294176e+01
1.423955431754874610e+02 6.102067913050224224e-01 -7.922421800467511765e-01 1.988409962324499264e-02 3.976819924650994409e+01
1.433983286908078014e+02 5.962482927758563367e-01 -8.028000830604571370e-01 1.944643367601524633e-02 3.889286735202278322e+01
1.444011142061281134e+02 5.821071580300273274e-01 -8.131120811857396324e-01 1.900430255469020419e-02 3.800860510937240377e+01
1.454038997214484539e+02 5.677877186243378560e-01 -8.231750157647946819e-01 1.855786270290541579e-02 3.711572540578784896e+01
1.464066852367687943e+02 5.532943607319138479e-01 -8.329858044302212994e-01 1.810727946862577403e-02 3.621455893726975006e+01
1.474094707520891347e+02 5.386315237986784021e-01 -8.425414420491811329e-01 1.765272799295927036e-02 3.530545598591993439e+01
1.484122562674094752e+02 5.238036991835083311e-01 -8.518390016438979195e-01 1.719439425148110503e-02 3.438878850293784950e+01
1.494150417827297872e+02 5.088154287824938615e-01 -8.608756352882145357e-01 1.673247627859684311e-02 3.346495255716788364e+01
1.504178272980501276e+02 4.936713036377103347e-01 -8.696485749799418574e-01 1.626718561250956041e-02 3.253437122503603263e+01
1.514206128133704681e+02 4.783759625309454977e-01 -8.781551334887199856e-01 1.579874900750493499e-02 3.159749801498240629e+01
1.524233983286908085e+02 4.629340905627962188e-01 -8.863927051791417044e-01 1.532741047171760213e-02 3.065482094342532093e+01
1.534261838440111489e+02 4.473504177175809393e-01 -8.943587668088829323e-01 1.485343370312630640e-02 2.970686740625736633e+01
1.544289693593314610e+02 4.316297174145016236e-01 -9.020508783015941390e-01 1.437710501521930265e-02 2.875421003044022683e+01
1.554317548746518014e+02 4.157768050455037390e-01 -9.094666834943176958e-01 1.389873686772381475e-02 2.779747373544342892e+01
1.564345403899721418e+02 3.997965365002787985e-01 -9.166039108592006768e-01 1.341867214868166375e-02 2.683734429735952887e+01
1.574373259052924823e+02 3.836938066788599389e-01 -9.234603741992861714e-01 1.293728939398243807e-02 2.587457878795549959e+01
1.584401114206127943e+02 3.674735479922721648e-01 -9.300339733181640645e-01 1.245500918223056003e-02 2.491001836447163598e+01
1.594428969359331347e+02 3.511407288516882330e-01 -9.363226946632796643e-01 1.197230200989199758e-02 2.394460401977763553e+01
1.604456824512534752e+02 3.347003521465608533e-01 -9.423246119427042267e-01 1.148969803869919100e-02 2.297939607740618229e+01
1.614484679665738156e+02 3.181574537121930057e-01 -9.480378867151745270e-01 1.100779922037147494e-02 2.201559844075079653e+01
1.624512534818941560e+02 3.015171007872159969e-01 -9.534607689532234032e-01 1.052729444896519789e-02 2.105458889793746735e+01
1.634540389972144681e+02 2.847843904614474897e-01 -9.585915975792308474e-01 1.004897857716578052e-02 2.009795715431639707e+01
1.644568245125348085e+02 2.679644481146080115e-01 -9.634288009742254522e-01 9.573776365890964216e-03 1.914755273176742989e+01
1.654596100278551489e+02 2.510624258463721725e-01 -9.679708974592857729e-01 9.102772720064327902e-03 1.820554544012014730e+01
1.664623955431754894e+02 2.340835008982313503e-01 -9.722164957493921733e-01 8.637250889915305471e-03 1.727450177981218360e+01
1.674651810584958014e+02 2.170328740676614743e-01 -9.761642953795895972e-01 8.178740653120145088e-03 1.635748130621834306e+01
1.684679665738161418e+02 1.999157681150687815e-01 -9.798130871033322586e-01 7.729078752111992814e-03 1.545815750422281276e+01
1.694707520891364823e+02 1.827374261640127839e-01 -9.831617532628860179e-01 7.290483849071785483e-03 1.458096769815350058e+01
1.704735376044568227e+02 1.655031100951910583e-01 -9.862092681316775300e-01 6.865647587281098647e-03 1.373129517456047388e+01
1.714763231197771631e+02 1.482180989346771061e-01 -9.889546982284833643e-01 6.457841279226718759e-03 1.291568255844201119e+01
1.724791086350974751e+02 1.308876872369063582e-01 -9.913972026033630591e-01 6.071033024383547250e-03 1.214206604877555939e+01
1.734818941504178156e+02 1.135171834629071369e-01 -9.935360330952515140e-01 5.710000815114328263e-03 1.142000163022706261e+01
1.744846796657381560e+02 9.611190835427282919e-02 -9.953705345611251198e-01 5.380411267584639216e-03 1.076082253516526244e+01
1.754874651810584965e+02 7.867719330336771233e-02 -9.969001450766794559e-01 5.088810274966628494e-03 1.017762054993209908e+01
1.764902506963788369e+02 6.121837872027650895e-02 -9.981243961084514948e-01 4.842446068003191870e-03 9.684892136008688368e+00
1.774930362116991489e+02 4.374081239698800194e-02 -9.990429126573350249e-01 4.648834392991267259e-03 9.297668785981933581e+00
1.784958217270194893e+02 2.624984786931502945e-02 -9.996554133734474323e-01 4.515013066640416288e-03 9.030026133280205869e+00
1.794986072423398298e+02 8.750842777063611369e-03 -9.999617106423080992e-01 4.446550644932647720e-03 8.893101289865787962e+00
1.805013927576601702e+02 -8.750842777063810862e-03 -9.999617106423080992e-01 4.446550644932789967e-03 8.893101289866004677e+00
1.815041782729804822e+02 -2.624984786931433903e-02 -9.996554133734474323e-01 4.515013066640077150e-03 9.030026133281154443e+00
1.825069637883008227e+02 -4.374081239698731499e-02 -9.990429126573350249e-01 4.648834392991360934e-03 9.297668785978274286e+00
1.835097493036211631e+02 -6.121837872027626609e-02 -9.981243961084514948e-01 4.842446068003228299e-03 9.684892136001613139e+00
1.845125348189415035e+02 -7.867719330336746253e-02 -9.969001450766794559e-01 5.088810274965615416e-03 1.017762054993662524e+01
1.855153203342618440e+02 -9.611190835427259327e-02 -9.953705345611252309e-01 5.380411267584970549e-03 1.076082253517615861e+01
1.865181058495821560e+02 -1.135171834629064430e-01 -9.935360330952516250e-01 5.710000815113801774e-03 1.142000163023177883e+01
1.875208913649024964e+02 -1.308876872369056643e-01 -9.913972026033631701e-01 6.071033024383884653e-03 1.214206604877984219e+01
1.885236768802228369e+02 -1.482180989346768840e-01 -9.889546982284833643e-01 6.457841279226401304e-03 1.291568255845813873e+01
1.895264623955431773e+02 -1.655031100951912248e-01 -9.862092681316775300e-01 6.865647587280286797e-03 1.373129517455993209e+01
1.905292479108634893e+02 -1.827374261640120900e-01 -9.831617532628861289e-01 7.290483849073209691e-03 1.458096769813935190e+01
1.915320334261838298e+02 -1.999157681150681154e-01 -9.798130871033323697e-01 7.729078752111525306e-03 1.545815750423639301e+01
1.925348189415041702e+02 -2.170328740676612522e-01 -9.761642953795895972e-01 8.178740653120096515e-03 1.635748130623094809e+01
1.935376044568245106e+02 -2.340835008982311560e-01 -9.722164957493921733e-01 8.637250889916431307e-03 1.727450177984351853e+01
1.945403899721448511e+02 -2.510624258463718950e-01 -9.679708974592857729e-01 9.102772720064610662e-03 1.820554544015211462e+01
1.955431754874651631e+02 -2.679644481146077339e-01 -9.634288009742254522e-01 9.573776365890688395e-03 1.914755273178347750e+01
1.965459610027855035e+02 -2.847843904614468236e-01 -9.585915975792309585e-01 1.004897857716552032e-02 2.009795715433086016e+01
1.975487465181058440e+02 -3.015171007872158304e-01 -9.534607689532235142e-01 1.052729444896613811e-02 2.105458889792737764e+01
1.985515320334261844e+02 -3.181574537121932278e-01 -9.480378867151744160e-01 1.100779922037150790e-02 2.201559844075220695e+01
1.995543175487464964e+02 -3.347003521465601872e-01 -9.423246119427045597e-01 1.148969803869818312e-02 2.297939607740266510e+01
2.005571030640668369e+02 -3.511407288516875669e-01 -9.363226946632799974e-01 1.197230200989011020e-02 2.394460401979834785e+01
2.015598885793871773e+02 -3.674735479922718873e-01 -9.300339733181640645e-01 1.245500918223104055e-02 2.491001836446404027e+01
2.025626740947075177e+02 -3.836938066788597168e-01 -9.234603741992862824e-01 1.293728939398203215e-02 2.587457878796974242e+01
2.035654596100278582e+02 -3.997965365002785765e-01 -9.166039108592007878e-01 1.341867214868209049e-02 2.683734429735577720e+01
2.045682451253481702e+02 -4.157768050455034614e-01 -9.094666834943176958e-01 1.389873686772396741e-02 2.779747373545714595e+01
2.055710306406685106e+02 -4.316297174145010129e-01 -9.020508783015945831e-01 1.437710501522030185e-02 2.875421003044009183e+01
2.065738161559888511e+02 -4.473504177175807173e-01 -8.943587668088831544e-01 1.485343370312758662e-02 2.970686740624351430e+01
2.075766016713091915e+02 -4.629340905627963854e-01 -8.863927051791417044e-01 1.532741047171790223e-02 3.065482094342952379e+01
2.085793871866295035e+02 -4.783759625309448871e-01 -8.781551334887202076e-01 1.579874900750417865e-02 3.159749801500479549e+01
2.095821727019498439e+02 -4.936713036377097796e-01 -8.696485749799423015e-01 1.626718561250981021e-02 3.253437122502595003e+01
2.105849582172701844e+02 -5.088154287824933064e-01 -8.608756352882148688e-01 1.673247627859725598e-02 3.346495255721418260e+01
2.115877437325905248e+02 -5.238036991835082201e-01 -8.518390016438980306e-01 1.719439425147974154e-02 3.438878850295221667e+01
2.125905292479108653e+02 -5.386315237986781801e-01 -8.425414420491814660e-01 1.765272799295918710e-02 3.530545598593343470e+01
2.135933147632311773e+02 -5.532943607319137369e-01 -8.329858044302214104e-01 1.810727946862613832e-02 3.621455893726367492e+01
2.145961002785515177e+02 -5.677877186243373009e-01 -8.231750157647949040e-01 1.855786270290416679e-02 3.711572540579619783e+01
2.155988857938718581e+02 -5.821071580300267723e-01 -8.131120811857400765e-01 1.900430255468963520e-02 3.800860510938064607e+01
2.166016713091921986e+02 -5.962482927758564477e-01 -8.028000830604569149e-01 1.944643367601633227e-02 3.889286735202397693e+01
2.176044568245125390e+02 -6.102067913050222003e-01 -7.922421800467512876e-01 1.988409962324656777e-02 3.976819924648804516e+01
2.186072423398328510e+02 -6.239783780038369310e-01 -7.814416061253077750e-01 2.031715209607232869e-02 4.063430419214836320e+01
2.196100278551531915e+02 -6.375588345113890609e-01 -7.704016696090938421e-01 2.074545028414301329e-02 4.149090056826941009e+01
2.206128133704735319e+02 -6.509440010116630537e-01 -7.591257521299934474e-01 2.116886030480768024e-02 4.233772060963569572e+01
2.216155988857938723e+02 -6.641297775077310561e-01 -7.476173076029820619e-01 2.158725471840337168e-02 4.317450943683959963e+01
2.226183844011141844e+02 -6.771121250776157563e-01 -7.358798611681631741e-01 2.200051210991925757e-02 4.400102421982698786e+01
2.236211699164345248e+02 -6.898870671114522013e-01 -7.239170081109842503e-01 2.240851672782448456e-02 4.481703345563794727e+01
2.246239554317548652e+02 -7.024506905295562209e-01 -7.117324127609685469e-01 2.281115817237747492e-02 4.562231634477301156e+01
2.256267409470752057e+02 -7.147991469810366372e-01 -6.993298073693001715e-01 2.320833112711668741e-02 4.641666225420641467e+01
2.266295264623955461e+02 -7.269286540225804449e-01 -6.867129909655994568e-01 2.359993512809917607e-02 4.719987025619929000e+01
2.276323119777158581e+02 -7.388354962770482537e-01 -6.738858281942481376e-01 2.398587436659897071e-02 4.797174873319670496e+01
2.286350974930361986e+02 -7.505160265715300483e-01 -6.608522481306108309e-01 2.436605752133316066e-02 4.873211504272438077e+01
2.296378830083565390e+02 -7.619666670545033327e-01 -6.476162430775280754e-01 2.474039761713581545e-02 4.948079523425320048e+01
2.306406685236768794e+02 -7.731839102917646978e-01 -6.341818673424340913e-01 2.510881190720819917e-02 5.021762381439832978e+01
2.316434540389971914e+02 -7.841643203407846485e-01 -6.205532359954908372e-01 2.547122177647757196e-02 5.094244355295001014e+01
2.326462395543175319e+02 -7.949045338031744956e-01 -6.067345236090970761e-01 2.582755266378845144e-02 5.165510532755446604e+01
2.336490250696378723e+02 -8.054012608549163676e-01 -5.927299629791891178e-01 2.617773400065333961e-02 5.235546800130960321e+01
2.346518105849582128e+02 -8.156512862540735709e-01 -5.785438438286897300e-01 2.652169916424635537e-02 5.304339832848327774e+01
2.356545961002785532e+02 -8.256514703256450094e-01 -5.641805114935295462e-01 2.685938544207357170e-02 5.371877088417259216e+01
2.366573816155988652e+02 -8.353987499232744529e-01 -5.496443655916346538e-01 2.719073400526209744e-02 5.438146801048957002e+01
2.376601671309192056e+02 -8.448901393675228855e-01 -5.349398586752792673e-01 2.751568988663859877e-02 5.503137977325265240e+01
2.386629526462395461e+02 -8.541227313604076166e-01 -5.200714948672316984e-01 2.783420195867907995e-02 5.566840391732323923e+01
2.396657381615598865e+02 -8.630936978759337075e-01 -5.050438284810997436e-01 2.814622290479345396e-02 5.629244580956233079e+01
2.406685236768802270e+02 -8.718002910263425997e-01 -4.898614626263066429e-01 2.845170917508593050e-02 5.690341835017618877e+01
2.416713091922005390e+02 -8.802398439038177091e-01 -4.745290477981120580e-01 2.875062091452260798e-02 5.750124182907168802e+01
2.426740947075208794e+02 -8.884097713973796440e-01 -4.590512804531273194e-01 2.904292184707253643e-02 5.808584369415429194e+01
2.436768802228412198e+02 -8.963075709847306838e-01 -4.434329015707473287e-01 2.932857909316329004e-02 5.865715818634091505e+01
2.446796657381615603e+02 -9.039308234987992741e-01 -4.276786952009450360e-01 2.960756288954472307e-02 5.921512577905345154e+01
2.456824512534818723e+02 -9.112771938687511675e-01 -4.117934869988776336e-01 2.987984616901702417e-02 5.975969233806095104e+01
2.466852367688022127e+02 -9.183444318352453895e-01 -3.957821427467394515e-01 3.014540394206698115e-02 6.029080788408531788e+01
2.476880222841225532e+02 -9.251303726397073213e-01 -3.796495668633327880e-01 3.040421240129492081e-02 6.080842480260268701e+01
2.486908077994428936e+02 -9.316329376874142865e-01 -3.634007009017984902e-01 3.065624764117383730e-02 6.131249528232122969e+01
2.496935933147632340e+02 -9.378501351841862510e-01 -3.470405220359771281e-01 3.090148384819233623e-02 6.180296769643179289e+01
2.506963788300835461e+02 -9.437800607464928992e-01 -3.305740415358507378e-01 3.113989076679722634e-02 6.227978153356067992e+01
2.516991643454038865e+02 -9.494208979847811314e-01 -3.140063032325494663e-01 3.137143018313889864e-02 6.274286036625281326e+01
2.527019498607242269e+02 -9.547709190598536733e-01 -2.973423819733785334e-01 3.159605108841884169e-02 6.319210217685822784e+01
2.537047353760445674e+02 -9.598284852121188315e-01 -2.805873820673505659e-01 3.181368308746979068e-02 6.362736617493815316e+01
2.547075208913648794e+02 -9.645920472635607368e-01 -2.637464357216846023e-01 3.202422750928667072e-02 6.404845501864009805e+01
2.557103064066852198e+02 -9.690601460922639854e-01 -2.468247014697682595e-01 3.222754556695531236e-02 6.445509113390178868e+01
2.567130919220055603e+02 -9.732314130793566775e-01 -2.298273625910517703e-01 3.242344283227890922e-02 6.484688566452079783e+01
2.577158774373259007e+02 -9.771045705282311866e-01 -2.127596255233618894e-01 3.261164928721104611e-02 6.522329857434763767e+01
2.587186629526462411e+02 -9.806784320559125412e-01 -1.956267182681265260e-01 3.279179438177283468e-02 6.558358876351290689e+01
2.597214484679665816e+02 -9.839519029564604002e-01 -1.784338887889860559e-01 3.296337700919015068e-02 6.592675401840804739e+01
2.607242339832869220e+02 -9.869239805362860496e-01 -1.611864034042968519e-01 3.312573130593074455e-02 6.625146261177681595e+01
2.617270194986072056e+02 -9.895937544212853876e-01 -1.438895451740146436e-01 3.327799092953086235e-02 6.655598185905222408e+01
2.627298050139275460e+02 -9.919604068356975279e-01 -1.265486122814366288e-01 3.341905713613901874e-02 6.683811427229740332e+01
2.637325905292478865e+02 -9.940232128525947619e-01 -1.091689164103282761e-01 3.354757948184516891e-02 6.709515896374850286e+01
2.647353760445682269e+02 -9.957815406159339355e-01 -9.175578111790587410e-02 3.366196161785932339e-02 6.732392323567691506e+01
2.657381615598885674e+02 -9.972348515341015185e-01 -7.431454020417864459e-02 3.376040678916582272e-02 6.752081357840056342e+01
2.667409470752089078e+02 -9.983827004448875275e-01 -5.685053607816059618e-02 3.384101562652894191e-02 6.768203125299271505e+01
2.677437325905292482e+02 -9.992247357518426742e-01 -3.936911812144501532e-02 3.390193985755773909e-02 6.780387971509414058e+01
2.687465181058495887e+02 -9.997606995319768819e-01 -2.187564104963561282e-02 3.394157890206062067e-02 6.788315780421102374e+01
2.697493036211699291e+02 -9.999904276147617566e-01 -4.375463272151521379e-03 3.395878593926746070e-02 6.791757187854345545e+01
2.707520891364902127e+02 -9.999138496324189163e-01 1.312605474909812539e-02 3.395303530652256374e-02 6.790607061308955394e+01
2.717548746518105531e+02 -9.995309890414733056e-01 3.062355214168081124e-02 3.392450461653372107e-02 6.784900923304405751e+01
2.727576601671308936e+02 -9.988419631155684986e-01 4.811166926471607125e-02 3.387404663624349332e-02 6.774809327241698043e+01
2.737604456824512340e+02 -9.978469829095449883e-01 6.558504935058263874e-02 3.380305961869393971e-02 6.760611923737735651e+01
2.747632311977715744e+02 -9.965463531947920117e-01 8.303834014574898448e-02 3.371329416828647285e-02 6.742658833653290174e+01
2.757660167130919149e+02 -9.949404723658928917e-01 1.004661955502140630e-01 3.360664654410108754e-02 6.721329308821775328e+01
2.767688022284122553e+02 -9.930298323185946519e-01 1.178632772550632091e-01 3.348498060330726972e-02 6.696996120657011886e+01
2.777715877437325958e+02 -9.908150182991337651e-01 1.352242563776454576e-01 3.335000162399977264e-02 6.670000324800325586e+01
2.787743732590529362e+02 -9.882967087249717730e-01 1.525438150938556447e-01 3.320318586183564069e-02 6.640637172370105645e+01
2.797771587743732198e+02 -9.854756749769892910e-01 1.698166482670281641e-01 3.304575673647004719e-02 6.609151347298667645e+01
2.807799442896935602e+02 -9.823527811632044582e-01 1.870374650729570432e-01 3.287869333805000516e-02 6.575738667617291355e+01
2.817827298050139007e+02 -9.789289838540896627e-01 2.042009906205147773e-01 3.270275737924928372e-02 6.540551475842353568e+01
2.827855153203342411e+02 -9.752053317895659212e-01 2.213019675674001430e-01 3.251852788635763158e-02 6.503705577268983973e+01
2.837883008356545815e+02 -9.711829655577631781e-01 2.383351577305136970e-01 3.232643663619404195e-02 6.465287327239070692e+01
2.847910863509749220e+02 -9.668631172456476630e-01 2.552953436904576989e-01 3.212680047083282114e-02 6.425360094166862268e+01
2.857938718662952624e+02 -9.622471100616251105e-01 2.721773303896761198e-01 3.191984881741566360e-02 6.383969763484658699e+01
2.867966573816156028e+02 -9.573363579302264226e-01 2.889759467237534851e-01 3.170574608283235896e-02 6.341149216565347757e+01
2.877994428969359433e+02 -9.521323650590131082e-01 3.056860471253639022e-01 3.148460930351953957e-02 6.296921860708074803e+01
2.888022284122562269e+02 -9.466367254778235152e-01 3.223025131404095855e-01 3.125652173344793672e-02 6.251304346691814828e+01
2.898050139275765673e+02 -9.408511225505062914e-01 3.388202549958496124e-01 3.102154312110591561e-02 6.204308624220599455e+01
2.908077994428969077e+02 -9.347773284592921783e-01 3.552342131587394869e-01 3.077971737497442462e-02 6.155943474994360542e+01
2.918105849582172482e+02 -9.284172036619594559e-01 3.715393598860121660e-01 3.053107821667302990e-02 6.106215643331613308e+01
2.928133704735375886e+02 -9.217726963219565750e-01 3.877307007645255377e-01 3.027565330949450254e-02 6.055130661899695355e+01
2.938161559888579291e+02 -9.148458417116647201e-01 4.038032762408894083e-01 3.001346724669711266e-02 6.002693449341572318e+01
2.948189415041782695e+02 -9.076387615889727201e-01 4.197521631406274101e-01 2.974454369552608640e-02 5.948908739106121146e+01
2.958217270194986099e+02 -9.001536635473662562e-01 4.355724761761872732e-01 2.946890692134391393e-02 5.893781384270872792e+01
2.968245125348189504e+02 -8.923928403397208831e-01 4.512593694433454372e-01 2.918658286004652963e-02 5.837316572009348192e+01
2.978272980501392908e+02 -8.843586691760109142e-01 4.668080379055561391e-01 2.889759986351903356e-02 5.779519972697695351e+01
2.988300835654595744e+02 -8.760536109951494455e-01 4.822137188657738549e-01 2.860198921054844107e-02 5.720397842108332753e+01
2.998328690807799148e+02 -8.674802097111785626e-01 4.974716934253139988e-01 2.829978545086173081e-02 5.659957090173306682e+01
3.008356545961002553e+02 -8.586410914340499856e-01 5.125772879292872508e-01 2.799102663195458113e-02 5.598205326391714465e+01
3.018384401114205957e+02 -8.495389636652184162e-01 5.275258753981900695e-01 2.767575444501254450e-02 5.535150888999126551e+01
3.028412256267409361e+02 -8.401766144683145976e-01 5.423128769451829312e-01 2.735401431635429287e-02 5.470802863268985305e+01
3.038440111420612766e+02 -8.305569116151323428e-01 5.569337631786508425e-01 2.702585546371165381e-02 5.405171092743655237e+01
3.048467966573816170e+02 -8.206828017072054227e-01 5.713840555895935980e-01 2.669133093143843255e-02 5.338266186284972292e+01
3.058495821727019575e+02 -8.105573092732398788e-01 5.856593279234315608e-01 2.635049761494132753e-02 5.270099522992205721e+01
3.068523676880222979e+02 -8.001835358426686584e-01 5.997552075358117962e-01 2.600341628196781163e-02 5.200683256394015785e+01
3.078551532033425815e+02 -7.895646589956293315e-01 6.136673767319847927e-01 2.565015159637333564e-02 5.130030319272830042e+01
3.088579387186629219e+02 -7.787039313896402248e-01 6.273915740893549753e-01 2.529077214873697022e-02 5.058154429750816661e+01
3.098607242339832624e+02 -7.676046797632838370e-01 6.409235957627917868e-01 2.492535049716866277e-02 4.985070099435429825e+01
3.108635097493036028e+02 -7.562703039171954078e-01 6.542592967723064312e-01 2.455396322114530155e-02 4.910792644228297377e+01
3.118662952646239432e+02 -7.447042756726756085e-01 6.673945922726942648e-01 2.417669099075847247e-02 4.835338198152356171e+01
3.128690807799442837e+02 -7.329101378082373275e-01 6.803254588047625839e-01 2.379361865363566891e-02 4.758723730725455425e+01
3.138718662952646241e+02 -7.208915029744227265e-01 6.930479355277511244e-01 2.340483534187505835e-02 4.680967068375124285e+01
3.148746518105849646e+02 -7.086520525872171961e-01 7.055581254325714591e-01 2.301043460123452372e-02 4.602086920248638080e+01
3.158774373259053050e+02 -6.961955357003946077e-01 7.178521965354991430e-01 2.261051454531129781e-02 4.522102909064549436e+01
3.168802228412255886e+02 -6.835257678571518003e-01 7.299263830519425733e-01 2.220517803764585074e-02 4.441035607526762163e+01
3.178830083565459290e+02 -6.706466299213719173e-01 7.417769865499378446e-01 2.179453290525541070e-02 4.358906581052274021e+01
3.188857938718662695e+02 -6.575620668888815246e-01 7.534003770830103308e-01 2.137869218764038709e-02 4.275738437528088554e+01
3.198885793871866099e+02 -6.442760866790615548e-01 7.647929943020623789e-01 2.095777442618794451e-02 4.191554885239388284e+01
3.208913649025069503e+02 -6.307927589071887775e-01 7.759513485459363924e-01 2.053190399970411181e-02 4.106380799941513260e+01
3.218941504178272908e+02 -6.171162136378717245e-01 7.868720219103337854e-01 2.010121151315447108e-02 4.020242302628992093e+01
3.228969359331476312e+02 -6.032506401199767554e-01 7.975516692947475228e-01 1.966583424788593409e-02 3.933166849575439272e+01
3.238997214484679716e+02 -5.892002855034255138e-01 8.079870194270956096e-01 1.922591668359752148e-02 3.845183336716867473e+01
3.249025069637883121e+02 -5.749694535382509075e-01 8.181748758657436671e-01 1.878161110428654829e-02 3.756322220856709038e+01
3.259052924791085957e+02 -5.605625032563220644e-01 8.281121179786020692e-01 1.833307830317418979e-02 3.666615660633356555e+01
3.269080779944289361e+02 -5.459838476361327242e-01 8.377957018990036531e-01 1.788048840479462137e-02 3.576097680957937541e+01
3.279108635097492765e+02 -5.312379522510672913e-01 8.472226614580684600e-01 1.742402182667841457e-02 3.484804365335667597e+01
3.289136490250696170e+02 -5.163293339015535555e-01 8.563901090932671822e-01 1.696387040795376694e-02 3.392774081590406610e+01
3.299164345403899574e+02 -5.012625592315299583e-01 8.652952367329066474e-01 1.650023873881936026e-02 3.300047747765755446e+01
3.309192200557102979e+02 -4.860422433296364142e-01 8.739353166562697783e-01 1.603334573265306762e-02 3.206669146528300729e+01
3.319220055710306383e+02 -4.706730483155737166e-01 8.823077023291395760e-01 1.556342649296081106e-02 3.112685298595923555e+01
3.329247910863509787e+02 -4.551596819120563575e-01 8.904098292144554394e-01 1.509073454008564089e-02 3.018146908018785979e+01
3.339275766016713192e+02 -4.395068960027905258e-01 8.982392155578559079e-01 1.461554447926574803e-02 2.923108895853539480e+01
3.349303621169916028e+02 -4.237194851769319204e-01 9.057934631478612442e-01 1.413815521265240210e-02 2.827631042530699901e+01
3.359331476323119432e+02 -4.078022852604596404e-01 9.130702580504672650e-01 1.365889382518655631e-02 2.731778765037479673e+01
3.369359331476322836e+02 -3.917601718349189022e-01 9.200673713179241542e-01 1.317812030920824211e-02 2.635624061842447929e+01
3.379387186629526241e+02 -3.755980587439858298e-01 9.267826596714839882e-01 1.269623333814742447e-02 2.539246667628632181e+01
3.389415041782729645e+02 -3.593208965883159522e-01 9.332140661579039209e-01 1.221367735849956081e-02 2.442735471699167604e+01
3.399442896935933049e+02 -3.429336712091264339e-01 9.393596207795131825e-01 1.173095134570587353e-02 2.346190269141490603e+01
3.409470752089136454e+02 -3.264414021609896022e-01 9.452174410976381669e-01 1.124861966890769276e-02 2.249723933780123275e+01
3.419498607242339858e+02 -3.098491411743016233e-01 9.507857328092106375e-01 1.076732563751541666e-02 2.153465127502726517e+01
3.429526462395543263e+02 -2.931619706078861243e-01 9.560627902963805269e-01 1.028780846767723967e-02 2.057561693534996650e+01
3.439554317548746099e+02 -2.763850018922262008e-01 9.610469971489604690e-01 9.810924614983344144e-03 1.962184922997382586e+01
3.449582172701949503e+02 -2.595233739637857751e-01 9.657368266595475204e-01 9.337674678417834731e-03 1.867534935684269826e+01
3.459610027855152907e+02 -2.425822516909072468e-01 9.701308422911670837e-01 8.869237387561606373e-03 1.773847477511273851e+01
3.469637883008356312e+02 -2.255668242917652777e-01 9.742276981172974804e-01 8.407012522808458149e-03 1.681402504561586753e+01
3.479665738161559716e+02 -2.084823037448657879e-01 9.780261392341380589e-01 7.952674931903656527e-03 1.590534986381882909e+01
3.489693593314763120e+02 -1.913339231925648143e-01 9.815250021449998252e-01 7.508241963344413489e-03 1.501648392669411969e+01
3.499721448467966525e+02 -1.741269353381127427e-01 9.847232151166930292e-01 7.076156360847782323e-03 1.415231272169643439e+01
3.509749303621169929e+02 -1.568666108367064438e-01 9.876197985078090102e-01 6.659385411794808626e-03 1.331877082359639530e+01
3.519777158774373333e+02 -1.395582366810349806e-01 9.902138650687942745e-01 6.261533945554816419e-03 1.252306789111058194e+01
3.529805013927576738e+02 -1.222071145818289239e-01 9.925046202137215445e-01 5.886962066578379886e-03 1.177392413315145703e+01
3.539832869080779574e+02 -1.048185593439020236e-01 9.944913622636794015e-01 5.540886168247043109e-03 1.108177233648927640e+01
3.549860724233982978e+02 -8.739789723816993039e-02 9.961734826617030247e-01 5.229422018745371638e-03 1.045884403749508884e+01
3.559888579387186383e+02 -6.995046437017343743e-02 9.975504661591798605e-01 4.959502904728829362e-03 9.919005809461063805e+00
3.569916434540389787e+02 -5.248160504558043588e-02 9.986218909736757077e-01 4.738584291023767263e-03 9.477168582050667922e+00
3.579944289693593191e+02 -3.499667013317261238e-02 9.993874289181298165e-01 4.574054983857859039e-03 9.148109967714162849e+00
3.589972144846796596e+02 -1.750101542582882877e-02 9.998468455013822531e-01 4.472350113191419715e-03 8.944700226381694819e+00
3.600000000000000000e+02 0.000000000000000000e+00 1.000000000000000000e+00 4.437916620881919745e-03 8.875833241763901427e+00
