# theta_deg  Ey_V_per_um  Ez_V_per_um  alpha_eV_A  perturbative_gap_k1_microeV  
0.000000000000000000e+00 0.000000000000000000e+00 2.000000000000000000e+00 6.225551770691034603e-03 1.245110354138045849e+01
2.399999999999999911e+00 8.375130745839924618e-02 1.998245660197716989e+00 6.720708611710386055e-03 1.344141722340458323e+01
4.799999999999999822e+00 1.673556866646309649e-01 1.992985718499008962e+00 8.020868643338285864e-03 1.604173728668618892e+01
7.199999999999999289e+00 2.506664671286084611e-01 1.984229402628955752e+00 9.801260446460881293e-03 1.960252089290744237e+01
9.599999999999999645e+00 3.335374934322045126e-01 1.971992074141010187e+00 1.183416235082845706e-02 2.366832470166411895e+01
1.200000000000000000e+01 4.158233816355186852e-01 1.956295201467611378e+00 1.399509196345151592e-02 2.799018392689485424e+01
1.439999999999999858e+01 4.973797743297094787e-01 1.937166322257262152e+00 1.621716379436594774e-02 3.243432758874044453e+01
1.680000000000000071e+01 5.780635938889432390e-01 1.914638995064134486e+00 1.846228750566616603e-02 3.692457501134477127e+01
1.919999999999999929e+01 6.577332934771665807e-01 1.888752740474962222e+00 2.070712796104037801e-02 4.141425592208737783e+01
2.159999999999999787e+01 7.362491053693558385e-01 1.859552971776502917e+00 2.293638310460212326e-02 4.587276620921128512e+01
2.400000000000000000e+01 8.134732861516004165e-01 1.827090915285201733e+00 2.513942207156381198e-02 5.027884414312601535e+01
2.639999999999999858e+01 8.892703583698549075e-01 1.791423520478826026e+00 2.730850123914173311e-02 5.461700247830041377e+01
2.879999999999999716e+01 9.635073482034305359e-01 1.752613360087727168e+00 2.943775883133572732e-02 5.887551766266263797e+01
3.119999999999999929e+01 1.036054018746260574e+00 1.710728520321013191e+00 3.152261596962903367e-02 6.304523193924153901e+01
3.360000000000000142e+01 1.106783098486688210e+00 1.665842481420199084e+00 3.355940235129886706e-02 6.711880470258550702e+01
3.600000000000000000e+01 1.175570504584946274e+00 1.618033988749895125e+00 3.554511304831168422e-02 7.109022609662687842e+01
3.839999999999999858e+01 1.242295560556620826e+00 1.567386914651679675e+00 3.747724580499955938e-02 7.495449161000824745e+01
4.079999999999999716e+01 1.306841207980210751e+00 1.513990111303512798e+00 3.935369002355321166e-02 7.870738004711608937e+01
4.319999999999999574e+01 1.369094211857377452e+00 1.457937254842823105e+00 4.117265025086563890e-02 8.234530050174952009e+01
4.560000000000000142e+01 1.428945359265606951e+00 1.399326681026730856e+00 4.293259347548458726e-02 8.586518695097126397e+01
4.800000000000000000e+01 1.486289650954788710e+00 1.338261212717716475e+00 4.463221334346494096e-02 8.926442668695348459e+01
5.039999999999999858e+01 1.541026485551578507e+00 1.274847979497379491e+00 4.627040671600524124e-02 9.254081343201912091e+01
5.279999999999999716e+01 1.593059836048392519e+00 1.209198229724749885e+00 4.784625943300038764e-02 9.569251886598975432e+01
5.519999999999999574e+01 1.642298418267408078e+00 1.141427135368863643e+00 4.935903901967970964e-02 9.871807803934520109e+01
5.759999999999999432e+01 1.688655851004029929e+00 1.071653589957993535e+00 5.080819249872223220e-02 1.016163849974363984e+02
6.000000000000000000e+01 1.732050807568877193e+00 1.000000000000000222e+00 5.219334741670818290e-02 1.043866948334118803e+02
6.239999999999999858e+01 1.772407158462429688e+00 9.265920702397235642e-01 5.351431343070838648e-02 1.070286268614380845e+02
6.479999999999999716e+01 1.809654104932039376e+00 8.515585831301454300e-01 5.477107972643661948e-02 1.095421594528543636e+02
6.720000000000000284e+01 1.843726303177001036e+00 7.750311729042058673e-01 5.596379873235504676e-02 1.119275974647126333e+02
6.959999999999999432e+01 1.874563978983782908e+00 6.971440946436306962e-01 5.709273566629032709e-02 1.141854713325599420e+02
7.200000000000000000e+01 1.902113032590307062e+00 6.180339887498949025e-01 5.815813797897617654e-02 1.163162759579574299e+02
7.439999999999999147e+01 1.926325133595316208e+00 5.378396412305318508e-01 5.915991665623897278e-02 1.183198333124602470e+02
7.679999999999999716e+01 1.947157805746320358e+00 4.567017402213117694e-01 6.009687171957110025e-02 1.201937434391398796e+02
7.920000000000000284e+01 1.964574501457377442e+00 3.747626291714490909e-01 6.096476593870926719e-02 1.219295318774203594e+02
8.159999999999999432e+01 1.978544665925976664e+00 2.921660571248232974e-01 6.175142036579304994e-02 1.235028407315704584e+02
8.400000000000000000e+01 1.989043790736546802e+00 2.090569265353069417e-01 6.242479141735635811e-02 1.248495828347216872e+02
8.639999999999999147e+01 1.996053456856543340e+00 1.255810390586270531e-01 6.291379777602226775e-02 1.258275955520467164e+02
8.879999999999999716e+01 1.999561366949691221e+00 4.188483976671410203e-02 6.313792271216916996e-02 1.262758454243372199e+02
9.120000000000000284e+01 1.999561366949691221e+00 -4.188483976671385223e-02 6.313792271216864260e-02 1.262758454243391668e+02
9.359999999999999432e+01 1.996053456856543340e+00 -1.255810390586263592e-01 6.291379777602254530e-02 1.258275955520577725e+02
9.600000000000000000e+01 1.989043790736546802e+00 -2.090569265353071360e-01 6.242479141735643444e-02 1.248495828347147523e+02
9.839999999999999147e+01 1.978544665925976664e+00 -2.921660571248230753e-01 6.175142036579343852e-02 1.235028407315834755e+02
1.007999999999999972e+02 1.964574501457377442e+00 -3.747626291714492019e-01 6.096476593870910760e-02 1.219295318774129981e+02
1.032000000000000028e+02 1.947157805746320580e+00 -4.567017402213116029e-01 6.009687171957085738e-02 1.201937434391338115e+02
1.055999999999999943e+02 1.926325133595316430e+00 -5.378396412305311847e-01 5.915991665623877849e-02 1.183198333124676225e+02
1.080000000000000000e+02 1.902113032590307284e+00 -6.180339887498946805e-01 5.815813797897589899e-02 1.163162759579513619e+02
1.103999999999999915e+02 1.874563978983783352e+00 -6.971440946436300301e-01 5.709273566629002872e-02 1.141854713325946307e+02
1.127999999999999972e+02 1.843726303177001258e+00 -7.750311729042057562e-01 5.596379873235438757e-02 1.119275974647152339e+02
1.151999999999999886e+02 1.809654104932039376e+00 -8.515585831301447639e-01 5.477107972643614764e-02 1.095421594528873186e+02
1.175999999999999943e+02 1.772407158462429910e+00 -9.265920702397230091e-01 5.351431343070785218e-02 1.070286268614320164e+02
1.200000000000000000e+02 1.732050807568877637e+00 -9.999999999999996669e-01 5.219334741670846045e-02 1.043866948334101465e+02
1.223999999999999915e+02 1.688655851004030595e+00 -1.071653589957992869e+00 5.080819249872219057e-02 1.016163849974762883e+02
1.247999999999999972e+02 1.642298418267408300e+00 -1.141427135368863199e+00 4.935903901967982066e-02 9.871807803934258629e+01
1.271999999999999886e+02 1.593059836048392741e+00 -1.209198229724749662e+00 4.784625943300096357e-02 9.569251886599322177e+01
1.295999999999999943e+02 1.541026485551578507e+00 -1.274847979497379491e+00 4.627040671600494981e-02 9.254081343201045229e+01
1.320000000000000000e+02 1.486289650954788710e+00 -1.338261212717716475e+00 4.463221334346380298e-02 8.926442668693701421e+01
1.344000000000000057e+02 1.428945359265606507e+00 -1.399326681026731301e+00 4.293259347548461502e-02 8.586518695098341425e+01
1.367999999999999829e+02 1.369094211857377674e+00 -1.457937254842822661e+00 4.117265025086554175e-02 8.234530050175298754e+01
1.391999999999999886e+02 1.306841207980211417e+00 -1.513990111303512576e+00 3.935369002355301737e-02 7.870738004711087399e+01
1.415999999999999943e+02 1.242295560556621048e+00 -1.567386914651679675e+00 3.747724580499960101e-02 7.495449161000651372e+01
1.440000000000000000e+02 1.175570504584946496e+00 -1.618033988749894903e+00 3.554511304831134422e-02 7.109022609660605951e+01
1.464000000000000057e+02 1.106783098486688210e+00 -1.665842481420199084e+00 3.355940235129936666e-02 6.711880470261326082e+01
1.487999999999999829e+02 1.036054018746261240e+00 -1.710728520321012969e+00 3.152261596962945001e-02 6.304523193924848101e+01
1.511999999999999886e+02 9.635073482034312020e-01 -1.752613360087726946e+00 2.943775883133396831e-02 5.887551766266089714e+01
1.535999999999999943e+02 8.892703583698555736e-01 -1.791423520478825360e+00 2.730850123914108085e-02 5.461700247830214749e+01
1.560000000000000000e+02 8.134732861516008606e-01 -1.827090915285201733e+00 2.513942207156227501e-02 5.027884414313642480e+01
1.584000000000000057e+02 7.362491053693555054e-01 -1.859552971776502917e+00 2.293638310460244245e-02 4.587276620920434311e+01
1.607999999999999829e+02 6.577332934771668027e-01 -1.888752740474962000e+00 2.070712796104018025e-02 4.141425592207350093e+01
1.631999999999999886e+02 5.780635938889433501e-01 -1.914638995064134486e+00 1.846228750566532989e-02 3.692457501132048492e+01
1.655999999999999943e+02 4.973797743297097007e-01 -1.937166322257262152e+00 1.621716379436633632e-02 3.243432758871095700e+01
1.680000000000000000e+02 4.158233816355186296e-01 -1.956295201467611378e+00 1.399509196345138581e-02 2.799018392689312051e+01
1.704000000000000057e+02 3.335374934322043461e-01 -1.971992074141010187e+00 1.183416235082929147e-02 2.366832470167279467e+01
1.727999999999999829e+02 2.506664671286090718e-01 -1.984229402628955530e+00 9.801260446460395570e-03 1.960252089292131927e+01
1.751999999999999886e+02 1.673556866646314645e-01 -1.992985718499008962e+00 8.020868643337815754e-03 1.604173728667925047e+01
1.775999999999999943e+02 8.375130745839963475e-02 -1.998245660197716989e+00 6.720708611710503148e-03 1.344141722342540035e+01
1.800000000000000000e+02 0.000000000000000000e+00 -2.000000000000000000e+00 6.225551770691226290e-03 1.245110354138392950e+01
1.824000000000000057e+02 -8.375130745839913515e-02 -1.998245660197716989e+00 6.720708611710347891e-03 1.344141722342193113e+01
1.847999999999999829e+02 -1.673556866646300767e-01 -1.992985718499008962e+00 8.020868643338178311e-03 1.604173728666710730e+01
1.871999999999999886e+02 -2.506664671286076840e-01 -1.984229402628955752e+00 9.801260446460381692e-03 1.960252089290917610e+01
1.895999999999999943e+02 -3.335374934322039020e-01 -1.971992074141010187e+00 1.183416235082865656e-02 2.366832470165544677e+01
1.920000000000000000e+02 -4.158233816355190737e-01 -1.956295201467611156e+00 1.399509196345144132e-02 2.799018392690352641e+01
1.944000000000000057e+02 -4.973797743297100893e-01 -1.937166322257262152e+00 1.621716379436649591e-02 3.243432758875432143e+01
1.967999999999999829e+02 -5.780635938889429060e-01 -1.914638995064134708e+00 1.846228750566598215e-02 3.692457501132569320e+01
1.991999999999999886e+02 -6.577332934771662476e-01 -1.888752740474962222e+00 2.070712796104026698e-02 4.141425592208043582e+01
2.015999999999999943e+02 -7.362491053693558385e-01 -1.859552971776502917e+00 2.293638310460054813e-02 4.587276620921128512e+01
2.040000000000000000e+02 -8.134732861516004165e-01 -1.827090915285201733e+00 2.513942207156114050e-02 5.027884414315376915e+01
2.064000000000000057e+02 -8.892703583698551295e-01 -1.791423520478825804e+00 2.730850123914078942e-02 5.461700247828479604e+01
2.087999999999999829e+02 -9.635073482034299808e-01 -1.752613360087727390e+00 2.943775883133640386e-02 5.887551766267651487e+01
2.111999999999999886e+02 -1.036054018746259908e+00 -1.710728520321013635e+00 3.152261596963001899e-02 6.304523193925714963e+01
2.135999999999999943e+02 -1.106783098486687766e+00 -1.665842481420199306e+00 3.355940235129980381e-02 6.711880470260285847e+01
2.160000000000000000e+02 -1.175570504584946052e+00 -1.618033988749895125e+00 3.554511304831057400e-02 7.109022609664249615e+01
2.184000000000000057e+02 -1.242295560556620826e+00 -1.567386914651679675e+00 3.747724580499957325e-02 7.495449161003426752e+01
2.207999999999999829e+02 -1.306841207980210307e+00 -1.513990111303513686e+00 3.935369002355244145e-02 7.870738004710393909e+01
2.231999999999999886e+02 -1.369094211857376786e+00 -1.457937254842823771e+00 4.117265025086450092e-02 8.234530050172696747e+01
2.255999999999999943e+02 -1.428945359265606285e+00 -1.399326681026731523e+00 4.293259347548487870e-02 8.586518695096259535e+01
2.280000000000000000e+02 -1.486289650954788932e+00 -1.338261212717716253e+00 4.463221334346452462e-02 8.926442668695348459e+01
2.303999999999999773e+02 -1.541026485551577840e+00 -1.274847979497380601e+00 4.627040671600446409e-02 9.254081343200437004e+01
2.327999999999999829e+02 -1.593059836048392075e+00 -1.209198229724750773e+00 4.784625943300115092e-02 9.569251886600017087e+01
2.351999999999999886e+02 -1.642298418267407412e+00 -1.141427135368864532e+00 4.935903901967944596e-02 9.871807803935560344e+01
2.375999999999999943e+02 -1.688655851004029707e+00 -1.071653589957994424e+00 5.080819249872176036e-02 1.016163849974355315e+02
2.400000000000000000e+02 -1.732050807568876749e+00 -1.000000000000000888e+00 5.219334741670861311e-02 1.043866948334153477e+02
2.423999999999999773e+02 -1.772407158462429022e+00 -9.265920702397242303e-01 5.351431343070746360e-02 1.070286268614155318e+02
2.447999999999999829e+02 -1.809654104932038710e+00 -8.515585831301459852e-01 5.477107972643645295e-02 1.095421594528751825e+02
2.471999999999999886e+02 -1.843726303177000814e+00 -7.750311729042064224e-01 5.596379873235432512e-02 1.119275974647100327e+02
2.495999999999999943e+02 -1.874563978983782908e+00 -6.971440946436309183e-01 5.709273566629077118e-02 1.141854713325720780e+02
2.520000000000000000e+02 -1.902113032590307062e+00 -6.180339887498952356e-01 5.815813797897598225e-02 1.163162759579526551e+02
2.543999999999999773e+02 -1.926325133595316208e+00 -5.378396412305316288e-01 5.915991665623869522e-02 1.183198333124875603e+02
2.568000000000000114e+02 -1.947157805746320580e+00 -4.567017402213116584e-01 6.009687171957069085e-02 1.201937434391546304e+02
2.591999999999999886e+02 -1.964574501457377442e+00 -3.747626291714493130e-01 6.096476593870928801e-02 1.219295318774155987e+02
2.615999999999999659e+02 -1.978544665925976442e+00 -2.921660571248248517e-01 6.175142036579357036e-02 1.235028407315839019e+02
2.640000000000000000e+02 -1.989043790736547024e+00 -2.090569265353067197e-01 6.242479141735608750e-02 1.248495828347121375e+02
2.663999999999999773e+02 -1.996053456856543340e+00 -1.255810390586281911e-01 6.291379777602304491e-02 1.258275955520449827e+02
2.688000000000000114e+02 -1.999561366949691221e+00 -4.188483976671345671e-02 6.313792271216853158e-02 1.262758454243298445e+02
2.711999999999999886e+02 -1.999561366949691221e+00 4.188483976671272119e-02 6.313792271216808749e-02 1.262758454243281108e+02
2.735999999999999659e+02 -1.996053456856543340e+00 1.255810390586256653e-01 6.291379777602276735e-02 1.258275955520471427e+02
2.760000000000000000e+02 -1.989043790736547024e+00 2.090569265353059702e-01 6.242479141735642056e-02 1.248495828347210335e+02
2.783999999999999773e+02 -1.978544665925976664e+00 2.921660571248224092e-01 6.175142036579318178e-02 1.235028407315843424e+02
2.808000000000000114e+02 -1.964574501457377220e+00 3.747626291714503122e-01 6.096476593870937821e-02 1.219295318774290422e+02
2.831999999999999886e+02 -1.947157805746320580e+00 4.567017402213109367e-01 6.009687171957098228e-02 1.201937434391407606e+02
2.855999999999999659e+02 -1.926325133595316430e+00 5.378396412305309626e-01 5.915991665623857032e-02 1.183198333124849597e+02
2.880000000000000000e+02 -1.902113032590307284e+00 6.180339887498945695e-01 5.815813797897557980e-02 1.163162759579340104e+02
2.903999999999999773e+02 -1.874563978983783352e+00 6.971440946436301411e-01 5.709273566629040342e-02 1.141854713325902964e+02
2.928000000000000114e+02 -1.843726303177001036e+00 7.750311729042057562e-01 5.596379873235389490e-02 1.119275974647108995e+02
2.951999999999999886e+02 -1.809654104932039376e+00 8.515585831301453190e-01 5.477107972643611988e-02 1.095421594528734488e+02
2.975999999999999659e+02 -1.772407158462430132e+00 9.265920702397218989e-01 5.351431343070779667e-02 1.070286268614146650e+02
3.000000000000000000e+02 -1.732050807568877193e+00 1.000000000000000222e+00 5.219334741670808575e-02 1.043866948334379003e+02
3.023999999999999773e+02 -1.688655851004031039e+00 1.071653589957991981e+00 5.080819249872182974e-02 1.016163849974606848e+02
3.048000000000000114e+02 -1.642298418267408078e+00 1.141427135368863643e+00 4.935903901967930718e-02 9.871807803934953540e+01
3.071999999999999886e+02 -1.593059836048393407e+00 1.209198229724748996e+00 4.784625943300065826e-02 9.569251886600190460e+01
3.095999999999999659e+02 -1.541026485551579173e+00 1.274847979497378603e+00 4.627040671600482491e-02 9.254081343199830201e+01
3.120000000000000000e+02 -1.486289650954789154e+00 1.338261212717715809e+00 4.463221334346437197e-02 8.926442668693614735e+01
3.143999999999999773e+02 -1.428945359265607395e+00 1.399326681026730190e+00 4.293259347548472604e-02 8.586518695098514797e+01
3.168000000000000114e+02 -1.369094211857376564e+00 1.457937254842823993e+00 4.117265025086555563e-02 8.234530050172523374e+01
3.191999999999999886e+02 -1.306841207980211639e+00 1.513990111303512354e+00 3.935369002355274676e-02 7.870738004711434144e+01
3.215999999999999659e+02 -1.242295560556621270e+00 1.567386914651679453e+00 3.747724580499932345e-02 7.495449160997009130e+01
3.240000000000000000e+02 -1.175570504584946718e+00 1.618033988749894903e+00 3.554511304831061563e-02 7.109022609663554704e+01
3.263999999999999773e+02 -1.106783098486688433e+00 1.665842481420199084e+00 3.355940235129967197e-02 6.711880470258550702e+01
3.288000000000000114e+02 -1.036054018746260574e+00 1.710728520321013191e+00 3.152261596962982471e-02 6.304523193926235791e+01
3.311999999999999886e+02 -9.635073482034306469e-01 1.752613360087727168e+00 2.943775883133532834e-02 5.887551766262447472e+01
3.335999999999999659e+02 -8.892703583698566838e-01 1.791423520478824916e+00 2.730850123914095595e-02 5.461700247827091914e+01
3.360000000000000000e+02 -8.134732861516003055e-01 1.827090915285201955e+00 2.513942207156207032e-02 5.027884414313989225e+01
3.383999999999999773e+02 -7.362491053693573928e-01 1.859552971776502250e+00 2.293638310460284144e-02 4.587276620923036319e+01
3.408000000000000114e+02 -6.577332934771661366e-01 1.888752740474962222e+00 2.070712796104035025e-02 4.141425592209431272e+01
3.431999999999999886e+02 -5.780635938889444603e-01 1.914638995064134264e+00 1.846228750566599949e-02 3.692457501135171327e+01
3.455999999999999659e+02 -4.973797743297106999e-01 1.937166322257261930e+00 1.621716379436682204e-02 3.243432758873350252e+01
3.480000000000000000e+02 -4.158233816355197399e-01 1.956295201467611156e+00 1.399509196345086366e-02 2.799018392689485424e+01
3.503999999999999773e+02 -3.335374934322054563e-01 1.971992074141009743e+00 1.183416235082882136e-02 2.366832470166238522e+01
3.528000000000000114e+02 -2.506664671286075730e-01 1.984229402628955752e+00 9.801260446460320977e-03 1.960252089291611455e+01
3.551999999999999886e+02 -1.673556866646317143e-01 1.992985718499008518e+00 8.020868643338140147e-03 1.604173728667404575e+01
3.575999999999999659e+02 -8.375130745839985680e-02 1.998245660197716989e+00 6.720708611710653202e-03 1.344141722340978795e+01
3.600000000000000000e+02 0.000000000000000000e+00 2.000000000000000000e+00 6.225551770691233229e-03 1.245110354138392950e+01
