# theta_deg  Ey_V_per_um  Ez_V_per_um  alpha_eV_A  perturbative_gap_k1_microeV  
0.000000000000000000e+00 0.000000000000000000e+00 5.000000000000000000e+00 9.113233010652305524e-03 1.822646602130106785e+01
1.002785515320334220e+00 8.750507712914393221e-02 4.999234227506911488e+00 9.454812138262703308e-03 1.890962427646136845e+01
2.005571030640668440e+00 1.749833506658594051e-01 4.996937144590648749e+00 1.041065669588112953e-02 2.082131339191384356e+01
3.008356545961002659e+00 2.624080252278995773e-01 4.993109454868378982e+00 1.182795794058915870e-02 2.365591588116694410e+01
4.011142061281336879e+00 3.497523218508655773e-01 4.987752330795899525e+00 1.355594955043411091e-02 2.711189910059585984e+01
5.013927576601671099e+00 4.369894861908446004e-01 4.980867413308515346e+00 1.548298140570967922e-02 3.096596281180336163e+01
6.016713091922005319e+00 5.240927967195060377e-01 4.972456811318397563e+00 1.753501680359971504e-02 3.507003360690013949e+01
7.019498607242339538e+00 6.110355729091460075e-01 4.962523101068607723e+00 1.966430480108068840e-02 3.932860960404599382e+01
8.022284122562673758e+00 6.977911834051728768e-01 4.951069325343971705e+00 2.183979303529040572e-02 4.367958607073146737e+01
9.025069637883007090e+00 7.843330541835310532e-01 4.938098992539044829e+00 2.404085743763337280e-02 4.808171487635098629e+01
1.002785515320334220e+01 8.706346766905637136e-01 4.923616075583464813e+00 2.625347660172807143e-02 5.250695320204584959e+01
1.103064066852367731e+01 9.566696159628209628e-01 4.907625010724999903e+00 2.846791407982321442e-02 5.693582815810560760e+01
1.203342618384401064e+01 1.042411518724326580e+00 4.890130696170690960e+00 3.067728908306763952e-02 6.135457816357214966e+01
1.303621169916434397e+01 1.127834121458825001e+00 4.871138490586487180e+00 3.287667077495483314e-02 6.575334155059509555e+01
1.403899721448467908e+01 1.212911258454531405e+00 4.850654211455836418e+00 3.506248736515207853e-02 7.012497473155021055e+01
1.504178272980501418e+01 1.297616869818924989e+00 4.828684133297739045e+00 3.723212991075341982e-02 7.446425982342297800e+01
1.604456824512534752e+01 1.381925009461128395e+00 4.805234985744803566e+00 3.938368032538347441e-02 7.876736065040579149e+01
1.704735376044568085e+01 1.465809853039429012e+00 4.780313951481903523e+00 4.151572102954832755e-02 8.303144205969171310e+01
1.805013927576601418e+01 1.549245705871506784e+00 4.753928664046053854e+00 4.362719972026968263e-02 8.725439944032991946e+01
1.905292479108635106e+01 1.632207010804948455e+00 4.726087205488190612e+00 4.571733220347734550e-02 9.143466440660746741e+01
2.005571030640668440e+01 1.714668356045628839e+00 4.696798103897567245e+00 4.778553199154720460e-02 9.557106398350168774e+01
2.105849582172701773e+01 1.796604482941577707e+00 4.666070330789520604e+00 4.983135898739382563e-02 9.966271797495762996e+01
2.206128133704735461e+01 1.877990293719927983e+00 4.633913298357419386e+00 5.185448192354983471e-02 1.037089638477872739e+02
2.306406685236768794e+01 1.958800859174590459e+00 4.600336856589622769e+00 5.385465079093505053e-02 1.077093015834570906e+02
2.406685236768802127e+01 2.039011426302295149e+00 4.565351290252337435e+00 5.583167656356586434e-02 1.116633531278166060e+02
2.506963788300835461e+01 2.118597425884657603e+00 4.528967315739306443e+00 5.778541627318664609e-02 1.155708325464230342e+02
2.607242339832868794e+01 2.197534480013950908e+00 4.491196077789280316e+00 5.971576201779714432e-02 1.194315240332505255e+02
2.707520891364902482e+01 2.275798409560281232e+00 4.452049146072277530e+00 6.162263286856277389e-02 1.232452657377383645e+02
2.807799442896935815e+01 2.353365241577868527e+00 4.411538511645697547e+00 6.350596891473933581e-02 1.270119378275133499e+02
2.908077994428969149e+01 2.430211216648179740e+00 4.369676583281350446e+00 6.536572688685157728e-02 1.307314537735068711e+02
3.008356545961002837e+01 2.506312796157648126e+00 4.326476183664533792e+00 6.720187694521478905e-02 1.344037538909617524e+02
3.108635097493036170e+01 2.581646669507767555e+00 4.281950545466336244e+00 6.901440032870642671e-02 1.380288006576774080e+02
3.208913649025069503e+01 2.656189761255332904e+00 4.236113307290344743e+00 7.080328763815527116e-02 1.416065752744000292e+02
3.309192200557102836e+01 2.729919238180660734e+00 4.188978509495020042e+00 7.256853758741341198e-02 1.451370751751890396e+02
3.409470752089136170e+01 2.802812516281607991e+00 4.140560589893011567e+00 7.431015609835010804e-02 1.486203121994489322e+02
3.509749303621169503e+01 2.874847267691253538e+00 4.090874379328719890e+00 7.602815564820031291e-02 1.520563112949874096e+02
3.610027855153202836e+01 2.946001427517126903e+00 4.039935097135478159e+00 7.772255480146240958e-02 1.554451096034831323e+02
3.710306406685236880e+01 3.016253200599884110e+00 3.987758346473737170e+00 7.939337787582431694e-02 1.587867557508240850e+02
3.810584958217270213e+01 3.085581068189356291e+00 3.934360109551669815e+00 8.104065470500623758e-02 1.620813094100684282e+02
3.910863509749303546e+01 3.153963794535942000e+00 3.879756742729683516e+00 8.266442047061299536e-02 1.653288409398864758e+02
4.011142061281336879e+01 3.221380433395307108e+00 3.823964971510312338e+00 8.426471558228655623e-02 1.685294311636123439e+02
4.111420612813370212e+01 3.287810334444404514e+00 3.767001885415054208e+00 8.584158559059400229e-02 1.716831711818661574e+02
4.211699164345403545e+01 3.353233149606856589e+00 3.708884932749691110e+00 8.739508112081081914e-02 1.747901622399100745e+02
4.311977715877436879e+01 3.417628839285757003e+00 3.649631915259714532e+00 8.892525781810335650e-02 1.778505156345908063e+02
4.412256267409470922e+01 3.480977678501971706e+00 3.589260982677496159e+00 9.043217629668992563e-02 1.808643525929784630e+02
4.512534818941504255e+01 3.543260262936085869e+00 3.527790627162856740e+00 9.191590208619848656e-02 1.838318041739312036e+02
4.612813370473537589e+01 3.604457514872114743e+00 3.465239677638754401e+00 9.337650556937608648e-02 1.867530111403434319e+02
4.713091922005570922e+01 3.664550689041184750e+00 3.401627294023814141e+00 9.481406190458610550e-02 1.896281238080860305e+02
4.813370473537604255e+01 3.723521378363377377e+00 3.336972961363472212e+00 9.622865092664910358e-02 1.924573018552283656e+02
4.913649025069637588e+01 3.781351519585976373e+00 3.271296483861532600e+00 9.762035701812529775e-02 1.952407140366555041e+02
5.013927576601670921e+01 3.838023398816416965e+00 3.204617978813961710e+00 9.898926894167138502e-02 1.979785378845230639e+02
5.114206128133704254e+01 3.893519656948199792e+00 3.136957870446777097e+00 1.003354796218703798e-01 2.006709592439551102e+02
5.214484679665737588e+01 3.947823294978144215e+00 3.068336883659925629e+00 1.016590858622737764e-01 2.033181717228244167e+02
5.314763231197771631e+01 4.000917679213342737e+00 2.998776037679058870e+00 1.029601879788723806e-01 2.059203759542105274e+02
5.415041782729804964e+01 4.052786546366198728e+00 2.928296639617157915e+00 1.042388893269662886e-01 2.084777786543201614e+02
5.515320334261838298e+01 4.103414008536027779e+00 2.856920277947966547e+00 1.054952956911643785e-01 2.109905913813825293e+02
5.615598885793871631e+01 4.152784558075659049e+00 2.784668815893255545e+00 1.067295144999062251e-01 2.134590290020638292e+02
5.715877437325904964e+01 4.200883072341572877e+00 2.711564384725915211e+00 1.079416538146822646e-01 2.158833076318783526e+02
5.816155988857938297e+01 4.247694818326092303e+00 2.637629376990950014e+00 1.091318210291779833e-01 2.182636420598321649e+02
5.916434540389971630e+01 4.293205457170247819e+00 2.562886439646439474e+00 1.103001211939884374e-01 2.206002423867994935e+02
6.016713091922005674e+01 4.337401048555891592e+00 2.487358467126572048e+00 1.114466548567867865e-01 2.228933097135482626e+02
6.116991643454039007e+01 4.380268054975744008e+00 2.411068594328873882e+00 1.125715152725678403e-01 2.251430305469162647e+02
6.217270194986072340e+01 4.421793345880054460e+00 2.334040189527780917e+00 1.136747847919533094e-01 2.273495695831115313e+02
6.317548746518105673e+01 4.461964201698604526e+00 2.256296847216726409e+00 1.147565301714884578e-01 2.295130603466311072e+02
6.417827298050139007e+01 4.500768317736830504e+00 2.177862380880935866e+00 1.158167964622097701e-01 2.316335929215124168e+02
6.518105849582173050e+01 4.538193807944863600e+00 2.098760815703138327e+00 1.168555990117935706e-01 2.337111980233869133e+02
6.618384401114205673e+01 4.574229208558322490e+00 2.019016381204448152e+00 1.178729129456900920e-01 2.357458258922737286e+02
6.718662952646239717e+01 4.608863481609783541e+00 1.938653503822627355e+00 1.188686592536981335e-01 2.377373185076803281e+02
6.818941504178272339e+01 4.642086018309796280e+00 1.857696799430064383e+00 1.198426862654676517e-01 2.396853725321959701e+02
6.919220055710306383e+01 4.673886642296460003e+00 1.776171065793699766e+00 1.207947448032434812e-01 2.415894896062031876e+02
7.019498607242339006e+01 4.704255612752528570e+00 1.694101274979254335e+00 1.217244545714231685e-01 2.434489091427335836e+02
7.119777158774373049e+01 4.733183627389116133e+00 1.611512565702052147e+00 1.226312582577658572e-01 2.452625165178592965e+02
7.220055710306405672e+01 4.760661825295065874e+00 1.528430235626819345e+00 1.235143581753309905e-01 2.470287163501561167e+02
7.320334261838439716e+01 4.786681789651131780e+00 1.444879733618765538e+00 1.243726277348981279e-01 2.487452554704311467e+02
7.420612813370473759e+01 4.811235550308125219e+00 1.360886651948381987e+00 1.252044860358764722e-01 2.504089720717361729e+02
7.520891364902506382e+01 4.834315586228238537e+00 1.276476718452289605e+00 1.260077174190187277e-01 2.520154348379585656e+02
7.621169916434540426e+01 4.855914827788814669e+00 1.191675788652571732e+00 1.267792071770690865e-01 2.535584143540797868e+02
7.721448467966573048e+01 4.876026658947829162e+00 1.106509837837004184e+00 1.275145465362009789e-01 2.550290930717832794e+02
7.821727019498607092e+01 4.894644919270447758e+00 1.021004953102575996e+00 1.282074283214112431e-01 2.564148566425832314e+02
7.922005571030639715e+01 4.911763905816020959e+00 9.351873253647906559e-01 1.288486971373021261e-01 2.576973942744614874e+02
8.022284122562673758e+01 4.927378374884945345e+00 8.490832413351452335e-01 1.294248089832445991e-01 2.588496179663953285e+02
8.122562674094707802e+01 4.941483543624858754e+00 7.627190754692770858e-01 1.299152395388825654e-01 2.598304790768189605e+02
8.222841225626740425e+01 4.954075091495669270e+00 6.761212818882296194e-01 1.302879304992068110e-01 2.605758609978102527e+02
8.323119777158774468e+01 4.965149161592973037e+00 5.893163862753173499e-01 1.304908697433542208e-01 2.609817394860040736e+02
8.423398328690807091e+01 4.974702361829463904e+00 5.023309777510716057e-01 1.304355725075721506e-01 2.608711450142048420e+02
8.523676880222841135e+01 4.982731765973959170e+00 4.151917007287482808e-01 1.299625006250405834e-01 2.599250012499942954e+02
8.623955431754873757e+01 4.989234914547724387e+00 3.279252467529165660e-01 1.287644800833783743e-01 2.575289601671297532e+02
8.724233983286907801e+01 4.994209815577842271e+00 2.405583463235826391e-01 1.262198226890164920e-01 2.524396453821020714e+02
8.824512534818941845e+01 4.997654945207366417e+00 1.531177607084085734e-01 1.211792003204000545e-01 2.423584006406506717e+02
8.924791086350974467e+01 4.999569248162094581e+00 6.563027374549519621e-02 1.132977560705033526e-01 2.265955121412629865e+02
9.025069637883008511e+01 4.999952138073808783e+00 -2.187731636075971112e-02 1.103344941549319891e-01 2.206689883101874159e+02
9.125348189415041134e+01 4.998803497659883632e+00 -1.093782052481757222e-01 1.174138293668530175e-01 2.348276587328286666e+02
9.225626740947075177e+01 4.996123678759213149e+00 -1.968455906072238137e-01 1.240998677763405500e-01 2.481997355523076010e+02
9.325905292479107800e+01 4.991913502224436527e+00 -2.842526803908017596e-01 1.277188147750445979e-01 2.554376295500378262e+02
9.426183844011141844e+01 4.986174257670509036e+00 -3.715727010208897951e-01 1.294827529854730708e-01 2.589655059714833669e+02
9.526462395543174466e+01 4.978907703079670455e+00 -4.587789055895258317e-01 1.302656342748474694e-01 2.605312685499926033e+02
9.626740947075208510e+01 4.970116064262974476e+00 -5.458445820516401037e-01 1.305032027532210259e-01 2.610064055073198119e+02
9.727019498607242554e+01 4.959802034178488306e+00 -6.327430614071787307e-01 1.304150145320928933e-01 2.608300290664160457e+02
9.827298050139275176e+01 4.947968772106428048e+00 -7.194477258700686662e-01 1.301189469376244079e-01 2.602378938753972761e+02
9.927576601671309220e+01 4.934619902681429693e+00 -8.059320170214864243e-01 1.296823947076681527e-01 2.593647894146878912e+02
1.002785515320334184e+02 4.919759514782303000e+00 -8.921694439449278091e-01 1.291459762209760664e-01 2.582919524417581556e+02
1.012813370473537589e+02 4.903392160279563150e+00 -9.781335913406313809e-01 1.285352343144314791e-01 2.570704686280407714e+02
1.022841225626740851e+02 4.885522852641155822e+00 -1.063798127616809142e+00 1.278667857278389386e-01 2.557335714558697930e+02
1.032869080779944255e+02 4.866157065396784276e+00 -1.149136812955255493e+00 1.271517363609993012e-01 2.543034727214010786e+02
1.042896935933147518e+02 4.845300730461319816e+00 -1.234123507348838134e+00 1.263976694117794897e-01 2.527953388238024388e+02
1.052924791086350922e+02 4.822960236317803684e+00 -1.318732178608421846e+00 1.256098498473061098e-01 2.512196996947643868e+02
1.062952646239554326e+02 4.799142426060594602e+00 -1.402936910336752829e+00 1.247919792963602392e-01 2.495839585935008529e+02
1.072980501392757589e+02 4.773854595299267700e+00 -1.486711909866892611e+00 1.239466831183572426e-01 2.478933662364984798e+02
1.083008356545960993e+02 4.747104489923906101e+00 -1.570031516162745167e+00 1.230758326370190864e-01 2.461516652732184696e+02
1.093036211699164255e+02 4.718900303732464607e+00 -1.652870207679251635e+00 1.221807630052565430e-01 2.443615260095469068e+02
1.103064066852367660e+02 4.689250675920932032e+00 -1.735202610179884308e+00 1.212624233250012284e-01 2.425248466476556644e+02
1.113091922005570922e+02 4.658164688437071987e+00 -1.817003504508992506e+00 1.203214818216233606e-01 2.406429636424636840e+02
1.123119777158774326e+02 4.625651863198537939e+00 -1.898247834316660887e+00 1.193584006160228195e-01 2.387168012335169749e+02
1.133147632311977731e+02 4.591722159176226725e+00 -1.978910713733696314e+00 1.183734895740734816e-01 2.367469791483070480e+02
1.143175487465180993e+02 4.556385969343755171e+00 -2.058967434994387169e+00 1.173669455340159429e-01 2.347338910663257536e+02
1.153203342618384397e+02 4.519654117493995038e+00 -2.138393476004726068e+00 1.163388811726507321e-01 2.326777623459022664e+02
1.163231197771587659e+02 4.481537854923654862e+00 -2.217164507853733202e+00 1.152893464384186356e-01 2.305786928754882581e+02
1.173259052924791064e+02 4.442048856986898997e+00 -2.295256402265633433e+00 1.142183445916142015e-01 2.284366891827926906e+02
1.183286908077994326e+02 4.401199219519088324e+00 -2.372645238990559236e+00 1.131258442928476105e-01 2.262516885862542040e+02
1.193314763231197730e+02 4.359001455131713776e+00 -2.449307313131531938e+00 1.120117887691098740e-01 2.240235775394228028e+02
1.203342618384401135e+02 4.315468489379667538e+00 -2.525219142405499717e+00 1.108761028010150362e-01 2.217522056032136675e+02
1.213370473537604397e+02 4.270613656802040303e+00 -2.600357474336155494e+00 1.097186980738257683e-01 2.194373961459245095e+02
1.223398328690807801e+02 4.224450696837615205e+00 -2.674699293376395559e+00 1.085394772912606776e-01 2.170789545840462438e+02
1.233426183844011064e+02 4.176993749616372931e+00 -2.748221827958171826e+00 1.073383373487128700e-01 2.146766746985717589e+02
1.243454038997214468e+02 4.128257351628224825e+00 -2.820902557467648286e+00 1.061151717873073108e-01 2.122303435748151799e+02
1.253481894150417730e+02 4.078256431270370186e+00 -2.892719219143445208e+00 1.048698726956964894e-01 2.097397453909091780e+02
1.263509749303621135e+02 4.027006304274582504e+00 -2.963649814895944701e+00 1.036023321861425234e-01 2.072046643730798792e+02
1.273537604456824397e+02 3.974522669015873255e+00 -3.033672618045484271e+00 1.023124435411819633e-01 2.046248870846631291e+02
1.283565459610027801e+02 3.920821601703927239e+00 -3.102766179977449301e+00 1.010001021046575131e-01 2.020002042108018259e+02
1.293593314763231206e+02 3.865919551458822490e+00 -3.170909336712170568e+00 9.966520597403824566e-02 1.993304119465924487e+02
1.303621169916434610e+02 3.809833335272517107e+00 -3.238081215387639489e+00 9.830765653768232248e-02 1.966153130751532956e+02
1.313649025069637730e+02 3.752580132857652462e+00 -3.304261240653051601e+00 9.692735889142739536e-02 1.938547177831109707e+02
1.323676880222841135e+02 3.694177481385243933e+00 -3.369429140971238468e+00 9.552422216068250094e-02 1.910484443203644389e+02
1.333704735376044539e+02 3.634643270112901892e+00 -3.433564954827997617e+00 9.409815974906624025e-02 1.881963194960423209e+02
1.343732590529247943e+02 3.573995734905183852e+00 -3.496649036846499747e+00 9.264908952957162658e-02 1.852981790573873866e+02
1.353760445682451063e+02 3.512253452647783547e+00 -3.558662063804840958e+00 9.117693399158015299e-02 1.823538679837921563e+02
1.363788300835654468e+02 3.449435335557263560e+00 -3.619585040554918365e+00 8.968162035366311624e-02 1.793632407069908936e+02
1.373816155988857872e+02 3.385560625388081668e+00 -3.679399305840813650e+00 8.816308065104633274e-02 1.763261613023370273e+02
1.383844011142061277e+02 3.320648887538655725e+00 -3.738086538014909088e+00 8.662125180469820718e-02 1.732425036080203995e+02
1.393871866295264681e+02 3.254720005058315824e+00 -3.795628760649965461e+00 8.505607567854209239e-02 1.701121513575446045e+02
1.403899721448467801e+02 3.187794172556948524e+00 -3.852008348045466768e+00 8.346749913092313400e-02 1.669349982634099661e+02
1.413927576601671205e+02 3.119891890019187652e+00 -3.907208030626537543e+00 8.185547406654250513e-02 1.637109481334511543e+02
1.423955431754874610e+02 3.051033956525112334e+00 -3.961210900233756327e+00 8.021995749595292602e-02 1.604399149900126531e+02
1.433983286908078014e+02 2.981241463879281905e+00 -4.014000415302285241e+00 7.856091161092382258e-02 1.571218232217577793e+02
1.444011142061281134e+02 2.910535790150136748e+00 -4.065560405928698273e+00 7.687830388621270938e-02 1.537566077721153022e+02
1.454038997214484539e+02 2.838938593121689280e+00 -4.115875078823973077e+00 7.517210722133649270e-02 1.503442144438690775e+02
1.464066852367687943e+02 2.766471803659569240e+00 -4.164929022151105720e+00 7.344230014024004383e-02 1.468846002806931210e+02
1.474094707520891347e+02 2.693157618993391900e+00 -4.212707210245905998e+00 7.168886707293715965e-02 1.433777341460079526e+02
1.484122562674094752e+02 2.619018495917541767e+00 -4.259195008219490042e+00 6.991179875118704035e-02 1.398235975016218333e+02
1.494150417827297872e+02 2.544077143912469641e+00 -4.304378176441073123e+00 6.811109276161278481e-02 1.362221855233797214e+02
1.504178272980501276e+02 2.468356518188551174e+00 -4.348242874899709953e+00 6.628675431472022539e-02 1.325735086303014896e+02
1.514206128133704681e+02 2.391879812654727822e+00 -4.390775667443599595e+00 6.443879730866114430e-02 1.288775946191797459e+02
1.524233983286908085e+02 2.314670452813980983e+00 -4.431963525895708855e+00 6.256724579411193643e-02 1.251344915879568021e+02
1.534261838440111489e+02 2.236752088587904641e+00 -4.471793834044414773e+00 6.067213598408620345e-02 1.213442719684154554e+02
1.544289693593314610e+02 2.158148587072508118e+00 -4.510254391507970695e+00 5.875351900268183103e-02 1.175070380081064059e+02
1.554317548746518014e+02 2.078884025227518695e+00 -4.547333417471588035e+00 5.681146463510962363e-02 1.136229292705293119e+02
1.564345403899721418e+02 1.998982682501394104e+00 -4.583019554296003051e+00 5.484606643394362990e-02 1.096921328683636574e+02
1.574373259052924823e+02 1.918469033394299528e+00 -4.617301870996430857e+00 5.285744866215434656e-02 1.057148973220636776e+02
1.584401114206127943e+02 1.837367739961360602e+00 -4.650169866590819545e+00 5.084577572518290955e-02 1.016915514508651199e+02
1.594428969359331347e+02 1.755703644258441276e+00 -4.681613473316398100e+00 4.881126497904934858e-02 9.762252995527271082e+01
1.604456824512534752e+02 1.673501760732804211e+00 -4.711623059713520689e+00 4.675420412472072740e-02 9.350840824773331406e+01
1.614484679665738156e+02 1.590787268560964973e+00 -4.740189433575872080e+00 4.467497484749967385e-02 8.934994969791998187e+01
1.624512534818941560e+02 1.507585503936079929e+00 -4.767303844766116683e+00 4.257408498858875068e-02 8.514816997879509586e+01
1.634540389972144681e+02 1.423921952307237504e+00 -4.792957987896153682e+00 4.045221242916459403e-02 8.090442485694792651e+01
1.644568245125348085e+02 1.339822240573040002e+00 -4.817144004871126484e+00 3.831026515920475661e-02 7.662053031913529821e+01
1.654596100278551489e+02 1.255312129231860974e+00 -4.839854487296427976e+00 3.614946391404859349e-02 7.229892782624480674e+01
1.664623955431754894e+02 1.170417504491156890e+00 -4.861082478746960867e+00 3.397145666529545471e-02 6.794291332904572300e+01
1.674651810584958014e+02 1.085164370338307371e+00 -4.880821476897948763e+00 3.177847879926175290e-02 6.355695759838880576e+01
1.684679665738161418e+02 9.995788405753439632e-01 -4.899065435516660294e+00 2.957358016998345648e-02 5.914716033864064570e+01
1.694707520891364823e+02 9.136871308200638087e-01 -4.915808766314430756e+00 2.736095249223899351e-02 5.472190498572587813e+01
1.704735376044568227e+02 8.275155504759551528e-01 -4.931046340658387095e+00 2.514641164716539812e-02 5.029282329398893125e+01
1.714763231197771631e+02 7.410904946733855025e-01 -4.944773491142416155e+00 2.293812662391559593e-02 4.587625324708327668e+01
1.724791086350974751e+02 6.544384361845317910e-01 -4.956986013016815740e+00 2.074775315645473531e-02 4.149550631233483955e+01
1.734818941504178156e+02 5.675859173145356706e-01 -4.967680165476257237e+00 1.859224827635813301e-02 3.718449655090022787e+01
1.744846796657381560e+02 4.805595417713641737e-01 -4.976852672805624600e+00 1.649684450447359146e-02 3.299368900939320071e+01
1.754874651810584965e+02 3.933859665168384923e-01 -4.984500725383396613e+00 1.449996450921443858e-02 2.899992901883585716e+01
1.764902506963788369e+02 3.060918936013825586e-01 -4.990621980542257141e+00 1.266109480907637135e-02 2.532218961768390031e+01
1.774930362116991489e+02 2.187040619849400236e-01 -4.995214563286674903e+00 1.107180774794154846e-02 2.214361549614240943e+01
1.784958217270194893e+02 1.312492393465751195e-01 -4.998277066867236940e+00 9.864702750333860515e-03 1.972940550077489874e+01
1.794986072423398298e+02 4.375421388531806205e-02 -4.999808553211541273e+00 9.199850231274250487e-03 1.839970046254440916e+01
1.805013927576601702e+02 -4.375421388531906125e-02 -4.999808553211541273e+00 9.199850231274217527e-03 1.839970046272482307e+01
1.815041782729804822e+02 -1.312492393465716778e-01 -4.998277066867236940e+00 9.864702750333798065e-03 1.972940550083734834e+01
1.825069637883008227e+02 -2.187040619849365541e-01 -4.995214563286674903e+00 1.107180774794155886e-02 2.214361549557342101e+01
1.835097493036211631e+02 -3.060918936013812819e-01 -4.990621980542257141e+00 1.266109480907672349e-02 2.532218961742715990e+01
1.845125348189415035e+02 -3.933859665168372710e-01 -4.984500725383396613e+00 1.449996450921458430e-02 2.899992901859299721e+01
1.855153203342618440e+02 -4.805595417713629525e-01 -4.976852672805625488e+00 1.649684450447305023e-02 3.299368900911564850e+01
1.865181058495821560e+02 -5.675859173145322289e-01 -4.967680165476259013e+00 1.859224827635662033e-02 3.718449655325945002e+01
1.875208913649024964e+02 -6.544384361845283493e-01 -4.956986013016815740e+00 2.074775315645577267e-02 4.149550631377118748e+01
1.885236768802228369e+02 -7.410904946733842813e-01 -4.944773491142416155e+00 2.293812662391441284e-02 4.587625324897759072e+01
1.895264623955431773e+02 -8.275155504759562630e-01 -4.931046340658387095e+00 2.514641164716474933e-02 5.029282329570283849e+01
1.905292479108634893e+02 -9.136871308200604780e-01 -4.915808766314430756e+00 2.736095249223841411e-02 5.472190498444911810e+01
1.915320334261838298e+02 -9.995788405753406325e-01 -4.899065435516661182e+00 2.957358016998170788e-02 5.914716034045864035e+01
1.925348189415041702e+02 -1.085164370338306261e+00 -4.880821476897948763e+00 3.177847879926021246e-02 6.355695759874963358e+01
1.935376044568245106e+02 -1.170417504491155558e+00 -4.861082478746960867e+00 3.397145666529402530e-02 6.794291333063473814e+01
1.945403899721448511e+02 -1.255312129231859641e+00 -4.839854487296427976e+00 3.614946391404772613e-02 7.229892782729952216e+01
1.955431754874651631e+02 -1.339822240573038670e+00 -4.817144004871127372e+00 3.831026515920300801e-02 7.662053031828874339e+01
1.965459610027855035e+02 -1.423921952307234173e+00 -4.792957987896154570e+00 4.045221242916340054e-02 8.090442485962634578e+01
1.975487465181058440e+02 -1.507585503936078819e+00 -4.767303844766116683e+00 4.257408498858594736e-02 8.514816997596402359e+01
1.985515320334261844e+02 -1.590787268560966083e+00 -4.740189433575872080e+00 4.467497484749825831e-02 8.934994969474891491e+01
1.995543175487464964e+02 -1.673501760732800658e+00 -4.711623059713522466e+00 4.675420412471845144e-02 9.350840824941253970e+01
2.005571030640668369e+02 -1.755703644258437723e+00 -4.681613473316398988e+00 4.881126497904594158e-02 9.762252995895725860e+01
2.015598885793871773e+02 -1.837367739961359492e+00 -4.650169866590820433e+00 5.084577572518193811e-02 1.016915514498034696e+02
2.025626740947075177e+02 -1.918469033394298418e+00 -4.617301870996431745e+00 5.285744866215052323e-02 1.057148973250821058e+02
2.035654596100278582e+02 -1.998982682501392771e+00 -4.583019554296003051e+00 5.484606643394143027e-02 1.096921328672950722e+02
2.045682451253481702e+02 -2.078884025227517363e+00 -4.547333417471588923e+00 5.681146463510530070e-02 1.136229292714660488e+02
2.055710306406685106e+02 -2.158148587072505009e+00 -4.510254391507972471e+00 5.875351900267458682e-02 1.175070380051643184e+02
2.065738161559888511e+02 -2.236752088587903753e+00 -4.471793834044414773e+00 6.067213598408424668e-02 1.213442719671803331e+02
2.075766016713091915e+02 -2.314670452813981871e+00 -4.431963525895707967e+00 6.256724579411195031e-02 1.251344915881510929e+02
2.085793871866295035e+02 -2.391879812654724269e+00 -4.390775667443601371e+00 6.443879730866185207e-02 1.288775946177850358e+02
2.095821727019498439e+02 -2.468356518188548510e+00 -4.348242874899711730e+00 6.628675431471842128e-02 1.325735086293300355e+02
2.105849582172701844e+02 -2.544077143912466976e+00 -4.304378176441074899e+00 6.811109276160576265e-02 1.362221855233727865e+02
2.115877437325905248e+02 -2.619018495917540879e+00 -4.259195008219490042e+00 6.991179875118361253e-02 1.398235975015454926e+02
2.125905292479108653e+02 -2.693157618993391011e+00 -4.212707210245906886e+00 7.168886707293428695e-02 1.433777341453557028e+02
2.135933147632311773e+02 -2.766471803659568351e+00 -4.164929022151106608e+00 7.344230014023689357e-02 1.468846002797494350e+02
2.145961002785515177e+02 -2.838938593121686171e+00 -4.115875078823974853e+00 7.517210722133152445e-02 1.503442144429323264e+02
2.155988857938718581e+02 -2.910535790150134083e+00 -4.065560405928700050e+00 7.687830388620991995e-02 1.537566077723442959e+02
2.166016713091921986e+02 -2.981241463879282350e+00 -4.014000415302284352e+00 7.856091161092140784e-02 1.571218232217924538e+02
2.176044568245125390e+02 -3.051033956525111002e+00 -3.961210900233756771e+00 8.021995749595141334e-02 1.604399149913934934e+02
2.186072423398328510e+02 -3.119891890019184988e+00 -3.907208030626539319e+00 8.185547406653681524e-02 1.637109481323340106e+02
2.196100278551531915e+02 -3.187794172556945416e+00 -3.852008348045468544e+00 8.346749913091563999e-02 1.669349982612727956e+02
2.206128133704735319e+02 -3.254720005058315380e+00 -3.795628760649966349e+00 8.505607567853590290e-02 1.701121513572462334e+02
2.216155988857938723e+02 -3.320648887538654837e+00 -3.738086538014910420e+00 8.662125180469219810e-02 1.732425036092624566e+02
2.226183844011141844e+02 -3.385560625388079004e+00 -3.679399305840815870e+00 8.816308065104361269e-02 1.763261613010949702e+02
2.236211699164345248e+02 -3.449435335557260895e+00 -3.619585040554920585e+00 8.968162035366020191e-02 1.793632407062276002e+02
2.246239554317548652e+02 -3.512253452647780883e+00 -3.558662063804843179e+00 9.117693399157336676e-02 1.823538679837297138e+02
2.256267409470752057e+02 -3.573995734905182964e+00 -3.496649036846500636e+00 9.264908952956868449e-02 1.852981790594690494e+02
2.266295264623955461e+02 -3.634643270112902336e+00 -3.433564954827997173e+00 9.409815974905960667e-02 1.881963194982349989e+02
2.276323119777158581e+02 -3.694177481385241268e+00 -3.369429140971240688e+00 9.552422216068397198e-02 1.910484443211971097e+02
2.286350974930361986e+02 -3.752580132857650241e+00 -3.304261240653054266e+00 9.692735889142461980e-02 1.938547177830068904e+02
2.296378830083565390e+02 -3.809833335272516219e+00 -3.238081215387639933e+00 9.830765653768264167e-02 1.966153130751949334e+02
2.306406685236768794e+02 -3.865919551458822934e+00 -3.170909336712170123e+00 9.966520597403613624e-02 1.993304119484937189e+02
2.316434540389971914e+02 -3.920821601703923243e+00 -3.102766179977453742e+00 1.010001021046618014e-01 2.020002042095528338e+02
2.326462395543175319e+02 -3.974522669015872367e+00 -3.033672618045485603e+00 1.023124435411749689e-01 2.046248870819430863e+02
2.336490250696378723e+02 -4.027006304274581616e+00 -2.963649814895946033e+00 1.036023321861408025e-01 2.072046643720668158e+02
2.346518105849582128e+02 -4.078256431270368410e+00 -2.892719219143448317e+00 1.048698726956943106e-01 2.097397453919014367e+02
2.356545961002785532e+02 -4.128257351628224825e+00 -2.820902557467647842e+00 1.061151717873118627e-01 2.122303435751759935e+02
2.366573816155988652e+02 -4.176993749616372043e+00 -2.748221827958173158e+00 1.073383373487143966e-01 2.146766746978084939e+02
2.376601671309192056e+02 -4.224450696837614316e+00 -2.674699293376396447e+00 1.085394772912543215e-01 2.170789545831858334e+02
2.386629526462395461e+02 -4.270613656802037639e+00 -2.600357474336158603e+00 1.097186980738168449e-01 2.194373961472359440e+02
2.396657381615598865e+02 -4.315468489379668426e+00 -2.525219142405498829e+00 1.108761028010125660e-01 2.217522056015344560e+02
2.406685236768802270e+02 -4.359001455131712888e+00 -2.449307313131532826e+00 1.120117887691075564e-01 2.240235775378407368e+02
2.416713091922005390e+02 -4.401199219519088324e+00 -2.372645238990560124e+00 1.131258442928488872e-01 2.262516885850954225e+02
2.426740947075208794e+02 -4.442048856986898109e+00 -2.295256402265636542e+00 1.142183445916113982e-01 2.284366891830979966e+02
2.436768802228412198e+02 -4.481537854923653086e+00 -2.217164507853736310e+00 1.152893464384162348e-01 2.305786928768205257e+02
2.446796657381615603e+02 -4.519654117493995926e+00 -2.138393476004725180e+00 1.163388811726519673e-01 2.326777623454581772e+02
2.456824512534818723e+02 -4.556385969343755171e+00 -2.058967434994388057e+00 1.173669455340104750e-01 2.347338910680049651e+02
2.466852367688022127e+02 -4.591722159176226725e+00 -1.978910713733697424e+00 1.183734895740741755e-01 2.367469791488760507e+02
2.476880222841225532e+02 -4.625651863198536162e+00 -1.898247834316663774e+00 1.193584006160133132e-01 2.387168012321430695e+02
2.486908077994428936e+02 -4.658164688437071987e+00 -1.817003504508992506e+00 1.203214818216239435e-01 2.406429636428661354e+02
2.496935933147632340e+02 -4.689250675920931144e+00 -1.735202610179885419e+00 1.212624233249987304e-01 2.425248466504173450e+02
2.506963788300835461e+02 -4.718900303732463719e+00 -1.652870207679253856e+00 1.221807630052555993e-01 2.443615260105530638e+02
2.516991643454038865e+02 -4.747104489923905213e+00 -1.570031516162747165e+00 1.230758326370174072e-01 2.461516652740927782e+02
2.527019498607242269e+02 -4.773854595299267700e+00 -1.486711909866892611e+00 1.239466831183537732e-01 2.478933662367274735e+02
2.537047353760445674e+02 -4.799142426060594602e+00 -1.402936910336752829e+00 1.247919792963577135e-01 2.495839585925641018e+02
2.547075208913648794e+02 -4.822960236317803684e+00 -1.318732178608423178e+00 1.256098498473060543e-01 2.512196996941745795e+02
2.557103064066852198e+02 -4.845300730461319816e+00 -1.234123507348841242e+00 1.263976694117838750e-01 2.527953388232959071e+02
2.567130919220055603e+02 -4.866157065396783388e+00 -1.149136812955258824e+00 1.271517363609986351e-01 2.543034727217618922e+02
2.577158774373259007e+02 -4.885522852641155822e+00 -1.063798127616809364e+00 1.278667857278405762e-01 2.557335714556303969e+02
2.587186629526462411e+02 -4.903392160279563150e+00 -9.781335913406326021e-01 1.285352343144302856e-01 2.570704686284778973e+02
2.597214484679665816e+02 -4.919759514782303000e+00 -8.921694439449302516e-01 1.291459762209753448e-01 2.582919524418518336e+02
2.607242339832869220e+02 -4.934619902681429693e+00 -8.059320170214842038e-01 1.296823947076614081e-01 2.593647894157703604e+02
2.617270194986072056e+02 -4.947968772106427160e+00 -7.194477258700732181e-01 1.301189469376240193e-01 2.602378938752099202e+02
2.627298050139275460e+02 -4.959802034178488306e+00 -6.327430614071831716e-01 1.304150145320867038e-01 2.608300290641122956e+02
2.637325905292478865e+02 -4.970116064262972699e+00 -5.458445820516413249e-01 1.305032027532249672e-01 2.610064055061367299e+02
2.647353760445682269e+02 -4.978907703079670455e+00 -4.587789055895293289e-01 1.302656342748471641e-01 2.605312685495485425e+02
2.657381615598885674e+02 -4.986174257670507259e+00 -3.715727010208932368e-01 1.294827529854764014e-01 2.589655059711606668e+02
2.667409470752089078e+02 -4.991913502224436527e+00 -2.842526803908029254e-01 1.277188147750421832e-01 2.554376295500759966e+02
2.677437325905292482e+02 -4.996123678759213149e+00 -1.968455906072250627e-01 1.240998677763420766e-01 2.481997355529910863e+02
2.687465181058495887e+02 -4.998803497659883632e+00 -1.093782052481780398e-01 1.174138293668512967e-01 2.348276587336647765e+02
2.697493036211699291e+02 -4.999952138073808783e+00 -2.187731636075760516e-02 1.103344941549282976e-01 2.206689883097363918e+02
2.707520891364902127e+02 -4.999569248162094581e+00 6.563027374549063042e-02 1.132977560705072662e-01 2.265955121410236188e+02
2.717548746518105531e+02 -4.997654945207366417e+00 1.531177607084040215e-01 1.211792003204008039e-01 2.423584006406576066e+02
2.727576601671308936e+02 -4.994209815577842271e+00 2.405583463235803077e-01 1.262198226890083042e-01 2.524396453779179126e+02
2.737604456824512340e+02 -4.989234914547724387e+00 3.279252467529131798e-01 1.287644800833812608e-01 2.575289601669215926e+02
2.747632311977715744e+02 -4.982731765973959170e+00 4.151917007287448946e-01 1.299625006250469950e-01 2.599250012503412108e+02
2.757660167130919149e+02 -4.974702361829463904e+00 5.023309777510703844e-01 1.304355725075647121e-01 2.608711450154330009e+02
2.767688022284122553e+02 -4.965149161592973037e+00 5.893163862753160176e-01 1.304908697433559417e-01 2.609817394869755276e+02
2.777715877437325958e+02 -4.954075091495669270e+00 6.761212818882272879e-01 1.302879304992042298e-01 2.605758609984624741e+02
2.787743732590529362e+02 -4.941483543624858754e+00 7.627190754692783070e-01 1.299152395388840919e-01 2.598304790780645135e+02
2.797771587743732198e+02 -4.927378374884946233e+00 8.490832413351407926e-01 1.294248089832467641e-01 2.588496179665340833e+02
2.807799442896935602e+02 -4.911763905816021847e+00 9.351873253647851048e-01 1.288486971372989343e-01 2.576973942749680191e+02
2.817827298050139007e+02 -4.894644919270448646e+00 1.021004953102573776e+00 1.282074283214088561e-01 2.564148566430411620e+02
2.827855153203342411e+02 -4.876026658947829162e+00 1.106509837837000632e+00 1.275145465361983699e-01 2.550290930724285943e+02
2.837883008356545815e+02 -4.855914827788815558e+00 1.191675788652568624e+00 1.267792071770697526e-01 2.535584143545585505e+02
2.847910863509749220e+02 -4.834315586228238537e+00 1.276476718452288495e+00 1.260077174190178118e-01 2.520154348375075415e+02
2.857938718662952624e+02 -4.811235550308125219e+00 1.360886651948380655e+00 1.252044860358737244e-01 2.504089720712643441e+02
2.867966573816156028e+02 -4.786681789651131780e+00 1.444879733618767537e+00 1.243726277348958797e-01 2.487452554691266187e+02
2.877994428969359433e+02 -4.760661825295065874e+00 1.528430235626819345e+00 1.235143581753348624e-01 2.470287163506487786e+02
2.888022284122562269e+02 -4.733183627389117909e+00 1.611512565702047928e+00 1.226312582577567811e-01 2.452625165151392537e+02
2.898050139275765673e+02 -4.704255612752531235e+00 1.694101274979247895e+00 1.217244545714243897e-01 2.434489091424768503e+02
2.908077994428969077e+02 -4.673886642296460892e+00 1.776171065793697323e+00 1.207947448032427040e-01 2.415894896059533892e+02
2.918105849582172482e+02 -4.642086018309797169e+00 1.857696799430060830e+00 1.198426862654710656e-01 2.396853725303710405e+02
2.928133704735375886e+02 -4.608863481609783541e+00 1.938653503822627355e+00 1.188686592536952746e-01 2.377373185081868598e+02
2.938161559888579291e+02 -4.574229208558323378e+00 2.019016381204446819e+00 1.178729129456902169e-01 2.357458258908373807e+02
2.948189415041782695e+02 -4.538193807944863600e+00 2.098760815703136995e+00 1.168555990117871590e-01 2.337111980241501783e+02
2.958217270194986099e+02 -4.500768317736830504e+00 2.177862380880936310e+00 1.158167964622071056e-01 2.316335929241075746e+02
2.968245125348189504e+02 -4.461964201698603638e+00 2.256296847216726853e+00 1.147565301714834063e-01 2.295130603435849252e+02
2.978272980501392908e+02 -4.421793345880054460e+00 2.334040189527780917e+00 1.136747847919536564e-01 2.273495695846242199e+02
2.988300835654595744e+02 -4.380268054975746672e+00 2.411068594328868997e+00 1.125715152725667856e-01 2.251430305457088821e+02
2.998328690807799148e+02 -4.337401048555892480e+00 2.487358467126569828e+00 1.114466548567865922e-01 2.228933097139021413e+02
3.008356545961002553e+02 -4.293205457170250483e+00 2.562886439646436365e+00 1.103001211939882431e-01 2.206002423878403249e+02
3.018384401114205957e+02 -4.247694818326092303e+00 2.637629376990950014e+00 1.091318210291725710e-01 2.182636420586664485e+02
3.028412256267409361e+02 -4.200883072341572877e+00 2.711564384725914323e+00 1.079416538146832361e-01 2.158833076289709538e+02
3.038440111420612766e+02 -4.152784558075660826e+00 2.784668815893254212e+00 1.067295144999011042e-01 2.134590290000376456e+02
3.048467966573816170e+02 -4.103414008536027779e+00 2.856920277947967879e+00 1.054952956911570650e-01 2.109905913820486774e+02
3.058495821727019575e+02 -4.052786546366198728e+00 2.928296639617157915e+00 1.042388893269638461e-01 2.084777786539315798e+02
3.068523676880222979e+02 -4.000917679213342737e+00 2.998776037679058426e+00 1.029601879788712149e-01 2.059203759570416139e+02
3.078551532033425815e+02 -3.947823294978145992e+00 3.068336883659924297e+00 1.016590858622722915e-01 2.033181717248713767e+02
3.088579387186629219e+02 -3.893519656948201568e+00 3.136957870446774432e+00 1.003354796218714207e-01 2.006709592432542877e+02
3.098607242339832624e+02 -3.838023398816419185e+00 3.204617978813958601e+00 9.898926894165779866e-02 1.979785378834336598e+02
3.108635097493036028e+02 -3.781351519585976373e+00 3.271296483861532156e+00 9.762035701812499244e-02 1.952407140366624390e+02
3.118662952646239432e+02 -3.723521378363377821e+00 3.336972961363470880e+00 9.622865092664609210e-02 1.924573018529801516e+02
3.128690807799442837e+02 -3.664550689041186526e+00 3.401627294023812365e+00 9.481406190458302463e-02 1.896281238093558557e+02
3.138718662952646241e+02 -3.604457514872113411e+00 3.465239677638755289e+00 9.337650556937196478e-02 1.867530111381715585e+02
3.148746518105849646e+02 -3.543260262936085425e+00 3.527790627162856740e+00 9.191590208619425384e-02 1.838318041721617817e+02
3.158774373259053050e+02 -3.480977678501973038e+00 3.589260982677495271e+00 9.043217629667658908e-02 1.808643525936515175e+02
3.168802228412255886e+02 -3.417628839285758335e+00 3.649631915259712756e+00 8.892525781810350916e-02 1.778505156365614539e+02
3.178830083565459290e+02 -3.353233149606859698e+00 3.708884932749688890e+00 8.739508112080567048e-02 1.747901622420403100e+02
3.188857938718662695e+02 -3.287810334444408067e+00 3.767001885415051543e+00 8.584158559059146265e-02 1.716831711819910424e+02
3.198885793871866099e+02 -3.221380433395307552e+00 3.823964971510311894e+00 8.426471558227835446e-02 1.685294311649238068e+02
3.208913649025069503e+02 -3.153963794535943777e+00 3.879756742729682184e+00 8.266442047061514642e-02 1.653288409418224205e+02
3.218941504178272908e+02 -3.085581068189358511e+00 3.934360109551668927e+00 8.104065470500251833e-02 1.620813094101517038e+02
3.228969359331476312e+02 -3.016253200599883222e+00 3.987758346473737614e+00 7.939337787581300654e-02 1.587867557519898014e+02
3.238997214484679716e+02 -2.946001427517127347e+00 4.039935097135478159e+00 7.772255480145340290e-02 1.554451096027059691e+02
3.249025069637883121e+02 -2.874847267691254871e+00 4.090874379328719002e+00 7.602815564819899452e-02 1.520563112962017271e+02
3.259052924791085957e+02 -2.802812516281610211e+00 4.140560589893009791e+00 7.431015609834265567e-02 1.486203121968537744e+02
3.269080779944289361e+02 -2.729919238180663399e+00 4.188978509495018265e+00 7.256853758741445282e-02 1.451370751753694321e+02
3.279108635097492765e+02 -2.656189761255336457e+00 4.236113307290342078e+00 7.080328763815350868e-02 1.416065752754824700e+02
3.289136490250696170e+02 -2.581646669507767999e+00 4.281950545466335356e+00 6.901440032869998742e-02 1.380288006585864196e+02
3.299164345403899574e+02 -2.506312796157649903e+00 4.326476183664533792e+00 6.720187694521181920e-02 1.344037538895115347e+02
3.309192200557102979e+02 -2.430211216648182404e+00 4.369676583281349558e+00 6.536572688684684496e-02 1.307314537738329818e+02
3.319220055710306383e+02 -2.353365241577868527e+00 4.411538511645697547e+00 6.350596891473364591e-02 1.270119378293244097e+02
3.329247910863509787e+02 -2.275798409560281677e+00 4.452049146072277530e+00 6.162263286855839545e-02 1.232452657375579577e+02
3.339275766016713192e+02 -2.197534480013952241e+00 4.491196077789279428e+00 5.971576201779441040e-02 1.194315240348603453e+02
3.349303621169916028e+02 -2.118597425884659380e+00 4.528967315739305555e+00 5.778541627318579954e-02 1.155708325461732358e+02
3.359331476323119432e+02 -2.039011426302298258e+00 4.565351290252335659e+00 5.583167656356627373e-02 1.116633531269839494e+02
3.369359331476322836e+02 -1.958800859174594455e+00 4.600336856589620105e+00 5.385465079093193497e-02 1.077093015827770870e+02
3.379387186629526241e+02 -1.877990293719928871e+00 4.633913298357419386e+00 5.185448192354916858e-02 1.037089638475027726e+02
3.389415041782729645e+02 -1.796604482941579706e+00 4.666070330789519716e+00 4.983135898739118191e-02 9.966271797512416697e+01
3.399442896935933049e+02 -1.714668356045631947e+00 4.696798103897565468e+00 4.778553199154476905e-02 9.557106398434129346e+01
3.409470752089136454e+02 -1.632207010804948011e+00 4.726087205488190612e+00 4.571733220347576343e-02 9.143466440788422744e+01
3.419498607242339858e+02 -1.549245705871507894e+00 4.753928664046052965e+00 4.362719972026701809e-02 8.725439944068381237e+01
3.429526462395543263e+02 -1.465809853039430566e+00 4.780313951481902635e+00 4.151572102954632915e-02 8.303144205967782909e+01
3.439554317548746099e+02 -1.381925009461131060e+00 4.805234985744802678e+00 3.938368032538218377e-02 7.876736065216132943e+01
3.449582172701949503e+02 -1.297616869818928542e+00 4.828684133297738157e+00 3.723212991075404432e-02 7.446425982170212876e+01
3.459610027855152907e+02 -1.212911258454536068e+00 4.850654211455835529e+00 3.506248736515105158e-02 7.012497473009999283e+01
3.469637883008356312e+02 -1.127834121458826333e+00 4.871138490586487180e+00 3.287667077495397272e-02 6.575334154888811611e+01
3.479665738161559716e+02 -1.042411518724328801e+00 4.890130696170690072e+00 3.067728908306536009e-02 6.135457816644485263e+01
3.489693593314763120e+02 -9.566696159628240714e-01 4.907625010724998127e+00 2.846791407982327687e-02 5.693582816035380745e+01
3.499721448467966525e+02 -8.706346766905637136e-01 4.923616075583464813e+00 2.625347660172739836e-02 5.250695320301728941e+01
3.509749303621169929e+02 -7.843330541835320524e-01 4.938098992539044829e+00 2.404085743763269625e-02 4.808171487530321997e+01
3.519777158774373333e+02 -6.977911834051748752e-01 4.951069325343971705e+00 2.183979303528922611e-02 4.367958607124494819e+01
3.529805013927576738e+02 -6.110355729091446753e-01 4.962523101068607723e+00 1.966430480107970655e-02 3.932860960163125696e+01
3.539832869080779574e+02 -5.240927967195101456e-01 4.972456811318397563e+00 1.753501680360006199e-02 3.507003360706667650e+01
3.549860724233982978e+02 -4.369894861908496519e-01 4.980867413308515346e+00 1.548298140570923687e-02 3.096596281137314932e+01
3.559888579387186383e+02 -3.497523218508671872e-01 4.987752330795899525e+00 1.355594955043385591e-02 2.711189910152567251e+01
3.569916434540389787e+02 -2.624080252279021863e-01 4.993109454868378094e+00 1.182795794058894533e-02 2.365591588040366489e+01
3.579944289693593191e+02 -1.749833506658630689e-01 4.996937144590648749e+00 1.041065669588070799e-02 2.082131339199710851e+01
3.589972144846796596e+02 -8.750507712914414038e-02 4.999234227506911488e+00 9.454812138262658205e-03 1.890962427672504731e+01
3.600000000000000000e+02 0.000000000000000000e+00 5.000000000000000000e+00 9.113233010652489405e-03 1.822646602130106785e+01
