# theta_deg  Ey_V_per_um  Ez_V_per_um  alpha_eV_A  perturbative_gap_k1_microeV  
0.000000000000000000e+00 0.000000000000000000e+00 2.999999999999999556e+00 7.418327309315241556e-03 1.483665461862737622e+01
2.399999999999999911e+00 1.256269611875988623e-01 2.997368490296575150e+00 8.291460570479107159e-03 1.658292114095280567e+01
4.799999999999999822e+00 2.510335299969464473e-01 2.989478577748513111e+00 1.047288362834847449e-02 2.094576725671093342e+01
7.199999999999999289e+00 3.759997006929126084e-01 2.976344103943433517e+00 1.331162460426708188e-02 2.662324920851485999e+01
9.599999999999999645e+00 5.003062401483067134e-01 2.957988111211514948e+00 1.644121781923770995e-02 3.288243563844342532e+01
1.200000000000000000e+01 6.237350724532779722e-01 2.934442802201417066e+00 1.969150578311758271e-02 3.938301156623802513e+01
1.439999999999999858e+01 7.460696614945641070e-01 2.905749483385892784e+00 2.297952454711884793e-02 4.595904909423728668e+01
1.680000000000000071e+01 8.670953908334148030e-01 2.871958492596201840e+00 2.626087671121187656e-02 5.252175342238679434e+01
1.919999999999999929e+01 9.865999402157495934e-01 2.833129110712442777e+00 2.950975703333624800e-02 5.901951406667160427e+01
2.159999999999999787e+01 1.104373658054033758e+00 2.789329457664754042e+00 3.271016611305413435e-02 6.542033222610780285e+01
2.400000000000000000e+01 1.220209929227400458e+00 2.740636372927802267e+00 3.585166670501307995e-02 7.170333341007319916e+01
2.639999999999999858e+01 1.333905537554782361e+00 2.687135280718238484e+00 3.892715227229750358e-02 7.785430454461742045e+01
2.879999999999999716e+01 1.445261022305145415e+00 2.628920040131590419e+00 4.193159320772386900e-02 8.386318641546638730e+01
3.119999999999999929e+01 1.554081028119390195e+00 2.566092780481519675e+00 4.486129869975206963e-02 8.972259739951915947e+01
3.360000000000000142e+01 1.660174647730032316e+00 2.498763722130298071e+00 4.771346877291583743e-02 9.542693754582137444e+01
3.600000000000000000e+01 1.763355756877419189e+00 2.427050983124842354e+00 5.048591742635093194e-02 1.009718348527095770e+02
3.839999999999999858e+01 1.863443340834930684e+00 2.351080371977519068e+00 5.317689990452788285e-02 1.063537998090245651e+02
4.079999999999999716e+01 1.960261811970316126e+00 2.270985166955269197e+00 5.578500469914765558e-02 1.115700093982964489e+02
4.319999999999999574e+01 2.053641317786065734e+00 2.186905882264234435e+00 5.830908638840209129e-02 1.166181727767987013e+02
4.560000000000000142e+01 2.143418038898409872e+00 2.098990021540096063e+00 6.074822452810072632e-02 1.214964490561937254e+02
4.800000000000000000e+01 2.229434476432182510e+00 2.007391819076574713e+00 6.310169928736537870e-02 1.262033985747687552e+02
5.039999999999999858e+01 2.311539728327367538e+00 1.912271969246069236e+00 6.536897781214262571e-02 1.307379556243250249e+02
5.279999999999999716e+01 2.389589754072588779e+00 1.813797344587124716e+00 6.754970717120875601e-02 1.350994143423413334e+02
5.519999999999999574e+01 2.463447627401111450e+00 1.712140703053295354e+00 6.964371056213583544e-02 1.392874211242310594e+02
5.759999999999999432e+01 2.532983776506044560e+00 1.607480384936990081e+00 7.165098329552625767e-02 1.433019665910279059e+02
6.000000000000000000e+01 2.598076211353315568e+00 1.500000000000000222e+00 7.357168365980440439e-02 1.471433673195833478e+02
6.239999999999999858e+01 2.658610737693644310e+00 1.389888105359585291e+00 7.540611026766395886e-02 1.508122205353921856e+02
6.479999999999999716e+01 2.714481157398058286e+00 1.277337874695217979e+00 7.715464995536197579e-02 1.543092999107421122e+02
6.720000000000000284e+01 2.765589454765501110e+00 1.162546759356308801e+00 7.881766428554745629e-02 1.576353285710832495e+02
6.959999999999999432e+01 2.811845968475674251e+00 1.045716141965445711e+00 8.039524759328056658e-02 1.607904951865402836e+02
7.200000000000000000e+01 2.853169548885460483e+00 9.270509831248422428e-01 8.188670864453953535e-02 1.637734172890668845e+02
7.439999999999999147e+01 2.889487700392973757e+00 8.067594618457976097e-01 8.328942918456692934e-02 1.665788583691748954e+02
7.679999999999999716e+01 2.920736708619480204e+00 6.850526103319676263e-01 8.459622286938359159e-02 1.691924457387968630e+02
7.920000000000000284e+01 2.946861752186066052e+00 5.621439437571735809e-01 8.578876169489604853e-02 1.715775233898098122e+02
8.159999999999999432e+01 2.967816998888964886e+00 4.382490856872349183e-01 8.681954066663988279e-02 1.736390813332888001e+02
8.400000000000000000e+01 2.983565686104819203e+00 3.135853898029603570e-01 8.755685958193379359e-02 1.751137191639100195e+02
8.639999999999999147e+01 2.994080185284814455e+00 1.883715585879405796e-01 8.762111392655783093e-02 1.752422278531590223e+02
8.879999999999999716e+01 2.999342050424536499e+00 6.282725965007114610e-02 8.645463902898727071e-02 1.729092780579609325e+02
9.120000000000000284e+01 2.999342050424536499e+00 -6.282725965007077140e-02 8.645463902898725683e-02 1.729092780579470627e+02
9.359999999999999432e+01 2.994080185284814455e+00 -1.883715585879395249e-01 8.762111392655724806e-02 1.752422278531295206e+02
9.600000000000000000e+01 2.983565686104819203e+00 -3.135853898029606346e-01 8.755685958193401563e-02 1.751137191638770787e+02
9.839999999999999147e+01 2.967816998888964886e+00 -4.382490856872345852e-01 8.681954066664057668e-02 1.736390813332367600e+02
1.007999999999999972e+02 2.946861752186066052e+00 -5.621439437571736919e-01 8.578876169489559056e-02 1.715775233898098122e+02
1.032000000000000028e+02 2.920736708619480648e+00 -6.850526103319671822e-01 8.459622286938393854e-02 1.691924457387604264e+02
1.055999999999999943e+02 2.889487700392974201e+00 -8.067594618457967215e-01 8.328942918456788691e-02 1.665788583690933820e+02
1.080000000000000000e+02 2.853169548885460927e+00 -9.270509831248420207e-01 8.188670864453988230e-02 1.637734172890859554e+02
1.103999999999999915e+02 2.811845968475674251e+00 -1.045716141965445045e+00 8.039524759328105230e-02 1.607904951865385499e+02
1.127999999999999972e+02 2.765589454765501998e+00 -1.162546759356308357e+00 7.881766428554720649e-02 1.576353285711196861e+02
1.151999999999999886e+02 2.714481157398059175e+00 -1.277337874695216868e+00 7.715464995536183701e-02 1.543092999107282424e+02
1.175999999999999943e+02 2.658610737693644310e+00 -1.389888105359584403e+00 7.540611026766486091e-02 1.508122205352985361e+02
1.200000000000000000e+02 2.598076211353315568e+00 -1.499999999999999334e+00 7.357168365980343294e-02 1.471433673196249856e+02
1.223999999999999915e+02 2.532983776506045448e+00 -1.607480384936989193e+00 7.165098329552541112e-02 1.433019665910625804e+02
1.247999999999999972e+02 2.463447627401111895e+00 -1.712140703053294688e+00 6.964371056213583544e-02 1.392874211242935019e+02
1.271999999999999886e+02 2.389589754072588779e+00 -1.813797344587124272e+00 6.754970717120800661e-02 1.350994143424315155e+02
1.295999999999999943e+02 2.311539728327367538e+00 -1.912271969246069236e+00 6.536897781214366654e-02 1.307379556242868546e+02
1.320000000000000000e+02 2.229434476432182510e+00 -2.007391819076574713e+00 6.310169928736589218e-02 1.262033985747410014e+02
1.344000000000000057e+02 2.143418038898409428e+00 -2.098990021540096507e+00 6.074822452810198226e-02 1.214964490562145443e+02
1.367999999999999829e+02 2.053641317786066622e+00 -2.186905882264233991e+00 5.830908638840186231e-02 1.166181727768368717e+02
1.391999999999999886e+02 1.960261811970316570e+00 -2.270985166955268753e+00 5.578500469914746129e-02 1.115700093983242027e+02
1.415999999999999943e+02 1.863443340834931350e+00 -2.351080371977519068e+00 5.317689990452770243e-02 1.063537998090592680e+02
1.440000000000000000e+02 1.763355756877419633e+00 -2.427050983124841910e+00 5.048591742635082091e-02 1.009718348527616172e+02
1.464000000000000057e+02 1.660174647730032316e+00 -2.498763722130298071e+00 4.771346877291553212e-02 9.542693754579708809e+01
1.487999999999999829e+02 1.554081028119391750e+00 -2.566092780481518787e+00 4.486129869975226392e-02 8.972259739955384816e+01
1.511999999999999886e+02 1.445261022305146748e+00 -2.628920040131589975e+00 4.193159320772464616e-02 8.386318641547332220e+01
1.535999999999999943e+02 1.333905537554783249e+00 -2.687135280718238040e+00 3.892715227229726765e-02 7.785430454457925009e+01
1.560000000000000000e+02 1.220209929227401124e+00 -2.740636372927801823e+00 3.585166670501301056e-02 7.170333341005586192e+01
1.584000000000000057e+02 1.104373658054033092e+00 -2.789329457664754042e+00 3.271016611305381516e-02 6.542033222607656739e+01
1.607999999999999829e+02 9.865999402157501486e-01 -2.833129110712442777e+00 2.950975703333597044e-02 5.901951406666813682e+01
1.631999999999999886e+02 8.670953908334149141e-01 -2.871958492596201840e+00 2.626087671121191125e-02 5.252175342246312084e+01
1.655999999999999943e+02 7.460696614945644400e-01 -2.905749483385892784e+00 2.297952454711868833e-02 4.595904909424422868e+01
1.680000000000000000e+02 6.237350724532779722e-01 -2.934442802201417066e+00 1.969150578311792965e-02 3.938301156621373877e+01
1.704000000000000057e+02 5.003062401483064914e-01 -2.957988111211514948e+00 1.644121781923770995e-02 3.288243563846424422e+01
1.727999999999999829e+02 3.759997006929135521e-01 -2.976344103943433073e+00 1.331162460426689627e-02 2.662324920854955579e+01
1.751999999999999886e+02 2.510335299969471690e-01 -2.989478577748513111e+00 1.047288362834867745e-02 2.094576725673175233e+01
1.775999999999999943e+02 1.256269611875994174e-01 -2.997368490296575150e+00 8.291460570479150527e-03 1.658292114097709202e+01
1.800000000000000000e+02 0.000000000000000000e+00 -2.999999999999999556e+00 7.418327309315102779e-03 1.483665461863084545e+01
1.824000000000000057e+02 -1.256269611875986958e-01 -2.997368490296575150e+00 8.291460570478978789e-03 1.658292114095627312e+01
1.847999999999999829e+02 -2.510335299969450595e-01 -2.989478577748513111e+00 1.047288362834816397e-02 2.094576725670052753e+01
1.871999999999999886e+02 -3.759997006929114982e-01 -2.976344103943433517e+00 1.331162460426680433e-02 2.662324920852179844e+01
1.895999999999999943e+02 -5.003062401483058252e-01 -2.957988111211514948e+00 1.644121781923740117e-02 3.288243563850934237e+01
1.920000000000000000e+02 -6.237350724532785273e-01 -2.934442802201416622e+00 1.969150578311815863e-02 3.938301156623108312e+01
1.944000000000000057e+02 -7.460696614945649952e-01 -2.905749483385892784e+00 2.297952454711862241e-02 4.595904909423381923e+01
1.967999999999999829e+02 -8.670953908334142479e-01 -2.871958492596201840e+00 2.626087671121216105e-02 5.252175342243536704e+01
1.991999999999999886e+02 -9.865999402157492604e-01 -2.833129110712442777e+00 2.950975703333586636e-02 5.901951406666466937e+01
2.015999999999999943e+02 -1.104373658054033758e+00 -2.789329457664754042e+00 3.271016611305471722e-02 6.542033222611820520e+01
2.040000000000000000e+02 -1.220209929227400458e+00 -2.740636372927802267e+00 3.585166670501332975e-02 7.170333341002810812e+01
2.064000000000000057e+02 -1.333905537554782583e+00 -2.687135280718238040e+00 3.892715227229771868e-02 7.785430454456538030e+01
2.087999999999999829e+02 -1.445261022305144971e+00 -2.628920040131590863e+00 4.193159320772434778e-02 8.386318641543863350e+01
2.111999999999999886e+02 -1.554081028119389751e+00 -2.566092780481520119e+00 4.486129869975195861e-02 8.972259739949834056e+01
2.135999999999999943e+02 -1.660174647730031428e+00 -2.498763722130298959e+00 4.771346877291576805e-02 9.542693754586301225e+01
2.160000000000000000e+02 -1.763355756877418967e+00 -2.427050983124842354e+00 5.048591742635129276e-02 1.009718348527130445e+02
2.184000000000000057e+02 -1.863443340834930684e+00 -2.351080371977519068e+00 5.317689990452770243e-02 1.063537998090835544e+02
2.207999999999999829e+02 -1.960261811970315016e+00 -2.270985166955270085e+00 5.578500469914762783e-02 1.115700093982860466e+02
2.231999999999999886e+02 -2.053641317786065290e+00 -2.186905882264235323e+00 5.830908638840136271e-02 1.166181727767778824e+02
2.255999999999999943e+02 -2.143418038898409428e+00 -2.098990021540096951e+00 6.074822452810118428e-02 1.214964490561798414e+02
2.280000000000000000e+02 -2.229434476432182954e+00 -2.007391819076574269e+00 6.310169928736568401e-02 1.262033985747305849e+02
2.303999999999999773e+02 -2.311539728327366205e+00 -1.912271969246070569e+00 6.536897781214220937e-02 1.307379556242729848e+02
2.327999999999999829e+02 -2.389589754072587446e+00 -1.813797344587126048e+00 6.754970717120806212e-02 1.350994143424245806e+02
2.351999999999999886e+02 -2.463447627401111006e+00 -1.712140703053296464e+00 6.964371056213573830e-02 1.392874211243039326e+02
2.375999999999999943e+02 -2.532983776506044116e+00 -1.607480384936991191e+00 7.165098329552557765e-02 1.433019665910348408e+02
2.400000000000000000e+02 -2.598076211353315124e+00 -1.500000000000001332e+00 7.357168365980384928e-02 1.471433673195833478e+02
2.423999999999999773e+02 -2.658610737693642978e+00 -1.389888105359586179e+00 7.540611026766494418e-02 1.508122205353054710e+02
2.447999999999999829e+02 -2.714481157398057842e+00 -1.277337874695218645e+00 7.715464995536214232e-02 1.543092999107213075e+02
2.471999999999999886e+02 -2.765589454765501110e+00 -1.162546759356309467e+00 7.881766428554706772e-02 1.576353285710815157e+02
2.495999999999999943e+02 -2.811845968475674251e+00 -1.045716141965446377e+00 8.039524759328131598e-02 1.607904951865749581e+02
2.520000000000000000e+02 -2.853169548885460483e+00 -9.270509831248426869e-01 8.188670864453931331e-02 1.637734172890582158e+02
2.543999999999999773e+02 -2.889487700392973757e+00 -8.067594618457973876e-01 8.328942918456663791e-02 1.665788583691575582e+02
2.568000000000000114e+02 -2.920736708619480648e+00 -6.850526103319674043e-01 8.459622286938403568e-02 1.691924457387708571e+02
2.591999999999999886e+02 -2.946861752186066052e+00 -5.621439437571739139e-01 8.578876169489588199e-02 1.715775233897994099e+02
2.615999999999999659e+02 -2.967816998888964442e+00 -4.382490856872371943e-01 8.681954066664016034e-02 1.736390813333009362e+02
2.640000000000000000e+02 -2.983565686104820092e+00 -3.135853898029600240e-01 8.755685958193337726e-02 1.751137191638579793e+02
2.663999999999999773e+02 -2.994080185284814455e+00 -1.883715585879422727e-01 8.762111392655719255e-02 1.752422278531347217e+02
2.688000000000000114e+02 -2.999342050424536499e+00 -6.282725965007017466e-02 8.645463902898729847e-02 1.729092780579661337e+02
2.711999999999999886e+02 -2.999342050424536499e+00 6.282725965006907831e-02 8.645463902898717357e-02 1.729092780579973692e+02
2.735999999999999659e+02 -2.994080185284814455e+00 1.883715585879384702e-01 8.762111392655744235e-02 1.752422278531208519e+02
2.760000000000000000e+02 -2.983565686104820092e+00 3.135853898029589137e-01 8.755685958193343277e-02 1.751137191638614468e+02
2.783999999999999773e+02 -2.967816998888964886e+00 4.382490856872335305e-01 8.681954066664024361e-02 1.736390813332697292e+02
2.808000000000000114e+02 -2.946861752186065608e+00 5.621439437571753572e-01 8.578876169489579873e-02 1.715775233898028773e+02
2.831999999999999886e+02 -2.920736708619480648e+00 6.850526103319662941e-01 8.459622286938359159e-02 1.691924457387795258e+02
2.855999999999999659e+02 -2.889487700392974201e+00 8.067594618457963884e-01 8.328942918456722078e-02 1.665788583691298186e+02
2.880000000000000000e+02 -2.853169548885460927e+00 9.270509831248415766e-01 8.188670864453966025e-02 1.637734172890929187e+02
2.903999999999999773e+02 -2.811845968475674251e+00 1.045716141965445045e+00 8.039524759328103842e-02 1.607904951865368162e+02
2.928000000000000114e+02 -2.765589454765501110e+00 1.162546759356308579e+00 7.881766428554716486e-02 1.576353285711058163e+02
2.951999999999999886e+02 -2.714481157398058286e+00 1.277337874695217756e+00 7.715464995536228110e-02 1.543092999107334435e+02
2.975999999999999659e+02 -2.658610737693644754e+00 1.389888105359582848e+00 7.540611026766402825e-02 1.508122205353228082e+02
3.000000000000000000e+02 -2.598076211353315568e+00 1.500000000000000222e+00 7.357168365980365499e-02 1.471433673195833478e+02
3.023999999999999773e+02 -2.532983776506046336e+00 1.607480384936987861e+00 7.165098329552552214e-02 1.433019665910105402e+02
3.048000000000000114e+02 -2.463447627401111450e+00 1.712140703053295354e+00 6.964371056213550237e-02 1.392874211243143350e+02
3.071999999999999886e+02 -2.389589754072590111e+00 1.813797344587123161e+00 6.754970717120814538e-02 1.350994143424280480e+02
3.095999999999999659e+02 -2.311539728327368870e+00 1.912271969246067682e+00 6.536897781214226488e-02 1.307379556242556475e+02
3.120000000000000000e+02 -2.229434476432183398e+00 2.007391819076573380e+00 6.310169928736576728e-02 1.262033985747583529e+02
3.143999999999999773e+02 -2.143418038898410760e+00 2.098990021540095174e+00 6.074822452810181572e-02 1.214964490562214792e+02
3.168000000000000114e+02 -2.053641317786064402e+00 2.186905882264235323e+00 5.830908638840211211e-02 1.166181727768195202e+02
3.191999999999999886e+02 -1.960261811970316792e+00 2.270985166955268308e+00 5.578500469914728088e-02 1.115700093983033838e+02
3.215999999999999659e+02 -1.863443340834931794e+00 2.351080371977518624e+00 5.317689990452743876e-02 1.063537998090662029e+02
3.240000000000000000e+02 -1.763355756877419855e+00 2.427050983124841910e+00 5.048591742635145929e-02 1.009718348526852907e+02
3.263999999999999773e+02 -1.660174647730032538e+00 2.498763722130298071e+00 4.771346877291553212e-02 9.542693754580750465e+01
3.288000000000000114e+02 -1.554081028119390862e+00 2.566092780481519675e+00 4.486129869975231943e-02 8.972259739948098911e+01
3.311999999999999886e+02 -1.445261022305145637e+00 2.628920040131590419e+00 4.193159320772375798e-02 8.386318641547332220e+01
3.335999999999999659e+02 -1.333905537554784804e+00 2.687135280718237151e+00 3.892715227229794073e-02 7.785430454457231519e+01
3.360000000000000000e+02 -1.220209929227400458e+00 2.740636372927802267e+00 3.585166670501305913e-02 7.170333341006279682e+01
3.383999999999999773e+02 -1.104373658054035978e+00 2.789329457664753154e+00 3.271016611305425231e-02 6.542033222616331045e+01
3.408000000000000114e+02 -9.865999402157490383e-01 2.833129110712442777e+00 2.950975703333599126e-02 5.901951406665079247e+01
3.431999999999999886e+02 -8.670953908334165794e-01 2.871958492596200951e+00 2.626087671121170308e-02 5.252175342241108069e+01
3.455999999999999659e+02 -7.460696614945659944e-01 2.905749483385892784e+00 2.297952454711849751e-02 4.595904909423034468e+01
3.480000000000000000e+02 -6.237350724532795265e-01 2.934442802201416622e+00 1.969150578311568839e-02 3.938301156621027133e+01
3.503999999999999773e+02 -5.003062401483081567e-01 2.957988111211514060e+00 1.644121781923735259e-02 3.288243563849546547e+01
3.528000000000000114e+02 -3.759997006929113317e-01 2.976344103943433517e+00 1.331162460426718944e-02 2.662324920857037114e+01
3.551999999999999886e+02 -2.510335299969475020e-01 2.989478577748512222e+00 1.047288362834838428e-02 2.094576725670746598e+01
3.575999999999999659e+02 -1.256269611875997783e-01 2.997368490296575150e+00 8.291460570478876441e-03 1.658292114095280567e+01
3.600000000000000000e+02 0.000000000000000000e+00 2.999999999999999556e+00 7.418327309315153086e-03 1.483665461863084545e+01
