# theta_deg  Ey_V_per_um  Ez_V_per_um  alpha_eV_A  perturbative_gap_k1_microeV  
0.000000000000000000e+00 0.000000000000000000e+00 2.000000000000000000e+00 6.401006786663680261e-03 1.280201357332574830e+01
1.800000000000000044e+00 6.282151815625658386e-02 1.999013120731463200e+00 6.680774030718442114e-03 1.336154806148848095e+01
3.600000000000000089e+00 1.255810390586267478e-01 1.996053456856543340e+00 7.455979655536366241e-03 1.491195931104145878e+01
5.400000000000000355e+00 1.882166266370286778e-01 1.991123929206159993e+00 8.589994984212590001e-03 1.717998996829048153e+01
7.200000000000000178e+00 2.506664671286085166e-01 1.984229402628955752e+00 9.955943916864365764e-03 1.991188783382821725e+01
9.000000000000000000e+00 3.128689300804617934e-01 1.975376681190275763e+00 1.146523514525977019e-02 2.293047029054001840e+01
1.080000000000000071e+01 3.747626291714493130e-01 1.964574501457377442e+00 1.306167707936725479e-02 2.612335415880760792e+01
1.259999999999999964e+01 4.362864827930850731e-01 1.951833523877494869e+00 1.470999296156441649e-02 2.941998592315142602e+01
1.440000000000000036e+01 4.973797743297095897e-01 1.937166322257262152e+00 1.638746506257983404e-02 3.277493012538747053e+01
1.619999999999999929e+01 5.579822120784586614e-01 1.920587371353886130e+00 1.807889869935845606e-02 3.615779739860914788e+01
1.800000000000000000e+01 6.180339887498947915e-01 1.902113032590307062e+00 1.977371638284260505e-02 3.954743276567314325e+01
1.980000000000000071e+01 6.774758404905828479e-01 1.881761537908450910e+00 2.146427181183906824e-02 4.292854362381027045e+01
2.160000000000000142e+01 7.362491053693560605e-01 1.859552971776502917e+00 2.314484766644642894e-02 4.628969533294197447e+01
2.340000000000000213e+01 7.942957812695612407e-01 1.835509251367962280e+00 2.481104103628499480e-02 4.962208207260482595e+01
2.519999999999999929e+01 8.515585831301454300e-01 1.809654104932039376e+00 2.645937391719067888e-02 5.291874783478096589e+01
2.700000000000000000e+01 9.079809994790936090e-01 1.782013048376735798e+00 2.808703822313477622e-02 5.617407644630846875e+01
2.880000000000000071e+01 9.635073482034306469e-01 1.752613360087727168e+00 2.969172369697530012e-02 5.938344739357670221e+01
3.060000000000000142e+01 1.018082831500742635e+00 1.721484054007887288e+00 3.127149851439285644e-02 6.254299702880723544e+01
3.239999999999999858e+01 1.071653589957993313e+00 1.688655851004030373e+00 3.282472441309064459e-02 6.564944882609530907e+01
3.420000000000000284e+01 1.124166755704261167e+00 1.654161148549123883e+00 3.434999511160627406e-02 6.869999022336703831e+01
3.600000000000000000e+01 1.175570504584946274e+00 1.618033988749895125e+00 3.584609087454074250e-02 7.169218174928569454e+01
3.780000000000000426e+01 1.225814107305953193e+00 1.580310024751380604e+00 3.731194455708859020e-02 7.462388911401266967e+01
3.960000000000000142e+01 1.274847979497379491e+00 1.541026485551578284e+00 3.874661599888870600e-02 7.749323199791186312e+01
4.139999999999999858e+01 1.322623730647303875e+00 1.500222139260919407e+00 4.014927261548162374e-02 8.029854523101953134e+01
4.320000000000000284e+01 1.369094211857377674e+00 1.457937254842823105e+00 4.151917467470257750e-02 8.303834934940066148e+01
4.500000000000000000e+01 1.414213562373095145e+00 1.414213562373095145e+00 4.285566417322378419e-02 8.571132834625517205e+01
4.680000000000000426e+01 1.457937254842823105e+00 1.369094211857377452e+00 4.415815652150147097e-02 8.831631304306516483e+01
4.860000000000000142e+01 1.500222139260919407e+00 1.322623730647303875e+00 4.542613445008754358e-02 9.085226890021263557e+01
5.039999999999999858e+01 1.541026485551578507e+00 1.274847979497379491e+00 4.665914369379220439e-02 9.331828738762953890e+01
5.220000000000000284e+01 1.580310024751380826e+00 1.225814107305953193e+00 4.785679011015839951e-02 9.571358022022764089e+01
5.400000000000000000e+01 1.618033988749895125e+00 1.175570504584946274e+00 4.901873795281224550e-02 9.803747590546828405e+01
5.580000000000000426e+01 1.654161148549123883e+00 1.124166755704261167e+00 5.014470905229689857e-02 1.002894181044667761e+02
5.760000000000000142e+01 1.688655851004030373e+00 1.071653589957993091e+00 5.123448265193324136e-02 1.024689653039388730e+02
5.939999999999999858e+01 1.721484054007887066e+00 1.018082831500742858e+00 5.228789559374921736e-02 1.045757911872806005e+02
6.120000000000000284e+01 1.752613360087727390e+00 9.635073482034304249e-01 5.330484242269330208e-02 1.066096848453693440e+02
6.300000000000000000e+01 1.782013048376735576e+00 9.079809994790937200e-01 5.428527473016088456e-02 1.085705494603302128e+02
6.479999999999999716e+01 1.809654104932039376e+00 8.515585831301454300e-01 5.522919859917121282e-02 1.104583971983886670e+02
6.660000000000000853e+01 1.835509251367962280e+00 7.942957812695611297e-01 5.613666817386853830e-02 1.122733363478336770e+02
6.840000000000000568e+01 1.859552971776502917e+00 7.362491053693557275e-01 5.700777182418630129e-02 1.140155436484078422e+02
7.020000000000000284e+01 1.881761537908451354e+00 6.774758404905825149e-01 5.784260445350848656e-02 1.156852089070096667e+02
7.200000000000000000e+01 1.902113032590307062e+00 6.180339887498949025e-01 5.864121384489108524e-02 1.172824276898932823e+02
7.379999999999999716e+01 1.920587371353886130e+00 5.579822120784586614e-01 5.940349768425012139e-02 1.188069953685423030e+02
7.560000000000000853e+01 1.937166322257262152e+00 4.973797743297094787e-01 6.012900479101804946e-02 1.202580095820125194e+02
7.740000000000000568e+01 1.951833523877494869e+00 4.362864827930850176e-01 6.081654551396376007e-02 1.216330910280378674e+02
7.920000000000000284e+01 1.964574501457377442e+00 3.747626291714490909e-01 6.146341388178350185e-02 1.229268277634443649e+02
8.100000000000000000e+01 1.975376681190275763e+00 3.128689300804618489e-01 6.206382075726861458e-02 1.241276415145015903e+02
8.279999999999999716e+01 1.984229402628955752e+00 2.506664671286085166e-01 6.260583427552403324e-02 1.252116685510700478e+02
8.460000000000000853e+01 1.991123929206159993e+00 1.882166266370285668e-01 6.306631307712572132e-02 1.261326261542635763e+02
8.640000000000000568e+01 1.996053456856543340e+00 1.255810390586266090e-01 6.340754746554200239e-02 1.268150949310892059e+02
8.820000000000000284e+01 1.999013120731463200e+00 6.282151815625634794e-02 6.359493462651218121e-02 1.271898692530265436e+02
9.000000000000000000e+01 2.000000000000000000e+00 0.000000000000000000e+00 6.364574193054775564e-02 1.272914838610791008e+02
9.179999999999999716e+01 1.999013120731463200e+00 -6.282151815625655611e-02 6.359493462651216733e-02 1.271898692530317447e+02
9.360000000000000853e+01 1.996053456856543340e+00 -1.255810390586268033e-01 6.340754746553994847e-02 1.268150949310774962e+02
9.540000000000000568e+01 1.991123929206159993e+00 -1.882166266370287611e-01 6.306631307712684542e-02 1.261326261542748455e+02
9.720000000000000284e+01 1.984229402628955530e+00 -2.506664671286087387e-01 6.260583427552293689e-02 1.252116685510548706e+02
9.900000000000000000e+01 1.975376681190275763e+00 -3.128689300804616269e-01 6.206382075726832315e-02 1.241276415144989897e+02
1.007999999999999972e+02 1.964574501457377442e+00 -3.747626291714492019e-01 6.146341388178340470e-02 1.229268277635840008e+02
1.026000000000000085e+02 1.951833523877494869e+00 -4.362864827930851286e-01 6.081654551396391273e-02 1.216330910279641415e+02
1.044000000000000057e+02 1.937166322257262152e+00 -4.973797743297097562e-01 6.012900479101787599e-02 1.202580095821118391e+02
1.062000000000000028e+02 1.920587371353886130e+00 -5.579822120784586614e-01 5.940349768425084998e-02 1.188069953685943574e+02
1.080000000000000000e+02 1.902113032590307284e+00 -6.180339887498946805e-01 5.864121384489126565e-02 1.172824276899522715e+02
1.097999999999999972e+02 1.881761537908450910e+00 -6.774758404905827369e-01 5.784260445351073476e-02 1.156852089071059453e+02
1.116000000000000085e+02 1.859552971776502917e+00 -7.362491053693560605e-01 5.700777182418560740e-02 1.140155436483479860e+02
1.134000000000000057e+02 1.835509251367962280e+00 -7.942957812695613518e-01 5.613666817386846197e-02 1.122733363477261150e+02
1.152000000000000028e+02 1.809654104932039154e+00 -8.515585831301454300e-01 5.522919859917237162e-02 1.104583971982967370e+02
1.170000000000000000e+02 1.782013048376735798e+00 -9.079809994790934979e-01 5.428527473016023230e-02 1.085705494603449495e+02
1.187999999999999972e+02 1.752613360087727390e+00 -9.635073482034300918e-01 5.330484242269270534e-02 1.066096848452982186e+02
1.206000000000000085e+02 1.721484054007887288e+00 -1.018082831500742635e+00 5.228789559374902307e-02 1.045757911876726496e+02
1.224000000000000057e+02 1.688655851004029929e+00 -1.071653589957993757e+00 5.123448265193404627e-02 1.024689653038287105e+02
1.242000000000000028e+02 1.654161148549123439e+00 -1.124166755704261389e+00 5.014470905229855002e-02 1.002894181045873410e+02
1.260000000000000000e+02 1.618033988749895125e+00 -1.175570504584946052e+00 4.901873795281255775e-02 9.803747590562960568e+01
1.277999999999999972e+02 1.580310024751381048e+00 -1.225814107305952527e+00 4.785679011015878115e-02 9.571358022024412548e+01
1.295999999999999943e+02 1.541026485551578507e+00 -1.274847979497379491e+00 4.665914369379257215e-02 9.331828738764949094e+01
1.314000000000000057e+02 1.500222139260918741e+00 -1.322623730647304097e+00 4.542613445008866768e-02 9.085226890005911571e+01
1.332000000000000171e+02 1.457937254842822883e+00 -1.369094211857377674e+00 4.415815652150174159e-02 8.831631304299752117e+01
1.350000000000000000e+02 1.414213562373095145e+00 -1.414213562373095145e+00 4.285566417322590749e-02 8.571132834712079784e+01
1.368000000000000114e+02 1.369094211857377008e+00 -1.457937254842823327e+00 4.151917467470395834e-02 8.303834934959495229e+01
1.385999999999999943e+02 1.322623730647303875e+00 -1.500222139260919407e+00 4.014927261548079801e-02 8.029854523091024987e+01
1.404000000000000057e+02 1.274847979497379269e+00 -1.541026485551578951e+00 3.874661599888952479e-02 7.749323199806278240e+01
1.422000000000000171e+02 1.225814107305952749e+00 -1.580310024751380826e+00 3.731194455708919389e-02 7.462388911427981952e+01
1.440000000000000000e+02 1.175570504584946496e+00 -1.618033988749894903e+00 3.584609087454251886e-02 7.169218174908446883e+01
1.458000000000000114e+02 1.124166755704260945e+00 -1.654161148549124105e+00 3.434999511160628793e-02 6.869999022303569802e+01
1.475999999999999943e+02 1.071653589957993313e+00 -1.688655851004030373e+00 3.282472441308765393e-02 6.564944882633815837e+01
1.494000000000000057e+02 1.018082831500742191e+00 -1.721484054007887732e+00 3.127149851439404993e-02 6.254299702898418190e+01
1.512000000000000171e+02 9.635073482034305359e-01 -1.752613360087727168e+00 2.969172369697622299e-02 5.938344739382303317e+01
1.530000000000000000e+02 9.079809994790937200e-01 -1.782013048376735576e+00 2.808703822313341619e-02 5.617407644658602095e+01
1.548000000000000114e+02 8.515585831301449860e-01 -1.809654104932039376e+00 2.645937391718984621e-02 5.291874783445657471e+01
1.565999999999999943e+02 7.942957812695612407e-01 -1.835509251367962280e+00 2.481104103628547358e-02 4.962208207263778093e+01
1.584000000000000057e+02 7.362491053693555054e-01 -1.859552971776502917e+00 2.314484766644863897e-02 4.628969533339646603e+01
1.602000000000000171e+02 6.774758404905826259e-01 -1.881761537908450910e+00 2.146427181183878721e-02 4.292854362398547607e+01
1.620000000000000000e+02 6.180339887498950135e-01 -1.902113032590307062e+00 1.977371638284241423e-02 3.954743276570437160e+01
1.638000000000000114e+02 5.579822120784582173e-01 -1.920587371353886130e+00 1.807889869935874402e-02 3.615779739864905196e+01
1.655999999999999943e+02 4.973797743297097007e-01 -1.937166322257262152e+00 1.638746506257923036e-02 3.277493012551931173e+01
1.674000000000000057e+02 4.362864827930846845e-01 -1.951833523877494869e+00 1.470999296156421179e-02 2.941998592342551078e+01
1.692000000000000171e+02 3.747626291714491464e-01 -1.964574501457377442e+00 1.306167707936578201e-02 2.612335415866015609e+01
1.710000000000000000e+02 3.128689300804619600e-01 -1.975376681190275319e+00 1.146523514526127767e-02 2.293047029050011787e+01
1.728000000000000114e+02 2.506664671286081836e-01 -1.984229402628955752e+00 9.955943916865179349e-03 1.991188783383342198e+01
1.745999999999999943e+02 1.882166266370287055e-01 -1.991123929206159993e+00 8.589994984212648982e-03 1.717998996829221525e+01
1.764000000000000057e+02 1.255810390586262759e-01 -1.996053456856543340e+00 7.455979655535932560e-03 1.491195931107962203e+01
1.782000000000000171e+02 6.282151815625647284e-02 -1.999013120731463200e+00 6.680774030718142874e-03 1.336154806141215445e+01
1.800000000000000000e+02 0.000000000000000000e+00 -2.000000000000000000e+00 6.401006786663139027e-03 1.280201357332401457e+01
1.818000000000000114e+02 -6.282151815625687530e-02 -1.999013120731463200e+00 6.680774030718254763e-03 1.336154806140348050e+01
1.835999999999999943e+02 -1.255810390586266923e-01 -1.996053456856543340e+00 7.455979655536756553e-03 1.491195931119411533e+01
1.854000000000000057e+02 -1.882166266370290941e-01 -1.991123929206159993e+00 8.589994984212458162e-03 1.717998996847956761e+01
1.872000000000000171e+02 -2.506664671286085722e-01 -1.984229402628955752e+00 9.955943916864912202e-03 1.991188783378311555e+01
1.890000000000000000e+02 -3.128689300804615159e-01 -1.975376681190275763e+00 1.146523514526201666e-02 2.293047029067358977e+01
1.908000000000000114e+02 -3.747626291714495350e-01 -1.964574501457377220e+00 1.306167707936674305e-02 2.612335415876076894e+01
1.925999999999999943e+02 -4.362864827930850731e-01 -1.951833523877494869e+00 1.470999296156496293e-02 2.941998592283397329e+01
1.944000000000000057e+02 -4.973797743297100893e-01 -1.937166322257262152e+00 1.638746506257984792e-02 3.277493012524349325e+01
1.962000000000000171e+02 -5.579822120784586614e-01 -1.920587371353886130e+00 1.807889869935901811e-02 3.615779739889017463e+01
1.980000000000000000e+02 -6.180339887498946805e-01 -1.902113032590307284e+00 1.977371638284226851e-02 3.954743276553263343e+01
1.998000000000000114e+02 -6.774758404905830700e-01 -1.881761537908450910e+00 2.146427181183786087e-02 4.292854362377384092e+01
2.015999999999999943e+02 -7.362491053693558385e-01 -1.859552971776502917e+00 2.314484766644608199e-02 4.628969533279452264e+01
2.034000000000000057e+02 -7.942957812695616848e-01 -1.835509251367962058e+00 2.481104103628565052e-02 4.962208207259961767e+01
2.052000000000000171e+02 -8.515585831301454300e-01 -1.809654104932039154e+00 2.645937391719053317e-02 5.291874783411136463e+01
2.070000000000000000e+02 -9.079809994790934979e-01 -1.782013048376735798e+00 2.808703822313632359e-02 5.617407644628938357e+01
2.088000000000000114e+02 -9.635073482034307579e-01 -1.752613360087727168e+00 2.969172369697459929e-02 5.938344739387508042e+01
2.105999999999999943e+02 -1.018082831500742413e+00 -1.721484054007887288e+00 3.127149851439426503e-02 6.254299702881764489e+01
2.124000000000000057e+02 -1.071653589957993535e+00 -1.688655851004029929e+00 3.282472441308761923e-02 6.564944882621325917e+01
2.142000000000000171e+02 -1.124166755704261167e+00 -1.654161148549123883e+00 3.434999511160705121e-02 6.869999022350928897e+01
2.160000000000000000e+02 -1.175570504584946052e+00 -1.618033988749895125e+00 3.584609087454021514e-02 7.169218174898385598e+01
2.178000000000000114e+02 -1.225814107305953415e+00 -1.580310024751380604e+00 3.731194455708959634e-02 7.462388911416012149e+01
2.195999999999999943e+02 -1.274847979497379491e+00 -1.541026485551578507e+00 3.874661599889214769e-02 7.749323199799685824e+01
2.214000000000000057e+02 -1.322623730647304097e+00 -1.500222139260918741e+00 4.014927261548204007e-02 8.029854523099177754e+01
2.232000000000000171e+02 -1.369094211857377674e+00 -1.457937254842823105e+00 4.151917467470445100e-02 8.303834934947525426e+01
2.250000000000000000e+02 -1.414213562373095145e+00 -1.414213562373095368e+00 4.285566417322445032e-02 8.571132834644424747e+01
2.268000000000000114e+02 -1.457937254842823105e+00 -1.369094211857377452e+00 4.415815652150355264e-02 8.831631304302874241e+01
2.285999999999999943e+02 -1.500222139260919185e+00 -1.322623730647303875e+00 4.542613445008635009e-02 9.085226890015104573e+01
2.304000000000000057e+02 -1.541026485551578951e+00 -1.274847979497379269e+00 4.665914369379588894e-02 9.331828738758703423e+01
2.322000000000000171e+02 -1.580310024751380826e+00 -1.225814107305953193e+00 4.785679011015447903e-02 9.571358022028314849e+01
2.340000000000000000e+02 -1.618033988749894903e+00 -1.175570504584946496e+00 4.901873795281434798e-02 9.803747590575363802e+01
2.358000000000000114e+02 -1.654161148549124327e+00 -1.124166755704260279e+00 5.014470905229542752e-02 1.002894181046636675e+02
2.375999999999999943e+02 -1.688655851004029707e+00 -1.071653589957994424e+00 5.123448265193372708e-02 1.024689653038824844e+02
2.394000000000000057e+02 -1.721484054007887732e+00 -1.018082831500742191e+00 5.228789559374962675e-02 1.045757911874957102e+02
2.412000000000000171e+02 -1.752613360087727168e+00 -9.635073482034305359e-01 5.330484242269122042e-02 1.066096848453762931e+02
2.430000000000000000e+02 -1.782013048376735576e+00 -9.079809994790938310e-01 5.428527473016189764e-02 1.085705494602417360e+02
2.448000000000000114e+02 -1.809654104932039598e+00 -8.515585831301443198e-01 5.522919859917548024e-02 1.104583971984311717e+02
2.465999999999999943e+02 -1.835509251367961836e+00 -7.942957812695622399e-01 5.613666817386840646e-02 1.122733363476888258e+02
2.484000000000000057e+02 -1.859552971776502917e+00 -7.362491053693556164e-01 5.700777182418889644e-02 1.140155436484173777e+02
2.502000000000000171e+02 -1.881761537908450910e+00 -6.774758404905827369e-01 5.784260445350913882e-02 1.156852089070313525e+02
2.520000000000000000e+02 -1.902113032590307062e+00 -6.180339887498952356e-01 5.864121384489152239e-02 1.172824276897527795e+02
2.538000000000000114e+02 -1.920587371353886352e+00 -5.579822120784574402e-01 5.940349768425135651e-02 1.188069953684919966e+02
2.555999999999999943e+02 -1.937166322257261930e+00 -4.973797743297106444e-01 6.012900479102107482e-02 1.202580095820073183e+02
2.574000000000000341e+02 -1.951833523877494869e+00 -4.362864827930847400e-01 6.081654551395850039e-02 1.216330910279732507e+02
2.591999999999999886e+02 -1.964574501457377442e+00 -3.747626291714493130e-01 6.146341388178633292e-02 1.229268277635983111e+02
2.610000000000000000e+02 -1.975376681190275319e+00 -3.128689300804621265e-01 6.206382075726950276e-02 1.241276415145649139e+02
2.628000000000000114e+02 -1.984229402628955752e+00 -2.506664671286074619e-01 6.260583427552485203e-02 1.252116685510511758e+02
2.646000000000000227e+02 -1.991123929206159993e+00 -1.882166266370279561e-01 6.306631307712523560e-02 1.261326261542375562e+02
2.664000000000000341e+02 -1.996053456856543340e+00 -1.255810390586264147e-01 6.340754746554086441e-02 1.268150949310907265e+02
2.681999999999999886e+02 -1.999013120731463200e+00 -6.282151815625659774e-02 6.359493462651062690e-02 1.271898692530291441e+02
2.700000000000000000e+02 -2.000000000000000000e+00 0.000000000000000000e+00 6.364574193054964302e-02 1.272914838610738997e+02
2.718000000000000114e+02 -1.999013120731463200e+00 6.282151815625763858e-02 6.359493462650979423e-02 1.271898692530235024e+02
2.736000000000000227e+02 -1.996053456856543340e+00 1.255810390586274694e-01 6.340754746554222443e-02 1.268150949311002620e+02
2.754000000000000341e+02 -1.991123929206159993e+00 1.882166266370290109e-01 6.306631307712681767e-02 1.261326261542360356e+02
2.771999999999999886e+02 -1.984229402628955752e+00 2.506664671286084611e-01 6.260583427552540714e-02 1.252116685510158334e+02
2.790000000000000000e+02 -1.975376681190275763e+00 3.128689300804613493e-01 6.206382075726749048e-02 1.241276415145146075e+02
2.808000000000000114e+02 -1.964574501457377220e+00 3.747626291714503122e-01 6.146341388178791498e-02 1.229268277635371618e+02
2.826000000000000227e+02 -1.951833523877494647e+00 4.362864827930857947e-01 6.081654551395796610e-02 1.216330910279441895e+02
2.844000000000000341e+02 -1.937166322257262152e+00 4.973797743297098672e-01 6.012900479102126217e-02 1.202580095820580652e+02
2.861999999999999886e+02 -1.920587371353886130e+00 5.579822120784584394e-01 5.940349768425222388e-02 1.188069953684976383e+02
2.880000000000000000e+02 -1.902113032590307284e+00 6.180339887498945695e-01 5.864121384489210526e-02 1.172824276897302269e+02
2.898000000000000114e+02 -1.881761537908450688e+00 6.774758404905837361e-01 5.784260445350810492e-02 1.156852089070452223e+02
2.916000000000000227e+02 -1.859552971776502694e+00 7.362491053693566156e-01 5.700777182418892419e-02 1.140155436483592695e+02
2.934000000000000341e+02 -1.835509251367962058e+00 7.942957812695615738e-01 5.613666817386793462e-02 1.122733363476463211e+02
2.951999999999999886e+02 -1.809654104932039376e+00 8.515585831301453190e-01 5.522919859917822805e-02 1.104583971981917756e+02
2.970000000000000000e+02 -1.782013048376736242e+00 9.079809994790932759e-01 5.428527473016118293e-02 1.085705494602634218e+02
2.988000000000000114e+02 -1.752613360087726946e+00 9.635073482034314241e-01 5.330484242269082490e-02 1.066096848454664894e+02
3.006000000000000227e+02 -1.721484054007886844e+00 1.018082831500743080e+00 5.228789559374922430e-02 1.045757911873916299e+02
3.024000000000000341e+02 -1.688655851004029929e+00 1.071653589957993535e+00 5.123448265193254747e-02 1.024689653039666268e+02
3.041999999999999886e+02 -1.654161148549123883e+00 1.124166755704261167e+00 5.014470905229521241e-02 1.002894181045309665e+02
3.060000000000000000e+02 -1.618033988749895125e+00 1.175570504584945830e+00 4.901873795281577739e-02 9.803747590575538595e+01
3.078000000000000114e+02 -1.580310024751380382e+00 1.225814107305953859e+00 4.785679011015502027e-02 9.571358022033172119e+01
3.096000000000000227e+02 -1.541026485551578062e+00 1.274847979497379935e+00 4.665914369379563914e-02 9.331828738769112874e+01
3.114000000000000341e+02 -1.500222139260919185e+00 1.322623730647303875e+00 4.542613445008738399e-02 9.085226890021263557e+01
3.131999999999999886e+02 -1.457937254842823105e+00 1.369094211857377452e+00 4.415815652150265752e-02 8.831631304305129504e+01
3.150000000000000000e+02 -1.414213562373095368e+00 1.414213562373094701e+00 4.285566417322390215e-02 8.571132834638180498e+01
3.168000000000000114e+02 -1.369094211857376564e+00 1.457937254842823993e+00 4.151917467470399303e-02 8.303834934919595412e+01
3.186000000000000227e+02 -1.322623730647303208e+00 1.500222139260919407e+00 4.014927261548180415e-02 8.029854523088943097e+01
3.204000000000000341e+02 -1.274847979497379491e+00 1.541026485551578951e+00 3.874661599889082930e-02 7.749323199772277349e+01
3.221999999999999886e+02 -1.225814107305953193e+00 1.580310024751380604e+00 3.731194455708947144e-02 7.462388911416880433e+01
3.240000000000000000e+02 -1.175570504584946718e+00 1.618033988749894903e+00 3.584609087453875798e-02 7.169218174907058483e+01
3.258000000000000114e+02 -1.124166755704260501e+00 1.654161148549124105e+00 3.434999511160612140e-02 6.869999022310855707e+01
3.276000000000000227e+02 -1.071653589957992647e+00 1.688655851004030595e+00 3.282472441308627309e-02 6.564944882624449463e+01
3.294000000000000341e+02 -1.018082831500742413e+00 1.721484054007887732e+00 3.127149851439445932e-02 6.254299702877774791e+01
3.311999999999999886e+02 -9.635073482034306469e-01 1.752613360087727168e+00 2.969172369697496705e-02 5.938344739383691007e+01
3.330000000000000000e+02 -9.079809994790939420e-01 1.782013048376735576e+00 2.808703822313519602e-02 5.617407644638652897e+01
3.348000000000000114e+02 -8.515585831301444308e-01 1.809654104932039376e+00 2.645937391718870130e-02 5.291874783422932893e+01
3.366000000000000227e+02 -7.942957812695606856e-01 1.835509251367962502e+00 2.481104103628516133e-02 4.962208207251634917e+01
3.384000000000000341e+02 -7.362491053693557275e-01 1.859552971776502917e+00 2.314484766644709507e-02 4.628969533274074166e+01
3.401999999999999886e+02 -6.774758404905828479e-01 1.881761537908450910e+00 2.146427181183868313e-02 4.292854362368363041e+01
3.420000000000000000e+02 -6.180339887498952356e-01 1.902113032590307062e+00 1.977371638284113747e-02 3.954743276567140953e+01
3.438000000000000114e+02 -5.579822120784575512e-01 1.920587371353886352e+00 1.807889869935966343e-02 3.615779739838536955e+01
3.456000000000000227e+02 -4.973797743297089791e-01 1.937166322257262596e+00 1.638746506257908464e-02 3.277493012493991387e+01
3.474000000000000341e+02 -4.362864827930848510e-01 1.951833523877494869e+00 1.470999296156505140e-02 2.941998592298489257e+01
3.491999999999999886e+02 -3.747626291714493685e-01 1.964574501457377442e+00 1.306167707936770582e-02 2.612335415849882736e+01
3.510000000000000000e+02 -3.128689300804622375e-01 1.975376681190275319e+00 1.146523514526146675e-02 2.293047029036828022e+01
3.528000000000000114e+02 -2.506664671286075730e-01 1.984229402628955752e+00 9.955943916865037102e-03 1.991188783367209325e+01
3.546000000000000227e+02 -1.882166266370280949e-01 1.991123929206159993e+00 8.589994984211498860e-03 1.717998996850558768e+01
3.564000000000000341e+02 -1.255810390586265257e-01 1.996053456856543340e+00 7.455979655536253484e-03 1.491195931102758188e+01
3.581999999999999886e+02 -6.282151815625672264e-02 1.999013120731463200e+00 6.680774030717996290e-03 1.336154806141735740e+01
3.600000000000000000e+02 0.000000000000000000e+00 2.000000000000000000e+00 6.401006786663008923e-03 1.280201357332401457e+01
