# theta_deg  Ey_V_per_um  Ez_V_per_um  alpha_eV_A  perturbative_gap_k1_microeV  
0.000000000000000000e+00 0.000000000000000000e+00 4.000000000000000000e+00 8.489280330646692407e-03 1.697856066129946484e+01
1.002785515320334220e+00 7.000406170331514855e-02 3.999387382005529012e+00 8.731750123650693779e-03 1.746350024690867997e+01
2.005571030640668440e+00 1.399866805326875352e-01 3.997549715672519266e+00 9.420859107697023352e-03 1.884171821541630365e+01
3.008356545961002659e+00 2.099264201823196896e-01 3.994487563894703275e+00 1.046627744188130711e-02 2.093255488390746777e+01
4.011142061281336879e+00 2.798018574806924175e-01 3.990201864636719442e+00 1.176984286576819930e-02 2.353968573181111523e+01
5.013927576601671099e+00 3.495915889526757248e-01 3.984693930646812543e+00 1.325123839492711210e-02 2.650247679076081653e+01
6.016713091922005319e+00 4.192742373756048746e-01 3.977965449054718494e+00 1.485254124201366988e-02 2.970508248420836139e+01
7.019498607242339538e+00 4.888284583273168615e-01 3.970018480854886178e+00 1.653391136097676420e-02 3.306782272120833710e+01
8.022284122562673758e+00 5.582329467241382570e-01 3.960855460275177098e+00 1.826815354278017722e-02 3.653630708424365992e+01
9.025069637883007090e+00 6.274664433468248870e-01 3.950479194031236041e+00 2.003649980382676485e-02 4.007299960900878943e+01
1.002785515320334220e+01 6.965077413524509709e-01 3.938892860466772117e+00 2.182575853755709672e-02 4.365151707521469859e+01
1.103064066852367731e+01 7.653356927702567036e-01 3.926100008579999745e+00 2.362646977162813355e-02 4.725293954428722287e+01
1.203342618384401064e+01 8.339292149794613751e-01 3.912104556936553124e+00 2.543171852767749444e-02 5.086343705430068951e+01
1.303621169916434397e+01 9.022672971670598896e-01 3.896910792469190365e+00 2.723636296627119507e-02 5.447272593291086196e+01
1.403899721448467908e+01 9.703290067636251015e-01 3.880523369164669667e+00 2.903652273573011783e-02 5.807304547150032903e+01
1.504178272980501418e+01 1.038093495855139992e+00 3.862947306638191414e+00 3.082923225910595005e-02 6.165846451669509776e+01
1.604456824512534752e+01 1.105540007568902583e+00 3.844187988595843208e+00 3.261220046019591701e-02 6.522440092158326763e+01
1.704735376044568085e+01 1.172647882431543165e+00 3.824251161185522552e+00 3.438364067276031277e-02 6.876728134640185885e+01
1.805013927576601418e+01 1.239396564697205383e+00 3.803142931236842994e+00 3.614214789882043422e-02 7.228429579700379293e+01
1.905292479108635106e+01 1.305765608643958631e+00 3.780869764390552668e+00 3.788660874607188006e-02 7.577321749031862907e+01
2.005571030640668440e+01 1.371734684836503293e+00 3.757438483118054062e+00 3.961613440980915612e-02 7.923226882064481913e+01
2.105849582172701773e+01 1.437283586353262255e+00 3.732856264631616572e+00 4.133001022524218637e-02 8.266002045079213190e+01
2.206128133704735461e+01 1.502392234975942209e+00 3.707130638685935953e+00 4.302765734028776712e-02 8.605531468090093483e+01
2.306406685236768794e+01 1.567040687339672500e+00 3.680269485271697949e+00 4.470860338309005921e-02 8.941720676627906528e+01
2.406685236768802127e+01 1.631209141041836119e+00 3.652281032201869948e+00 4.637245988530744323e-02 9.274491976961340356e+01
2.506963788300835461e+01 1.694877940707726127e+00 3.623173852591445421e+00 4.801890482886025935e-02 9.603780965646014067e+01
2.607242339832868794e+01 1.758027584011160771e+00 3.592956862231424076e+00 4.964766910817126205e-02 9.929533821764758272e+01
2.707520891364902482e+01 1.820638727648225208e+00 3.561639316857821758e+00 5.125852600319795449e-02 1.025170520060486581e+02
2.807799442896935815e+01 1.882692193262294866e+00 3.529230809316558304e+00 5.285128297818834225e-02 1.057025659550875361e+02
2.908077994428969149e+01 1.944168973318543658e+00 3.495741266625080002e+00 5.442577528373745976e-02 1.088515505665230165e+02
3.008356545961002837e+01 2.005050236926118501e+00 3.461180946931627478e+00 5.598186096096655767e-02 1.119637219204536223e+02
3.108635097493036170e+01 2.065317335606213778e+00 3.425560436373068729e+00 5.751941693817025358e-02 1.150388338767502319e+02
3.208913649025069503e+01 2.124951809004266501e+00 3.388890645832276061e+00 5.903833598026136942e-02 1.180766719607456707e+02
3.309192200557102836e+01 2.183935390544528676e+00 3.351182807596016389e+00 6.053852430459612244e-02 1.210770486097800784e+02
3.409470752089136170e+01 2.242250013025286481e+00 3.312448471914408721e+00 6.201989971824885262e-02 1.240397994374947643e+02
3.509749303621169503e+01 2.299877814153003186e+00 3.272699503462975557e+00 6.348239016348722341e-02 1.269647803266715727e+02
3.610027855153202836e+01 2.356801142013701611e+00 3.231948077708382883e+00 6.492593258310233595e-02 1.298518651662861032e+02
3.710306406685236880e+01 2.413002560479907466e+00 3.190206677178989647e+00 6.635047203636039448e-02 1.327009440720422617e+02
3.810584958217270213e+01 2.468464854551485121e+00 3.147488087641336474e+00 6.775596101151012962e-02 1.355119220236497597e+02
3.910863509749303546e+01 2.523171035628754222e+00 3.103805394183746902e+00 6.914235889218191267e-02 1.382847177846952036e+02
4.011142061281336879e+01 2.577104346716245775e+00 3.059171977208249960e+00 7.050963154448065817e-02 1.410192630889733891e+02
4.111420612813370212e+01 2.630248267555523434e+00 3.013601508332043544e+00 7.185775099811966826e-02 1.437155019967176202e+02
4.211699164345403545e+01 2.682586519685485449e+00 2.967107946199752710e+00 7.318669520109111204e-02 1.463733904030623023e+02
4.311977715877436879e+01 2.734103071428605425e+00 2.919705532207772070e+00 7.449644783075901056e-02 1.489928956602063010e+02
4.412256267409470922e+01 2.784782142801577542e+00 2.871408786141997016e+00 7.578699814836539761e-02 1.515739962948889286e+02
4.512534818941504255e+01 2.834608210348869228e+00 2.822232501730285836e+00 7.705834088539026405e-02 1.541166817705871779e+02
4.612813370473537589e+01 2.883566011897692238e+00 2.772191742111004054e+00 7.831047615268707518e-02 1.566209523056472221e+02
4.713091922005570922e+01 2.931640551232947978e+00 2.721301835219051224e+00 7.954340936389756034e-02 1.590868187277202992e+02
4.813370473537604255e+01 2.978817102690701990e+00 2.669578369090777503e+00 8.075715116553378037e-02 1.615143023293435931e+02
4.913649025069637588e+01 3.025081215668781631e+00 2.617037187089226169e+00 8.195171736613185431e-02 1.639034347301650314e+02
5.013927576601670921e+01 3.070418719053134016e+00 2.563694383051169812e+00 8.312712885645494321e-02 1.662542577125503271e+02
5.114206128133704254e+01 3.114815725558560011e+00 2.509566296357421677e+00 8.428341151207943693e-02 1.685668230248897714e+02
5.214484679665737588e+01 3.158258635982515550e+00 2.454669506927940947e+00 8.542059606793514503e-02 1.708411921338935713e+02
5.314763231197771631e+01 3.200734143370674634e+00 2.399020830143247185e+00 8.653871795257990496e-02 1.730774359051702334e+02
5.415041782729804964e+01 3.242229237092959515e+00 2.342637311693726243e+00 8.763781706691198270e-02 1.752756341343898612e+02
5.515320334261838298e+01 3.282731206828822135e+00 2.285536222358373504e+00 8.871793748808660951e-02 1.774358749751063442e+02
5.615598885793871631e+01 3.322227646460527595e+00 2.227735052714604702e+00 8.977912707402507797e-02 1.795582541482022805e+02
5.715877437325904964e+01 3.360706457873257946e+00 2.169251507780732169e+00 9.082143693719371691e-02 1.816428738746003830e+02
5.816155988857938297e+01 3.398155854660873665e+00 2.110103501592760278e+00 9.184492074659048044e-02 1.836898414928171803e+02
5.916434540389971630e+01 3.434564365736198166e+00 2.050309151717151668e+00 9.284963380467978200e-02 1.856992676092204704e+02
6.016713091922005674e+01 3.469920838844713806e+00 1.989886773701257994e+00 9.383563182930379498e-02 1.876712636580471383e+02
6.116991643454039007e+01 3.504214443980595561e+00 1.928854875463099194e+00 9.480296934825482857e-02 1.896059386954744639e+02
6.217270194986072340e+01 3.537434676704043657e+00 1.867232151622224778e+00 9.575169758375656759e-02 1.915033951680640598e+02
6.317548746518105673e+01 3.569571361358883532e+00 1.805037477773380861e+00 9.668186166300028750e-02 1.933637233251517387e+02
6.417827298050139007e+01 3.600614654189465025e+00 1.742289904704748649e+00 9.759349693390095837e-02 1.951869938682619647e+02
6.518105849582173050e+01 3.630555046355890436e+00 1.679008652562510751e+00 9.848662408647079758e-02 1.969732481729158451e+02
6.618384401114205673e+01 3.659383366846658436e+00 1.615213104963558299e+00 9.936124267000540078e-02 1.987224853374942768e+02
6.718662952646239717e+01 3.687090785287826300e+00 1.550922803058102151e+00 1.002173224397898688e-01 2.004346448783410324e+02
6.818941504178272339e+01 3.713668814647836935e+00 1.486157439544051329e+00 1.010547917434954923e-01 2.021095834871741772e+02
6.919220055710306383e+01 3.739109313837168269e+00 1.420936852634959724e+00 1.018735218328085945e-01 2.037470436650826286e+02
7.019498607242339006e+01 3.763404490202022945e+00 1.355281019983403556e+00 1.026733055086615221e-01 2.053466110177003259e+02
7.119777158774373049e+01 3.786546901911293173e+00 1.289210052561641673e+00 1.034538277965448561e-01 2.069076555932247743e+02
7.220055710306405672e+01 3.808529460236052433e+00 1.222744188501455609e+00 1.042146252677359497e-01 2.084292505352934484e+02
7.320334261838439716e+01 3.829345431720905690e+00 1.155903786895012386e+00 1.049550289536854419e-01 2.099100579070409367e+02
7.420612813370473759e+01 3.848988440246500442e+00 1.088709321558705589e+00 1.056740831714959028e-01 2.113481663431095114e+02
7.520891364902506382e+01 3.867452468982590652e+00 1.021181374761831684e+00 1.063704283447963472e-01 2.127408566894861792e+02
7.621169916434540426e+01 3.884731862231051380e+00 9.533406309220575636e-01 1.070421289213030203e-01 2.140842578431563368e+02
7.721448467966573048e+01 3.900821327158263241e+00 8.852078702696032364e-01 1.076864156600308986e-01 2.153728313200181788e+02
7.821727019498607092e+01 3.915715935416358207e+00 8.168039624820608857e-01 1.082992909304719698e-01 2.165985818607246642e+02
7.922005571030639715e+01 3.929411124652816500e+00 7.481498602918325025e-01 1.088749085056821136e-01 2.177498170108614488e+02
8.022284122562673758e+01 3.941902699907956720e+00 6.792665930681162090e-01 1.094045700293820866e-01 2.188091400586213240e+02
8.122562674094707802e+01 3.953186834899887536e+00 6.101752603754218018e-01 1.098750462747909440e-01 2.197500925494484534e+02
8.222841225626740425e+01 3.963260073196535060e+00 5.408970255105837177e-01 1.102656624928083640e-01 2.205313249852951287e+02
8.323119777158774468e+01 3.972119329274378607e+00 4.714531090202538910e-01 1.105430323365554912e-01 2.210860646751529259e+02
8.423398328690807091e+01 3.979761889463571567e+00 4.018647822008573067e-01 1.106511749412016632e-01 2.213023498825079969e+02
8.523676880222841135e+01 3.986185412779167603e+00 3.321533605829986580e-01 1.104925478499445002e-01 2.209850956992748365e+02
8.623955431754873757e+01 3.991387931638179953e+00 2.623401974023332750e-01 1.098930379633019233e-01 2.197860759272328437e+02
8.724233983286907801e+01 3.995367852462273994e+00 1.924466770588661169e-01 1.085552399671185497e-01 2.171104799342966771e+02
8.824512534818941845e+01 3.998123956165892778e+00 1.224942085667268671e-01 1.061283559098551987e-01 2.122567118195105422e+02
8.924791086350974467e+01 3.999655398529675665e+00 5.250421899639615142e-02 1.030489332446767881e-01 2.060978664890702987e+02
9.025069637883008511e+01 3.999961710459047026e+00 -1.750185308860776820e-02 1.020836217449461181e-01 2.041672434901671522e+02
9.125348189415041134e+01 3.999042798127907528e+00 -8.750256419854059164e-02 1.045558243897999895e-01 2.091116487792331213e+02
9.225626740947075177e+01 3.996898943007370697e+00 -1.574764724857790898e-01 1.074896821024684812e-01 2.149793642050416906e+02
9.325905292479107800e+01 3.993530801779550110e+00 -2.274021443126413855e-01 1.093403680129437644e-01 2.186807360256628954e+02
9.426183844011141844e+01 3.988939406136406962e+00 -2.972581608167118583e-01 1.102631401311549297e-01 2.205262802621593607e+02
9.526462395543174466e+01 3.983126162463736630e+00 -3.670231244716207208e-01 1.106137450774402620e-01 2.212274901545914361e+02
9.626740947075208510e+01 3.976092851410379492e+00 -4.366756656413121607e-01 1.106230659590045906e-01 2.212461319182033890e+02
9.727019498607242554e+01 3.967841627342791000e+00 -5.061944491257429624e-01 1.104213095682915896e-01 2.208426191367199181e+02
9.827298050139275176e+01 3.958375017685142438e+00 -5.755581806960549107e-01 1.100820401935112547e-01 2.201640803877156998e+02
9.927576601671309220e+01 3.947695922145143754e+00 -6.447456136171891838e-01 1.096482776055639485e-01 2.192965552110133558e+02
1.002785515320334184e+02 3.935807611825842489e+00 -7.137355551559422251e-01 1.091461781993489227e-01 2.182923563982530482e+02
1.012813370473537589e+02 3.922713728223650165e+00 -7.825068730725052157e-01 1.085922183338921820e-01 2.171844366672531805e+02
1.022841225626740851e+02 3.908418282112924746e+00 -8.510385020934474465e-01 1.079970924237691199e-01 2.159941848472318782e+02
1.032869080779944255e+02 3.892925652317427154e+00 -9.193094503642045279e-01 1.073679142024270283e-01 2.147358284054108708e+02
1.042896935933147518e+02 3.876240584369056386e+00 -9.872988058790704846e-01 1.067095089534642188e-01 2.134190179068490352e+02
1.052924791086350922e+02 3.858368189054242947e+00 -1.054985742886737299e+00 1.060251993563501582e-01 2.120503987127972323e+02
1.062952646239554326e+02 3.839313940848475326e+00 -1.122349528269402263e+00 1.053172985638144710e-01 2.106345971275430600e+02
1.072980501392757589e+02 3.819083676239414693e+00 -1.189369527893514134e+00 1.045874281835416364e-01 2.091748563667131293e+02
1.083008356545960993e+02 3.797683591939124970e+00 -1.256025212930196311e+00 1.038367283172397931e-01 2.076734566326225604e+02
1.093036211699164255e+02 3.775120242985972041e+00 -1.322296166143401175e+00 1.030659992374284017e-01 2.061319984743743703e+02
1.103064066852367660e+02 3.751400540736745448e+00 -1.388162088143907402e+00 1.022757987212247338e-01 2.045515974426759271e+02
1.113091922005570922e+02 3.726531750749657146e+00 -1.453602803607193961e+00 1.014665100033322748e-01 2.029330200067555552e+02
1.123119777158774326e+02 3.700521490558831061e+00 -1.518598267453328710e+00 1.006383898906079155e-01 2.012767797809622436e+02
1.133147632311977731e+02 3.673377727340982002e+00 -1.583128570986956918e+00 9.979160325371314033e-02 1.995832065071340082e+02
1.143175487465180993e+02 3.645108775475004670e+00 -1.647173947995509868e+00 9.892624802203230094e-02 1.978524960440514064e+02
1.153203342618384397e+02 3.615723293995196652e+00 -1.710714780803780810e+00 9.804237346849606349e-02 1.960847469374866989e+02
1.163231197771587659e+02 3.585230283938924067e+00 -1.773731606282986872e+00 9.713999369587017485e-02 1.942799873919133518e+02
1.173259052924791064e+02 3.553639085589519464e+00 -1.836205121812506835e+00 9.621909765398133085e-02 1.924381953079881669e+02
1.183286908077994326e+02 3.520959375615270837e+00 -1.898116191192447344e+00 9.527965662495588295e-02 1.905593132496864825e+02
1.193314763231197730e+02 3.487201164105370843e+00 -1.959445850505225462e+00 9.432162984419267815e-02 1.886432596886443491e+02
1.203342618384401135e+02 3.452374791503734386e+00 -2.020175313924399862e+00 9.334496873834390029e-02 1.866899374769574820e+02
1.213370473537604397e+02 3.416490925441632243e+00 -2.080285979468924129e+00 9.234962013026148941e-02 1.846992402603567314e+02
1.223398328690807801e+02 3.379560557470091986e+00 -2.139759434701116181e+00 9.133552866785876745e-02 1.826710573341917723e+02
1.233426183844011064e+02 3.341594999693098256e+00 -2.198577462366537727e+00 9.030263866699192454e-02 1.806052773343363924e+02
1.243454038997214468e+02 3.302605881302579593e+00 -2.256722045974118629e+00 8.925089550997918064e-02 1.785017910205660598e+02
1.253481894150417730e+02 3.262605145016296060e+00 -2.314175375314756256e+00 8.818024670619781236e-02 1.763604934104170923e+02
1.263509749303621135e+02 3.221605043419666359e+00 -2.370919851916756027e+00 8.709064269500868538e-02 1.741812853894193722e+02
1.273537604456824397e+02 3.179618135212698427e+00 -2.426938094436387416e+00 8.598203745211355220e-02 1.719640749035210376e+02
1.283565459610027801e+02 3.136657281363141703e+00 -2.482212943981959352e+00 8.485438894592214898e-02 1.697087778933306765e+02
1.293593314763231206e+02 3.092735641167058347e+00 -2.536727469369736365e+00 8.370765947985560340e-02 1.674153189582666812e+02
1.303621169916434610e+02 3.047866668218013775e+00 -2.590464972310111857e+00 8.254181594838121139e-02 1.650836318955670095e+02
1.313649025069637730e+02 3.002064106286121969e+00 -2.643408992522441103e+00 8.135683002837257316e-02 1.627136600581176253e+02
1.323676880222841135e+02 2.955341985108195679e+00 -2.695543312776990774e+00 8.015267832299330375e-02 1.603053566445675244e+02
1.333704735376044539e+02 2.907714616090321336e+00 -2.746851963862398271e+00 7.892934247173685747e-02 1.578586849442786786e+02
1.343732590529247943e+02 2.859196587924146993e+00 -2.797319229477200242e+00 7.768680923786000503e-02 1.553736184784146417e+02
1.353760445682451063e+02 2.809802762118226660e+00 -2.846929651043872855e+00 7.642507058265109177e-02 1.528501411643956658e+02
1.363788300835654468e+02 2.759548268445810582e+00 -2.895668032443934781e+00 7.514412373491094477e-02 1.502882474671771149e+02
1.373816155988857872e+02 2.708448500310465246e+00 -2.943519444672651364e+00 7.384397126316857851e-02 1.476879425262728205e+02
1.383844011142061277e+02 2.656519110030924669e+00 -2.990469230411927803e+00 7.252462115850263902e-02 1.450492423165985940e+02
1.393871866295264681e+02 2.603776004046652659e+00 -3.036503008519972457e+00 7.118608693564650036e-02 1.423721738683034062e+02
1.403899721448467801e+02 2.550235338045558464e+00 -3.081606678436373148e+00 6.982838776129304814e-02 1.396567755220581830e+02
1.413927576601671205e+02 2.495913512015349944e+00 -3.125766424501230212e+00 6.845154861981737893e-02 1.369030972402859732e+02
1.423955431754874610e+02 2.440827165220089690e+00 -3.168968720187004706e+00 6.705560052847808761e-02 1.341112010566566823e+02
1.433983286908078014e+02 2.384993171103425347e+00 -3.211200332241828548e+00 6.564058081721277360e-02 1.312811616339740226e+02
1.444011142061281134e+02 2.328428632120109310e+00 -3.252448324742958530e+00 6.420653349162303014e-02 1.284130669829824853e+02
1.454038997214484539e+02 2.271150874497351424e+00 -3.292700063059178728e+00 6.275350970250925808e-02 1.255070194059737503e+02
1.464066852367687943e+02 2.213177442927655392e+00 -3.331943217720885198e+00 6.128156835173396294e-02 1.225631367049798115e+02
1.474094707520891347e+02 2.154526095194713609e+00 -3.370165768196724532e+00 5.979077687203748770e-02 1.195815537447034131e+02
1.484122562674094752e+02 2.095214796734033325e+00 -3.407356006575591678e+00 5.828121222874371732e-02 1.165624244575391657e+02
1.494150417827297872e+02 2.035261715129975446e+00 -3.443502541152858143e+00 5.675296220462752034e-02 1.135059244093822315e+02
1.504178272980501276e+02 1.974685214550841339e+00 -3.478594299919767430e+00 5.520612704613364619e-02 1.104122540920918283e+02
1.514206128133704681e+02 1.913503850123781991e+00 -3.512620533954879942e+00 5.364082157080027335e-02 1.072816431425607817e+02
1.524233983286908085e+02 1.851736362251184875e+00 -3.545570820716566818e+00 5.205717786422200954e-02 1.041143557287543757e+02
1.534261838440111489e+02 1.789401670870323757e+00 -3.577435067235531729e+00 5.045534873070747078e-02 1.009106974613274730e+02
1.544289693593314610e+02 1.726518869658006494e+00 -3.608203513206376556e+00 4.883551210891838579e-02 9.767102421755214436e+01
1.554317548746518014e+02 1.663107220182014956e+00 -3.637866733977270783e+00 4.719787672496429665e-02 9.439575345105561155e+01
1.564345403899721418e+02 1.599186146001115194e+00 -3.666415643436802707e+00 4.554268933504531519e-02 9.108537867000276833e+01
1.574373259052924823e+02 1.534775226715439755e+00 -3.693841496797144686e+00 4.387024401525994877e-02 8.774048802948075831e+01
1.584401114206127943e+02 1.469894191969088659e+00 -3.720135893272656258e+00 4.218089409614504681e-02 8.436178819432733178e+01
1.594428969359331347e+02 1.404562915406752932e+00 -3.745290778653118657e+00 4.047506752850272421e-02 8.095013505744763904e+01
1.604456824512534752e+02 1.338801408586243413e+00 -3.769298447770816907e+00 3.875328672426603394e-02 7.750657344990364095e+01
1.614484679665738156e+02 1.272629814848772023e+00 -3.792151546860698108e+00 3.701619427434040682e-02 7.403238854861160689e+01
1.624512534818941560e+02 1.206068403148863988e+00 -3.813843075812893613e+00 3.526458645118001056e-02 7.052917290015919605e+01
1.634540389972144681e+02 1.139137561845789959e+00 -3.834366390316923390e+00 3.349945713545554593e-02 6.699891427156684642e+01
1.644568245125348085e+02 1.071857792458432046e+00 -3.853715203896901809e+00 3.172205588658855852e-02 6.344411177273967439e+01
1.654596100278551489e+02 1.004249703385488690e+00 -3.871883589837143091e+00 2.993396550973851516e-02 5.986793102070314632e+01
1.664623955431754894e+02 9.363340035929254013e-01 -3.888865982997568693e+00 2.813720699429466884e-02 5.627441398849825305e+01
1.674651810584958014e+02 8.681314962706458971e-01 -3.904657181518358389e+00 2.633438367901144023e-02 5.266876735858516412e+01
1.684679665738161418e+02 7.996630724602751261e-01 -3.919252348413329035e+00 2.452888289760059293e-02 4.905776579539056570e+01
1.694707520891364823e+02 7.309497046560511357e-01 -3.932647013051544072e+00 2.272516381145845213e-02 4.545032762329898191e+01
1.704735376044568227e+02 6.620124403807642333e-01 -3.944837072526710120e+00 2.092917740609611527e-02 4.185835481073860365e+01
1.714763231197771631e+02 5.928723957387084242e-01 -3.955818792913933457e+00 1.914899326250720651e-02 3.829798652531593461e+01
1.724791086350974751e+02 5.235507489476254328e-01 -3.965588810413452237e+00 1.739575465527657544e-02 3.479150931018013182e+01
1.734818941504178156e+02 4.540687338516285476e-01 -3.974144132381006056e+00 1.568515717280373478e-02 3.137031434655851569e+01
1.744846796657381560e+02 3.844476334170913168e-01 -3.981482138244500479e+00 1.403974748829283324e-02 2.807949497716372278e+01
1.754874651810584965e+02 3.147087732134708493e-01 -3.987600580306717823e+00 1.249242307264929880e-02 2.498484614462531539e+01
1.764902506963788369e+02 2.448735148811060358e-01 -3.992497584433805979e+00 1.109135548202151191e-02 2.218271096308260937e+01
1.774930362116991489e+02 1.749632495879520078e-01 -3.996171650629340100e+00 9.905412916973084861e-03 1.981082583395535224e+01
1.784958217270194893e+02 1.049993914772601178e-01 -3.998621653493789729e+00 9.025452857964645290e-03 1.805090571600775817e+01
1.794986072423398298e+02 3.500337110825444548e-02 -3.999846842569232397e+00 8.550558562597395523e-03 1.710111712512410520e+01
1.805013927576601702e+02 -3.500337110825524345e-02 -3.999846842569232397e+00 8.550558562597090212e-03 1.710111712518308380e+01
1.815041782729804822e+02 -1.049993914772573561e-01 -3.998621653493789729e+00 9.025452857964886416e-03 1.805090571555326306e+01
1.825069637883008227e+02 -1.749632495879492600e-01 -3.996171650629340100e+00 9.905412916973246190e-03 1.981082583413923359e+01
1.835097493036211631e+02 -2.448735148811050644e-01 -3.992497584433805979e+00 1.109135548202091689e-02 2.218271096402976639e+01
1.845125348189415035e+02 -3.147087732134698501e-01 -3.987600580306717823e+00 1.249242307265021820e-02 2.498484614629064993e+01
1.855153203342618440e+02 -3.844476334170903731e-01 -3.981482138244500923e+00 1.403974748829224864e-02 2.807949497550185569e+01
1.865181058495821560e+02 -4.540687338516257721e-01 -3.974144132381006500e+00 1.568515717280443908e-02 3.137031434518114281e+01
1.875208913649024964e+02 -5.235507489476226572e-01 -3.965588810413452681e+00 1.739575465527610013e-02 3.479150931032584992e+01
1.885236768802228369e+02 -5.928723957387075361e-01 -3.955818792913933457e+00 1.914899326250760203e-02 3.829798652475735565e+01
1.895264623955431773e+02 -6.620124403807648994e-01 -3.944837072526710120e+00 2.092917740609522362e-02 4.185835481224087573e+01
1.905292479108634893e+02 -7.309497046560483602e-01 -3.932647013051544516e+00 2.272516381145814335e-02 4.545032762364592571e+01
1.915320334261838298e+02 -7.996630724602724616e-01 -3.919252348413329479e+00 2.452888289760132151e-02 4.905776579685466743e+01
1.925348189415041702e+02 -8.681314962706450089e-01 -3.904657181518358389e+00 2.633438367900883467e-02 5.266876735797454501e+01
1.935376044568245106e+02 -9.363340035929246241e-01 -3.888865982997568693e+00 2.813720699429250044e-02 5.627441398845661524e+01
1.945403899721448511e+02 -1.004249703385487580e+00 -3.871883589837143091e+00 2.993396550973780046e-02 5.986793101842025067e+01
1.955431754874651631e+02 -1.071857792458430936e+00 -3.853715203896901809e+00 3.172205588658917608e-02 6.344411177251762979e+01
1.965459610027855035e+02 -1.139137561845787294e+00 -3.834366390316923834e+00 3.349945713545381121e-02 6.699891427143501232e+01
1.975487465181058440e+02 -1.206068403148863322e+00 -3.813843075812894057e+00 3.526458645118037138e-02 7.052917290303190612e+01
1.985515320334261844e+02 -1.272629814848772911e+00 -3.792151546860697664e+00 3.701619427434148235e-02 7.403238854850752659e+01
1.995543175487464964e+02 -1.338801408586240749e+00 -3.769298447770818239e+00 3.875328672426504861e-02 7.750657344957751604e+01
2.005571030640668369e+02 -1.404562915406750268e+00 -3.745290778653119990e+00 4.047506752850282136e-02 8.095013505680232413e+01
2.015598885793871773e+02 -1.469894191969087549e+00 -3.720135893272656258e+00 4.218089409614534518e-02 8.436178819183626842e+01
2.025626740947075177e+02 -1.534775226715438867e+00 -3.693841496797145130e+00 4.387024401525704831e-02 8.774048803102118654e+01
2.035654596100278582e+02 -1.599186146001114306e+00 -3.666415643436803151e+00 4.554268933504573846e-02 9.108537867023174783e+01
2.045682451253481702e+02 -1.663107220182013846e+00 -3.637866733977270783e+00 4.719787672496023045e-02 9.439575345022294073e+01
2.055710306406685106e+02 -1.726518869658004052e+00 -3.608203513206378332e+00 4.883551210891831640e-02 9.767102421811418367e+01
2.065738161559888511e+02 -1.789401670870322869e+00 -3.577435067235532618e+00 5.045534873070880999e-02 1.009106974604670484e+02
2.075766016713091915e+02 -1.851736362251185541e+00 -3.545570820716566818e+00 5.205717786422519450e-02 1.041143557285462151e+02
2.085793871866295035e+02 -1.913503850123779548e+00 -3.512620533954880830e+00 5.364082157079476387e-02 1.072816431416587193e+02
2.095821727019498439e+02 -1.974685214550839119e+00 -3.478594299919769206e+00 5.520612704613166860e-02 1.104122540928412235e+02
2.105849582172701844e+02 -2.035261715129973226e+00 -3.443502541152859475e+00 5.675296220462673624e-02 1.135059244094099853e+02
2.115877437325905248e+02 -2.095214796734032880e+00 -3.407356006575592122e+00 5.828121222874056706e-02 1.165624244574697883e+02
2.125905292479108653e+02 -2.154526095194712720e+00 -3.370165768196725864e+00 5.979077687204052693e-02 1.195815537438846263e+02
2.135933147632311773e+02 -2.213177442927654948e+00 -3.331943217720885642e+00 6.128156835173464295e-02 1.225631367025581397e+02
2.145961002785515177e+02 -2.271150874497349204e+00 -3.292700063059179616e+00 6.275350970251034055e-02 1.255070194055227262e+02
2.155988857938718581e+02 -2.328428632120107089e+00 -3.252448324742960306e+00 6.420653349162225298e-02 1.284130669835584229e+02
2.166016713091921986e+02 -2.384993171103425791e+00 -3.211200332241827660e+00 6.564058081721370341e-02 1.312811616350842314e+02
2.176044568245125390e+02 -2.440827165220088801e+00 -3.168968720187005150e+00 6.705560052847713004e-02 1.341112010567885307e+02
2.186072423398328510e+02 -2.495913512015347724e+00 -3.125766424501231100e+00 6.845154861981875283e-02 1.369030972390855538e+02
2.196100278551531915e+02 -2.550235338045556244e+00 -3.081606678436375368e+00 6.982838776129485225e-02 1.396567755221900313e+02
2.206128133704735319e+02 -2.603776004046652215e+00 -3.036503008519973790e+00 7.118608693564398848e-02 1.423721738712871456e+02
2.216155988857938723e+02 -2.656519110030924224e+00 -2.990469230411928248e+00 7.252462115849805935e-02 1.450492423159810471e+02
2.226183844011141844e+02 -2.708448500310463025e+00 -2.943519444672652696e+00 7.384397126316255555e-02 1.476879425264116037e+02
2.236211699164345248e+02 -2.759548268445808805e+00 -2.895668032443937001e+00 7.514412373490661490e-02 1.502882474700845137e+02
2.246239554317548652e+02 -2.809802762118224884e+00 -2.846929651043874188e+00 7.642507058265102238e-02 1.528501411654156641e+02
2.256267409470752057e+02 -2.859196587924146549e+00 -2.797319229477200686e+00 7.768680923785399595e-02 1.553736184750076461e+02
2.266295264623955461e+02 -2.907714616090321780e+00 -2.746851963862397827e+00 7.892934247172889162e-02 1.578586849438692923e+02
2.276323119777158581e+02 -2.955341985108193015e+00 -2.695543312776992551e+00 8.015267832299015349e-02 1.603053566460628474e+02
2.286350974930361986e+02 -3.002064106286120193e+00 -2.643408992522443324e+00 8.135683002836847921e-02 1.627136600578539571e+02
2.296378830083565390e+02 -3.047866668218013331e+00 -2.590464972310112302e+00 8.254181594837942115e-02 1.650836318967327543e+02
2.306406685236768794e+02 -3.092735641167058791e+00 -2.536727469369736365e+00 8.370765947985564503e-02 1.674153189600638427e+02
2.316434540389971914e+02 -3.136657281363138594e+00 -2.482212943981963349e+00 8.485438894591831871e-02 1.697087778920955543e+02
2.326462395543175319e+02 -3.179618135212697982e+00 -2.426938094436388305e+00 8.598203745211746574e-02 1.719640749038020431e+02
2.336490250696378723e+02 -3.221605043419665471e+00 -2.370919851916756471e+00 8.709064269501112787e-02 1.741812853900716220e+02
2.346518105849582128e+02 -3.262605145016294284e+00 -2.314175375314758920e+00 8.818024670619914462e-02 1.763604934121067060e+02
2.356545961002785532e+02 -3.302605881302580038e+00 -2.256722045974118185e+00 8.925089550998194232e-02 1.785017910199762525e+02
2.366573816155988652e+02 -3.341594999693097812e+00 -2.198577462366538615e+00 9.030263866698963471e-02 1.806052773341421016e+02
2.376601671309192056e+02 -3.379560557470091542e+00 -2.139759434701117069e+00 9.133552866785910052e-02 1.826710573359369221e+02
2.386629526462395461e+02 -3.416490925441630466e+00 -2.080285979468926794e+00 9.234962013025652117e-02 1.846992402601312051e+02
2.396657381615598865e+02 -3.452374791503734830e+00 -2.020175313924398974e+00 9.334496873834319253e-02 1.866899374771240048e+02
2.406685236768802270e+02 -3.487201164105370399e+00 -1.959445850505226572e+00 9.432162984419442675e-02 1.886432596882106623e+02
2.416713091922005390e+02 -3.520959375615270837e+00 -1.898116191192448232e+00 9.527965662495882504e-02 1.905593132498773059e+02
2.426740947075208794e+02 -3.553639085589518576e+00 -1.836205121812509278e+00 9.621909765399101755e-02 1.924381953078459162e+02
2.436768802228412198e+02 -3.585230283938922735e+00 -1.773731606282989315e+00 9.713999369587147936e-02 1.942799873917849709e+02
2.446796657381615603e+02 -3.615723293995197096e+00 -1.710714780803780144e+00 9.804237346849761781e-02 1.960847469371120155e+02
2.456824512534818723e+02 -3.645108775475004670e+00 -1.647173947995510535e+00 9.892624802203189849e-02 1.978524960440410041e+02
2.466852367688022127e+02 -3.673377727340981558e+00 -1.583128570986957806e+00 9.979160325371425055e-02 1.995832065067246219e+02
2.476880222841225532e+02 -3.700521490558829285e+00 -1.518598267453331152e+00 1.006383898906054730e-01 2.012767797812085746e+02
2.486908077994428936e+02 -3.726531750749657146e+00 -1.453602803607193961e+00 1.014665100033322054e-01 2.029330200071510717e+02
2.496935933147632340e+02 -3.751400540736745004e+00 -1.388162088143908512e+00 1.022757987212264685e-01 2.045515974424469334e+02
2.506963788300835461e+02 -3.775120242985971597e+00 -1.322296166143402951e+00 1.030659992374279160e-01 2.061319984749364380e+02
2.516991643454038865e+02 -3.797683591939124526e+00 -1.256025212930197865e+00 1.038367283172366845e-01 2.076734566348777093e+02
2.527019498607242269e+02 -3.819083676239414693e+00 -1.189369527893514134e+00 1.045874281835418862e-01 2.091748563670462033e+02
2.537047353760445674e+02 -3.839313940848475326e+00 -1.122349528269402263e+00 1.053172985638112791e-01 2.106345971275153204e+02
2.547075208913648794e+02 -3.858368189054242947e+00 -1.054985742886738409e+00 1.060251993563479378e-01 2.120503987125994740e+02
2.557103064066852198e+02 -3.876240584369055941e+00 -9.872988058790730381e-01 1.067095089534639413e-01 2.134190179068976079e+02
2.567130919220055603e+02 -3.892925652317426710e+00 -9.193094503642070814e-01 1.073679142024315247e-01 2.147358284049979886e+02
2.577158774373259007e+02 -3.908418282112924746e+00 -8.510385020934475575e-01 1.079970924237751428e-01 2.159941848473498283e+02
2.587186629526462411e+02 -3.922713728223650165e+00 -7.825068730725061039e-01 1.085922183338922098e-01 2.171844366678637925e+02
2.597214484679665816e+02 -3.935807611825841601e+00 -7.137355551559442235e-01 1.091461781993430802e-01 2.182923563985167448e+02
2.607242339832869220e+02 -3.947695922145144198e+00 -6.447456136171874075e-01 1.096482776055628383e-01 2.192965552113811043e+02
2.617270194986072056e+02 -3.958375017685141550e+00 -5.755581806960585745e-01 1.100820401935090620e-01 2.201640803869663046e+02
2.627298050139275460e+02 -3.967841627342790112e+00 -5.061944491257465151e-01 1.104213095682901324e-01 2.208426191365048226e+02
2.637325905292478865e+02 -3.976092851410379048e+00 -4.366756656413131044e-01 1.106230659590023424e-01 2.212461319183491071e+02
2.647353760445682269e+02 -3.983126162463735742e+00 -3.670231244716234964e-01 1.106137450774400677e-01 2.212274901548655350e+02
2.657381615598885674e+02 -3.988939406136406074e+00 -2.972581608167145784e-01 1.102631401311523207e-01 2.205262802619269280e+02
2.667409470752089078e+02 -3.993530801779550110e+00 -2.274021443126423847e-01 1.093403680129449995e-01 2.186807360258502513e+02
2.677437325905292482e+02 -3.996898943007370697e+00 -1.574764724857800613e-01 1.074896821024665938e-01 2.149793642050139226e+02
2.687465181058495887e+02 -3.999042798127907528e+00 -8.750256419854245127e-02 1.045558243898008777e-01 2.091116487796356012e+02
2.697493036211699291e+02 -3.999961710459047026e+00 -1.750185308860608552e-02 1.020836217449481442e-01 2.041672434899138864e+02
2.707520891364902127e+02 -3.999655398529675665e+00 5.250421899639250156e-02 1.030489332446724027e-01 2.060978664892611221e+02
2.717548746518105531e+02 -3.998123956165893222e+00 1.224942085667232450e-01 1.061283559098556983e-01 2.122567118197603406e+02
2.727576601671308936e+02 -3.995367852462273994e+00 1.924466770588642850e-01 1.085552399671212004e-01 2.171104799344805656e+02
2.737604456824512340e+02 -3.991387931638179953e+00 2.623401974023305550e-01 1.098930379633015486e-01 2.197860759265007857e+02
2.747632311977715744e+02 -3.986185412779168047e+00 3.321533605829959379e-01 1.104925478499459296e-01 2.209850956997883031e+02
2.757660167130919149e+02 -3.979761889463571567e+00 4.018647822008562520e-01 1.106511749412027179e-01 2.213023498824906596e+02
2.767688022284122553e+02 -3.972119329274378607e+00 4.714531090202528363e-01 1.105430323365559075e-01 2.210860646733349313e+02
2.777715877437325958e+02 -3.963260073196535060e+00 5.408970255105818303e-01 1.102656624928077672e-01 2.205313249857843232e+02
2.787743732590529362e+02 -3.953186834899887092e+00 6.101752603754225790e-01 1.098750462747955930e-01 2.197500925496184720e+02
2.797771587743732198e+02 -3.941902699907957164e+00 6.792665930681126563e-01 1.094045700293800882e-01 2.188091400590931528e+02
2.807799442896935602e+02 -3.929411124652817833e+00 7.481498602918281726e-01 1.088749085056853333e-01 2.177498170113888136e+02
2.817827298050139007e+02 -3.915715935416358651e+00 8.168039624820591094e-01 1.082992909304718726e-01 2.165985818608530451e+02
2.827855153203342411e+02 -3.900821327158263685e+00 8.852078702696005719e-01 1.076864156600291778e-01 2.153728313202089737e+02
2.837883008356545815e+02 -3.884731862231052713e+00 9.533406309220547881e-01 1.070421289213026456e-01 2.140842578427712510e+02
2.847910863509749220e+02 -3.867452468982590652e+00 1.021181374761830796e+00 1.063704283447982901e-01 2.127408566894376065e+02
2.857938718662952624e+02 -3.848988440246500442e+00 1.088709321558704479e+00 1.056740831714942652e-01 2.113481663430123660e+02
2.867966573816156028e+02 -3.829345431720905690e+00 1.155903786895013940e+00 1.049550289536855252e-01 2.099100579073115398e+02
2.877994428969359433e+02 -3.808529460236052433e+00 1.222744188501455609e+00 1.042146252677371709e-01 2.084292505354114269e+02
2.888022284122562269e+02 -3.786546901911294061e+00 1.289210052561638342e+00 1.034538277965457442e-01 2.069076555926141623e+02
2.898050139275765673e+02 -3.763404490202025166e+00 1.355281019983398449e+00 1.026733055086608282e-01 2.053466110172631716e+02
2.908077994428969077e+02 -3.739109313837168713e+00 1.420936852634957948e+00 1.018735218328080672e-01 2.037470436652456840e+02
2.918105849582172482e+02 -3.713668814647837824e+00 1.486157439544048664e+00 1.010547917434984067e-01 2.021095834876252013e+02
2.928133704735375886e+02 -3.687090785287826300e+00 1.550922803058102151e+00 1.002173224397852613e-01 2.004346448798016809e+02
2.938161559888579291e+02 -3.659383366846658880e+00 1.615213104963557633e+00 9.936124267000162602e-02 1.987224853397181903e+02
2.948189415041782695e+02 -3.630555046355890880e+00 1.679008652562509640e+00 9.848662408647414213e-02 1.969732481726660467e+02
2.958217270194986099e+02 -3.600614654189465025e+00 1.742289904704749093e+00 9.759349693389837710e-02 1.951869938678213430e+02
2.968245125348189504e+02 -3.569571361358883532e+00 1.805037477773381749e+00 9.668186166300109241e-02 1.933637233259323409e+02
2.978272980501392908e+02 -3.537434676704043657e+00 1.867232151622224556e+00 9.575169758375293161e-02 1.915033951678801714e+02
2.988300835654595744e+02 -3.504214443980597782e+00 1.928854875463095420e+00 9.480296934825137301e-02 1.896059386962863016e+02
2.998328690807799148e+02 -3.469920838844714250e+00 1.989886773701255995e+00 9.383563182930357294e-02 1.876712636588728742e+02
3.008356545961002553e+02 -3.434564365736199942e+00 2.050309151717149003e+00 9.284963380467971261e-02 1.856992676097825381e+02
3.018384401114205957e+02 -3.398155854660873665e+00 2.110103501592760278e+00 9.184492074659078575e-02 1.836898414934416621e+02
3.028412256267409361e+02 -3.360706457873258390e+00 2.169251507780731725e+00 9.082143693719202382e-02 1.816428738745344447e+02
3.038440111420612766e+02 -3.322227646460529371e+00 2.227735052714603370e+00 8.977912707401952686e-02 1.795582541484208718e+02
3.048467966573816170e+02 -3.282731206828821691e+00 2.285536222358374392e+00 8.871793748808486091e-02 1.774358749757204521e+02
3.058495821727019575e+02 -3.242229237092959515e+00 2.342637311693726243e+00 8.763781706691467499e-02 1.752756341338312893e+02
3.068523676880222979e+02 -3.200734143370674634e+00 2.399020830143247185e+00 8.653871795257550570e-02 1.730774359049759710e+02
3.078551532033425815e+02 -3.158258635982517326e+00 2.454669506927939171e+00 8.542059606793110660e-02 1.708411921360515748e+02
3.088579387186629219e+02 -3.114815725558560899e+00 2.509566296357419901e+00 8.428341151208174065e-02 1.685668230241889205e+02
3.098607242339832624e+02 -3.070418719053135348e+00 2.563694383051167147e+00 8.312712885645748284e-02 1.662542577129111407e+02
3.108635097493036028e+02 -3.025081215668781631e+00 2.617037187089225725e+00 8.195171736612644198e-02 1.639034347323542420e+02
3.118662952646239432e+02 -2.978817102690702434e+00 2.669578369090777059e+00 8.075715116553228157e-02 1.615143023313975164e+02
3.128690807799442837e+02 -2.931640551232949310e+00 2.721301835219050336e+00 7.954340936389417416e-02 1.590868187280186703e+02
3.138718662952646241e+02 -2.883566011897690906e+00 2.772191742111004498e+00 7.831047615268636741e-02 1.566209523054182284e+02
3.148746518105849646e+02 -2.834608210348868784e+00 2.822232501730285836e+00 7.705834088539043059e-02 1.541166817699210583e+02
3.158774373259053050e+02 -2.784782142801578431e+00 2.871408786141996572e+00 7.578699814836246940e-02 1.515739962959783327e+02
3.168802228412255886e+02 -2.734103071428607201e+00 2.919705532207770293e+00 7.449644783075784482e-02 1.489928956617814322e+02
3.178830083565459290e+02 -2.682586519685487669e+00 2.967107946199751378e+00 7.318669520108564419e-02 1.463733904020006378e+02
3.188857938718662695e+02 -2.630248267555526098e+00 3.013601508332041323e+00 7.185775099812696798e-02 1.437155019961902553e+02
3.198885793871866099e+02 -2.577104346716246219e+00 3.059171977208249515e+00 7.050963154447897896e-02 1.410192630886750180e+02
3.208913649025069503e+02 -2.523171035628755110e+00 3.103805394183745570e+00 6.914235889218744990e-02 1.382847177839735480e+02
3.218941504178272908e+02 -2.468464854551486898e+00 3.147488087641335142e+00 6.775596101150528627e-02 1.355119220233375188e+02
3.228969359331476312e+02 -2.413002560479907022e+00 3.190206677178990091e+00 6.635047203636193491e-02 1.327009440730553251e+02
3.238997214484679716e+02 -2.356801142013702055e+00 3.231948077708382439e+00 6.492593258309989346e-02 1.298518651657240639e+02
3.249025069637883121e+02 -2.299877814153003630e+00 3.272699503462974668e+00 6.348239016348548869e-02 1.269647803278234335e+02
3.259052924791085957e+02 -2.242250013025288258e+00 3.312448471914408277e+00 6.201989971824434233e-02 1.240397994368216956e+02
3.269080779944289361e+02 -2.183935390544530897e+00 3.351182807596014612e+00 6.053852430459322198e-02 1.210770486095372149e+02
3.279108635097492765e+02 -2.124951809004269165e+00 3.388890645832273840e+00 5.903833598025855223e-02 1.180766719604056618e+02
3.289136490250696170e+02 -2.065317335606214222e+00 3.425560436373068729e+00 5.751941693816793599e-02 1.150388338759314450e+02
3.299164345403899574e+02 -2.005050236926119833e+00 3.461180946931626590e+00 5.598186096096166575e-02 1.119637219217234332e+02
3.309192200557102979e+02 -1.944168973318545657e+00 3.495741266625079113e+00 5.442577528373440665e-02 1.088515505674528328e+02
3.319220055710306383e+02 -1.882692193262294866e+00 3.529230809316558304e+00 5.285128297818775245e-02 1.057025659569679732e+02
3.329247910863509787e+02 -1.820638727648225430e+00 3.561639316857821758e+00 5.125852600319676100e-02 1.025170520066731541e+02
3.339275766016713192e+02 -1.758027584011162103e+00 3.592956862231423631e+00 4.964766910816885426e-02 9.929533821590591458e+01
3.349303621169916028e+02 -1.694877940707727682e+00 3.623173852591444977e+00 4.801890482885626948e-02 9.603780965849323081e+01
3.359331476323119432e+02 -1.631209141041838562e+00 3.652281032201869060e+00 4.637245988530888652e-02 9.274491977113302710e+01
3.369359331476322836e+02 -1.567040687339675609e+00 3.680269485271696617e+00 4.470860338308782489e-02 8.941720676663294398e+01
3.379387186629526241e+02 -1.502392234975943319e+00 3.707130638685935953e+00 4.302765734028762140e-02 8.605531468090788394e+01
3.389415041782729645e+02 -1.437283586353263809e+00 3.732856264631615684e+00 4.133001022524221413e-02 8.266002045110437280e+01
3.399442896935933049e+02 -1.371734684836505735e+00 3.757438483118052730e+00 3.961613440980570056e-02 7.923226882007583072e+01
3.409470752089136454e+02 -1.305765608643958409e+00 3.780869764390552668e+00 3.788660874607140128e-02 7.577321749237947301e+01
3.419498607242339858e+02 -1.239396564697206493e+00 3.803142931236842550e+00 3.614214789881993461e-02 7.228429579739237454e+01
3.429526462395543263e+02 -1.172647882431544497e+00 3.824251161185522108e+00 3.438364067275914704e-02 6.876728134590919694e+01
3.439554317548746099e+02 -1.105540007568904803e+00 3.844187988595841876e+00 3.261220046019618068e-02 6.522440092036202941e+01
3.449582172701949503e+02 -1.038093495855143100e+00 3.862947306638190081e+00 3.082923225910308776e-02 6.165846451869349920e+01
3.459610027855152907e+02 -9.703290067636289873e-01 3.880523369164668335e+00 2.903652273573094009e-02 5.807304547173625053e+01
3.469637883008356312e+02 -9.022672971670611108e-01 3.896910792469189921e+00 2.723636296627053588e-02 5.447272593220309034e+01
3.479665738161559716e+02 -8.339292149794631515e-01 3.912104556936552235e+00 2.543171852767519767e-02 5.086343705614643085e+01
3.489693593314763120e+02 -7.653356927702592571e-01 3.926100008579999301e+00 2.362646977162825498e-02 4.725293954337822555e+01
3.499721448467966525e+02 -6.965077413524509709e-01 3.938892860466772117e+00 2.182575853755572282e-02 4.365151707468387343e+01
3.509749303621169929e+02 -6.274664433468257752e-01 3.950479194031236041e+00 2.003649980382605361e-02 4.007299960745794465e+01
3.519777158774373333e+02 -5.582329467241399223e-01 3.960855460275177098e+00 1.826815354278141235e-02 3.653630708486815593e+01
3.529805013927576738e+02 -4.888284583273156958e-01 3.970018480854886178e+00 1.653391136097650052e-02 3.306782272238795173e+01
3.539832869080779574e+02 -4.192742373756080942e-01 3.977965449054717606e+00 1.485254124201280598e-02 2.970508248404529894e+01
3.549860724233982978e+02 -3.495915889526797216e-01 3.984693930646812099e+00 1.325123839492767935e-02 2.650247678918221794e+01
3.559888579387186383e+02 -2.798018574806937497e-01 3.990201864636719442e+00 1.176984286576776388e-02 2.353968573151968258e+01
3.569916434540389787e+02 -2.099264201823217435e-01 3.994487563894702831e+00 1.046627744188067394e-02 2.093255488372011541e+01
3.579944289693593191e+02 -1.399866805326904495e-01 3.997549715672519266e+00 9.420859107697444890e-03 1.884171821545446690e+01
3.589972144846796596e+02 -7.000406170331531508e-02 3.999387382005529012e+00 8.731750123650579287e-03 1.746350024754358898e+01
3.600000000000000000e+02 0.000000000000000000e+00 4.000000000000000000e+00 8.489280330646583120e-03 1.697856066129599384e+01
