# theta_deg  Ey_V_per_um  Ez_V_per_um  alpha_eV_A  perturbative_gap_k1_microeV  
0.000000000000000000e+00 0.000000000000000000e+00 4.000000000000000000e+00 8.243602718373037319e-03 1.648720543674653172e+01
2.399999999999999911e+00 1.675026149167984924e-01 3.996491320395433977e+00 9.563162517983950922e-03 1.912632503598549150e+01
4.799999999999999822e+00 3.347113733292619298e-01 3.985971436998017925e+00 1.270353998225398628e-02 2.540707996449148709e+01
7.199999999999999289e+00 5.013329342572169223e-01 3.968458805257911504e+00 1.661728038079945610e-02 3.323456076156916339e+01
9.599999999999999645e+00 6.670749868644090252e-01 3.943984148282020374e+00 2.081651332714598568e-02 4.163302665428913940e+01
1.200000000000000000e+01 8.316467632710373703e-01 3.912590402935222755e+00 2.510148357133108049e-02 5.020296714264988225e+01
1.439999999999999858e+01 9.947595486594189573e-01 3.874332644514524304e+00 2.938216430540862081e-02 5.876432861075253555e+01
1.680000000000000071e+01 1.156127187777886478e+00 3.829277990128268971e+00 3.361367673005775936e-02 6.722735346012531465e+01
1.919999999999999929e+01 1.315466586954333161e+00 3.777505480949924443e+00 3.777198950189550319e-02 7.554397900370879881e+01
2.159999999999999787e+01 1.472498210738711677e+00 3.719105943553005833e+00 4.184356210393500031e-02 8.368712420791374029e+01
2.400000000000000000e+01 1.626946572303200833e+00 3.654181830570403466e+00 4.582043289227212546e-02 9.164086578453827769e+01
2.639999999999999858e+01 1.778540716739709815e+00 3.582847040957652052e+00 4.969771803426080437e-02 9.939543606846123680e+01
2.879999999999999716e+01 1.927014696406861072e+00 3.505226720175454336e+00 5.347228464244918600e-02 1.069445692848530740e+02
3.119999999999999929e+01 2.072108037492521149e+00 3.421457040642026382e+00 5.714203143364747495e-02 1.142840628673008609e+02
3.360000000000000142e+01 2.213566196973376421e+00 3.331684962840398168e+00 6.070549471715046969e-02 1.214109894343215501e+02
3.600000000000000000e+01 2.351141009169892548e+00 3.236067977499790249e+00 6.416163183947570792e-02 1.283232636789324772e+02
3.839999999999999858e+01 2.484591121113241652e+00 3.134773829303359349e+00 6.750970237039391475e-02 1.350194047407479729e+02
4.079999999999999716e+01 2.613682415960421501e+00 3.027980222607025595e+00 7.074920339590497209e-02 1.414984067918331618e+02
4.319999999999999574e+01 2.738188423714754904e+00 2.915874509685646210e+00 7.387983481252897999e-02 1.477596696250193986e+02
4.560000000000000142e+01 2.857890718531213903e+00 2.798653362053461713e+00 7.690148117125017446e-02 1.538029623424641557e+02
4.800000000000000000e+01 2.972579301909577421e+00 2.676522425435432950e+00 7.981420237823830255e-02 1.596284047565392541e+02
5.039999999999999858e+01 3.082052971103157013e+00 2.549695958994758982e+00 8.261822851322096761e-02 1.652364570264228121e+02
5.279999999999999716e+01 3.186119672096785038e+00 2.418396459449499769e+00 8.531395522803236764e-02 1.706279104561232600e+02
5.519999999999999574e+01 3.284596836534816156e+00 2.282854270737727287e+00 8.790193605255772202e-02 1.758038721051125037e+02
5.759999999999999432e+01 3.377311702008059857e+00 2.143307179915987071e+00 9.038286637478121222e-02 1.807657327495687412e+02
6.000000000000000000e+01 3.464101615137754386e+00 2.000000000000000444e+00 9.275755019364639864e-02 1.855151003873449440e+02
6.239999999999999858e+01 3.544814316924859376e+00 1.853184140479447128e+00 9.502683328051171607e-02 1.900536665610658247e+02
6.479999999999999716e+01 3.619308209864078751e+00 1.703117166260290860e+00 9.719147137225789268e-02 1.943829427444795783e+02
6.720000000000000284e+01 3.687452606354002071e+00 1.550062345808411735e+00 9.925187099897683773e-02 1.985037419979553022e+02
6.959999999999999432e+01 3.749127957967565816e+00 1.394288189287261392e+00 1.012075735643649388e-01 2.024151471287510731e+02
7.200000000000000000e+01 3.804226065180614125e+00 1.236067977499789805e+00 1.030562001260597466e-01 2.061124002520967053e+02
7.439999999999999147e+01 3.852650267190632416e+00 1.075679282461063702e+00 1.047911980532530846e-01 2.095823961065258629e+02
7.679999999999999716e+01 3.894315611492640716e+00 9.134034804426235388e-01 1.063967192805830575e-01 2.127934385611936250e+02
7.920000000000000284e+01 3.929149002914754885e+00 7.495252583428981819e-01 1.078349093122840108e-01 2.156698186245378679e+02
8.159999999999999432e+01 3.957089331851953329e+00 5.843321142496465948e-01 1.090102047123165663e-01 2.180204094247052637e+02
8.400000000000000000e+01 3.978087581473093604e+00 4.181138530706138834e-01 1.096500495492259558e-01 2.193000990985231908e+02
8.639999999999999147e+01 3.992106913713086680e+00 2.511620781172541061e-01 1.088162355405161152e-01 2.176324710809959697e+02
8.879999999999999716e+01 3.999122733899382443e+00 8.376967953342820405e-02 1.036533270721842204e-01 2.073066541443506594e+02
9.120000000000000284e+01 3.999122733899382443e+00 -8.376967953342770445e-02 1.036533270721845812e-01 2.073066541443679967e+02
9.359999999999999432e+01 3.992106913713086680e+00 -2.511620781172527184e-01 1.088162355405166148e-01 2.176324710810168028e+02
9.600000000000000000e+01 3.978087581473093604e+00 -4.181138530706142720e-01 1.096500495492260252e-01 2.193000990984850205e+02
9.839999999999999147e+01 3.957089331851953329e+00 -5.843321142496461507e-01 1.090102047123166495e-01 2.180204094246324189e+02
1.007999999999999972e+02 3.929149002914754885e+00 -7.495252583428984039e-01 1.078349093122841912e-01 2.156698186245448312e+02
1.032000000000000028e+02 3.894315611492641160e+00 -9.134034804426232057e-01 1.063967192805835710e-01 2.127934385611727919e+02
1.055999999999999943e+02 3.852650267190632860e+00 -1.075679282461062369e+00 1.047911980532534315e-01 2.095823961065640333e+02
1.080000000000000000e+02 3.804226065180614569e+00 -1.236067977499789361e+00 1.030562001260604543e-01 2.061124002521036402e+02
1.103999999999999915e+02 3.749127957967566704e+00 -1.394288189287260060e+00 1.012075735643648833e-01 2.024151471287268009e+02
1.127999999999999972e+02 3.687452606354002516e+00 -1.550062345808411512e+00 9.925187099897636589e-02 1.985037419979587696e+02
1.151999999999999886e+02 3.619308209864078751e+00 -1.703117166260289528e+00 9.719147137225736532e-02 1.943829427445524516e+02
1.175999999999999943e+02 3.544814316924859821e+00 -1.853184140479446018e+00 9.502683328051139688e-02 1.900536665610241869e+02
1.200000000000000000e+02 3.464101615137755275e+00 -1.999999999999999334e+00 9.275755019364592679e-02 1.855151003872651643e+02
1.223999999999999915e+02 3.377311702008061189e+00 -2.143307179915985738e+00 9.038286637478154528e-02 1.807657327495652737e+02
1.247999999999999972e+02 3.284596836534816600e+00 -2.282854270737726399e+00 8.790193605255744447e-02 1.758038721051194386e+02
1.271999999999999886e+02 3.186119672096785482e+00 -2.418396459449499325e+00 8.531395522803261744e-02 1.706279104560677524e+02
1.295999999999999943e+02 3.082052971103157013e+00 -2.549695958994758982e+00 8.261822851322092598e-02 1.652364570264297470e+02
1.320000000000000000e+02 2.972579301909577421e+00 -2.676522425435432950e+00 7.981420237823885766e-02 1.596284047565045512e+02
1.344000000000000057e+02 2.857890718531213015e+00 -2.798653362053462601e+00 7.690148117125067406e-02 1.538029623424988586e+02
1.367999999999999829e+02 2.738188423714755348e+00 -2.915874509685645322e+00 7.387983481252896611e-02 1.477596696250749062e+02
1.391999999999999886e+02 2.613682415960422833e+00 -3.027980222607025151e+00 7.074920339590402840e-02 1.414984067918886979e+02
1.415999999999999943e+02 2.484591121113242096e+00 -3.134773829303359349e+00 6.750970237039366495e-02 1.350194047407965456e+02
1.440000000000000000e+02 2.351141009169892993e+00 -3.236067977499789805e+00 6.416163183947640181e-02 1.283232636788908394e+02
1.464000000000000057e+02 2.213566196973376421e+00 -3.331684962840398168e+00 6.070549471715033785e-02 1.214109894342174698e+02
1.487999999999999829e+02 2.072108037492522481e+00 -3.421457040642025937e+00 5.714203143364736392e-02 1.142840628673424987e+02
1.511999999999999886e+02 1.927014696406862404e+00 -3.505226720175453892e+00 5.347228464244922763e-02 1.069445692848808278e+02
1.535999999999999943e+02 1.778540716739711147e+00 -3.582847040957650719e+00 4.969771803426095702e-02 9.939543606839184520e+01
1.560000000000000000e+02 1.626946572303201721e+00 -3.654181830570403466e+00 4.582043289227197280e-02 9.164086578460766930e+01
1.584000000000000057e+02 1.472498210738711011e+00 -3.719105943553005833e+00 4.184356210393441744e-02 8.368712420788598649e+01
1.607999999999999829e+02 1.315466586954333605e+00 -3.777505480949923999e+00 3.777198950189641913e-02 7.554397900372266861e+01
1.631999999999999886e+02 1.156127187777886700e+00 -3.829277990128268971e+00 3.361367673005741241e-02 6.722735346013224955e+01
1.655999999999999943e+02 9.947595486594194014e-01 -3.874332644514524304e+00 2.938216430540824611e-02 5.876432861086355786e+01
1.680000000000000000e+02 8.316467632710372593e-01 -3.912590402935222755e+00 2.510148357133087232e-02 5.020296714268457094e+01
1.704000000000000057e+02 6.670749868644086922e-01 -3.943984148282020374e+00 2.081651332714610364e-02 4.163302665430301630e+01
1.727999999999999829e+02 5.013329342572181435e-01 -3.968458805257911060e+00 1.661728038079930692e-02 3.323456076159344974e+01
1.751999999999999886e+02 3.347113733292629290e-01 -3.985971436998017925e+00 1.270353998225392730e-02 2.540707996452965034e+01
1.775999999999999943e+02 1.675026149167992695e-01 -3.996491320395433977e+00 9.563162517983938779e-03 1.912632503595773770e+01
1.800000000000000000e+02 0.000000000000000000e+00 -4.000000000000000000e+00 8.243602718372877725e-03 1.648720543674653172e+01
1.824000000000000057e+02 -1.675026149167982703e-01 -3.996491320395433977e+00 9.563162517983850308e-03 1.912632503595426670e+01
1.847999999999999829e+02 -3.347113733292601534e-01 -3.985971436998017925e+00 1.270353998225367056e-02 2.540707996451924089e+01
1.871999999999999886e+02 -5.013329342572153680e-01 -3.968458805257911504e+00 1.661728038079929998e-02 3.323456076158304029e+01
1.895999999999999943e+02 -6.670749868644078040e-01 -3.943984148282020374e+00 2.081651332714602731e-02 4.163302665428220450e+01
1.920000000000000000e+02 -8.316467632710381475e-01 -3.912590402935222311e+00 2.510148357133082375e-02 5.020296714262906335e+01
1.944000000000000057e+02 -9.947595486594201786e-01 -3.874332644514524304e+00 2.938216430540818713e-02 5.876432861084273895e+01
1.967999999999999829e+02 -1.156127187777885812e+00 -3.829277990128269415e+00 3.361367673005730833e-02 6.722735346014613356e+01
1.991999999999999886e+02 -1.315466586954332495e+00 -3.777505480949924443e+00 3.777198950189582238e-02 7.554397900382674891e+01
2.015999999999999943e+02 -1.472498210738711677e+00 -3.719105943553005833e+00 4.184356210393476438e-02 8.368712420785129780e+01
2.040000000000000000e+02 -1.626946572303200833e+00 -3.654181830570403466e+00 4.582043289227212546e-02 9.164086578452440790e+01
2.064000000000000057e+02 -1.778540716739710259e+00 -3.582847040957651608e+00 4.969771803426133172e-02 9.939543606856531710e+01
2.087999999999999829e+02 -1.927014696406859962e+00 -3.505226720175454780e+00 5.347228464244913049e-02 1.069445692848947118e+02
2.111999999999999886e+02 -2.072108037492519816e+00 -3.421457040642027270e+00 5.714203143364730841e-02 1.142840628673077958e+02
2.135999999999999943e+02 -2.213566196973375533e+00 -3.331684962840398612e+00 6.070549471715074030e-02 1.214109894343215501e+02
2.160000000000000000e+02 -2.351141009169892104e+00 -3.236067977499790249e+00 6.416163183947640181e-02 1.283232636789671801e+02
2.184000000000000057e+02 -2.484591121113241652e+00 -3.134773829303359349e+00 6.750970237039380373e-02 1.350194047407757409e+02
2.207999999999999829e+02 -2.613682415960420613e+00 -3.027980222607027372e+00 7.074920339590459739e-02 1.414984067917915525e+02
2.231999999999999886e+02 -2.738188423714753572e+00 -2.915874509685647542e+00 7.387983481252939633e-02 1.477596696251096091e+02
2.255999999999999943e+02 -2.857890718531212570e+00 -2.798653362053463045e+00 7.690148117125009120e-02 1.538029623424919237e+02
2.280000000000000000e+02 -2.972579301909577865e+00 -2.676522425435432506e+00 7.981420237823835806e-02 1.596284047564421087e+02
2.303999999999999773e+02 -3.082052971103155681e+00 -2.549695958994761202e+00 8.261822851322039862e-02 1.652364570264366819e+02
2.327999999999999829e+02 -3.186119672096784150e+00 -2.418396459449501545e+00 8.531395522803225662e-02 1.706279104560434803e+02
2.351999999999999886e+02 -3.284596836534814823e+00 -2.282854270737729063e+00 8.790193605255752773e-02 1.758038721051090363e+02
2.375999999999999943e+02 -3.377311702008059413e+00 -2.143307179915988847e+00 9.038286637478143426e-02 1.807657327495410016e+02
2.400000000000000000e+02 -3.464101615137753498e+00 -2.000000000000001776e+00 9.275755019364577414e-02 1.855151003872582010e+02
2.423999999999999773e+02 -3.544814316924858044e+00 -1.853184140479448461e+00 9.502683328051095279e-02 1.900536665610380567e+02
2.447999999999999829e+02 -3.619308209864077419e+00 -1.703117166260291970e+00 9.719147137225836453e-02 1.943829427445004114e+02
2.471999999999999886e+02 -3.687452606354001627e+00 -1.550062345808412845e+00 9.925187099897700427e-02 1.985037419979518347e+02
2.495999999999999943e+02 -3.749127957967565816e+00 -1.394288189287261837e+00 1.012075735643653274e-01 2.024151471287476056e+02
2.520000000000000000e+02 -3.804226065180614125e+00 -1.236067977499790471e+00 1.030562001260602045e-01 2.061124002521244734e+02
2.543999999999999773e+02 -3.852650267190632416e+00 -1.075679282461063258e+00 1.047911980532536258e-01 2.095823961064530181e+02
2.568000000000000114e+02 -3.894315611492641160e+00 -9.134034804426233167e-01 1.063967192805827106e-01 2.127934385611381174e+02
2.591999999999999886e+02 -3.929149002914754885e+00 -7.495252583428986259e-01 1.078349093122846769e-01 2.156698186245378679e+02
2.615999999999999659e+02 -3.957089331851952885e+00 -5.843321142496497034e-01 1.090102047123165108e-01 2.180204094246497561e+02
2.640000000000000000e+02 -3.978087581473094048e+00 -4.181138530706134393e-01 1.096500495492264693e-01 2.193000990984572809e+02
2.663999999999999773e+02 -3.992106913713086680e+00 -2.511620781172563821e-01 1.088162355405157544e-01 2.176324710810202703e+02
2.688000000000000114e+02 -3.999122733899382443e+00 -8.376967953342691342e-02 1.036533270721834848e-01 2.073066541443783990e+02
2.711999999999999886e+02 -3.999122733899382443e+00 8.376967953342544237e-02 1.036533270721849004e-01 2.073066541443679967e+02
2.735999999999999659e+02 -3.992106913713086680e+00 2.511620781172513306e-01 1.088162355405157961e-01 2.176324710810410750e+02
2.760000000000000000e+02 -3.978087581473094048e+00 4.181138530706119405e-01 1.096500495492260668e-01 2.193000990984433827e+02
2.783999999999999773e+02 -3.957089331851953329e+00 5.843321142496448184e-01 1.090102047123158169e-01 2.180204094246428213e+02
2.808000000000000114e+02 -3.929149002914754440e+00 7.495252583429006243e-01 1.078349093122846769e-01 2.156698186245760382e+02
2.831999999999999886e+02 -3.894315611492641160e+00 9.134034804426218734e-01 1.063967192805830853e-01 2.127934385611450523e+02
2.855999999999999659e+02 -3.852650267190632860e+00 1.075679282461061925e+00 1.047911980532537646e-01 2.095823961065050582e+02
2.880000000000000000e+02 -3.804226065180614569e+00 1.236067977499789139e+00 1.030562001260602045e-01 2.061124002521001728e+02
2.903999999999999773e+02 -3.749127957967566704e+00 1.394288189287260282e+00 1.012075735643649665e-01 2.024151471287025004e+02
2.928000000000000114e+02 -3.687452606354002071e+00 1.550062345808411512e+00 9.925187099897680998e-02 1.985037419979518347e+02
2.951999999999999886e+02 -3.619308209864078751e+00 1.703117166260290638e+00 9.719147137225866984e-02 1.943829427445628539e+02
2.975999999999999659e+02 -3.544814316924860265e+00 1.853184140479443798e+00 9.502683328051098055e-02 1.900536665610380567e+02
3.000000000000000000e+02 -3.464101615137754386e+00 2.000000000000000444e+00 9.275755019364655130e-02 1.855151003872963713e+02
3.023999999999999773e+02 -3.377311702008062078e+00 2.143307179915983962e+00 9.038286637478110119e-02 1.807657327495548714e+02
3.048000000000000114e+02 -3.284596836534816156e+00 2.282854270737727287e+00 8.790193605255738896e-02 1.758038721050986339e+02
3.071999999999999886e+02 -3.186119672096786815e+00 2.418396459449497993e+00 8.531395522803206233e-02 1.706279104560608175e+02
3.095999999999999659e+02 -3.082052971103158345e+00 2.549695958994757206e+00 8.261822851322113415e-02 1.652364570264575150e+02
3.120000000000000000e+02 -2.972579301909578309e+00 2.676522425435431618e+00 7.981420237823798336e-02 1.596284047565045512e+02
3.143999999999999773e+02 -2.857890718531214791e+00 2.798653362053460381e+00 7.690148117125075733e-02 1.538029623425127284e+02
3.168000000000000114e+02 -2.738188423714753128e+00 2.915874509685647986e+00 7.387983481252863305e-02 1.477596696250610364e+02
3.191999999999999886e+02 -2.613682415960423278e+00 3.027980222607024707e+00 7.074920339590412555e-02 1.414984067917915525e+02
3.215999999999999659e+02 -2.484591121113242540e+00 3.134773829303358905e+00 6.750970237039284616e-02 1.350194047407965456e+02
3.240000000000000000e+02 -2.351141009169893437e+00 3.236067977499789805e+00 6.416163183947592996e-02 1.283232636789810499e+02
3.263999999999999773e+02 -2.213566196973376865e+00 3.331684962840398168e+00 6.070549471715004641e-02 1.214109894343839926e+02
3.288000000000000114e+02 -2.072108037492521149e+00 3.421457040642026382e+00 5.714203143364725290e-02 1.142840628672731071e+02
3.311999999999999886e+02 -1.927014696406861294e+00 3.505226720175454336e+00 5.347228464244897089e-02 1.069445692848669580e+02
3.335999999999999659e+02 -1.778540716739713368e+00 3.582847040957649831e+00 4.969771803426092927e-02 9.939543606850287460e+01
3.360000000000000000e+02 -1.626946572303200611e+00 3.654181830570403910e+00 4.582043289227228505e-02 9.164086578458685040e+01
3.383999999999999773e+02 -1.472498210738714786e+00 3.719105943553004501e+00 4.184356210393466724e-02 8.368712420787905160e+01
3.408000000000000114e+02 -1.315466586954332273e+00 3.777505480949924443e+00 3.777198950189583626e-02 7.554397900384756781e+01
3.431999999999999886e+02 -1.156127187777888921e+00 3.829277990128268527e+00 3.361367673005800222e-02 6.722735346015306845e+01
3.455999999999999659e+02 -9.947595486594213998e-01 3.874332644514523860e+00 2.938216430540787488e-02 5.876432861081498515e+01
3.480000000000000000e+02 -8.316467632710394797e-01 3.912590402935222311e+00 2.510148357133093130e-02 5.020296714263599824e+01
3.503999999999999773e+02 -6.670749868644109126e-01 3.943984148282019486e+00 2.081651332714598568e-02 4.163302665431342575e+01
3.528000000000000114e+02 -5.013329342572151459e-01 3.968458805257911504e+00 1.661728038079922365e-02 3.323456076157957284e+01
3.551999999999999886e+02 -3.347113733292634286e-01 3.985971436998017037e+00 1.270353998225394639e-02 2.540707996448801609e+01
3.575999999999999659e+02 -1.675026149167997136e-01 3.996491320395433977e+00 9.563162517983897146e-03 1.912632503596467615e+01
3.600000000000000000e+02 0.000000000000000000e+00 4.000000000000000000e+00 8.243602718373073748e-03 1.648720543674653172e+01
