# theta_deg  Ey_V_per_um  Ez_V_per_um  alpha_eV_A  perturbative_gap_k1_microeV  
0.000000000000000000e+00 0.000000000000000000e+00 7.000000000000000000e+00 9.939665131133944287e-03 1.987933026227628375e+01
1.800000000000000044e+00 2.198753135468980158e-01 6.996545922560120978e+00 1.170631140795467401e-02 2.341262281672917922e+01
3.600000000000000089e+00 4.395336367051936310e-01 6.986187098997901579e+00 1.582358756959939550e-02 3.164717514046733271e+01
5.400000000000000355e+00 6.587581932296002751e-01 6.968933752221559530e+00 2.085890347492615551e-02 4.171780695091942448e+01
7.200000000000000178e+00 8.773326349501298083e-01 6.944802909201344576e+00 2.619080341210415497e-02 5.238160682419223946e+01
9.000000000000000000e+00 1.095041255281615999e+00 6.913818384165964837e+00 3.158016728094323322e-02 6.316033456016390346e+01
1.080000000000000071e+01 1.311669202100072207e+00 6.876010755100820937e+00 3.692790972285127371e-02 7.385581944585607062e+01
1.259999999999999964e+01 1.527002689775797561e+00 6.831417333571232930e+00 4.219077338851838499e-02 8.438154677728459774e+01
1.440000000000000036e+01 1.740829210153983508e+00 6.780082127900417532e+00 4.734973090465533635e-02 9.469946180801214553e+01
1.619999999999999929e+01 1.952937742274604815e+00 6.722055799738600790e+00 5.239673723910927977e-02 1.047934744786704897e+02
1.800000000000000000e+01 2.163118960624631715e+00 6.657395614066074607e+00 5.732879896615553778e-02 1.146575979342479030e+02
1.980000000000000071e+01 2.371165441717040245e+00 6.586165382679578073e+00 6.214524131642027577e-02 1.242904826298518799e+02
2.160000000000000142e+01 2.576871868792745879e+00 6.508435401217759875e+00 6.684643867430334341e-02 1.336928773479351094e+02
2.340000000000000213e+01 2.780035234443464454e+00 6.424282379787867647e+00 7.143322809434118903e-02 1.428664561854975261e+02
2.519999999999999929e+01 2.980455040955508839e+00 6.333789367262137482e+00 7.590664357107457239e-02 1.518132871439204052e+02
2.700000000000000000e+01 3.177933498176827243e+00 6.237045669318575847e+00 8.026780054525761710e-02 1.605356010902364687e+02
2.880000000000000071e+01 3.372275718712007375e+00 6.134146760307044310e+00 8.451784991141257641e-02 1.690356998200054477e+02
3.060000000000000142e+01 3.563289910252598780e+00 6.025194189027605063e+00 8.865796327709218883e-02 1.773159265541085574e+02
3.239999999999999858e+01 3.750787564852976708e+00 5.910295478514106193e+00 9.268933145242488902e-02 1.853786629073817096e+02
3.420000000000000284e+01 3.934583644964913862e+00 5.789564019921932925e+00 9.661316780614084831e-02 1.932263356122787457e+02
3.600000000000000000e+01 4.114496766047311738e+00 5.663118960624631271e+00 1.004307127285470058e-01 2.008614254513929609e+02
3.780000000000000426e+01 4.290349375570834844e+00 5.531085086629832226e+00 1.041432376158523687e-01 2.082864752323276889e+02
3.960000000000000142e+01 4.461967928240827774e+00 5.393592699430524107e+00 1.077520477896465600e-01 2.155040955768294850e+02
4.139999999999999858e+01 4.629183057265562340e+00 5.250777487413217592e+00 1.112584841945270797e-01 2.225169683879868501e+02
4.320000000000000284e+01 4.791829741500820639e+00 5.102780391949880645e+00 1.146639238648572701e-01 2.293278477314836152e+02
4.500000000000000000e+01 4.949747468305831788e+00 4.949747468305832676e+00 1.179697791549718655e-01 2.359395583103052161e+02
4.680000000000000426e+01 5.102780391949880645e+00 4.791829741500820639e+00 1.211774956460739128e-01 2.423549912911049375e+02
4.860000000000000142e+01 5.250777487413217592e+00 4.629183057265562340e+00 1.242885484953906161e-01 2.485770969895273481e+02
5.039999999999999858e+01 5.393592699430524995e+00 4.461967928240827774e+00 1.273044367727317883e-01 2.546088735457529992e+02
5.220000000000000284e+01 5.531085086629833114e+00 4.290349375570834844e+00 1.302266750082704538e-01 2.604533500166483577e+02
5.400000000000000000e+01 5.663118960624631271e+00 4.114496766047311738e+00 1.330567807000391789e-01 2.661135613978154879e+02
5.580000000000000426e+01 5.789564019921932925e+00 3.934583644964913862e+00 1.357962558099304884e-01 2.715925116183598220e+02
5.760000000000000142e+01 5.910295478514106193e+00 3.750787564852975819e+00 1.384465591648205429e-01 2.768931183290412719e+02
5.939999999999999858e+01 6.025194189027605063e+00 3.563289910252600112e+00 1.410090649199701174e-01 2.820181298372470451e+02
6.120000000000000284e+01 6.134146760307046087e+00 3.372275718712006043e+00 1.434849994023151831e-01 2.869699988026219444e+02
6.300000000000000000e+01 6.237045669318574959e+00 3.177933498176827687e+00 1.458753439633358462e-01 2.917506879263620476e+02
6.479999999999999716e+01 6.333789367262137482e+00 2.980455040955508839e+00 1.481806835435606207e-01 2.963613670889653235e+02
6.660000000000000853e+01 6.424282379787867647e+00 2.780035234443464010e+00 1.504009668809122569e-01 3.008019337611827950e+02
6.840000000000000568e+01 6.508435401217759875e+00 2.576871868792744991e+00 1.525351196396937392e-01 3.050702392769777589e+02
7.020000000000000284e+01 6.586165382679578961e+00 2.371165441717038913e+00 1.545804060333546004e-01 3.091608120671177176e+02
7.200000000000000000e+01 6.657395614066074607e+00 2.163118960624632159e+00 1.565313463214345058e-01 3.130626926439936142e+02
7.379999999999999716e+01 6.722055799738600790e+00 1.952937742274604815e+00 1.583778192041241928e-01 3.167556384119363315e+02
7.560000000000000853e+01 6.780082127900417532e+00 1.740829210153983286e+00 1.601015968237964882e-01 3.202031936446747409e+02
7.740000000000000568e+01 6.831417333571232930e+00 1.527002689775797339e+00 1.616696885030957931e-01 3.233393770069939706e+02
7.920000000000000284e+01 6.876010755100820937e+00 1.311669202100071541e+00 1.630207069060095881e-01 3.260414138121919905e+02
8.100000000000000000e+01 6.913818384165964837e+00 1.095041255281616444e+00 1.640345218131952776e-01 3.280690436258948353e+02
8.279999999999999716e+01 6.944802909201344576e+00 8.773326349501298083e-01 1.644567492457632563e-01 3.289134984904642920e+02
8.460000000000000853e+01 6.968933752221559530e+00 6.587581932295999421e-01 1.636788817459321477e-01 3.273577634924848780e+02
8.640000000000000568e+01 6.986187098997901579e+00 4.395336367051931314e-01 1.599272894230722997e-01 3.198545788456741548e+02
8.820000000000000284e+01 6.996545922560120978e+00 2.198753135468972109e-01 1.460545591483703998e-01 2.921091182978632901e+02
9.000000000000000000e+01 7.000000000000000000e+00 0.000000000000000000e+00 1.106590655755835539e-01 2.213181311518860923e+02
9.179999999999999716e+01 6.996545922560120978e+00 -2.198753135468979603e-01 1.460545591483666250e-01 2.921091182960383890e+02
9.360000000000000853e+01 6.986187098997901579e+00 -4.395336367051938531e-01 1.599272894230743813e-01 3.198545788449108613e+02
9.540000000000000568e+01 6.968933752221559530e+00 -6.587581932296006082e-01 1.636788817459316203e-01 3.273577634905489049e+02
9.720000000000000284e+01 6.944802909201344576e+00 -8.773326349501305854e-01 1.644567492457761348e-01 3.289134984850450110e+02
9.900000000000000000e+01 6.913818384165964837e+00 -1.095041255281615777e+00 1.640345218131952776e-01 3.280690436254646443e+02
1.007999999999999972e+02 6.876010755100820937e+00 -1.311669202100072207e+00 1.630207069060113090e-01 3.260414138123515500e+02
1.026000000000000085e+02 6.831417333571232930e+00 -1.527002689775798006e+00 1.616696885030917408e-01 3.233393770075907128e+02
1.044000000000000057e+02 6.780082127900417532e+00 -1.740829210153983952e+00 1.601015968237896048e-01 3.202031936462915382e+02
1.062000000000000028e+02 6.722055799738600790e+00 -1.952937742274605259e+00 1.583778192041229160e-01 3.167556384059203083e+02
1.080000000000000000e+02 6.657395614066075495e+00 -2.163118960624631271e+00 1.565313463214314527e-01 3.130626926397608827e+02
1.097999999999999972e+02 6.586165382679578073e+00 -2.371165441717039357e+00 1.545804060333514085e-01 3.091608120658895018e+02
1.116000000000000085e+02 6.508435401217759875e+00 -2.576871868792745879e+00 1.525351196396917408e-01 3.050702392760687189e+02
1.134000000000000057e+02 6.424282379787867647e+00 -2.780035234443464898e+00 1.504009668809135336e-01 3.008019337613076800e+02
1.152000000000000028e+02 6.333789367262135706e+00 -2.980455040955508839e+00 1.481806835435614256e-01 2.963613670890069329e+02
1.170000000000000000e+02 6.237045669318575847e+00 -3.177933498176826799e+00 1.458753439633316551e-01 2.917506879245856908e+02
1.187999999999999972e+02 6.134146760307046087e+00 -3.372275718712005155e+00 1.434849994023194020e-01 2.869699988029827864e+02
1.206000000000000085e+02 6.025194189027605063e+00 -3.563289910252598780e+00 1.410090649199716717e-01 2.820181298411328612e+02
1.224000000000000057e+02 5.910295478514104417e+00 -3.750787564852978040e+00 1.384465591648165739e-01 2.768931183322192737e+02
1.242000000000000028e+02 5.789564019921931148e+00 -3.934583644964914750e+00 1.357962558099275463e-01 2.715925116203165999e+02
1.260000000000000000e+02 5.663118960624631271e+00 -4.114496766047310850e+00 1.330567807000370972e-01 2.661135614015902320e+02
1.277999999999999972e+02 5.531085086629833114e+00 -4.290349375570833956e+00 1.302266750082684554e-01 2.604533500168426485e+02
1.295999999999999943e+02 5.393592699430524995e+00 -4.461967928240827774e+00 1.273044367727281245e-01 2.546088735482926495e+02
1.314000000000000057e+02 5.250777487413214928e+00 -4.629183057265564116e+00 1.242885484953921427e-01 2.485770969874040475e+02
1.332000000000000171e+02 5.102780391949880645e+00 -4.791829741500820639e+00 1.211774956460738156e-01 2.423549912903139045e+02
1.350000000000000000e+02 4.949747468305832676e+00 -4.949747468305831788e+00 1.179697791549667307e-01 2.359395583088619333e+02
1.368000000000000114e+02 4.791829741500818862e+00 -5.102780391949881533e+00 1.146639238648586717e-01 2.293278477298183020e+02
1.385999999999999943e+02 4.629183057265562340e+00 -5.250777487413217592e+00 1.112584841945278707e-01 2.225169683886668679e+02
1.404000000000000057e+02 4.461967928240825998e+00 -5.393592699430524995e+00 1.077520477896437290e-01 2.155040955815340453e+02
1.422000000000000171e+02 4.290349375570834844e+00 -5.531085086629833114e+00 1.041432376158530071e-01 2.082864752315782937e+02
1.440000000000000000e+02 4.114496766047312626e+00 -5.663118960624631271e+00 1.004307127285473805e-01 2.008614254564167254e+02
1.458000000000000114e+02 3.934583644964913418e+00 -5.789564019921933813e+00 9.661316780613635191e-02 1.932263356108493326e+02
1.475999999999999943e+02 3.750787564852976708e+00 -5.910295478514106193e+00 9.268933145242774785e-02 1.853786629042453171e+02
1.494000000000000057e+02 3.563289910252597892e+00 -6.025194189027605951e+00 8.865796327709288271e-02 1.773159265528317974e+02
1.512000000000000171e+02 3.372275718712006043e+00 -6.134146760307044310e+00 8.451784991141200742e-02 1.690356998258341150e+02
1.530000000000000000e+02 3.177933498176828131e+00 -6.237045669318574959e+00 8.026780054525901875e-02 1.605356010911523867e+02
1.548000000000000114e+02 2.980455040955507506e+00 -6.333789367262137482e+00 7.590664357107507199e-02 1.518132871420607728e+02
1.565999999999999943e+02 2.780035234443464454e+00 -6.424282379787867647e+00 7.143322809434186904e-02 1.428664561915621221e+02
1.584000000000000057e+02 2.576871868792744102e+00 -6.508435401217759875e+00 6.684643867430054009e-02 1.336928773514323154e+02
1.602000000000000171e+02 2.371165441717039357e+00 -6.586165382679578073e+00 6.214524131642120558e-02 1.242904826334462172e+02
1.620000000000000000e+02 2.163118960624632603e+00 -6.657395614066074607e+00 5.732879896615569737e-02 1.146575979319164276e+02
1.638000000000000114e+02 1.952937742274603927e+00 -6.722055799738600790e+00 5.239673723910692749e-02 1.047934744805578759e+02
1.655999999999999943e+02 1.740829210153983730e+00 -6.780082127900417532e+00 4.734973090465366408e-02 9.469946180899746935e+01
1.674000000000000057e+02 1.527002689775796229e+00 -6.831417333571232930e+00 4.219077338851969644e-02 8.438154677692378414e+01
1.692000000000000171e+02 1.311669202100071985e+00 -6.876010755100820937e+00 3.692790972285097534e-02 7.385581944506502339e+01
1.710000000000000000e+02 1.095041255281616888e+00 -6.913818384165963948e+00 3.158016728094291403e-02 6.316033456382763234e+01
1.728000000000000114e+02 8.773326349501285870e-01 -6.944802909201344576e+00 2.619080341210464763e-02 5.238160682470572027e+01
1.745999999999999943e+02 6.587581932296004972e-01 -6.968933752221559530e+00 2.085890347492610347e-02 4.171780695043369747e+01
1.764000000000000057e+02 4.395336367051919102e-01 -6.986187098997901579e+00 1.582358756959925672e-02 3.164717513795545045e+01
1.782000000000000171e+02 2.198753135468976549e-01 -6.996545922560120978e+00 1.170631140795469136e-02 2.341262281649325416e+01
1.800000000000000000e+02 0.000000000000000000e+00 -7.000000000000000000e+00 9.939665131134207965e-03 1.987933026224852995e+01
1.818000000000000114e+02 -2.198753135468990705e-01 -6.996545922560120978e+00 1.170631140795411543e-02 2.341262281625733266e+01
1.835999999999999943e+02 -4.395336367051934090e-01 -6.986187098997901579e+00 1.582358756959782731e-02 3.164717513981507580e+01
1.854000000000000057e+02 -6.587581932296018294e-01 -6.968933752221559530e+00 2.085890347492437916e-02 4.171780694955940305e+01
1.872000000000000171e+02 -8.773326349501299193e-01 -6.944802909201344576e+00 2.619080341210256596e-02 5.238160682358162035e+01
1.890000000000000000e+02 -1.095041255281615111e+00 -6.913818384165964837e+00 3.158016728094168585e-02 6.316033456241210331e+01
1.908000000000000114e+02 -1.311669202100073317e+00 -6.876010755100820937e+00 3.692790972284876877e-02 7.385581944556463441e+01
1.925999999999999943e+02 -1.527002689775797561e+00 -6.831417333571232930e+00 4.219077338851738579e-02 8.438154677654907232e+01
1.944000000000000057e+02 -1.740829210153985063e+00 -6.780082127900417532e+00 4.734973090465087464e-02 9.469946180916399214e+01
1.962000000000000171e+02 -1.952937742274604815e+00 -6.722055799738600790e+00 5.239673723910472092e-02 1.047934744765888269e+02
1.980000000000000000e+02 -2.163118960624630827e+00 -6.657395614066075495e+00 5.732879896615174220e-02 1.146575979327629824e+02
1.998000000000000114e+02 -2.371165441717040245e+00 -6.586165382679578073e+00 6.214524131641736837e-02 1.242904826324608933e+02
2.015999999999999943e+02 -2.576871868792744991e+00 -6.508435401217759875e+00 6.684643867429131137e-02 1.336928773494477980e+02
2.034000000000000057e+02 -2.780035234443465342e+00 -6.424282379787867647e+00 7.143322809433955145e-02 1.428664561885922808e+02
2.052000000000000171e+02 -2.980455040955508839e+00 -6.333789367262135706e+00 7.590664357106430282e-02 1.518132871415473062e+02
2.070000000000000000e+02 -3.177933498176826799e+00 -6.237045669318575847e+00 8.026780054524995656e-02 1.605356010898478871e+02
2.088000000000000114e+02 -3.372275718712007819e+00 -6.134146760307044310e+00 8.451784991140506853e-02 1.690356998235165236e+02
2.105999999999999943e+02 -3.563289910252598336e+00 -6.025194189027605063e+00 8.865796327708548585e-02 1.773159265536228304e+02
2.124000000000000057e+02 -3.750787564852977152e+00 -5.910295478514104417e+00 9.268933145241828320e-02 1.853786629053555544e+02
2.142000000000000171e+02 -3.934583644964913862e+00 -5.789564019921932925e+00 9.661316780613180000e-02 1.932263356119595699e+02
2.160000000000000000e+02 -4.114496766047310850e+00 -5.663118960624633047e+00 1.004307127285416212e-01 2.008614254575963400e+02
2.178000000000000114e+02 -4.290349375570836621e+00 -5.531085086629832226e+00 1.041432376158439310e-01 2.082864752317170485e+02
2.195999999999999943e+02 -4.461967928240827774e+00 -5.393592699430524995e+00 1.077520477896340145e-01 2.155040955787862345e+02
2.214000000000000057e+02 -4.629183057265564116e+00 -5.250777487413214928e+00 1.112584841945195718e-01 2.225169683889583041e+02
2.232000000000000171e+02 -4.791829741500820639e+00 -5.102780391949880645e+00 1.146639238648517189e-01 2.293278477290688784e+02
2.250000000000000000e+02 -4.949747468305831788e+00 -4.949747468305833564e+00 1.179697791549631503e-01 2.359395583092227469e+02
2.268000000000000114e+02 -5.102780391949880645e+00 -4.791829741500820639e+00 1.211774956460638097e-01 2.423549912918543328e+02
2.285999999999999943e+02 -5.250777487413216704e+00 -4.629183057265563228e+00 1.242885484953792918e-01 2.485770969910122687e+02
2.304000000000000057e+02 -5.393592699430524995e+00 -4.461967928240825998e+00 1.273044367727132753e-01 2.546088735457391294e+02
2.322000000000000171e+02 -5.531085086629833114e+00 -4.290349375570834844e+00 1.302266750082663183e-01 2.604533500153022487e+02
2.340000000000000000e+02 -5.663118960624631271e+00 -4.114496766047312626e+00 1.330567807000301861e-01 2.661135614001331078e+02
2.358000000000000114e+02 -5.789564019921934701e+00 -3.934583644964911198e+00 1.357962558099223838e-01 2.715925116202333243e+02
2.375999999999999943e+02 -5.910295478514103529e+00 -3.750787564852979372e+00 1.384465591648195437e-01 2.768931183294715197e+02
2.394000000000000057e+02 -6.025194189027605951e+00 -3.563289910252597892e+00 1.410090649199648716e-01 2.820181298402168864e+02
2.412000000000000171e+02 -6.134146760307044310e+00 -3.372275718712006931e+00 1.434849994023117969e-01 2.869699988042318068e+02
2.430000000000000000e+02 -6.237045669318574959e+00 -3.177933498176828131e+00 1.458753439633294069e-01 2.917506879264869326e+02
2.448000000000000114e+02 -6.333789367262138370e+00 -2.980455040955504842e+00 1.481806835435571790e-01 2.963613670863563243e+02
2.465999999999999943e+02 -6.424282379787866759e+00 -2.780035234443467562e+00 1.504009668809086209e-01 3.008019337619460885e+02
2.484000000000000057e+02 -6.508435401217759875e+00 -2.576871868792744547e+00 1.525351196396839415e-01 3.050702392791149009e+02
2.502000000000000171e+02 -6.586165382679578073e+00 -2.371165441717039357e+00 1.545804060333446639e-01 3.091608120661462635e+02
2.520000000000000000e+02 -6.657395614066074607e+00 -2.163118960624632603e+00 1.565313463214228484e-01 3.130626926425572378e+02
2.538000000000000114e+02 -6.722055799738602566e+00 -1.952937742274601041e+00 1.583778192041203625e-01 3.167556384087235983e+02
2.555999999999999943e+02 -6.780082127900416644e+00 -1.740829210153987061e+00 1.601015968237865239e-01 3.202031936477903287e+02
2.574000000000000341e+02 -6.831417333571232930e+00 -1.527002689775796451e+00 1.616696885030925457e-01 3.233393770055922687e+02
2.591999999999999886e+02 -6.876010755100820937e+00 -1.311669202100072207e+00 1.630207069060116420e-01 3.260414138114981029e+02
2.610000000000000000e+02 -6.913818384165963948e+00 -1.095041255281617110e+00 1.640345218131949168e-01 3.280690436271993349e+02
2.628000000000000114e+02 -6.944802909201344576e+00 -8.773326349501261445e-01 1.644567492457660596e-01 3.289134984907418584e+02
2.646000000000000227e+02 -6.968933752221559530e+00 -6.587581932295978326e-01 1.636788817459306489e-01 3.273577634915411636e+02
2.664000000000000341e+02 -6.986187098997901579e+00 -4.395336367051924653e-01 1.599272894230730213e-01 3.198545788460766062e+02
2.681999999999999886e+02 -6.996545922560120978e+00 -2.198753135468980990e-01 1.460545591483710937e-01 2.921091182965726603e+02
2.700000000000000000e+02 -7.000000000000000000e+00 0.000000000000000000e+00 1.106590655755794739e-01 2.213181311509562761e+02
2.718000000000000114e+02 -6.996545922560120090e+00 2.198753135469017073e-01 1.460545591483715100e-01 2.921091182965449207e+02
2.736000000000000227e+02 -6.986187098997901579e+00 4.395336367051960735e-01 1.599272894230703290e-01 3.198545788463263762e+02
2.754000000000000341e+02 -6.968933752221559530e+00 6.587581932296014964e-01 1.636788817459324807e-01 3.273577634920338255e+02
2.771999999999999886e+02 -6.944802909201344576e+00 8.773326349501295862e-01 1.644567492457653657e-01 3.289134984914912820e+02
2.790000000000000000e+02 -6.913818384165964837e+00 1.095041255281614667e+00 1.640345218131936678e-01 3.280690436268246799e+02
2.808000000000000114e+02 -6.876010755100820937e+00 1.311669202100075760e+00 1.630207069060141123e-01 3.260414138122683312e+02
2.826000000000000227e+02 -6.831417333571231154e+00 1.527002689775800448e+00 1.616696885030911579e-01 3.233393770064735122e+02
2.844000000000000341e+02 -6.780082127900417532e+00 1.740829210153984619e+00 1.601015968237895493e-01 3.202031936485188908e+02
2.861999999999999886e+02 -6.722055799738600790e+00 1.952937742274604593e+00 1.583778192041225830e-01 3.167556384078284850e+02
2.880000000000000000e+02 -6.657395614066075495e+00 2.163118960624630827e+00 1.565313463214208500e-01 3.130626926428625438e+02
2.898000000000000114e+02 -6.586165382679578073e+00 2.371165441717042910e+00 1.545804060333452745e-01 3.091608120668262814e+02
2.916000000000000227e+02 -6.508435401217758987e+00 2.576871868792748099e+00 1.525351196396854958e-01 3.050702392792398427e+02
2.934000000000000341e+02 -6.424282379787867647e+00 2.780035234443464898e+00 1.504009668809085931e-01 3.008019337629314123e+02
2.951999999999999886e+02 -6.333789367262137482e+00 2.980455040955508395e+00 1.481806835435581782e-01 2.963613670877024333e+02
2.970000000000000000e+02 -6.237045669318575847e+00 3.177933498176826799e+00 1.458753439633301008e-01 2.917506879258485810e+02
2.988000000000000114e+02 -6.134146760307043422e+00 3.372275718712010040e+00 1.434849994023113529e-01 2.869699988058832787e+02
3.006000000000000227e+02 -6.025194189027604175e+00 3.563289910252600556e+00 1.410090649199666202e-01 2.820181298394813894e+02
3.024000000000000341e+02 -5.910295478514104417e+00 3.750787564852977152e+00 1.384465591648200433e-01 2.768931183300265957e+02
3.041999999999999886e+02 -5.789564019921932925e+00 3.934583644964913862e+00 1.357962558099218842e-01 2.715925116200251637e+02
3.060000000000000000e+02 -5.663118960624633047e+00 4.114496766047310850e+00 1.330567807000301306e-01 2.661135614006188348e+02
3.078000000000000114e+02 -5.531085086629830450e+00 4.290349375570838397e+00 1.302266750082659574e-01 2.604533500165512123e+02
3.096000000000000227e+02 -5.393592699430523218e+00 4.461967928240829551e+00 1.273044367727144410e-01 2.546088735464330171e+02
3.114000000000000341e+02 -5.250777487413216704e+00 4.629183057265563228e+00 1.242885484953788200e-01 2.485770969909706309e+02
3.131999999999999886e+02 -5.102780391949880645e+00 4.791829741500820639e+00 1.211774956460621999e-01 2.423549912917433176e+02
3.150000000000000000e+02 -4.949747468305833564e+00 4.949747468305831788e+00 1.179697791549612351e-01 2.359395583099305327e+02
3.168000000000000114e+02 -4.791829741500817974e+00 5.102780391949882421e+00 1.146639238648507197e-01 2.293278477293048070e+02
3.186000000000000227e+02 -4.629183057265560564e+00 5.250777487413217592e+00 1.112584841945192249e-01 2.225169683893884951e+02
3.204000000000000341e+02 -4.461967928240827774e+00 5.393592699430524995e+00 1.077520477896340145e-01 2.155040955792719615e+02
3.221999999999999886e+02 -4.290349375570834844e+00 5.531085086629832226e+00 1.041432376158461515e-01 2.082864752310370591e+02
3.240000000000000000e+02 -4.114496766047313514e+00 5.663118960624631271e+00 1.004307127285415241e-01 2.008614254582069520e+02
3.258000000000000114e+02 -3.934583644964911642e+00 5.789564019921934701e+00 9.661316780613238286e-02 1.932263356115293504e+02
3.276000000000000227e+02 -3.750787564852974043e+00 5.910295478514107081e+00 9.268933145241692317e-02 1.853786629047587837e+02
3.294000000000000341e+02 -3.563289910252598336e+00 6.025194189027605951e+00 8.865796327708490299e-02 1.773159265542195726e+02
3.311999999999999886e+02 -3.372275718712007375e+00 6.134146760307044310e+00 8.451784991140637304e-02 1.690356998229614192e+02
3.330000000000000000e+02 -3.177933498176828575e+00 6.237045669318574959e+00 8.026780054525012309e-02 1.605356010897784813e+02
3.348000000000000114e+02 -2.980455040955505286e+00 6.333789367262138370e+00 7.590664357106402527e-02 1.518132871423938468e+02
3.366000000000000227e+02 -2.780035234443462233e+00 6.424282379787868535e+00 7.143322809433994003e-02 1.428664561885784110e+02
3.384000000000000341e+02 -2.576871868792744991e+00 6.508435401217759875e+00 6.684643867429217179e-02 1.336928773479073698e+02
3.401999999999999886e+02 -2.371165441717040245e+00 6.586165382679578073e+00 6.214524131641646632e-02 1.242904826338070450e+02
3.420000000000000000e+02 -2.163118960624633491e+00 6.657395614066074607e+00 5.732879896615240833e-02 1.146575979330544044e+02
3.438000000000000114e+02 -1.952937742274601485e+00 6.722055799738602566e+00 5.239673723910388131e-02 1.047934744779904719e+02
3.456000000000000227e+02 -1.740829210153981288e+00 6.780082127900417532e+00 4.734973090465202650e-02 9.469946180926113755e+01
3.474000000000000341e+02 -1.527002689775797117e+00 6.831417333571232930e+00 4.219077338851686537e-02 8.438154677690990013e+01
3.491999999999999886e+02 -1.311669202100072873e+00 6.876010755100820937e+00 3.692790972284923368e-02 7.385581944603647742e+01
3.510000000000000000e+02 -1.095041255281617776e+00 6.913818384165963948e+00 3.158016728094133196e-02 6.316033456151004799e+01
3.528000000000000114e+02 -8.773326349501265886e-01 6.944802909201344576e+00 2.619080341210252433e-02 5.238160682559389869e+01
3.546000000000000227e+02 -6.587581932295981657e-01 6.968933752221559530e+00 2.085890347492485794e-02 4.171780694998960826e+01
3.564000000000000341e+02 -4.395336367051927984e-01 6.986187098997901579e+00 1.582358756959881957e-02 3.164717513974568774e+01
3.581999999999999886e+02 -2.198753135468985431e-01 6.996545922560120978e+00 1.170631140795412410e-02 2.341262281549405344e+01
3.600000000000000000e+02 0.000000000000000000e+00 7.000000000000000000e+00 9.939665131133942552e-03 1.987933026226240685e+01
