# E  alpha(eV.A)  gap_meV_2nd
0.000000000000000000e+00 0.000000000000000000e+00 0.000000000000000000e+00
2.333333333333333370e-01 1.631423665667840195e-03 3.262847331334840728e+00
4.666666666666666741e-01 2.729144099712420366e-03 5.458288199425114229e+00
6.999999999999999556e-01 3.570917145432981471e-03 7.141834290866431623e+00
9.333333333333333481e-01 4.261363689806369794e-03 8.522727379612769383e+00
1.166666666666666741e+00 4.846637734901388002e-03 9.693275469802856037e+00
1.399999999999999911e+00 5.353257808539751798e-03 1.070651561707949817e+01
1.633333333333333304e+00 5.798371717525222478e-03 1.159674343504963545e+01
1.866666666666666696e+00 6.193865314792283173e-03 1.238773062958199667e+01
2.099999999999999645e+00 6.548382683685107820e-03 1.309676536737081065e+01
2.333333333333333481e+00 6.868440046651411862e-03 1.373688009330409443e+01
2.566666666666666430e+00 7.159089242824328778e-03 1.431817848564741169e+01
2.799999999999999822e+00 7.424336284948095631e-03 1.484867256989000417e+01
3.033333333333332771e+00 7.667417581989392598e-03 1.533483516397843260e+01
3.266666666666666607e+00 7.890989012203796296e-03 1.578197802441436082e+01
3.500000000000000000e+00 8.097259323945610668e-03 1.619451864789608919e+01
3.733333333333333393e+00 8.288086695463577416e-03 1.657617339092393038e+01
3.966666666666666341e+00 8.465050176191209197e-03 1.693010035238445710e+01
4.199999999999999289e+00 8.629503557190191729e-03 1.725900711439798485e+01
4.433333333333333570e+00 8.782616673548829592e-03 1.756523334709575579e+01
4.666666666666666963e+00 8.925407539636762144e-03 1.785081507926777888e+01
4.899999999999999467e+00 9.058767681127203805e-03 1.811753536225257832e+01
5.133333333333332860e+00 9.183482339601091796e-03 1.836696467919646381e+01
5.366666666666666252e+00 9.300246758861215046e-03 1.860049351772724435e+01
5.599999999999999645e+00 9.409679439259657080e-03 1.881935887852043265e+01
5.833333333333333037e+00 9.512333019097532136e-03 1.902466603818237090e+01
6.066666666666665542e+00 9.608703279554903220e-03 1.921740655910775075e+01
6.299999999999999822e+00 9.699236651635257875e-03 1.939847330327537733e+01
6.533333333333333215e+00 9.784336516773566028e-03 1.956867303354314913e+01
6.766666666666666607e+00 9.864368528159186619e-03 1.972873705631539210e+01
7.000000000000000000e+00 9.939665131133123763e-03 1.987933026226240685e+01
