# E  alpha(eV.A)  gap_meV
0.000000000000000000e+00 0.000000000000000000e+00 0.000000000000000000e+00
2.333333333333333370e-01 8.118861526579135984e-03 1.623772305316649422e+01
4.666666666666666741e-01 1.616510286481509864e-02 3.233020572963006600e+01
6.999999999999999556e-01 2.407445416779296909e-02 4.814890833556087557e+01
9.333333333333333481e-01 3.179457801749165091e-02 6.358915603497852231e+01
1.166666666666666741e+00 3.928357564386848050e-02 7.856715128773525691e+01
1.399999999999999911e+00 4.650640899868782596e-02 9.301281799736121059e+01
1.633333333333333304e+00 5.343191957091009830e-02 1.068638391418222255e+02
1.866666666666666696e+00 6.003135692645891058e-02 1.200627138529152518e+02
2.099999999999999645e+00 6.627816613406857515e-02 1.325563322681260274e+02
2.333333333333333481e+00 7.214848269827478511e-02 1.442969653965334658e+02
2.566666666666666430e+00 7.762188785943509306e-02 1.552437757188999399e+02
2.799999999999999822e+00 8.268215024160273374e-02 1.653643004832124177e+02
3.033333333333332771e+00 8.731780948494062555e-02 1.746356189698712456e+02
3.266666666666666607e+00 9.152253688665523690e-02 1.830450737733153233e+02
3.500000000000000000e+00 9.529525477930821109e-02 1.905905095586357731e+02
3.733333333333333393e+00 9.864002491995746413e-02 1.972800498398937066e+02
3.966666666666666341e+00 1.015657343347469432e-01 2.031314686694353497e+02
4.199999999999999289e+00 1.040856182483565900e-01 2.081712364967215763e+02
4.433333333333333570e+00 1.062166653359074980e-01 2.124333306718420715e+02
4.666666666666666963e+00 1.079789514114723736e-01 2.159579028230031099e+02
4.899999999999999467e+00 1.093949446922405228e-01 2.187898893844589168e+02
5.133333333333332860e+00 1.104888199910648017e-01 2.209776399821790278e+02
5.366666666666666252e+00 1.112858117130372526e-01 2.225716234261453224e+02
5.599999999999999645e+00 1.118116274172115815e-01 2.236232548343472502e+02
5.833333333333333037e+00 1.120919358264952648e-01 2.241838716531135844e+02
6.066666666666665542e+00 1.121519361543027310e-01 2.243038723086718278e+02
6.299999999999999822e+00 1.120160098301458962e-01 2.240320196603070997e+02
6.533333333333333215e+00 1.117074512949136900e-01 2.234149025899176308e+02
6.766666666666666607e+00 1.112482714639017878e-01 2.224965429278163924e+02
7.000000000000000000e+00 1.106590655755927549e-01 2.213181311510395517e+02
