0.000000000000000000e+00 -2.580486068909529740e-18 -7.401551659225796484e-04 7.401551659225796484e-04 2.206760500308840684e-18
0.000000000000000000e+00 -5.552494162067406338e-18 -7.401551659235429620e-04 7.401551659235429620e-04 -1.779645564765195939e-18
0.000000000000000000e+00 1.291261524149078931e-30 -3.284085946568864990e-29 3.284085946568864990e-29 -2.618401768859195779e-31
0.000000000000000000e+00 6.563713993803005043e-31 -2.202427464207601276e-28 2.202427464207601276e-28 -6.540418181424598799e-31
0.000000000000000000e+00 1.508615354530442809e-20 -1.021210324104954574e-05 1.021210324104954574e-05 1.000156105410923788e-19
0.000000000000000000e+00 -3.855350350466689286e-20 -1.021210324078678426e-05 1.021210324078678426e-05 -6.593207845725648374e-20
0.000000000000000000e+00 -1.782618633475088069e-31 -8.420228140642029459e-29 8.420228140642029459e-29 -3.267109890434631626e-31
0.000000000000000000e+00 -1.541464879915931543e-31 2.711947344345247381e-29 -2.711947344345247381e-29 1.671493510473412299e-32
0.000000000000000000e+00 -9.128049201444452903e-31 2.347942501254888553e-29 -2.347942501254888553e-29 7.182815218968935498e-32
0.000000000000000000e+00 8.887115523331675132e-31 -5.382471655137147807e-29 5.382471655137147807e-29 1.505829890129999557e-31
0.000000000000000000e+00 -5.357567817955631215e-31 1.092298932720988121e-28 -1.092298932720988121e-28 3.931891061104837841e-31
0.000000000000000000e+00 -6.517035465668044967e-30 -1.015592609842436489e-27 1.015592609842436489e-27 -7.720777362572728367e-32
0.000000000000000000e+00 5.347883655410047448e-18 -1.708298793702169114e-03 1.708298793702169114e-03 1.902267340514984644e-18
0.000000000000000000e+00 8.183338747875781863e-18 -1.708298793701555456e-03 1.708298793701555456e-03 -1.205965710213274138e-17
0.000000000000000000e+00 4.392694172701604630e-32 -9.253220479971602834e-29 9.253220479971602834e-29 1.165842633864312415e-31
0.000000000000000000e+00 5.811797021745410338e-31 -3.751838610655115903e-28 3.751838610655115903e-28 -3.198459968088321110e-32
0.000000000000000000e+00 -1.341066449564374389e-18 -8.526335249530313416e-04 8.526335249530313416e-04 5.589276947513269524e-18
0.000000000000000000e+00 3.708183739735050581e-18 -8.526335249530118260e-04 8.526335249530118260e-04 -5.400267582138426280e-18
0.000000000000000000e+00 -1.265554032963895251e-19 -1.510312287847597032e-04 1.510312287847597032e-04 -2.892694932488906113e-19
0.000000000000000000e+00 -3.163885082409738729e-20 -1.510312287843958178e-04 1.510312287843958178e-04 -4.339042398733360373e-19
0.000000000000000000e+00 -3.777466239342571228e-30 -1.565926838646404186e-27 1.565926838646404186e-27 -6.145047107282616489e-31
0.000000000000000000e+00 2.494612928701779504e-30 -4.466279817158754686e-27 4.466279817158754686e-27 -1.979702252106031175e-30
0.000000000000000000e+00 -3.621176354162072249e-20 -5.619752981393791774e-05 5.619752981393791774e-05 -1.448470541664830103e-19
0.000000000000000000e+00 -3.281691070959380289e-20 -5.619752981349060981e-05 5.619752981349060981e-05 1.527683774412126459e-20
0.000000000000000000e+00 -3.351509901458977292e-19 -1.656791102502113962e-04 1.656791102502113962e-04 2.355115065890093778e-19
0.000000000000000000e+00 4.800811480468267437e-19 -1.656791102503679821e-04 1.656791102503679821e-04 -1.811626973761611598e-19
0.000000000000000000e+00 -9.300709595601410584e-20 -1.883229031642622540e-05 1.883229031642622540e-05 -9.073863020098943437e-20
0.000000000000000000e+00 -2.143700138498375739e-19 -1.883229031727530478e-05 1.883229031727530478e-05 -2.041619179522264199e-20
0.000000000000000000e+00 -3.228224056810065497e-19 -4.538210828918579614e-07 4.538210828918579614e-07 -9.448807208532989438e-20
0.000000000000000000e+00 3.213571301270519206e-19 -4.538210829243949321e-07 4.538210829243949321e-07 -2.918251673714351480e-19
0.000000000000000000e+00 1.842758205772728322e-31 -5.788225845194216205e-29 5.788225845194216205e-29 -1.110272577678000400e-31
0.000000000000000000e+00 2.194222960513957426e-31 -1.729387429772885599e-29 1.729387429772885599e-29 -3.588018850319548819e-31
0.000000000000000000e+00 8.150241495642945123e-31 8.068955016087360873e-29 -8.068955016087360873e-29 -4.176692310187010478e-30
0.000000000000000000e+00 1.887536346379973032e-30 -5.064158447797918306e-28 5.064158447797918306e-28 7.546714692875126273e-32
0.000000000000000000e+00 -1.725219035159396812e-17 -3.468080568360875846e-03 3.468080568360875846e-03 -5.555790113225180691e-18
0.000000000000000000e+00 8.772300178776600584e-19 -3.468080568359959044e-03 3.468080568359959044e-03 -4.824765098327133884e-18
0.000000000000000000e+00 3.661106890486038709e-19 -1.412990276838255914e-03 1.412990276838255914e-03 -2.343108409911066546e-18
0.000000000000000000e+00 -2.050219858672184528e-18 -1.412990276836373956e-03 1.412990276836373956e-03 -2.013608789767325431e-18
0.000000000000000000e+00 3.250164624656993432e-30 -3.172130495400733745e-26 3.172130495400733745e-26 1.870634237932781520e-29
0.000000000000000000e+00 -8.073631882037714164e-30 -6.169633185408501929e-26 6.169633185408501929e-26 5.538534587921190894e-30
0.000000000000000000e+00 -8.625241353144863394e-19 -6.242607482335335795e-04 6.242607482335335795e-04 1.578235651852040153e-18
0.000000000000000000e+00 5.505473204135022671e-19 -6.242607482336354945e-04 6.242607482336354945e-04 3.670315469423351055e-20
0.000000000000000000e+00 -2.727948187863718768e-30 -6.232086444062424407e-27 6.232086444062424407e-27 4.418458957112123493e-30
0.000000000000000000e+00 -2.901258181332789900e-31 -2.756404326895007828e-27 2.756404326895007828e-27 7.937202592090040950e-31
0.000000000000000000e+00 -8.794552976681871475e-21 -3.440831641673115435e-07 3.440831641673115435e-07 -1.152265920618319500e-20
0.000000000000000000e+00 -1.058935970661695512e-21 -3.440831641850711774e-07 3.440831641850711774e-07 -8.650968438287079228e-21
0.000000000000000000e+00 1.588393192239523083e-30 -3.046845885187905059e-28 3.046845885187905059e-28 -1.389167283130082217e-30
0.000000000000000000e+00 2.466295561090617464e-30 -3.098897132234177884e-28 3.098897132234177884e-28 6.738752938946221835e-31
0.000000000000000000e+00 -3.263608164679560428e-18 -3.235100863374475947e-03 3.235100863374475947e-03 7.559770324963957591e-19
0.000000000000000000e+00 -5.679046975826583753e-18 -3.235100863375362391e-03 3.235100863375362391e-03 6.637847114602506606e-19
0.000000000000000000e+00 -1.291829865183378532e-19 -4.459347466660934728e-05 4.459347466660934728e-05 1.476376988781005344e-19
0.000000000000000000e+00 -8.419962514141670762e-20 -4.459347466787814843e-05 4.459347466787814843e-05 6.113123469171354276e-20
0.000000000000000000e+00 -1.053869212193597954e-28 -6.618155983232063350e-27 6.618155983232063350e-27 1.079397910141612007e-30
0.000000000000000000e+00 -3.634071922756858112e-30 -7.039051238345031582e-28 7.039051238345031582e-28 7.553931947237004956e-30
0.000000000000000000e+00 -2.809369366400165028e-18 -6.059386623318792353e-03 6.059386623318792353e-03 5.323015641600317023e-18
0.000000000000000000e+00 -1.774338547200104390e-17 -6.059386623315665514e-03 6.059386623315665514e-03 1.803910856320107774e-17
0.000000000000000000e+00 -7.402333100157938859e-20 -1.621879411496161914e-04 1.621879411496161914e-04 -2.405758257551332115e-19
0.000000000000000000e+00 -8.420153901429659756e-19 -1.621879411503972235e-04 1.621879411503972235e-04 8.558947647057626511e-20
0.000000000000000000e+00 9.257116872798175176e-20 -8.246246264400736809e-04 8.246246264400736809e-04 -9.164545704070200093e-19
0.000000000000000000e+00 2.036565712015599165e-18 -8.246246264379626309e-04 8.246246264379626309e-04 1.666281037103673024e-18
0.000000000000000000e+00 -1.605945142687320007e-30 -6.198202972544068662e-29 6.198202972544068662e-29 1.656533113888755253e-30
0.000000000000000000e+00 1.212505398703557920e-30 -3.827570107119212901e-28 3.827570107119212901e-28 -5.157339967192251126e-31
0.000000000000000000e+00 1.629576044933951233e-30 -3.522351431096115868e-29 3.522351431096115868e-29 1.300663519881854001e-30
0.000000000000000000e+00 2.635892729024563721e-30 -6.861347498561662649e-29 6.861347498561662649e-29 1.440147650211806604e-30
0.000000000000000000e+00 -1.659604015518305169e-20 -1.685560125259886533e-06 1.685560125259886533e-06 1.688719875439679831e-20
0.000000000000000000e+00 -1.746951595282428252e-20 -1.685560125281759677e-06 1.685560125281759677e-06 -1.455792996068691526e-21
0.000000000000000000e+00 -1.532438182854247434e-30 -2.186275204907106073e-28 2.186275204907106073e-28 -1.225430049770964385e-30
0.000000000000000000e+00 -4.137469370143540134e-31 4.736600223800724751e-29 -4.736600223800724751e-29 4.913758570811099153e-31
0.000000000000000000e+00 -1.671323455061015271e-19 2.134405601607380624e-05 -2.134405601607380624e-05 -5.864292824775497057e-20
0.000000000000000000e+00 -6.779122505440471483e-19 2.134405601580871881e-05 -2.134405601580871881e-05 -2.310531372961546970e-19
0.000000000000000000e+00 5.675565934129971358e-31 -1.825082321792196600e-28 1.825082321792196600e-28 -2.848124392666590360e-31
0.000000000000000000e+00 -5.346477466116155684e-31 -1.662263682402366616e-28 1.662263682402366616e-28 -4.998762479626188272e-31
0.000000000000000000e+00 1.154258697384322810e-30 -1.459463011312998968e-29 1.459463011312998968e-29 -6.936229524303982842e-32
0.000000000000000000e+00 -1.964185735868882856e-30 1.353832099530006493e-28 -1.353832099530006493e-28 1.055809688377452088e-30
0.000000000000000000e+00 -1.037108527203856129e-18 8.015876239662219336e-05 -8.015876239662219336e-05 -1.484950845769158835e-19
0.000000000000000000e+00 -5.751238196312293536e-19 8.015876239680505761e-05 -8.015876239680505761e-05 4.431281888961934621e-19
0.000000000000000000e+00 1.303825395088760295e-31 1.453497039279438963e-28 -1.453497039279438963e-28 -2.552301605854797705e-31
0.000000000000000000e+00 -2.319684485111507763e-30 1.772044962438692042e-27 -1.772044962438692042e-27 3.278425983750733161e-31
0.000000000000000000e+00 -4.630491894017060700e-30 6.508639409540675086e-28 -6.508639409540675086e-28 -1.702486219003047112e-30
0.000000000000000000e+00 4.151608673208346584e-32 1.181760376937596971e-28 -1.181760376937596971e-28 -4.154681297778937263e-31
0.000000000000000000e+00 -8.022430608878158089e-31 2.997194282268872698e-28 -2.997194282268872698e-28 -3.320531249082228349e-31
0.000000000000000000e+00 -8.772367644759276220e-31 2.679365714738525216e-29 -2.679365714738525216e-29 2.119528107725822085e-31
0.000000000000000000e+00 -2.746153311982626695e-19 8.349061029672097151e-05 -8.349061029672097151e-05 -1.254707978750683799e-19
0.000000000000000000e+00 2.556763428397618455e-19 8.349061029639110300e-05 -8.349061029639110300e-05 -4.734747089625223440e-20
0.000000000000000000e+00 -5.658127734376669651e-30 1.632728298434215713e-26 -1.632728298434215713e-26 -6.441776905112806406e-30
0.000000000000000000e+00 7.038371762156825620e-29 1.110766407764277770e-25 -1.110766407764277770e-25 2.998595881591464369e-29
0.000000000000000000e+00 1.296232144583010326e-18 1.987489289268821405e-04 -1.987489289268821405e-04 4.813214948635446387e-19
0.000000000000000000e+00 -1.906223742033838768e-20 1.987489289260828667e-04 -1.987489289260828667e-04 3.812447484067680545e-20
0.000000000000000000e+00 -7.617405540319724820e-21 8.856513748876265044e-06 -8.856513748876265044e-06 -5.085738404860525978e-20
0.000000000000000000e+00 5.854947003539868690e-20 8.856513748563818306e-06 -8.856513748563818306e-06 3.644405787917676267e-20
0.000000000000000000e+00 -4.411149314326705567e-31 -9.957366719225729584e-30 9.957366719225729584e-30 -1.041487525784871590e-31
0.000000000000000000e+00 -4.881347122658986110e-32 -1.576842807279293579e-28 1.576842807279293579e-28 1.873008296945344420e-31
0.000000000000000000e+00 -3.761140316952628030e-30 2.113826839872145987e-28 -2.113826839872145987e-28 -5.543514514629664682e-30
0.000000000000000000e+00 -9.062260383910291681e-31 1.247516203596950493e-28 -1.247516203596950493e-28 2.263544725547790015e-30
0.000000000000000000e+00 0.000000000000000000e+00 -3.420207042742702585e-04 3.420207042742702585e-04 -4.797435430740294317e-21
0.000000000000000000e+00 -1.439230629222087543e-20 -3.420207042745735098e-04 3.420207042745735098e-04 1.103410149070268069e-19
0.000000000000000000e+00 -7.382809655545107775e-31 2.183022499340007478e-30 -2.183022499340007478e-30 -2.125137001636521151e-30
0.000000000000000000e+00 1.865984932951980348e-29 -2.041174125586258168e-28 2.041174125586258168e-28 7.830955444217277197e-30
0.000000000000000000e+00 2.881538586117991764e-20 8.160258477839937852e-05 -8.160258477839937852e-05 5.282820741216322446e-20
0.000000000000000000e+00 4.598455327013296905e-19 8.160258477775820846e-05 -8.160258477775820846e-05 -2.257205225792429409e-19
0.000000000000000000e+00 2.710961097953005965e-19 -5.272551492358379404e-05 5.272551492358379404e-05 -6.217137451305564995e-19
0.000000000000000000e+00 -2.433840630162257046e-19 -5.272551492396783878e-05 5.272551492396783878e-05 -3.855589117088726756e-20
0.000000000000000000e+00 5.248524018577395512e-20 2.377967727219392488e-05 -2.377967727219392488e-05 -3.468852081243683813e-20
0.000000000000000000e+00 -1.773639151105464881e-19 2.377967727226481815e-05 -2.377967727226481815e-05 -2.895737389559944800e-20
0.000000000000000000e+00 -2.521956452935841337e-31 -5.369117041291879400e-29 5.369117041291879400e-29 1.956957139490635871e-33
0.000000000000000000e+00 1.627283165072235011e-31 -4.186026958697681822e-29 4.186026958697681822e-29 -4.785682715892045233e-32
0.000000000000000000e+00 1.429747437715214764e-19 -1.189062101858072250e-04 1.189062101858072250e-04 -1.502446459971921856e-19
0.000000000000000000e+00 3.853048179605411128e-19 -1.189062101856465191e-04 1.189062101856465191e-04 -3.634951112835296351e-19
0.000000000000000000e+00 -2.208122263262772205e-31 -1.073239277707010659e-27 1.073239277707010659e-27 -4.030484657472929745e-31
0.000000000000000000e+00 -1.390639943406720703e-30 -1.850815105045657796e-27 1.850815105045657796e-27 -5.387585885677205046e-31
0.000000000000000000e+00 4.838250675895057903e-20 8.657821565439447170e-06 -8.657821565439447170e-06 2.593545033160048466e-20
0.000000000000000000e+00 1.092018961330545874e-19 8.657821565373139736e-06 -8.657821565373139736e-06 -6.248775167613684502e-20
0.000000000000000000e+00 -1.100506183279274125e-29 -3.172422254852419633e-28 3.172422254852419633e-28 1.444642498760878258e-29
0.000000000000000000e+00 -1.260592915405397955e-30 2.045557059162363068e-28 -2.045557059162363068e-28 2.488357497374942987e-30
0.000000000000000000e+00 -6.377078065770643210e-21 -2.877302660170469487e-06 2.877302660170469487e-06 -1.924528030281007888e-21
0.000000000000000000e+00 -5.626274537907931897e-20 -2.877302660193841667e-06 2.877302660193841667e-06 -2.581243521107762546e-20
0.000000000000000000e+00 -7.881110819867726185e-30 2.092164715879871513e-28 -2.092164715879871513e-28 3.745266984842066057e-30
0.000000000000000000e+00 8.719327160593155051e-32 1.234683802849496070e-28 -1.234683802849496070e-28 7.593420819071360980e-30
0.000000000000000000e+00 2.372209677678222960e-31 -2.559463446785151774e-29 2.559463446785151774e-29 -2.916389808993252945e-32
0.000000000000000000e+00 1.811657890660998498e-31 -1.402199545829025853e-30 1.402199545829025853e-30 -7.098489967233420865e-32
0.000000000000000000e+00 1.546931352565873521e-32 3.739978304463433360e-29 -3.739978304463433360e-29 -4.500521869603374259e-31
0.000000000000000000e+00 1.034086567909815059e-31 5.748111459881422122e-29 -5.748111459881422122e-29 -3.460236869157734705e-31
0.000000000000000000e+00 -3.200629119661554676e-20 -2.847971701722803106e-05 2.847971701722803106e-05 2.394316783746818898e-19
0.000000000000000000e+00 1.778811183811902899e-19 -2.847971701723746361e-05 2.847971701723746361e-05 -5.262572879443522565e-20
0.000000000000000000e+00 -2.196583221817798704e-31 4.871449770024138389e-29 -4.871449770024138389e-29 2.299687752037461927e-31
0.000000000000000000e+00 3.345695074006771719e-31 3.174984919125585403e-29 -3.174984919125585403e-29 -1.412047696839763729e-30
0.000000000000000000e+00 1.858325480170323830e-31 -1.600291012951188746e-30 1.600291012951188746e-30 -5.197852264242028870e-31
0.000000000000000000e+00 -2.965947180666922060e-31 1.956887773160717040e-29 -1.956887773160717040e-29 1.342852977093798427e-30
0.000000000000000000e+00 -9.052368921875229831e-32 -4.763274956680805043e-29 4.763274956680805043e-29 6.177061137819274604e-32
0.000000000000000000e+00 -1.353238344666347221e-31 -2.255427242387058666e-29 2.255427242387058666e-29 2.534962669151325333e-31
0.000000000000000000e+00 2.853293373517180505e-20 6.153403323429820467e-05 -6.153403323429820467e-05 1.867046316149287385e-19
0.000000000000000000e+00 7.071205316977366480e-20 6.153403323338743419e-05 -6.153403323338743419e-05 -1.161166346787863137e-18
0.000000000000000000e+00 4.301080375475347806e-31 6.269015666968553434e-28 -6.269015666968553434e-28 -6.379309995478643993e-30
0.000000000000000000e+00 -3.776705906057955039e-30 1.660146785637266205e-27 -1.660146785637266205e-27 1.905863484075657094e-30
0.000000000000000000e+00 3.776744606666352442e-19 2.439233468428592724e-05 -2.439233468428592724e-05 2.248653861205954913e-19
0.000000000000000000e+00 2.118207090252017294e-19 2.439233468460919906e-05 -2.439233468460919906e-05 -4.702295505339526842e-19
0.000000000000000000e+00 4.431056238266094751e-31 1.187879383090142318e-28 -1.187879383090142318e-28 1.360992709387248565e-30
0.000000000000000000e+00 1.956533202833974474e-31 -6.559991736983470851e-29 6.559991736983470851e-29 7.635427153567377081e-31
0.000000000000000000e+00 -8.043011121235872929e-31 1.786184791796495543e-29 -1.786184791796495543e-29 -1.118848494955364883e-33
0.000000000000000000e+00 2.174650765194989928e-30 2.623940894679242738e-28 -2.623940894679242738e-28 -1.674501068637553505e-29
0.000000000000000000e+00 -6.306233236762928209e-19 3.608640790370630470e-04 -3.608640790370630470e-04 2.402374566385879339e-18
0.000000000000000000e+00 2.602572446918035469e-19 3.608640790360709478e-04 -3.608640790360709478e-04 8.458360452483623219e-19
0.000000000000000000e+00 1.992850042483590032e-30 6.815871213066434140e-29 -6.815871213066434140e-29 2.631072337751074805e-30
0.000000000000000000e+00 2.819921581515885889e-30 3.160748894133444531e-28 -3.160748894133444531e-28 4.506576494827211669e-30
0.000000000000000000e+00 -1.727930710579017171e-29 2.687016417479573272e-28 -2.687016417479573272e-28 7.869948805787856462e-31
0.000000000000000000e+00 -1.501535020585245858e-31 7.934001894788734628e-28 -7.934001894788734628e-28 -3.636875407582723819e-30
0.000000000000000000e+00 1.609539387091007666e-18 3.683714938339185691e-04 -3.683714938339185691e-04 5.314989876375293827e-19
0.000000000000000000e+00 -1.805090901410477726e-19 3.683714938353535649e-04 -3.683714938353535649e-04 9.827717129901497892e-19
0.000000000000000000e+00 -6.159598375524614815e-19 5.369520612615421087e-05 -5.369520612615421087e-05 -3.098616698074503020e-19
0.000000000000000000e+00 3.236611773697252385e-19 5.369520612606513689e-05 -5.369520612606513689e-05 4.905097688045064629e-19
0.000000000000000000e+00 9.564830721506075822e-20 -4.462534623273559420e-06 4.462534623273559420e-06 -3.174642828289354388e-19
0.000000000000000000e+00 1.120092018702685295e-19 -4.462534623326660763e-06 4.462534623326660763e-06 -1.283700965254763850e-19
0.000000000000000000e+00 1.021597949231450453e-29 -5.082702092306484726e-25 5.082702092306484726e-25 3.141058228514898384e-29
0.000000000000000000e+00 3.927883573949320252e-31 -6.243783726111287407e-27 6.243783726111287407e-27 1.905153167410724246e-30
0.000000000000000000e+00 -1.129846050856289102e-18 -5.445381489066044613e-03 5.445381489066044613e-03 -1.614065786937557456e-18
0.000000000000000000e+00 1.000720787901285376e-17 -5.445381489069513192e-03 5.445381489069513192e-03 1.323533945288797792e-17
0.000000000000000000e+00 -1.277317340949395464e-31 -6.664077671747777357e-28 6.664077671747777357e-28 -1.788478024993889614e-30
0.000000000000000000e+00 -5.171519762290581286e-32 -8.772946201479401869e-28 8.772946201479401869e-28 -2.711865764136425955e-31
0.000000000000000000e+00 -5.694529655014733936e-20 2.255427440138500441e-05 -2.255427440138500441e-05 5.061804137790879425e-20
0.000000000000000000e+00 -3.986170758510316885e-20 2.255427440116794714e-05 -2.255427440116794714e-05 7.719251310131096298e-20
0.000000000000000000e+00 8.000669986048608000e-31 1.887171084468597512e-28 -1.887171084468597512e-28 9.727333864582719915e-31
0.000000000000000000e+00 -1.843978698571985862e-30 4.536479661711012161e-28 -4.536479661711012161e-28 -2.119753750574264911e-31
0.000000000000000000e+00 2.473603710364721580e-19 -8.875470629662862631e-06 8.875470629662862631e-06 3.217592487003985576e-19
0.000000000000000000e+00 -2.251042965216225803e-19 -8.875470629512580351e-06 8.875470629512580351e-06 3.567330800808766648e-19
0.000000000000000000e+00 1.265629674905013800e-28 -2.973169917860262000e-29 2.973169917860262000e-29 -1.379231338227063119e-29
0.000000000000000000e+00 -4.199866780331875392e-29 7.933344162795947614e-29 -7.933344162795947614e-29 -6.139402253316271129e-30
0.000000000000000000e+00 7.426415235001814621e-31 2.213416793534810595e-29 -2.213416793534810595e-29 1.406185914104125880e-30
0.000000000000000000e+00 5.206850809561538406e-31 8.171927843344088863e-29 -8.171927843344088863e-29 -3.354207322898607775e-31
0.000000000000000000e+00 -1.741146146217979672e-19 2.528011642135735533e-05 -2.528011642135735533e-05 -3.840763557833782096e-21
0.000000000000000000e+00 -3.584712653978195319e-20 2.528011642109711970e-05 -2.528011642109711970e-05 1.792356326989099164e-20
0.000000000000000000e+00 -5.745215066536166883e-19 2.096120562938521463e-04 -2.096120562938521463e-04 2.872607533268085367e-19
0.000000000000000000e+00 -1.590193455916261164e-19 2.096120562938890092e-04 -2.096120562938890092e-04 -3.667704261226218477e-19
0.000000000000000000e+00 1.147267168208199776e-30 5.123731861156072445e-27 -5.123731861156072445e-27 1.944109011749714592e-30
0.000000000000000000e+00 -9.939081856616133841e-31 1.125599779561546951e-27 -1.125599779561546951e-27 3.949825024475514791e-31
0.000000000000000000e+00 1.088355074784152612e-18 3.392768501427629994e-04 -3.392768501427629994e-04 1.232100084661305893e-19
0.000000000000000000e+00 -1.170495080428240009e-18 3.392768501431024631e-04 -3.392768501431024631e-04 3.901650268094136412e-19
0.000000000000000000e+00 -2.671541690149883702e-19 2.045299688100707749e-04 -2.045299688100707749e-04 -1.191918600220718544e-18
0.000000000000000000e+00 6.473351018440108038e-19 2.045299688105679629e-04 -2.045299688105679629e-04 1.438522448542247515e-19
0.000000000000000000e+00 2.577121446098139447e-21 2.933538106601915913e-05 -2.933538106601915913e-05 3.272944236544640182e-19
0.000000000000000000e+00 3.569313202845923006e-19 2.933538106611361347e-05 -2.933538106611361347e-05 5.218670928348736706e-20
0.000000000000000000e+00 6.842147654414883619e-30 1.253586884805588450e-27 -1.253586884805588450e-27 4.781279499662207016e-31
0.000000000000000000e+00 -5.614081375177318402e-31 1.614934342613498501e-28 -1.614934342613498501e-28 -3.350790501988605308e-30
0.000000000000000000e+00 -6.019301739237260137e-19 -3.492890815473972759e-04 3.492890815473972759e-04 -1.660497031513728420e-19
0.000000000000000000e+00 3.736118320905886598e-19 -3.492890815442321645e-04 3.492890815442321645e-04 1.868059160452944984e-19
0.000000000000000000e+00 -1.117403947211023511e-30 -1.768758985878314664e-27 1.768758985878314664e-27 4.496837707835426639e-31
0.000000000000000000e+00 -5.032447018373863782e-32 4.813148808688095633e-29 -4.813148808688095633e-29 -6.766005414915005602e-31
0.000000000000000000e+00 1.169092802284649461e-19 -1.997194260278508383e-05 1.997194260278508383e-05 -1.208062562360805318e-19
0.000000000000000000e+00 -3.403359046650873722e-19 -1.997194260284439307e-05 1.997194260284439307e-05 7.793952015231014865e-21
0.000000000000000000e+00 -3.906739293413840597e-30 -6.361199831915688621e-29 6.361199831915688621e-29 9.728231321175853037e-30
0.000000000000000000e+00 7.110822248291548242e-29 -1.004180564100348166e-27 1.004180564100348166e-27 6.829418628784931633e-30
0.000000000000000000e+00 -5.083582154860136598e-20 4.540712807295741208e-07 -4.540712807295741208e-07 -1.691809618497962027e-20
0.000000000000000000e+00 5.093773779067963813e-20 4.540712807355015515e-07 -4.540712807355015515e-07 -9.172461787037156970e-21
0.000000000000000000e+00 -4.708454785265454706e-20 -3.477273348920732467e-05 3.477273348920732467e-05 1.203271778456728217e-19
0.000000000000000000e+00 -4.446873963861819838e-20 -3.477273348913921644e-05 3.477273348913921644e-05 2.275753146211639300e-19
0.000000000000000000e+00 -8.135771878563480898e-19 -1.463253202429301483e-04 1.463253202429301483e-04 -1.385705661897264990e-18
0.000000000000000000e+00 1.249234649740716499e-18 -1.463253202445204018e-04 1.463253202445204018e-04 -1.186248028745387419e-18
0.000000000000000000e+00 -1.180140785991731928e-18 1.791034700639514013e-03 -1.791034700639514013e-03 1.180140785991732891e-18
0.000000000000000000e+00 6.153591241242606431e-18 1.791034700638028006e-03 -1.791034700638028006e-03 -1.180140785991733854e-18
0.000000000000000000e+00 3.512643744185247167e-30 4.632262832509734312e-26 -4.632262832509734312e-26 1.467390938169879533e-29
0.000000000000000000e+00 -2.570769681763831461e-29 2.142501635187150675e-26 -2.142501635187150675e-26 1.328426898451207238e-29
0.000000000000000000e+00 2.623161560795883688e-30 -1.119058848991990598e-28 1.119058848991990598e-28 -5.312666416744174457e-31
0.000000000000000000e+00 -8.188005499369847719e-30 1.154078929211929334e-27 -1.154078929211929334e-27 7.097977699003892667e-30
0.000000000000000000e+00 -1.480581065515229318e-18 -4.243244782501402941e-04 4.243244782501402941e-04 9.729532716242942728e-19
0.000000000000000000e+00 -8.460463231515600781e-19 -4.243244782500476490e-04 4.243244782500476490e-04 5.922324262060925554e-19
0.000000000000000000e+00 4.253965321138529400e-31 -2.008930178215863904e-27 2.008930178215863904e-27 3.375746208705332843e-30
0.000000000000000000e+00 3.390565472353118230e-30 -4.278876368831467655e-28 4.278876368831467655e-28 2.946455960072331335e-31
0.000000000000000000e+00 3.512506490222274142e-30 -2.232711561976981141e-28 2.232711561976981141e-28 -2.663858318044884180e-31
0.000000000000000000e+00 -4.918963889898995778e-30 -2.796406824197604638e-27 2.796406824197604638e-27 3.645145104191398332e-30
0.000000000000000000e+00 -1.453591676457282214e-19 2.355772287199167086e-05 -2.355772287199167086e-05 -3.849694850891435676e-20
0.000000000000000000e+00 -6.006851448373706387e-20 2.355772287191254104e-05 -2.355772287191254104e-05 -1.368964763786826674e-19
0.000000000000000000e+00 -8.025490173586964434e-32 -2.482141323928551994e-28 2.482141323928551994e-28 -2.296406331421895030e-31
0.000000000000000000e+00 4.979124722231786032e-31 4.928775544352329703e-29 -4.928775544352329703e-29 1.285184923142211984e-31
0.000000000000000000e+00 1.756394811272186419e-19 -3.405842148659371261e-05 3.405842148659371261e-05 -1.141656627326922087e-18
0.000000000000000000e+00 2.235411577982784248e-19 -3.405842148705117816e-05 3.405842148705117816e-05 2.328553727065402244e-19
0.000000000000000000e+00 -1.943512716028796625e-19 3.451059589886093585e-06 -3.451059589886093585e-06 -1.651985808624478419e-19
0.000000000000000000e+00 -1.022019617911695562e-20 3.451059589917058992e-06 -3.451059589917058992e-06 4.322640351167502890e-20
0.000000000000000000e+00 4.754869603949052691e-32 1.029472393052058319e-28 -1.029472393052058319e-28 2.181130183770386573e-30
0.000000000000000000e+00 -4.125141571499753945e-31 3.791048152843330362e-29 -3.791048152843330362e-29 2.751027409783078746e-32
0.000000000000000000e+00 2.130675346825557014e-18 -3.810904986485057319e-04 3.810904986485057319e-04 -2.797856516033562181e-19
0.000000000000000000e+00 2.711768623232531906e-18 -3.810904986501370767e-04 3.810904986501370767e-04 -7.532690620090372718e-19
0.000000000000000000e+00 5.418374956337030223e-31 5.354505061871707580e-29 -5.354505061871707580e-29 -5.227003419159997913e-32
0.000000000000000000e+00 -1.488083355037349643e-30 -3.002900120513029401e-28 3.002900120513029401e-28 5.523179435380704159e-31
0.000000000000000000e+00 7.646766567625729147e-19 -1.988031726850513175e-04 1.988031726850513175e-04 -7.985718986403471897e-19
0.000000000000000000e+00 -4.989379604408283225e-19 -1.988031726857445835e-04 1.988031726857445835e-04 3.362407994275150573e-19
0.000000000000000000e+00 3.634745490036726477e-19 5.713049792520187380e-05 -5.713049792520187380e-05 3.621183006864950282e-19
0.000000000000000000e+00 -4.068744951533653777e-19 5.713049792537304222e-05 -5.713049792537304222e-05 -2.183559790656396325e-19
0.000000000000000000e+00 1.968059262349094496e-30 -8.713533818483505876e-29 8.713533818483505876e-29 8.457360408871251726e-31
0.000000000000000000e+00 -4.140142182482812279e-32 -7.522585131033868792e-27 7.522585131033868792e-27 -1.190108877276916331e-29
0.000000000000000000e+00 1.190162262966533626e-30 -2.478109295810523585e-29 2.478109295810523585e-29 8.877562357562517263e-32
0.000000000000000000e+00 -3.588903703452074644e-30 2.353014870911817135e-28 -2.353014870911817135e-28 -3.212288201790806191e-30
0.000000000000000000e+00 -2.899905343076938862e-30 -1.814156289097971814e-27 1.814156289097971814e-27 1.073866157764485161e-30
0.000000000000000000e+00 5.839755467503379522e-31 6.669647677780932448e-29 -6.669647677780932448e-29 5.287485666881215736e-31
0.000000000000000000e+00 5.415123079200707410e-31 -4.431563292017344741e-29 4.431563292017344741e-29 2.099444531862147785e-30
0.000000000000000000e+00 -2.326926541709851800e-30 -4.241378646076459527e-27 4.241378646076459527e-27 -1.020450091928662775e-29
0.000000000000000000e+00 -8.872807471807158695e-20 -2.019856656958310447e-06 2.019856656958310447e-06 -1.616727899911017424e-19
0.000000000000000000e+00 6.483974690936006464e-20 -2.019856656720968850e-06 2.019856656720968850e-06 -1.166262289803885372e-19
0.000000000000000000e+00 1.358266753453464652e-19 -2.661750929572233450e-05 2.661750929572233450e-05 -1.576681507777641576e-19
0.000000000000000000e+00 5.511559816149118960e-20 -2.661750929441135789e-05 2.661750929441135789e-05 5.119095804472870321e-22
0.000000000000000000e+00 6.806589849504615457e-19 -3.900780530951628434e-04 3.900780530951628434e-04 4.391348290002981877e-19
0.000000000000000000e+00 -3.952213461002680222e-19 -3.900780530972219602e-04 3.900780530972219602e-04 6.587022435004473778e-19
0.000000000000000000e+00 2.657964297277932189e-18 -6.131781086295000924e-05 6.131781086295000924e-05 3.159337407617183026e-20
0.000000000000000000e+00 6.284334191238529807e-19 -6.131781086271401908e-05 6.131781086271401908e-05 -1.627745577402768213e-19
0.000000000000000000e+00 -1.699857557270396799e-32 -1.352351409924501037e-28 1.352351409924501037e-28 -2.053039444576146593e-31
0.000000000000000000e+00 -7.650320876242573307e-31 8.204470948161498197e-28 -8.204470948161498197e-28 -3.604822396707475642e-30
0.000000000000000000e+00 -3.750018954000767139e-30 -1.210618783713194715e-28 1.210618783713194715e-28 8.637754157582097558e-32
0.000000000000000000e+00 1.277062747732487792e-30 -5.996016612697477619e-29 5.996016612697477619e-29 -3.195688273287763205e-30
0.000000000000000000e+00 -1.833452921907047227e-29 1.449008461297309114e-29 -1.449008461297309114e-29 1.922068833897056331e-30
0.000000000000000000e+00 -5.072178789052027604e-30 1.676849165912983184e-28 -1.676849165912983184e-28 1.207390926089684304e-31
0.000000000000000000e+00 5.370959570435250016e-30 3.090912567900294444e-29 -3.090912567900294444e-29 -9.037717697145473394e-30
0.000000000000000000e+00 -2.476667337571280810e-29 9.072741889552992919e-28 -9.072741889552992919e-28 -4.345005101914040941e-30
0.000000000000000000e+00 -1.724879599883103358e-17 1.151765014261754289e-01 -1.151765014261754289e-01 -2.156099499853901539e-18
0.000000000000000000e+00 2.371709449839278095e-17 1.151765014261747766e-01 -1.151765014261747766e-01 -2.156099499853911476e-17
0.000000000000000000e+00 2.047284208423157838e-30 -2.505333471620479089e-29 2.505333471620479089e-29 7.449110892666505051e-31
0.000000000000000000e+00 -1.964125662239638136e-30 2.201662294560252369e-29 -2.201662294560252369e-29 7.222987743053117988e-31
0.000000000000000000e+00 -5.597078519095695700e-31 -8.670704572834119133e-27 8.670704572834119133e-27 -3.009262950368724286e-29
0.000000000000000000e+00 1.105978041403787447e-29 -1.401390460143560167e-27 1.401390460143560167e-27 -4.754484225282663748e-31
0.000000000000000000e+00 5.745501826061384043e-17 -9.576252651738992316e-02 9.576252651738992316e-02 5.583656704200586007e-17
0.000000000000000000e+00 -1.173377133491418855e-17 -9.576252651739032562e-02 9.576252651739032562e-02 3.803360363730864672e-17
0.000000000000000000e+00 6.932852401403131043e-30 -6.072848884055239715e-28 6.072848884055239715e-28 -6.735348920467813149e-30
0.000000000000000000e+00 -9.272548319634332182e-30 -5.493396353749563018e-28 5.493396353749563018e-28 -2.511849883584521050e-29
0.000000000000000000e+00 -4.293231976019018311e-17 -6.380306390829296070e+00 6.380306390829296070e+00 -6.088583529627085314e-16
0.000000000000000000e+00 2.341762896010424407e-16 -6.380306390829759700e+00 6.380306390829759700e+00 7.649758793634196307e-16
0.000000000000000000e+00 2.110977716134070005e-17 1.378882398194378966e+00 -1.378882398194378966e+00 -1.477684401293886382e-16
0.000000000000000000e+00 8.021715321309577508e-16 1.378882398194384518e+00 -1.378882398194384518e+00 -3.694211003234767108e-17
0.000000000000000000e+00 -6.888051751809717100e-31 1.346601461683697504e-27 -1.346601461683697504e-27 -5.668618442371851177e-29
0.000000000000000000e+00 1.171274949207895049e-28 1.547635982601983565e-27 -1.547635982601983565e-27 -3.182129849032469825e-30
0.000000000000000000e+00 -2.528391292556514838e-14 5.945014794788438195e+01 -5.945014794788438195e+01 -2.401971727929015448e-13
0.000000000000000000e+00 1.029416454826715767e-13 5.945014794788450274e+01 -5.945014794788450274e+01 1.805993780397992255e-14
0.000000000000000000e+00 -0.000000000000000000e+00 -1.932222925664549167e-27 1.932222925664549167e-27 -0.000000000000000000e+00
0.000000000000000000e+00 2.568114400326358907e-44 -3.065478327177022448e-28 3.065478327177022448e-28 -1.712076266884238691e-44
