0.000000000000000000e+00 -1.441176797967575072e-18 1.075251639848019561e-03 -1.075251639848019561e-03 9.691391800825446546e-18
0.000000000000000000e+00 -1.269906511832309668e-17 1.075251639847387905e-03 -1.075251639847387905e-03 -5.012788862495967487e-18
0.000000000000000000e+00 -1.682427772885540241e-30 2.642490957284118697e-29 -2.642490957284118697e-29 4.881848335736657775e-30
0.000000000000000000e+00 2.752814227607584455e-30 -1.635154182966743090e-28 1.635154182966743090e-28 4.838289731175204841e-32
0.000000000000000000e+00 5.917275786225757435e-30 -1.218405278249877117e-28 1.218405278249877117e-28 2.594841389804109826e-30
0.000000000000000000e+00 -2.357238870171241922e-31 -6.025400053074611309e-29 6.025400053074611309e-29 9.626692104448305240e-31
0.000000000000000000e+00 7.436576194903446061e-30 -4.524634349335577046e-28 4.524634349335577046e-28 -6.042579352301430381e-30
0.000000000000000000e+00 -1.605319064744539061e-29 -2.022652852140858024e-28 2.022652852140858024e-28 -1.108865403078886683e-29
0.000000000000000000e+00 -1.631483957575518691e-31 -4.371543433028138663e-28 4.371543433028138663e-28 1.177207390143193387e-31
0.000000000000000000e+00 -7.200424475773236138e-30 -5.177227818447344923e-28 5.177227818447344923e-28 2.506066264083818279e-31
0.000000000000000000e+00 -1.086220408101449179e-18 -1.753820056245429223e-03 1.753820056245429223e-03 0.000000000000000000e+00
0.000000000000000000e+00 1.064921968726918427e-19 -1.753820056246311980e-03 1.753820056246311980e-03 -3.173467466806221641e-18
0.000000000000000000e+00 -3.801305818088060777e-30 -6.745526952161277606e-28 6.745526952161277606e-28 -8.994331858873473695e-31
0.000000000000000000e+00 -1.375040486506300815e-29 -1.113758191080481997e-26 1.113758191080481997e-26 2.481398601275894120e-29
0.000000000000000000e+00 1.563888307993244620e-18 -2.553655920269901101e-06 2.553655920269901101e-06 3.932663411378980703e-19
0.000000000000000000e+00 -6.187356756631176934e-19 -2.553655920268925742e-06 2.553655920268925742e-06 3.679241941281573896e-20
0.000000000000000000e+00 -1.391675824282273408e-18 -1.970774572429103214e-02 1.970774572429103214e-02 1.217716346246991191e-17
0.000000000000000000e+00 5.305764080076174793e-18 -1.970774572428944313e-02 1.970774572428944313e-02 4.175027472846833126e-18
0.000000000000000000e+00 1.717697414104839861e-29 -9.143525952045386064e-26 9.143525952045386064e-26 -2.808458001968228878e-29
0.000000000000000000e+00 1.839644306793312036e-29 -2.356470160747331812e-26 2.356470160747331812e-26 -4.261739393880389589e-30
0.000000000000000000e+00 0.000000000000000000e+00 5.628033989144513860e-03 -5.628033989144513860e-03 -1.762660203930763279e-17
0.000000000000000000e+00 7.755704897295362372e-18 5.628033989145005654e-03 -5.628033989145005654e-03 -1.057596122358460186e-18
0.000000000000000000e+00 2.196341288910837539e-18 1.527926323063248497e-04 -1.527926323063248497e-04 -1.004357071813500130e-18
0.000000000000000000e+00 1.147836653501144684e-18 1.527926323062403632e-04 -1.527926323062403632e-04 4.414756359619794359e-19
0.000000000000000000e+00 -4.793077897775189079e-31 2.286105232752460672e-28 -2.286105232752460672e-28 -2.212241373540260710e-31
0.000000000000000000e+00 -3.909743726529205107e-31 2.652044981809630448e-28 -2.652044981809630448e-28 -1.101120000184136543e-30
0.000000000000000000e+00 -2.319892255203002731e-30 -1.301930205989192061e-27 1.301930205989192061e-27 9.376852704024227758e-31
0.000000000000000000e+00 3.745559710875628613e-31 -5.013825668968887726e-29 5.013825668968887726e-29 9.033559188319887036e-31
0.000000000000000000e+00 2.142187089168105996e-31 -5.228881618060743443e-28 5.228881618060743443e-28 5.753631606321682492e-33
0.000000000000000000e+00 6.170471211986329229e-31 -3.485123139085153051e-27 3.485123139085153051e-27 5.364718807968694020e-30
0.000000000000000000e+00 0.000000000000000000e+00 -7.844060766041860075e-03 7.844060766041860075e-03 -1.091605503761369727e-18
0.000000000000000000e+00 1.091605503761372038e-18 -7.844060766039488708e-03 7.844060766039488708e-03 5.094159017553079014e-18
0.000000000000000000e+00 1.798467083348588871e-18 -5.427687069431441115e-05 5.427687069431441115e-05 -4.353883920131875978e-19
0.000000000000000000e+00 -1.205143686389442347e-18 -5.427687068815608182e-05 5.427687068815608182e-05 3.286755508334848147e-19
0.000000000000000000e+00 -3.219723484978045784e-31 -2.604226360521222311e-27 2.604226360521222311e-27 1.658375474615435179e-30
0.000000000000000000e+00 -4.772377453110788061e-31 -1.082072084600114784e-27 1.082072084600114784e-27 -1.321255228220998459e-30
0.000000000000000000e+00 4.128676758270594262e-19 -2.242128365178939087e-04 2.242128365178939087e-04 4.816789551315701732e-19
0.000000000000000000e+00 1.834967448120281321e-18 -2.242128365178861567e-04 2.242128365178861567e-04 1.078043375770667197e-18
0.000000000000000000e+00 -2.978160466028653537e-18 -2.286635053520448459e-03 2.286635053520448459e-03 1.619374753403083187e-17
0.000000000000000000e+00 -2.978160466028668945e-18 -2.286635053521662766e-03 2.286635053521662766e-03 0.000000000000000000e+00
0.000000000000000000e+00 4.103855008222892125e-29 -6.521821855804695446e-27 6.521821855804695446e-27 4.845696915081700046e-29
0.000000000000000000e+00 3.624219799120713114e-29 -2.638124972316440071e-27 2.638124972316440071e-27 3.426373365178222665e-29
0.000000000000000000e+00 -2.183678739168427141e-19 -2.313447217056151641e-04 2.313447217056151641e-04 1.239385230338839245e-19
0.000000000000000000e+00 2.508279632828611425e-19 -2.313447217069488412e-04 2.313447217069488412e-04 1.032821025282371294e-19
0.000000000000000000e+00 -2.429019117795647227e-28 -3.648774840999743884e-25 3.648774840999743884e-25 1.319635743071900899e-28
0.000000000000000000e+00 1.348342111261015964e-28 -6.286390571721673589e-26 6.286390571721673589e-26 -2.211221331609542131e-29
0.000000000000000000e+00 3.667843995120670601e-17 -2.109478967358847101e-01 2.109478967358847101e-01 -8.558302655281579528e-17
0.000000000000000000e+00 8.099822155891495702e-17 -2.109478967359205426e-01 2.109478967359205426e-01 -4.584804993900853659e-17
0.000000000000000000e+00 -5.176925081597200569e-29 -2.118977950219435783e-25 2.118977950219435783e-25 3.946275834226746104e-29
0.000000000000000000e+00 -2.576591393106865046e-29 -3.318153260976937284e-25 3.318153260976937284e-25 -9.493516202911304782e-31
0.000000000000000000e+00 -2.904512430132552045e-18 -1.264967136855156635e-03 1.264967136855156635e-03 -6.961228138334227319e-19
0.000000000000000000e+00 -7.201270487932002131e-19 -1.264967136866867970e-03 1.264967136866867970e-03 7.681355187127482421e-19
0.000000000000000000e+00 3.854095985355029750e-18 -2.749491541155535054e-02 2.749491541155535054e-02 9.249830364852088964e-18
0.000000000000000000e+00 2.389539510920122405e-17 -2.749491541155137456e-02 2.749491541155137456e-02 -7.708191970710085692e-18
0.000000000000000000e+00 4.275176414897469644e-30 -1.111042565570755808e-26 1.111042565570755808e-26 -7.771566655225577852e-30
0.000000000000000000e+00 -1.170752491553678029e-30 -1.392377298408187856e-27 1.392377298408187856e-27 5.021108383383755665e-31
0.000000000000000000e+00 1.940428534849529189e-29 -2.889131940109928363e-26 2.889131940109928363e-26 -8.123417773544201993e-30
0.000000000000000000e+00 -3.858907062838664800e-31 -2.255099626266523112e-27 2.255099626266523112e-27 -3.999370764129138764e-30
0.000000000000000000e+00 -6.142031278749033387e-20 -1.364538654287779059e-04 1.364538654287779059e-04 -1.105565630174827960e-19
0.000000000000000000e+00 -3.101725795768267753e-19 -1.364538654333866867e-04 1.364538654333866867e-04 -2.395392198712131700e-19
0.000000000000000000e+00 -4.870247391424533711e-29 -2.532054636246566091e-24 2.532054636246566091e-24 1.018371969293839437e-28
0.000000000000000000e+00 -3.951520356132424672e-30 -5.221600340111233211e-26 5.221600340111233211e-26 -4.783403555507468282e-30
0.000000000000000000e+00 -4.134247355872745377e-15 -1.024407647462202142e+01 1.024407647462202142e+01 2.067123677936376633e-15
0.000000000000000000e+00 -2.480548413523660163e-15 -1.024407647462225057e+01 1.024407647462225057e+01 -3.720822620285496556e-15
0.000000000000000000e+00 -3.935406930237955598e-17 -1.286942528358271665e-01 1.286942528358271665e-01 1.311802310079320947e-17
0.000000000000000000e+00 5.903110395356986399e-17 -1.286942528358358817e-01 1.286942528358358817e-01 5.903110395356997492e-17
0.000000000000000000e+00 0.000000000000000000e+00 -5.611388051190163012e-02 5.611388051190163012e-02 0.000000000000000000e+00
0.000000000000000000e+00 2.969741842935918671e-17 -5.611388051192021942e-02 5.611388051192021942e-02 -3.299713158817693747e-18
0.000000000000000000e+00 7.129396366150036268e-30 -3.026231851413636018e-26 3.026231851413636018e-26 -1.156147909080755802e-29
0.000000000000000000e+00 -4.409720966347181391e-29 -1.969238507758265580e-25 1.969238507758265580e-25 -1.317102376069697202e-28
0.000000000000000000e+00 -1.987037427547759169e-29 -1.696576371454859916e-25 1.696576371454859916e-25 3.064894517375610814e-30
0.000000000000000000e+00 1.647109892989281706e-29 -1.015364020472351372e-26 1.015364020472351372e-26 -7.658572906567941945e-30
0.000000000000000000e+00 -2.341204710233132791e-17 -2.410862361878630677e-01 2.410862361878630677e-01 -4.013493788971092884e-17
0.000000000000000000e+00 3.010120341728338460e-17 -2.410862361874105131e-01 2.410862361874105131e-01 3.679035973223532112e-17
0.000000000000000000e+00 -8.049306535000804855e-17 -3.171048672086073661e-01 3.171048672086073661e-01 -1.073240871333442702e-16
0.000000000000000000e+00 2.683102178333613225e-17 -3.171048672089921694e-01 3.171048672089921694e-01 5.366204356667236927e-17
0.000000000000000000e+00 2.077374755283981055e-30 -1.588126534225961757e-27 1.588126534225961757e-27 -1.466160106202725978e-30
0.000000000000000000e+00 -2.104091775029878010e-30 -1.611545328444247837e-27 1.611545328444247837e-27 2.709638310565805112e-30
0.000000000000000000e+00 -2.616210280505945636e-30 -6.040993784997691309e-28 6.040993784997691309e-28 -2.575824107515481286e-30
0.000000000000000000e+00 1.941812417648363685e-29 -1.667873576806593693e-26 1.667873576806593693e-26 -5.337119020704294886e-30
0.000000000000000000e+00 -6.486493763600004220e-30 -1.441418289571561738e-26 1.441418289571561738e-26 -1.306370822983323773e-29
0.000000000000000000e+00 1.731228682724650435e-29 -3.034121630869983273e-26 3.034121630869983273e-26 7.505552983337311789e-30
0.000000000000000000e+00 -1.901930113083759439e-17 -3.594646749539098796e-02 3.594646749539098796e-02 9.509650565418817227e-18
0.000000000000000000e+00 8.645136877653510300e-19 -3.594646749536713898e-02 3.594646749536713898e-02 4.754825282709440199e-18
0.000000000000000000e+00 -2.761289983858432157e-30 -5.038836182045777254e-27 5.038836182045777254e-27 7.034843640030017313e-29
0.000000000000000000e+00 2.170018075497500610e-29 -2.892140977392184590e-27 2.892140977392184590e-27 -3.296520558441983411e-29
0.000000000000000000e+00 -2.950123009128964499e-30 -1.420737567460979327e-27 1.420737567460979327e-27 -2.921114683741820495e-30
0.000000000000000000e+00 2.014153025129107562e-29 -7.648098596339065615e-27 7.648098596339065615e-27 -3.887024514400495269e-30
0.000000000000000000e+00 -1.713682484187793605e-30 -1.398389047780724409e-27 1.398389047780724409e-27 5.484305446924479860e-30
0.000000000000000000e+00 -5.977206298741787107e-30 -2.845733638857699480e-28 2.845733638857699480e-28 1.101694122771995100e-30
0.000000000000000000e+00 3.347639801242919178e-18 -2.188046357646561153e-03 2.188046357646561153e-03 -2.901287827743869554e-18
0.000000000000000000e+00 5.579399668738254161e-19 -2.188046357648883080e-03 2.188046357648883080e-03 -3.905579768116785135e-18
0.000000000000000000e+00 5.100974164160596790e-30 -2.963670529088329698e-27 2.963670529088329698e-27 1.862767695900292084e-30
0.000000000000000000e+00 1.362316946845937103e-28 -1.086319941584204608e-25 1.086319941584204608e-25 -1.383770109970385587e-29
0.000000000000000000e+00 1.579669838268961687e-18 -1.460452667222598630e-02 1.460452667222598630e-02 0.000000000000000000e+00
0.000000000000000000e+00 -4.062008155548799288e-18 -1.460452667222646682e-02 1.460452667222646682e-02 1.354002718516269383e-18
0.000000000000000000e+00 2.325995340474349941e-18 3.364386086712915303e-04 -3.364386086712915303e-04 1.865117006758073903e-18
0.000000000000000000e+00 3.132532424477863918e-18 3.364386086709616076e-04 -3.364386086709616076e-04 7.921346360748638240e-20
0.000000000000000000e+00 -1.884883019097013749e-18 -2.331288426131497213e-03 2.331288426131497213e-03 8.246363208549453688e-19
0.000000000000000000e+00 -1.443113561496157621e-18 -2.331288426132315135e-03 2.331288426132315135e-03 -2.267749882351109346e-18
0.000000000000000000e+00 -6.328611424200619223e-31 -2.248322734119581502e-28 2.248322734119581502e-28 2.217878769511038780e-30
0.000000000000000000e+00 -6.536940468661484642e-30 -5.196988785633000957e-27 5.196988785633000957e-27 6.160445088326999318e-30
0.000000000000000000e+00 5.635127492990172630e-30 3.839317766075532071e-27 -3.839317766075532071e-27 -8.846450781610434132e-31
0.000000000000000000e+00 7.534146297230202826e-30 3.467134358779549259e-27 -3.467134358779549259e-27 -6.829800403345115320e-30
0.000000000000000000e+00 -1.072540192126003800e-19 4.667291692516399348e-05 -4.667291692516399348e-05 2.060775915001933400e-19
0.000000000000000000e+00 -1.003223184075940506e-18 4.667291692590566231e-05 -4.667291692590566231e-05 -6.716256050256311386e-19
0.000000000000000000e+00 1.057357654714426123e-31 -2.755698853948254614e-28 2.755698853948254614e-28 5.785314316099097390e-31
0.000000000000000000e+00 -2.485058513333000725e-31 -8.725392172547221173e-29 8.725392172547221173e-29 3.592792258147901286e-31
0.000000000000000000e+00 -4.771293889321062781e-22 -7.429125541230836589e-05 7.429125541230836589e-05 1.507728869025459126e-19
0.000000000000000000e+00 -1.309720172618636796e-19 -7.429125541339918169e-05 7.429125541339918169e-05 2.624211639126600422e-20
0.000000000000000000e+00 -4.923320882256261776e-18 -2.716582866480256406e-03 2.716582866480256406e-03 4.923320882256272561e-19
0.000000000000000000e+00 -1.476996264676908346e-18 -2.716582866483056250e-03 2.716582866483056250e-03 4.923320882256372709e-19
0.000000000000000000e+00 1.461038033220035198e-28 1.903454530194166270e-25 -1.903454530194166270e-25 1.099788626643043254e-28
0.000000000000000000e+00 -3.034487061326017597e-29 3.671776203845008757e-25 -3.671776203845008757e-25 2.721875880336080044e-28
0.000000000000000000e+00 -1.245059276251258379e-18 4.131462451986419454e-03 -4.131462451986419454e-03 -1.245059276251261268e-18
0.000000000000000000e+00 -2.490118552502537462e-19 4.131462451988292088e-03 -4.131462451988292088e-03 2.490118552502543240e-19
0.000000000000000000e+00 -2.008375849808732085e-17 -7.166152532201078285e-02 7.166152532201078285e-02 -1.807538264827863006e-17
0.000000000000000000e+00 1.446030611862330587e-16 -7.166152532200903424e-02 7.166152532200903424e-02 -2.008375849808797105e-18
0.000000000000000000e+00 1.054737556584186199e-18 -7.857067883438522771e-04 7.857067883438522771e-04 4.186988482197840253e-18
0.000000000000000000e+00 2.429092554557556114e-18 -7.857067883443184840e-04 7.857067883443184840e-04 -2.844595228363461163e-18
0.000000000000000000e+00 -6.347697810518456690e-32 -5.854659569630672086e-29 5.854659569630672086e-29 1.643714830414061916e-30
0.000000000000000000e+00 -8.033890215348868695e-31 -4.716539587078484114e-29 4.716539587078484114e-29 4.869867689751074080e-31
0.000000000000000000e+00 -4.913828291605810222e-31 -5.894150807632082573e-28 5.894150807632082573e-28 3.459183728859887038e-31
0.000000000000000000e+00 1.613357328899724332e-30 1.174241877012729017e-30 -1.174241877012729017e-30 1.074790891468204245e-31
0.000000000000000000e+00 1.019695913619966179e-30 -6.382611164999617867e-29 6.382611164999617867e-29 7.297301852627119296e-31
0.000000000000000000e+00 2.333979592608273802e-31 -6.535610281433162579e-29 6.535610281433162579e-29 -1.190398177295547928e-31
0.000000000000000000e+00 2.635095839728769416e-31 -7.634106546137699448e-29 7.634106546137699448e-29 -5.433044923064718470e-31
0.000000000000000000e+00 -5.396650907153599354e-31 -8.088779412238283198e-29 8.088779412238283198e-29 -1.602583604274158475e-31
0.000000000000000000e+00 7.395060438329256513e-18 -1.770412903431926562e-03 1.770412903431926562e-03 2.868177646641728540e-18
0.000000000000000000e+00 -2.729952217887951916e-18 -1.770412903432317742e-03 1.770412903432317742e-03 2.557170431945682987e-18
0.000000000000000000e+00 -9.193153688037536298e-32 -6.160885805195908118e-28 6.160885805195908118e-28 -2.617361011583357237e-31
0.000000000000000000e+00 6.600618657768356221e-31 -6.279279800140371472e-28 6.279279800140371472e-28 -3.238456455024458566e-31
0.000000000000000000e+00 3.675132666997505771e-18 -1.737826564676675034e-03 1.737826564676675034e-03 -1.201485679595341477e-18
0.000000000000000000e+00 2.756349500248154751e-18 -1.737826564677104378e-03 1.737826564677104378e-03 4.805942718381410590e-18
0.000000000000000000e+00 -8.957568252915225560e-19 -9.657372278899384332e-05 9.657372278899384332e-05 2.838041426666217691e-19
0.000000000000000000e+00 -2.039842275416371810e-18 -9.657372278878522927e-05 9.657372278878522927e-05 -7.272481155832301249e-19
0.000000000000000000e+00 7.464870382126055878e-32 -3.591894823360473942e-28 3.591894823360473942e-28 4.169072229700733168e-30
0.000000000000000000e+00 1.732443556516638846e-30 -2.988145050847266359e-28 2.988145050847266359e-28 -3.489344581004944092e-32
0.000000000000000000e+00 1.305115120045906161e-18 -2.001398183685196633e-02 2.001398183685196633e-02 1.562512824277186074e-17
0.000000000000000000e+00 4.259750739038723046e-18 -2.001398183685329513e-02 2.001398183685329513e-02 -4.821675304614057340e-18
0.000000000000000000e+00 -1.508133027608627994e-17 -2.001398183685084223e-02 2.001398183685084223e-02 -6.960613973578301777e-18
0.000000000000000000e+00 2.494220007198895605e-17 -2.001398183684980139e-02 2.001398183684980139e-02 -7.540665138043193898e-18
0.000000000000000000e+00 4.740170029083582873e-29 -5.867963651562103763e-27 5.867963651562103763e-27 4.161056699789219282e-29
0.000000000000000000e+00 -1.772947386278392857e-29 -1.655916871788823179e-27 1.655916871788823179e-27 4.406545315985143518e-30
0.000000000000000000e+00 -1.170011439992700467e-31 -4.477284143401247426e-29 4.477284143401247426e-29 -2.341417792682998151e-31
0.000000000000000000e+00 6.103324265584490337e-32 1.259816684082431043e-28 -1.259816684082431043e-28 -7.277993164084177802e-31
0.000000000000000000e+00 -3.258901131582652960e-29 -1.740103072712793974e-26 1.740103072712793974e-26 2.968518327403219899e-29
0.000000000000000000e+00 -3.054466534464888571e-30 -2.461110190251444797e-27 2.461110190251444797e-27 -1.033486819337532527e-30
0.000000000000000000e+00 7.583563187667951878e-19 -1.440318292563905721e-03 1.440318292563905721e-03 -4.853480440107502915e-18
0.000000000000000000e+00 -3.336767802573941428e-18 -1.440318292563449272e-03 1.440318292563449272e-03 2.199233324423740654e-18
0.000000000000000000e+00 1.050094403889058629e-17 -8.126358796919690153e-03 8.126358796919690153e-03 -3.706215543137865314e-18
0.000000000000000000e+00 7.412431086275729087e-18 -8.126358796920101282e-03 8.126358796920101282e-03 4.941620724183833001e-18
0.000000000000000000e+00 2.017812158720607151e-20 1.665053789826421807e-06 -1.665053789826421807e-06 1.736564981385423576e-19
0.000000000000000000e+00 3.677248412803595994e-19 1.665053790103537106e-06 -1.665053790103537106e-06 -3.371849815808052371e-19
0.000000000000000000e+00 -3.040202800581812101e-18 -1.345700349135240271e-03 1.345700349135240271e-03 -3.680245495441151263e-18
0.000000000000000000e+00 -1.040069379146414775e-18 -1.345700349136323606e-03 1.345700349136323606e-03 -1.600106737148334905e-19
0.000000000000000000e+00 -1.520899929118782325e-30 -1.976818652307482603e-28 1.976818652307482603e-28 3.761361481786303404e-32
0.000000000000000000e+00 -1.168510119477916266e-30 -2.710051068564832368e-28 2.710051068564832368e-28 1.165143920486437813e-30
0.000000000000000000e+00 -2.608897113874969961e-31 -9.735344787418591076e-29 9.735344787418591076e-29 1.550459431354008344e-30
0.000000000000000000e+00 -4.193796469288845025e-30 -8.117817751463301125e-27 8.117817751463301125e-27 1.120945721594695766e-29
0.000000000000000000e+00 -2.550511721642831744e-19 -1.182345789531892392e-02 1.182345789531892392e-02 1.806612469497011671e-17
0.000000000000000000e+00 1.589818973157395711e-17 -1.182345789533264212e-02 1.182345789533264212e-02 -4.335869926792911610e-18
0.000000000000000000e+00 9.982487215341093656e-29 -2.232457673368935787e-23 2.232457673368935787e-23 3.362731125281320164e-28
0.000000000000000000e+00 -2.713355587923588397e-28 -1.303964776401527555e-22 1.303964776401527555e-22 -7.410487462224328664e-28
0.000000000000000000e+00 7.067375078549515518e-30 -1.790286265188775719e-27 1.790286265188775719e-27 4.636168621376565485e-30
0.000000000000000000e+00 8.292619747534308116e-29 -1.066314181389739867e-25 1.066314181389739867e-25 9.387298773733609004e-30
0.000000000000000000e+00 1.330520074641554877e-16 -2.801151968719239327e-01 2.801151968719239327e-01 1.774026766188745342e-16
0.000000000000000000e+00 -2.882793495056730254e-16 -2.801151968719374774e-01 2.801151968719374774e-01 8.870133830943814222e-17
0.000000000000000000e+00 -3.179793005804410653e-30 6.854129653095056640e-29 -6.854129653095056640e-29 7.473851559771221996e-30
0.000000000000000000e+00 8.851409103433875640e-30 5.634040452111864345e-27 -5.634040452111864345e-27 3.995497351080016436e-30
0.000000000000000000e+00 1.088457915746852630e-18 7.265359099437816368e-03 -7.265359099437816368e-03 -3.628193052489520643e-19
0.000000000000000000e+00 -1.451277220995845428e-18 7.265359099438129485e-03 -7.265359099438129485e-03 1.088457915746887682e-18
0.000000000000000000e+00 -8.701751061179603902e-18 -2.352732013332504816e-04 2.352732013332504816e-04 8.609911999847921866e-19
0.000000000000000000e+00 5.923619455895518956e-18 -2.352732013335651442e-04 2.352732013335651442e-04 6.991248543876712051e-18
0.000000000000000000e+00 1.322432838566432042e-30 -3.607913226117078554e-28 3.607913226117078554e-28 3.948356245859361289e-32
0.000000000000000000e+00 4.499916603049642143e-31 -8.087022852763335426e-29 8.087022852763335426e-29 -7.411880585101038765e-31
0.000000000000000000e+00 -1.148443459774043020e-30 -3.386879541324678577e-29 3.386879541324678577e-29 2.571662521886624590e-30
0.000000000000000000e+00 7.978256067900626036e-31 -4.348637737010004162e-29 4.348637737010004162e-29 -1.251135610648057333e-30
0.000000000000000000e+00 -1.205903400599374647e-19 -4.478340983747399221e-04 4.478340983747399221e-04 -1.751733360870677437e-18
0.000000000000000000e+00 4.061990402019004767e-19 -4.478340983741735349e-04 4.478340983741735349e-04 3.173430001577359631e-19
0.000000000000000000e+00 -1.136544502405004941e-18 -2.979219791349048754e-03 2.979219791349048754e-03 -3.719600189689121017e-18
0.000000000000000000e+00 -3.512955734706381500e-18 -2.979219791355123322e-03 2.979219791355123322e-03 2.893022369758207632e-18
0.000000000000000000e+00 -7.939383947122471346e-18 -7.961093959486468391e-03 7.961093959486468391e-03 -1.483411211172888201e-17
0.000000000000000000e+00 8.566177416632197428e-18 -7.961093959493653616e-03 7.961093959493653616e-03 -1.086442013816770565e-17
0.000000000000000000e+00 8.694579138891860927e-31 -1.433667788122890766e-28 1.433667788122890766e-28 6.512897662359540562e-30
0.000000000000000000e+00 9.508060559829781247e-31 -7.552605416238136456e-28 7.552605416238136456e-28 2.044160596687221568e-29
0.000000000000000000e+00 -8.116189727212590697e-29 -7.225445117583325419e-25 7.225445117583325419e-25 -2.200391935630018543e-27
0.000000000000000000e+00 -1.792278588939642639e-27 -2.558979777178464457e-25 2.558979777178464457e-25 -5.910040492480297328e-29
0.000000000000000000e+00 -2.556905173224500961e-17 -2.870664920035140635e-02 2.870664920035140635e-02 -8.523017244081704178e-17
0.000000000000000000e+00 -8.523017244081836066e-17 -2.870664920035386966e-02 2.870664920035386966e-02 1.875063793698011416e-17
0.000000000000000000e+00 -1.746430609587865875e-18 -5.690698950369977270e-03 5.690698950369977270e-03 1.746430609587872809e-18
0.000000000000000000e+00 1.746430609587900542e-18 -5.690698950370498554e-03 5.690698950370498554e-03 -7.422330090748606577e-18
0.000000000000000000e+00 4.078363521564070235e-31 8.671574467804724480e-31 -8.671574467804724480e-31 -5.989425700755126528e-32
0.000000000000000000e+00 2.209317536286921408e-31 2.372758647884768685e-29 -2.372758647884768685e-29 3.815283783122022095e-31
0.000000000000000000e+00 -5.279869892370785266e-30 -7.010120314313474536e-29 7.010120314313474536e-29 1.969103147910356492e-31
0.000000000000000000e+00 8.679477635253987856e-31 5.962732242515634249e-30 -5.962732242515634249e-30 -2.727953342770872393e-31
0.000000000000000000e+00 5.572204227662323545e-18 -3.045972832770087180e-02 3.045972832770087180e-02 4.483091583164708870e-17
0.000000000000000000e+00 1.165097247602122868e-17 -3.045972832770224917e-02 3.045972832770224917e-02 1.367722855880759356e-17
0.000000000000000000e+00 -4.604702399299385829e-30 -9.091827538461676563e-27 9.091827538461676563e-27 -2.298159663005347973e-29
0.000000000000000000e+00 1.200186568237289000e-29 -2.677620763598006132e-27 2.677620763598006132e-27 -8.352149912151013828e-30
0.000000000000000000e+00 4.728314923963081356e-30 -1.956729745451847206e-28 1.956729745451847206e-28 5.552848471460480038e-31
0.000000000000000000e+00 1.211929495603810125e-30 -6.177214454624518824e-29 6.177214454624518824e-29 -1.298652606723250431e-30
0.000000000000000000e+00 -4.813206490030503632e-30 -2.619400953723523873e-28 2.619400953723523873e-28 4.135267683701175618e-30
0.000000000000000000e+00 1.517063992774637525e-29 -5.883838191732937054e-28 5.883838191732937054e-28 -7.040625404412613285e-30
0.000000000000000000e+00 8.890627396348672873e-18 -5.995746137145695487e-01 5.995746137145695487e-01 -2.400469397014153925e-16
0.000000000000000000e+00 -9.779690135983681139e-17 -5.995746137147661692e-01 5.995746137147661692e-01 7.112501917079077582e-17
0.000000000000000000e+00 2.706802235319390273e-16 -4.271658793987411218e-01 4.271658793987411218e-01 -1.804534823546269611e-17
0.000000000000000000e+00 6.406098623589289860e-16 -4.271658793985529390e-01 4.271658793985529390e-01 1.263174376482401701e-16
0.000000000000000000e+00 4.080415608546953658e-29 -1.977255359456072110e-25 1.977255359456072110e-25 -2.858489591848645868e-28
0.000000000000000000e+00 -4.572130368165306088e-28 -1.047858372019733438e-25 1.047858372019733438e-25 -1.276936369360244271e-29
0.000000000000000000e+00 4.637736710197012829e-18 2.234686606772876352e-02 -2.234686606772876352e-02 -2.608726899485833439e-18
0.000000000000000000e+00 -6.956605065295575866e-18 2.234686606772920067e-02 -2.234686606772920067e-02 3.768161077035123431e-18
0.000000000000000000e+00 1.249856104788365786e-17 2.706021170149061801e-03 -2.706021170149061801e-03 5.792016095360751380e-18
0.000000000000000000e+00 1.150782145262483895e-17 2.706021170150773106e-03 -2.706021170150773106e-03 1.676636238130780738e-18
0.000000000000000000e+00 -6.635861440305915953e-18 -2.365435379684440939e-03 2.365435379684440939e-03 -8.901765346751892118e-19
0.000000000000000000e+00 -1.375727371770758834e-18 -2.365435379685123986e-03 2.365435379685123986e-03 5.826610045146778464e-18
0.000000000000000000e+00 -9.057553545405124373e-33 -2.041188013520432691e-29 2.041188013520432691e-29 1.428907154145817582e-30
0.000000000000000000e+00 6.629192206938781484e-30 4.264858402155446659e-30 -4.264858402155446659e-30 -2.634186434549919425e-30
0.000000000000000000e+00 -7.780349235785352091e-30 2.433893941535544625e-28 -2.433893941535544625e-28 -3.043850845920997674e-31
0.000000000000000000e+00 -4.479159468978225620e-31 -9.459460717679599006e-28 9.459460717679599006e-28 -3.766098954793644960e-31
0.000000000000000000e+00 1.806674724144175125e-17 -1.297575009485769752e-02 1.297575009485769752e-02 0.000000000000000000e+00
0.000000000000000000e+00 -1.492470424293031664e-17 -1.297575009485634964e-02 1.297575009485634964e-02 2.827838698660500997e-17
0.000000000000000000e+00 1.036374648240066712e-29 -4.973568065407320259e-29 4.973568065407320259e-29 1.630565459024808290e-29
0.000000000000000000e+00 -1.758067552858775434e-29 -2.600933113558772508e-28 2.600933113558772508e-28 1.950398433371341794e-29
0.000000000000000000e+00 1.612699837688608723e-29 -7.048635028419163598e-29 7.048635028419163598e-29 -4.883928464619793858e-30
0.000000000000000000e+00 -1.345064751326288393e-29 -3.613747621061366803e-29 3.613747621061366803e-29 -3.230491781105474442e-29
0.000000000000000000e+00 1.273319276108210091e-28 -5.360481134762922310e-25 5.360481134762922310e-25 1.091166562596009702e-26
0.000000000000000000e+00 5.795552267237962935e-26 -7.938502616719690958e-24 7.938502616719690958e-24 6.003730780936404900e-28
0.000000000000000000e+00 7.801289095745649883e-17 -4.856954658527074670e-02 4.856954658527074670e-02 8.321375035462093513e-17
0.000000000000000000e+00 5.200859397163824623e-18 -4.856954658526978913e-02 4.856954658526978913e-02 -2.080343758865546489e-17
0.000000000000000000e+00 1.580540924671339245e-17 -3.264094695315473971e-02 3.264094695315473971e-02 9.483245548028126683e-18
0.000000000000000000e+00 -3.582559429255047620e-17 -3.264094695316357292e-02 3.264094695316357292e-02 -2.634234874452266691e-17
0.000000000000000000e+00 -1.078049749926953273e-17 1.151764015973392313e-01 -1.151764015973392313e-01 8.624397999415710925e-18
0.000000000000000000e+00 -6.899518399532653789e-17 1.151764015973363031e-01 -1.151764015973363031e-01 -2.587319399824770131e-17
0.000000000000000000e+00 -7.961681370922856161e-31 -2.716408884305510376e-29 2.716408884305510376e-29 -1.166218116304207201e-30
0.000000000000000000e+00 2.117785779620197279e-30 2.030756123543128945e-29 -2.030756123543128945e-29 2.750005381068081649e-30
0.000000000000000000e+00 2.518134472897794034e-30 -2.140569725499934936e-26 2.140569725499934936e-26 -1.184024429852198391e-29
0.000000000000000000e+00 6.071058536194895762e-29 -1.176287031901594793e-26 1.176287031901594793e-26 3.916644582622258713e-30
0.000000000000000000e+00 3.722437802800352256e-17 -9.576244351554662193e-02 9.576244351554662193e-02 2.872750913030748721e-17
0.000000000000000000e+00 8.901481702348745957e-17 -9.576244351554170919e-02 9.576244351554170919e-02 -2.023064023261108286e-18
0.000000000000000000e+00 -8.149445235080623000e-30 6.308422616929011422e-28 -6.308422616929011422e-28 -9.574985103684655077e-30
0.000000000000000000e+00 7.248674056639669049e-30 -1.821006207427906059e-27 1.821006207427906059e-27 3.579788907426021642e-29
0.000000000000000000e+00 -2.560327432971436768e-14 -6.380300860720892864e+00 6.380300860720892864e+00 1.111556787972985032e-14
0.000000000000000000e+00 -3.621926612496205861e-15 -6.380300860720960365e+00 6.380300860720960365e+00 3.621926612496270547e-15
0.000000000000000000e+00 3.958083217751389156e-18 1.378881203052747972e+00 -1.378881203052747972e+00 -1.838859494913710212e-15
0.000000000000000000e+00 1.494176414701173631e-16 1.378881203052672255e+00 -1.378881203052672255e+00 -1.055488858067079530e-17
0.000000000000000000e+00 -2.003642072166533380e-31 2.238704682661562577e-27 -2.238704682661562577e-27 1.051296237562181346e-28
0.000000000000000000e+00 -2.931583773373666964e-28 2.505118704234318208e-27 -2.505118704234318208e-27 4.396554053290319998e-30
0.000000000000000000e+00 4.514984450993769735e-15 5.945009641967061498e+01 -5.945009641967061498e+01 -9.932965792187573739e-14
0.000000000000000000e+00 -1.616364433455971064e-13 5.945009641966915126e+01 -5.945009641966915126e+01 -3.611987560795930867e-15
0.000000000000000000e+00 -6.848305067536956754e-44 -1.906586935158430792e-27 1.906586935158430792e-27 -2.054491520261086329e-43
0.000000000000000000e+00 -1.712076266884239188e-44 -2.903164388410787392e-28 2.903164388410787392e-28 1.712076266884238691e-44
