0.000000000000000000e+00 -6.199296820218054794e-18 -2.001399918391803118e-02 2.001399918391803118e-02 2.755243031208032271e-18
0.000000000000000000e+00 1.051342735592536080e-18 -2.001399918391896099e-02 2.001399918391896099e-02 1.167352968485508919e-17
0.000000000000000000e+00 -1.724879599883103358e-17 1.151765014261754289e-01 -1.151765014261754289e-01 -2.156099499853901539e-18
0.000000000000000000e+00 2.371709449839278095e-17 1.151765014261747766e-01 -1.151765014261747766e-01 -2.156099499853911476e-17
0.000000000000000000e+00 2.047284208423157838e-30 -2.505333471620479089e-29 2.505333471620479089e-29 7.449110892666505051e-31
0.000000000000000000e+00 -1.964125662239638136e-30 2.201662294560252369e-29 -2.201662294560252369e-29 7.222987743053117988e-31
0.000000000000000000e+00 -5.597078519095695700e-31 -8.670704572834119133e-27 8.670704572834119133e-27 -3.009262950368724286e-29
0.000000000000000000e+00 1.105978041403787447e-29 -1.401390460143560167e-27 1.401390460143560167e-27 -4.754484225282663748e-31
0.000000000000000000e+00 5.745501826061384043e-17 -9.576252651738992316e-02 9.576252651738992316e-02 5.583656704200586007e-17
0.000000000000000000e+00 -1.173377133491418855e-17 -9.576252651739032562e-02 9.576252651739032562e-02 3.803360363730864672e-17
0.000000000000000000e+00 6.932852401403131043e-30 -6.072848884055239715e-28 6.072848884055239715e-28 -6.735348920467813149e-30
0.000000000000000000e+00 -9.272548319634332182e-30 -5.493396353749563018e-28 5.493396353749563018e-28 -2.511849883584521050e-29
0.000000000000000000e+00 -4.293231976019018311e-17 -6.380306390829296070e+00 6.380306390829296070e+00 -6.088583529627085314e-16
0.000000000000000000e+00 2.341762896010424407e-16 -6.380306390829759700e+00 6.380306390829759700e+00 7.649758793634196307e-16
0.000000000000000000e+00 2.110977716134070005e-17 1.378882398194378966e+00 -1.378882398194378966e+00 -1.477684401293886382e-16
0.000000000000000000e+00 8.021715321309577508e-16 1.378882398194384518e+00 -1.378882398194384518e+00 -3.694211003234767108e-17
0.000000000000000000e+00 -6.888051751809717100e-31 1.346601461683697504e-27 -1.346601461683697504e-27 -5.668618442371851177e-29
0.000000000000000000e+00 1.171274949207895049e-28 1.547635982601983565e-27 -1.547635982601983565e-27 -3.182129849032469825e-30
0.000000000000000000e+00 -2.528391292556514838e-14 5.945014794788438195e+01 -5.945014794788438195e+01 -2.401971727929015448e-13
0.000000000000000000e+00 1.029416454826715767e-13 5.945014794788450274e+01 -5.945014794788450274e+01 1.805993780397992255e-14
0.000000000000000000e+00 5.544434576356759438e-48 3.454286592922718352e-33 -3.454286592922718352e-33 2.106885139015566618e-47
0.000000000000000000e+00 -8.871095322170815831e-48 -3.636683087355509376e-33 3.636683087355509376e-33 -2.661328596651242197e-47
0.000000000000000000e+00 -3.534083749657961079e-47 8.076674810220178998e-32 -8.076674810220178998e-32 2.297154437277672878e-46
0.000000000000000000e+00 3.865404101188394854e-48 -1.897849421652150423e-33 1.897849421652150423e-33 3.244178442068828791e-48
0.000000000000000000e+00 7.020862591528586642e-47 1.096823529249990634e-32 -1.096823529249990634e-32 3.071627383793753860e-47
0.000000000000000000e+00 -4.914603814070010066e-46 1.768717120165058798e-32 -1.768717120165058798e-32 1.316411735911608658e-47
0.000000000000000000e+00 -1.391150417381407228e-46 7.261817742665966865e-32 -7.261817742665966865e-32 4.999446812464428244e-46
0.000000000000000000e+00 1.043362813036055275e-46 1.054603623111037558e-31 -1.054603623111037558e-31 1.738938021726757333e-47
0.000000000000000000e+00 2.199646946547698905e-45 -1.538771608690181484e-31 1.538771608690181484e-31 8.248676049553863893e-46
0.000000000000000000e+00 2.749558683184622853e-46 -8.363921872437921385e-31 8.363921872437921385e-31 -6.873896707961551300e-47
0.000000000000000000e+00 6.405832987205236734e-48 1.596261146827833165e-33 -1.596261146827833165e-33 1.067638831200871817e-47
0.000000000000000000e+00 2.733155407874233173e-46 -7.603902814682466735e-32 7.603902814682466735e-32 -2.989388727362439920e-47
0.000000000000000000e+00 -8.848153384632454950e-46 2.203319193429615330e-31 -2.203319193429615330e-31 1.276175968937372398e-46
0.000000000000000000e+00 -1.169827971525924973e-47 -3.782435582203595320e-32 3.782435582203595320e-32 4.679311886103696004e-47
0.000000000000000000e+00 8.470731899825186648e-47 -5.041690373594226048e-33 5.041690373594226048e-33 1.365905518846810082e-46
0.000000000000000000e+00 -1.355317103972028463e-46 -1.269399408339557290e-31 1.269399408339557290e-31 2.880048845940558151e-46
0.000000000000000000e+00 6.762396662927285064e-47 1.717389837150039327e-31 -1.717389837150039327e-31 1.901924061448297344e-47
0.000000000000000000e+00 3.381198331463641560e-47 1.107887822907408462e-31 -1.107887822907408462e-31 -1.965321530163240046e-46
0.000000000000000000e+00 -3.350985620284714636e-47 -2.121315650486603226e-31 2.121315650486603226e-31 6.701971240569423439e-47
0.000000000000000000e+00 -2.010591372170828004e-46 -1.587584614186862453e-31 1.587584614186862453e-31 -7.120844443105009365e-47
0.000000000000000000e+00 -6.248707138407118438e-47 5.907498990265277236e-32 -5.907498990265277236e-32 7.498448566088537070e-47
0.000000000000000000e+00 1.333057522860184282e-46 2.323227405520421947e-31 -2.323227405520421947e-31 6.665287614300915574e-47
0.000000000000000000e+00 3.312973625138479914e-47 2.732740564552151078e-32 -2.732740564552151078e-32 4.762399586136560592e-47
0.000000000000000000e+00 -1.325189450055390604e-46 2.571285753759196070e-31 -2.571285753759196070e-31 -2.484730218853854952e-47
0.000000000000000000e+00 -2.616640202965808934e-46 -4.213355381347165203e-31 4.213355381347165203e-31 7.359300570841330943e-47
0.000000000000000000e+00 -1.717170133196309549e-46 3.359261490632430246e-32 -3.359261490632430246e-32 -7.359300570841320247e-47
0.000000000000000000e+00 6.535483508541724937e-47 4.645803520918334255e-32 -4.645803520918334255e-32 1.511330561350272464e-46
0.000000000000000000e+00 5.228386806833379172e-46 1.952271918431316273e-31 -1.952271918431316273e-31 9.803225262812577196e-47
0.000000000000000000e+00 -7.721096120071005792e-46 -2.977424323314582126e-31 2.977424323314582126e-31 -1.608561691681457984e-46
0.000000000000000000e+00 5.147397413380669750e-46 3.965541694436575524e-31 -3.965541694436575524e-31 -2.091130199185895068e-46
0.000000000000000000e+00 -5.225921884704776491e-47 3.716723439718288436e-32 -3.716723439718288436e-32 -2.411963946786818049e-47
0.000000000000000000e+00 7.235891840360455119e-47 -4.993921347780362187e-32 4.993921347780362187e-32 1.607975964524544312e-47
0.000000000000000000e+00 2.564255936338665259e-46 -9.117393943527823047e-32 9.117393943527823047e-32 1.602659960211664377e-46
0.000000000000000000e+00 -0.000000000000000000e+00 2.641407325118297222e-32 -2.641407325118297222e-32 7.211969820952476474e-47
0.000000000000000000e+00 7.688638034091663161e-46 2.730543889249113074e-32 -2.730543889249113074e-32 2.042294477805596617e-46
0.000000000000000000e+00 -7.688638034091660050e-46 5.558544102442209181e-31 -5.558544102442209181e-31 -3.203599180871521942e-47
0.000000000000000000e+00 -0.000000000000000000e+00 -2.050750192943501422e-32 2.050750192943501422e-32 1.891599193613452454e-47
0.000000000000000000e+00 2.548681018763385131e-46 4.522708897627353084e-31 -4.522708897627353084e-31 1.592925636727114151e-46
0.000000000000000000e+00 -3.356453342065649051e-47 6.569530278487560298e-33 -6.569530278487560298e-33 2.862857262350110009e-47
0.000000000000000000e+00 1.263605964071771118e-46 1.341827614668909007e-32 -1.341827614668909007e-32 -1.579507455089712682e-47
0.000000000000000000e+00 -4.895405284278428992e-46 -2.091627318103620309e-31 2.091627318103620309e-31 -1.263330395942819381e-46
0.000000000000000000e+00 -1.831829074117088725e-45 -2.851184244740516848e-31 2.851184244740516848e-31 8.053731274135468112e-46
0.000000000000000000e+00 -2.505513112078335186e-46 2.890611093759332323e-31 -2.890611093759332323e-31 7.829728475244790164e-48
0.000000000000000000e+00 -3.131891390097916455e-46 -2.315444942403911513e-31 2.315444942403911513e-31 -1.331053840791613501e-46
0.000000000000000000e+00 1.000067662833446926e-45 2.955197329209973331e-31 -2.955197329209973331e-31 -6.875465181979942363e-46
0.000000000000000000e+00 -1.250084578541804768e-46 1.283703961913128376e-31 -1.283703961913128376e-31 -1.670034866645690991e-46
0.000000000000000000e+00 2.476498311823738097e-46 1.955901208869026113e-32 -1.955901208869026113e-32 -4.875606051402980659e-46
0.000000000000000000e+00 -6.191245779559334546e-47 -2.828074335808046344e-33 2.828074335808046344e-33 5.804292918336871457e-47
0.000000000000000000e+00 -7.403832327498240141e-46 9.933584788842743257e-32 -9.933584788842743257e-32 3.335580710044777033e-46
0.000000000000000000e+00 2.467944109166079399e-46 -1.866984094684669364e-31 1.866984094684669364e-31 -4.241778937629195867e-46
0.000000000000000000e+00 -1.833911510314983091e-46 -1.374425911986948021e-31 1.374425911986948021e-31 -1.375433632736236152e-46
0.000000000000000000e+00 2.445215347086633620e-46 6.822084300041577851e-32 -6.822084300041577851e-32 6.877168163681151588e-47
0.000000000000000000e+00 -4.861971125458692083e-46 2.272279600262414902e-31 -2.272279600262414902e-31 6.837146895176280637e-47
0.000000000000000000e+00 -0.000000000000000000e+00 1.021370073916032617e-30 -1.021370073916032617e-30 3.950351539435183331e-46
0.000000000000000000e+00 1.817170118285193894e-46 1.007063461444270529e-31 -1.007063461444270529e-31 -2.574324334237355813e-46
0.000000000000000000e+00 2.366106924850509399e-46 -2.554796970231431076e-31 2.554796970231431076e-31 2.725755177427784618e-46
0.000000000000000000e+00 2.867742045911197991e-45 2.574195688061348600e-31 -2.574195688061348600e-31 6.273185725430740160e-46
0.000000000000000000e+00 4.779570076518661244e-46 -4.799616371790208960e-31 4.799616371790208960e-31 2.091061908476913127e-46
0.000000000000000000e+00 5.956594604911685955e-46 1.122275910044448145e-31 -1.122275910044448145e-31 1.489148651227920517e-46
0.000000000000000000e+00 -8.934891907367521154e-47 -4.330386981171626229e-32 4.330386981171626229e-32 -1.116861488420939172e-47
0.000000000000000000e+00 1.070788873060415791e-45 1.236588318946004298e-31 -1.236588318946004298e-31 3.048773874685903316e-46
0.000000000000000000e+00 7.138592487069410602e-46 -2.366362138526601160e-33 2.366362138526601160e-33 -4.015458273976540352e-46
0.000000000000000000e+00 7.114370588919626201e-46 2.865637306564837089e-33 -2.865637306564837089e-33 1.333944485422428940e-46
0.000000000000000000e+00 5.335777941689711094e-46 7.959377139029207175e-32 -7.959377139029207175e-32 -6.669722427112134006e-47
0.000000000000000000e+00 1.183231015556053260e-46 -6.594296401823177758e-32 6.594296401823177758e-32 -1.922750400278584943e-46
0.000000000000000000e+00 9.465848124448402745e-46 3.931314557937432553e-31 -3.931314557937432553e-31 1.109279077083796397e-45
0.000000000000000000e+00 4.716259759361442491e-46 1.717327930928201496e-31 -1.717327930928201496e-31 7.369155874002249517e-47
0.000000000000000000e+00 5.305792229281621830e-46 6.166278267920337695e-32 -6.166278267920337695e-32 -1.105373381100337233e-46
0.000000000000000000e+00 -1.172430947822314602e-45 2.565497114697679670e-31 -2.565497114697679670e-31 2.051754158689048764e-46
0.000000000000000000e+00 -2.344861895644616213e-46 -1.832838290222179081e-31 1.832838290222179081e-31 -2.198308027166826071e-46
0.000000000000000000e+00 -3.655842900839476758e-46 1.403393108122506089e-31 -1.403393108122506089e-31 3.655842900839474230e-47
0.000000000000000000e+00 5.849348641343157018e-47 1.080399940011180177e-31 -1.080399940011180177e-31 -2.559090030587629433e-47
0.000000000000000000e+00 4.636795930493794877e-46 6.155021987520580562e-31 -6.155021987520580562e-31 6.520494277256893820e-46
0.000000000000000000e+00 4.057196439182066142e-46 7.877415476669081439e-32 -7.877415476669081439e-32 3.894184082250641463e-47
0.000000000000000000e+00 2.316541606361769291e-46 -6.111329703372184651e-31 6.111329703372184651e-31 1.187227573260405896e-45
0.000000000000000000e+00 -4.169774891451172745e-45 5.636631821655596217e-31 -5.636631821655596217e-31 1.737406204771320940e-46
0.000000000000000000e+00 -4.615604291480308853e-46 -4.418926121386985358e-31 4.418926121386985358e-31 -4.038653755045267913e-46
0.000000000000000000e+00 2.163564511631392247e-46 -8.963791798084280583e-32 8.963791798084280583e-32 -1.514495158141973523e-46
0.000000000000000000e+00 1.837399130666542669e-45 -9.484683034816902190e-31 9.484683034816902190e-31 5.311231862082971256e-46
0.000000000000000000e+00 -0.000000000000000000e+00 9.495624457483580634e-31 -9.495624457483580634e-31 -4.019310598333057227e-46
0.000000000000000000e+00 9.155400467256709500e-46 2.062732122264185409e-32 -2.062732122264185409e-32 -8.583187938053159809e-46
0.000000000000000000e+00 4.577700233628344638e-45 1.091615035730169938e-30 -1.091615035730169938e-30 1.287478190707971015e-45
0.000000000000000000e+00 -6.771079140490978287e-46 -1.773075514513318755e-31 1.773075514513318755e-31 4.937245206608002246e-47
0.000000000000000000e+00 6.771079140490968952e-46 -4.134487811132230212e-31 4.134487811132230212e-31 -1.622237710742626892e-46
0.000000000000000000e+00 -9.012277091175025646e-46 -6.227832390496516870e-31 6.227832390496516870e-31 -2.816336590992193083e-47
0.000000000000000000e+00 4.506138545587485597e-46 -1.619617250040145282e-31 1.619617250040145282e-31 3.062766042703992002e-46
0.000000000000000000e+00 -2.022734884711512459e-45 -1.396839299316600218e-32 1.396839299316600218e-32 8.428062019631296078e-47
0.000000000000000000e+00 -7.866191218322532893e-46 -1.128186772162748154e-30 1.128186772162748154e-30 1.123741602617503810e-45
0.000000000000000000e+00 -0.000000000000000000e+00 -1.067638738142103707e-30 1.067638738142103707e-30 4.211210579815575507e-47
0.000000000000000000e+00 1.965231603913931607e-46 1.994945775051387466e-31 -1.994945775051387466e-31 -5.614947439754086415e-47
0.000000000000000000e+00 -0.000000000000000000e+00 -8.195501862190108322e-32 8.195501862190108322e-32 -7.636297287395111341e-47
0.000000000000000000e+00 -1.943784764064197112e-46 -1.042698611550756619e-31 1.042698611550756619e-31 7.636297287395053973e-47
0.000000000000000000e+00 -2.631688008047547910e-45 -1.285681943939438424e-30 1.285681943939438424e-30 -1.644805005029716277e-46
0.000000000000000000e+00 -2.741341675049521878e-46 -1.572880056783620968e-31 1.572880056783620968e-31 -1.096536670019807934e-46
0.000000000000000000e+00 -0.000000000000000000e+00 8.036687514065726530e-32 -8.036687514065726530e-32 -2.528921105675185353e-46
0.000000000000000000e+00 -2.733968762892089830e-47 7.277437907162048673e-32 -7.277437907162048673e-32 1.708730476807554807e-47
0.000000000000000000e+00 8.744147818039863239e-46 -4.969074595560421610e-31 4.969074595560421610e-31 6.558110863529892762e-46
0.000000000000000000e+00 2.732546193137448997e-47 -1.983998678216016974e-32 1.983998678216016974e-32 -6.233621003094801195e-47
0.000000000000000000e+00 3.683135611309616672e-45 -5.807607989302082546e-31 5.807607989302082546e-31 -9.548870103395294934e-46
0.000000000000000000e+00 -1.746079104620849335e-45 1.339376459766278924e-30 -1.339376459766278924e-30 -8.730395523104240451e-46
0.000000000000000000e+00 1.355860339051840539e-47 -1.182952174829312431e-31 1.182952174829312431e-31 -2.711720678103679134e-47
0.000000000000000000e+00 6.942004935945391202e-45 1.332200900296587841e-30 -1.332200900296587841e-30 -1.410094752613906732e-45
0.000000000000000000e+00 2.162663733470963473e-46 -4.266804648605625209e-31 4.266804648605625209e-31 -7.569323067148367876e-46
0.000000000000000000e+00 -6.920523947107013415e-45 -3.516929366251450882e-30 3.516929366251450882e-30 -1.081331866735470068e-46
0.000000000000000000e+00 1.721259747099861097e-45 8.592654637389435032e-31 -8.592654637389435032e-31 -1.828838481293601521e-45
0.000000000000000000e+00 3.442519494199722194e-45 -3.398818607043611475e-30 3.398818607043611475e-30 8.606298735499300818e-46
0.000000000000000000e+00 4.281710028443027353e-45 -9.064855702568703503e-31 9.064855702568703503e-31 5.352137535553780107e-47
0.000000000000000000e+00 8.563420056886049727e-45 7.813039412047217117e-30 -7.813039412047217117e-30 1.284513008532906526e-45
0.000000000000000000e+00 3.207797672771679116e-46 -1.640729377096791539e-30 1.640729377096791539e-30 1.710825425478227617e-45
0.000000000000000000e+00 6.843301701912894289e-45 -1.399671934402864859e-30 1.399671934402864859e-30 -9.623393018315000009e-46
0.000000000000000000e+00 1.709003545635144413e-45 1.999869508624764943e-30 -1.999869508624764943e-30 -3.204381648065893830e-46
0.000000000000000000e+00 3.418007091270281981e-45 -7.712902303146193077e-30 7.712902303146193077e-30 -0.000000000000000000e+00
0.000000000000000000e+00 -0.000000000000000000e+00 -1.094575985559367534e-31 1.094575985559367534e-31 -7.699323305562571295e-46
0.000000000000000000e+00 4.247902513413800948e-46 -3.505093164843188337e-31 3.505093164843188337e-31 1.427029750599947747e-46
0.000000000000000000e+00 -0.000000000000000000e+00 -3.859971168980864054e-31 3.859971168980864054e-31 -1.325740164263690416e-46
0.000000000000000000e+00 -1.696947410257516202e-45 -1.238791455902828625e-29 1.238791455902828625e-29 8.484737051287574789e-46
0.000000000000000000e+00 5.953779632377858440e-47 1.339982145089499286e-31 -1.339982145089499286e-31 -5.953779632377854550e-47
0.000000000000000000e+00 6.350698274536374038e-46 -4.860982285217600845e-31 4.860982285217600845e-31 -4.233798849690913173e-46
0.000000000000000000e+00 1.677341598494328035e-44 -2.088685616627177387e-30 2.088685616627177387e-30 4.193353996235817753e-46
0.000000000000000000e+00 1.179380811441320899e-46 1.494459542172949408e-31 -1.494459542172949408e-31 6.552115619118445549e-47
0.000000000000000000e+00 -3.664064926173414011e-46 -2.539183872189035781e-31 2.539183872189035781e-31 2.093751386384806228e-45
0.000000000000000000e+00 -3.035939510257949428e-45 -1.161740272807806396e-31 1.161740272807806396e-31 5.626956850909125900e-46
0.000000000000000000e+00 -0.000000000000000000e+00 2.635766539817283213e-30 -2.635766539817283213e-30 1.666259814629499438e-45
0.000000000000000000e+00 1.666259814629490415e-45 -1.251384443045627841e-30 1.251384443045627841e-30 1.119518312954188104e-45
0.000000000000000000e+00 6.614688203335864316e-45 3.123093746804348386e-30 -3.123093746804348386e-30 1.446963044479719308e-45
0.000000000000000000e+00 3.617407611199285046e-46 -1.340999265327132558e-30 1.340999265327132558e-30 -0.000000000000000000e+00
0.000000000000000000e+00 8.246664717228702336e-46 5.618815097006485096e-31 -5.618815097006485096e-31 -1.030833089653587014e-45
0.000000000000000000e+00 4.638748903441133785e-46 1.627453712307627348e-32 -1.627453712307627348e-32 -3.865624086200942552e-47
0.000000000000000000e+00 -2.466612489315794898e-45 -5.044878177510823855e-31 5.044878177510823855e-31 -7.965102830082248848e-46
0.000000000000000000e+00 -0.000000000000000000e+00 2.860631949001130253e-31 -2.860631949001130253e-31 -4.111020815526320681e-46
0.000000000000000000e+00 -0.000000000000000000e+00 -1.425405338403648311e-30 1.425405338403648311e-30 -2.460598913898386620e-45
0.000000000000000000e+00 -3.280798551864508025e-45 -7.961367049318284877e-30 7.961367049318284877e-30 -1.230299456949189887e-45
0.000000000000000000e+00 -0.000000000000000000e+00 1.971411983288137789e-30 -1.971411983288137789e-30 4.583756786716115806e-46
0.000000000000000000e+00 1.629780190832393274e-45 2.118186409704704132e-31 -2.118186409704704132e-31 -4.583756786716102582e-46
0.000000000000000000e+00 -1.621110124577165243e-44 -1.571796864985862645e-29 1.571796864985862645e-29 8.105550622885819990e-45
0.000000000000000000e+00 1.621110124577160575e-45 -1.437550685011106425e-31 1.437550685011106425e-31 -0.000000000000000000e+00
0.000000000000000000e+00 -7.516831532964231526e-47 -3.263652795609565127e-31 3.263652795609565127e-31 5.011221021976150461e-47
0.000000000000000000e+00 -3.207181454064735673e-45 1.754746759868882791e-30 -1.754746759868882791e-30 -2.505610510988072897e-46
0.000000000000000000e+00 1.602193139136318225e-45 9.445224692922947322e-31 -9.445224692922947322e-31 4.406031132624872240e-45
0.000000000000000000e+00 1.602193139136318225e-45 -1.886486279813672343e-32 1.886486279813672343e-32 3.004112135880594921e-46
0.000000000000000000e+00 -9.997860738084065435e-47 7.925739404607396757e-33 -7.925739404607396757e-33 4.764605507993184805e-47
0.000000000000000000e+00 -0.000000000000000000e+00 1.243671718491116265e-30 -1.243671718491116265e-30 -2.999358221425203878e-46
0.000000000000000000e+00 -5.971534432491383067e-46 1.020544213624845349e-31 -1.020544213624845349e-31 -4.976278693742816111e-46
0.000000000000000000e+00 1.592409181997690639e-45 1.862548574911589999e-30 -1.862548574911589999e-30 -4.976278693742780328e-47
0.000000000000000000e+00 1.231010504228273898e-46 -1.262708492371105073e-32 1.262708492371105073e-32 1.231010504228272877e-47
0.000000000000000000e+00 -6.302773781648759622e-45 -6.096081593300056963e-30 6.096081593300056963e-30 -1.969616806765236059e-45
0.000000000000000000e+00 -7.876898057785518457e-46 4.787436152811614351e-31 -4.787436152811614351e-31 -4.923061286115946119e-47
0.000000000000000000e+00 -4.726138834671309208e-45 3.353158123333936185e-31 -3.353158123333936185e-31 -1.083073482945507699e-45
0.000000000000000000e+00 -6.266651402366204871e-45 -1.674031092995450231e-30 1.674031092995450231e-30 8.812478534577470154e-46
0.000000000000000000e+00 -7.833314252957738975e-46 -8.003549121182746263e-31 8.003549121182746263e-31 5.874985689718300731e-46
0.000000000000000000e+00 9.769016589387455610e-47 -6.046000818815692281e-30 6.046000818815692281e-30 8.205973935085456568e-45
0.000000000000000000e+00 -2.930704976816231821e-46 1.513310292552597903e-30 -1.513310292552597903e-30 -0.000000000000000000e+00
0.000000000000000000e+00 4.882141716894614776e-46 5.743770194943012685e-31 -5.743770194943012685e-31 1.464642515068383499e-46
0.000000000000000000e+00 -3.124570698812532049e-44 -2.334851919416423352e-30 2.334851919416423352e-30 3.222213533150421840e-45
0.000000000000000000e+00 1.555048273108470646e-45 -6.746880161518976051e-31 6.746880161518976051e-31 1.360667238969910726e-45
0.000000000000000000e+00 1.943810341385579362e-46 -1.255563231420136695e-30 1.255563231420136695e-30 2.429762926731972549e-46
0.000000000000000000e+00 2.907014758170966047e-46 -3.308709739721384966e-31 3.308709739721384966e-31 3.633768447713705419e-46
0.000000000000000000e+00 -1.550407871024510661e-45 -1.700078136334871047e-30 1.700078136334871047e-30 -6.056280746189490882e-47
0.000000000000000000e+00 -3.863568099319190948e-46 -1.111760798246827418e-29 1.111760798246827418e-29 7.727136198638376917e-45
0.000000000000000000e+00 -1.545427239727674201e-45 9.915783987458316164e-32 -9.915783987458316164e-32 9.658920248297957923e-47
0.000000000000000000e+00 -0.000000000000000000e+00 4.646024319522610042e-31 -4.646024319522610042e-31 3.862594792225825391e-46
0.000000000000000000e+00 9.270227501341982806e-45 -1.175880815550248386e-29 1.175880815550248386e-29 -0.000000000000000000e+00
0.000000000000000000e+00 7.705968100919254668e-46 1.335620585732324449e-30 -1.335620585732324449e-30 -3.612172547305898146e-46
0.000000000000000000e+00 -3.082387240367696267e-45 -3.038479765970559675e-31 3.038479765970559675e-31 5.779476075689427388e-46
0.000000000000000000e+00 1.225897209749686245e-44 1.916481235948897884e-29 -1.916481235948897884e-29 -4.597114536561320618e-45
0.000000000000000000e+00 2.298557268280658442e-45 1.076987572168829075e-30 -1.076987572168829075e-30 -2.490103707304045167e-45
0.000000000000000000e+00 -0.000000000000000000e+00 1.420926819119691435e-29 -1.420926819119691435e-29 -3.060587897890557066e-45
0.000000000000000000e+00 1.530293948945276044e-45 1.806483694616531905e-30 -1.806483694616531905e-30 7.412361315203676266e-46
0.000000000000000000e+00 -3.046493098735254608e-45 -5.229708402081864903e-30 5.229708402081864903e-30 -4.760145466773832018e-46
0.000000000000000000e+00 -9.139479296205739553e-45 1.257942711077834213e-29 -1.257942711077834213e-29 3.808116373419055813e-46
0.000000000000000000e+00 -2.275790820042059324e-45 5.548932747018139930e-30 -5.548932747018139930e-30 -7.585969400140193081e-46
0.000000000000000000e+00 -9.482461750175231627e-47 -4.577513803535208989e-33 4.577513803535208989e-33 1.209013873147341245e-45
0.000000000000000000e+00 -0.000000000000000000e+00 -4.075976831507288141e-30 4.075976831507288141e-30 3.311902705381846013e-46
0.000000000000000000e+00 1.892515831646767928e-46 1.413473132491780148e-30 -1.413473132491780148e-30 6.623805410763683470e-46
0.000000000000000000e+00 -4.505451532613888296e-45 6.165654609388065632e-30 -6.165654609388065632e-30 -8.447721623651034333e-46
0.000000000000000000e+00 2.402907484060739263e-44 4.720213412287353624e-29 -4.720213412287353624e-29 -6.007268710151844424e-45
0.000000000000000000e+00 1.874591801577822423e-46 1.584955278632395687e-30 -1.584955278632395687e-30 2.062050981735603459e-45
0.000000000000000000e+00 -0.000000000000000000e+00 6.833337074585103040e-30 -6.833337074585103040e-30 2.811887702366724494e-46
0.000000000000000000e+00 -1.490964885159262614e-45 5.814824582547005096e-32 -5.814824582547005096e-32 -1.863706106449077101e-45
0.000000000000000000e+00 4.472894655477783175e-45 -7.252005891434743888e-30 7.252005891434743888e-30 -1.490964885159260125e-45
0.000000000000000000e+00 -2.227743535927321718e-45 -5.097874790846988400e-30 5.097874790846988400e-30 -1.670807651945490044e-45
0.000000000000000000e+00 3.263296195206036142e-46 1.590786638579602808e-32 -1.590786638579602808e-32 -3.944962511537962301e-46
0.000000000000000000e+00 -4.449239625444585095e-45 7.913191626019415683e-30 -7.913191626019415683e-30 -1.112309906361145652e-45
0.000000000000000000e+00 -2.780774765902854794e-46 1.133990215970411534e-30 -1.133990215970411534e-30 2.780774765902852850e-46
0.000000000000000000e+00 1.481408504140840170e-45 -8.431414800586490919e-31 8.431414800586490919e-31 -6.481162205616171854e-46
0.000000000000000000e+00 -8.888451024845011150e-45 1.968763134986577867e-30 -1.968763134986577867e-30 1.851760630176042745e-45
0.000000000000000000e+00 -3.699994453662446968e-46 3.782902908135072544e-30 -3.782902908135072544e-30 2.959995562929956330e-45
0.000000000000000000e+00 -2.774995840246820252e-46 3.189269868950329627e-30 -3.189269868950329627e-30 5.179992235127393862e-45
0.000000000000000000e+00 2.916737953709485537e-45 -5.053688038248744103e-31 5.053688038248744103e-31 1.595091068434873834e-46
0.000000000000000000e+00 -7.291844884273699842e-46 1.767447411506200590e-30 -1.767447411506200590e-30 3.645922442136847587e-46
0.000000000000000000e+00 9.088015794511572523e-46 -4.324969307963788203e-31 4.324969307963788203e-31 -4.089607107530204991e-46
0.000000000000000000e+00 -7.270412635609239660e-46 1.742083252559920142e-30 -1.742083252559920142e-30 8.360974530950620087e-45
0.000000000000000000e+00 1.158301303304208800e-44 -2.623429870003464375e-29 2.623429870003464375e-29 7.239383145651300334e-46
0.000000000000000000e+00 1.809845786412819561e-45 4.414445867451182732e-32 -4.414445867451182732e-32 5.203306635936853008e-46
0.000000000000000000e+00 -1.442792148780932629e-45 -1.373964905016130970e-30 1.373964905016130970e-30 1.803490185976165009e-46
0.000000000000000000e+00 -2.885584297561849079e-45 -8.099155585933757520e-30 8.099155585933757520e-30 -1.442792148780923606e-45
0.000000000000000000e+00 1.441888820596835852e-45 -3.143487617153025570e-30 3.143487617153025570e-30 1.802361025746043649e-46
0.000000000000000000e+00 -8.561214872293698774e-46 -9.385825838756808098e-31 9.385825838756808098e-31 1.982597128320644902e-45
0.000000000000000000e+00 7.202581967017154528e-46 5.112323906004227172e-31 -5.112323906004227172e-31 -1.170419569640287086e-45
0.000000000000000000e+00 -5.762065573613704953e-45 4.112403353852775554e-30 -4.112403353852775554e-30 -1.800645491754282020e-46
