0.000000000000000000e+00 -6.199296820218054794e-18 -2.001399918391803118e-02 2.001399918391803118e-02 2.755243031208032271e-18
0.000000000000000000e+00 1.051342735592536080e-18 -2.001399918391896099e-02 2.001399918391896099e-02 1.167352968485508919e-17
0.000000000000000000e+00 -1.724879599883103358e-17 1.151765014261754289e-01 -1.151765014261754289e-01 -2.156099499853901539e-18
0.000000000000000000e+00 2.371709449839278095e-17 1.151765014261747766e-01 -1.151765014261747766e-01 -2.156099499853911476e-17
0.000000000000000000e+00 2.047284208423157838e-30 -2.505333471620479089e-29 2.505333471620479089e-29 7.449110892666505051e-31
0.000000000000000000e+00 -1.964125662239638136e-30 2.201662294560252369e-29 -2.201662294560252369e-29 7.222987743053117988e-31
0.000000000000000000e+00 -5.597078519095695700e-31 -8.670704572834119133e-27 8.670704572834119133e-27 -3.009262950368724286e-29
0.000000000000000000e+00 1.105978041403787447e-29 -1.401390460143560167e-27 1.401390460143560167e-27 -4.754484225282663748e-31
0.000000000000000000e+00 5.745501826061384043e-17 -9.576252651738992316e-02 9.576252651738992316e-02 5.583656704200586007e-17
0.000000000000000000e+00 -1.173377133491418855e-17 -9.576252651739032562e-02 9.576252651739032562e-02 3.803360363730864672e-17
0.000000000000000000e+00 6.932852401403131043e-30 -6.072848884055239715e-28 6.072848884055239715e-28 -6.735348920467813149e-30
0.000000000000000000e+00 -9.272548319634332182e-30 -5.493396353749563018e-28 5.493396353749563018e-28 -2.511849883584521050e-29
0.000000000000000000e+00 -4.293231976019018311e-17 -6.380306390829296070e+00 6.380306390829296070e+00 -6.088583529627085314e-16
0.000000000000000000e+00 2.341762896010424407e-16 -6.380306390829759700e+00 6.380306390829759700e+00 7.649758793634196307e-16
0.000000000000000000e+00 2.110977716134070005e-17 1.378882398194378966e+00 -1.378882398194378966e+00 -1.477684401293886382e-16
0.000000000000000000e+00 8.021715321309577508e-16 1.378882398194384518e+00 -1.378882398194384518e+00 -3.694211003234767108e-17
0.000000000000000000e+00 -6.888051751809717100e-31 1.346601461683697504e-27 -1.346601461683697504e-27 -5.668618442371851177e-29
0.000000000000000000e+00 1.171274949207895049e-28 1.547635982601983565e-27 -1.547635982601983565e-27 -3.182129849032469825e-30
0.000000000000000000e+00 -2.528391292556514838e-14 5.945014794788438195e+01 -5.945014794788438195e+01 -2.401971727929015448e-13
0.000000000000000000e+00 1.029416454826715767e-13 5.945014794788450274e+01 -5.945014794788450274e+01 1.805993780397992255e-14
0.000000000000000000e+00 -1.363286554336054167e-46 2.640083374886361696e-32 -2.640083374886361696e-32 4.868880551200191510e-47
0.000000000000000000e+00 -4.420943540489773615e-45 7.988610224802802957e-31 -7.988610224802802957e-31 -1.402237598745654315e-45
0.000000000000000000e+00 6.309789887384518403e-46 -8.942865851851605140e-32 8.942865851851605140e-32 2.718063336104098673e-46
0.000000000000000000e+00 -6.455400423247233523e-46 4.963177515905303688e-32 -4.963177515905303688e-32 9.586026944295701167e-47
0.000000000000000000e+00 -6.435415041566888241e-45 -1.004975235753833717e-30 1.004975235753833717e-30 3.605383125697110467e-45
0.000000000000000000e+00 -4.155397890168369245e-46 2.078167023797517968e-32 -2.078167023797517968e-32 5.815134073705004537e-46
0.000000000000000000e+00 1.487773394775255665e-44 -1.449039287257067883e-30 1.449039287257067883e-30 6.509008602141740113e-45
0.000000000000000000e+00 -3.022039708137232392e-45 -3.497063618135045745e-31 3.497063618135045745e-31 -2.130925435224970960e-45
0.000000000000000000e+00 -3.394429267544470326e-45 -2.426688305845169594e-30 2.426688305845169594e-30 4.474474943581345381e-45
0.000000000000000000e+00 -1.195764855612255659e-45 4.552935653195064923e-31 -4.552935653195064923e-31 -3.066558258747557682e-45
0.000000000000000000e+00 -5.861480676174259214e-45 -5.490077067755687144e-31 5.490077067755687144e-31 1.527069965634872062e-44
0.000000000000000000e+00 -1.388245423304427775e-45 -9.429624893356499911e-31 9.429624893356499911e-31 -3.084989829565394018e-46
0.000000000000000000e+00 9.571816530638563218e-47 -1.636558381483952902e-31 1.636558381483952902e-31 1.791555094036500173e-45
0.000000000000000000e+00 1.618178794613610771e-45 1.394257901662406083e-31 -1.394257901662406083e-31 5.201288982686603494e-46
0.000000000000000000e+00 -5.535346947698399857e-45 -3.485527187916589492e-30 3.485527187916589492e-30 7.687981871803329747e-45
0.000000000000000000e+00 1.230077099488531988e-45 2.442380165116962696e-32 -2.442380165116962696e-32 2.546643995034850560e-45
0.000000000000000000e+00 -5.165737027714393850e-46 6.134244262018083167e-32 -6.134244262018083167e-32 -9.757503274571629370e-46
0.000000000000000000e+00 4.897883996647718718e-45 1.149152410103274843e-30 -1.149152410103274843e-30 3.061177497904823032e-46
0.000000000000000000e+00 2.434837630086631847e-45 -2.617484141522560757e-31 2.617484141522560757e-31 -3.015013784130710860e-45
0.000000000000000000e+00 3.186213304996177944e-46 4.810167604522861785e-32 -4.810167604522861785e-32 6.372426609992353555e-46
0.000000000000000000e+00 -2.577696330610821743e-45 3.268712959686871690e-31 -3.268712959686871690e-31 6.823313816322761150e-46
0.000000000000000000e+00 9.903281858412877182e-46 7.130929660735211182e-32 -7.130929660735211182e-32 8.576526394127895242e-46
0.000000000000000000e+00 -1.437748547444782885e-45 2.579730078328379641e-31 -2.579730078328379641e-31 -7.567097618130433536e-46
0.000000000000000000e+00 -2.024198612849890150e-45 -1.116656204239980315e-30 1.116656204239980315e-30 -0.000000000000000000e+00
0.000000000000000000e+00 7.263845383016953878e-45 -1.060473791885879556e-31 1.060473791885879556e-31 -5.769460525573359989e-46
0.000000000000000000e+00 -6.355864710139825931e-45 8.661724117389517048e-31 -8.661724117389517048e-31 -2.496946850412073539e-45
0.000000000000000000e+00 -2.191686638260244758e-44 1.722760356183993170e-31 -1.722760356183993170e-31 2.834077549474453462e-45
0.000000000000000000e+00 3.325317658050025645e-45 5.368137195298247331e-31 -5.368137195298247331e-31 3.400893059369342910e-45
0.000000000000000000e+00 -7.535544389625489060e-45 4.896945060018789010e-32 -4.896945060018789010e-32 -2.712795980265175190e-45
0.000000000000000000e+00 5.124170184945325591e-45 -8.655748164635416384e-31 8.655748164635416384e-31 -2.562085092472661862e-45
0.000000000000000000e+00 4.200448532418347970e-45 2.174089566876037021e-30 -2.174089566876037021e-30 -3.750400475373523329e-45
0.000000000000000000e+00 2.081472263832304866e-45 -9.039725160889229661e-31 9.039725160889229661e-31 -1.837696232933025292e-45
0.000000000000000000e+00 -2.832701450732053407e-44 -9.313473930398121150e-30 9.313473930398121150e-30 -1.192716400308232606e-45
0.000000000000000000e+00 -8.069471895835379979e-45 -5.630525124484949003e-30 5.630525124484949003e-30 -5.367223801387040426e-45
0.000000000000000000e+00 -4.169483484714484315e-45 7.772106818635212335e-31 -7.772106818635212335e-31 7.743326471612610438e-45
0.000000000000000000e+00 1.801812505894472483e-44 6.458702990498345157e-31 -6.458702990498345157e-31 -6.179770164844676253e-45
0.000000000000000000e+00 -2.966572044979167030e-45 6.549750524774118113e-31 -6.549750524774118113e-31 -8.417648177628382155e-45
0.000000000000000000e+00 3.189064948352601944e-45 8.718976226721232337e-31 -8.718976226721232337e-31 -1.779943226987498289e-45
0.000000000000000000e+00 -1.927033187932328985e-45 -3.536765951361099927e-30 3.536765951361099927e-30 -5.336399597351063398e-45
0.000000000000000000e+00 7.411666107432027138e-46 -2.532433451816990541e-31 2.532433451816990541e-31 5.280812101545317586e-45
0.000000000000000000e+00 -6.790168274293088084e-45 2.996815025324404463e-30 -2.996815025324404463e-30 -1.476123537889801056e-46
0.000000000000000000e+00 1.808251333915004995e-45 -1.954307862944245519e-31 1.954307862944245519e-31 4.428370613669398305e-46
0.000000000000000000e+00 -2.002877978934897928e-44 1.755509643900393584e-30 -1.755509643900393584e-30 5.223299779775121903e-45
0.000000000000000000e+00 -1.048338336081625911e-45 -7.255442551946576305e-31 7.255442551946576305e-31 2.942704101281755844e-46
0.000000000000000000e+00 -4.632950261685217613e-44 -2.489061793316129064e-30 2.489061793316129064e-30 8.943353353253106783e-45
0.000000000000000000e+00 -2.345797600853273926e-45 3.940138346656700287e-30 -3.940138346656700287e-30 -2.565716125933267452e-45
0.000000000000000000e+00 5.274398122904960720e-45 -1.130914014839982713e-30 1.130914014839982713e-30 1.574993883923008857e-45
0.000000000000000000e+00 -8.204619302296606394e-45 -1.137725238709186594e-30 1.137725238709186594e-30 1.245344001241448742e-44
0.000000000000000000e+00 1.014928257517835081e-45 1.715904347231416371e-32 -1.715904347231416371e-32 4.286014601004369150e-48
0.000000000000000000e+00 -8.046278077618870055e-46 -2.982625376570741124e-31 2.982625376570741124e-31 -1.316663685428541892e-45
0.000000000000000000e+00 1.343690088403131573e-45 1.096847802367219833e-31 -1.096847802367219833e-31 -2.178956900113185914e-46
0.000000000000000000e+00 -7.989508633748341612e-46 -5.102087723548773311e-31 5.102087723548773311e-31 7.263189667043945594e-47
0.000000000000000000e+00 -5.769867596396699754e-46 2.320486039479990241e-30 -2.320486039479990241e-30 -3.029180488108266301e-45
0.000000000000000000e+00 1.254946202216279558e-44 -4.228443042058398090e-31 4.228443042058398090e-31 -1.658836933964047319e-45
0.000000000000000000e+00 -6.345654032470635385e-45 -4.064927034427159784e-31 4.064927034427159784e-31 -3.064662458863658499e-46
0.000000000000000000e+00 -2.659045368719935451e-46 -3.459065568880851215e-32 3.459065568880851215e-32 -3.605485245721944940e-47
0.000000000000000000e+00 -4.822209445675878775e-46 3.578984709205090350e-33 -3.578984709205090350e-33 -9.464149379363871087e-47
0.000000000000000000e+00 -4.326468287709198567e-45 7.163429637971995449e-31 -7.163429637971995449e-31 7.931858527466862795e-46
0.000000000000000000e+00 6.115660816656347281e-45 -2.443054973010338120e-33 2.443054973010338120e-33 -3.237702785288652727e-46
0.000000000000000000e+00 -4.820579702540882612e-45 1.002677490099805443e-30 -1.002677490099805443e-30 7.554639832340186196e-46
0.000000000000000000e+00 4.627639159351167996e-46 6.640705535880116130e-32 -6.640705535880116130e-32 -5.606562827675451903e-46
0.000000000000000000e+00 -6.763472617513244097e-46 1.842676447536084966e-30 -1.842676447536084966e-30 2.847777944216101468e-45
0.000000000000000000e+00 -1.152527838448751356e-44 1.662100057629986023e-30 -1.662100057629986023e-30 -4.268621623884262839e-46
0.000000000000000000e+00 1.262800563732427219e-45 8.956705677885315946e-32 -8.956705677885315946e-32 -3.379325452241705294e-46
0.000000000000000000e+00 -2.968356734456739560e-45 6.852047884954741682e-31 -6.852047884954741682e-31 -7.109836489716738257e-46
0.000000000000000000e+00 1.564164027737682479e-45 6.664136900695863382e-31 -6.664136900695863382e-31 3.128328055475364335e-45
0.000000000000000000e+00 -1.332688535485078496e-46 -6.489636656418376172e-31 6.489636656418376172e-31 -0.000000000000000000e+00
0.000000000000000000e+00 1.990148212991049496e-45 1.588096607934722103e-30 -1.588096607934722103e-30 -2.843068875701498224e-46
0.000000000000000000e+00 -3.134413655115850156e-47 2.512589304734457623e-32 -2.512589304734457623e-32 -1.153908035865657713e-46
0.000000000000000000e+00 3.834525165338184794e-45 2.603926843410357212e-31 -2.603926843410357212e-31 1.420194505680808584e-45
0.000000000000000000e+00 -5.259848896920219197e-47 -2.132713215573723998e-30 2.132713215573723998e-30 -1.051969779384043450e-46
0.000000000000000000e+00 5.259848896920217252e-47 5.063986759293475908e-33 -5.063986759293475908e-33 1.534122594935062555e-47
0.000000000000000000e+00 -5.328101107121018927e-45 -1.594752787302216574e-30 1.594752787302216574e-30 9.814923092065032573e-46
0.000000000000000000e+00 -1.077888875289285119e-45 1.825630754848783059e-30 -1.825630754848783059e-30 -1.682558244354005584e-45
0.000000000000000000e+00 7.086574075974383819e-46 -3.340112191298060057e-32 3.340112191298060057e-32 -8.136436902044659330e-46
0.000000000000000000e+00 -8.136436902044662442e-46 1.070134715284919041e-30 -1.070134715284919041e-30 -1.399817101427037957e-45
0.000000000000000000e+00 3.056199107195624728e-46 -5.385339819840760218e-32 5.385339819840760218e-32 -6.985597959304282454e-47
0.000000000000000000e+00 -5.239198469478209264e-46 2.271749133146559856e-30 -2.271749133146559856e-30 5.588478367443421296e-46
0.000000000000000000e+00 -4.539580373625083941e-46 4.360737441287825403e-31 -4.360737441287825403e-31 -8.031565276413608076e-46
0.000000000000000000e+00 -2.618988677091393198e-47 4.949084547769056656e-31 -4.949084547769056656e-31 2.618988677091392206e-45
0.000000000000000000e+00 -1.744804125845423042e-46 1.469497101039231310e-31 -1.469497101039231310e-31 4.187529902029014055e-46
0.000000000000000000e+00 -0.000000000000000000e+00 -2.439057426302578449e-31 2.439057426302578449e-31 -0.000000000000000000e+00
0.000000000000000000e+00 -9.068558854039259365e-46 -2.412129932036124053e-31 2.412129932036124053e-31 -2.179942032220974795e-45
0.000000000000000000e+00 2.179942032220974717e-46 5.721111453548596692e-31 -5.721111453548596692e-31 -1.743953625776779346e-46
0.000000000000000000e+00 3.214701192726483876e-46 1.465050811963567641e-31 -1.465050811963567641e-31 9.035916866042005538e-46
0.000000000000000000e+00 2.780282112628309097e-46 2.617057998952488092e-31 -2.617057998952488092e-31 8.688381601963462525e-47
0.000000000000000000e+00 3.384968435236534058e-46 6.081898269326776618e-32 -6.081898269326776618e-32 -1.735881248839247727e-46
0.000000000000000000e+00 3.541197747632066280e-45 4.849610246008173070e-31 -4.849610246008173070e-31 9.373758743731936401e-46
0.000000000000000000e+00 -5.577409394945734108e-46 -9.593281315296588216e-32 9.593281315296588216e-32 8.301260494802951318e-46
0.000000000000000000e+00 -1.867783611330663852e-45 -1.406692580741804397e-31 1.406692580741804397e-31 7.609488786902702393e-46
0.000000000000000000e+00 -2.588437217959853226e-47 4.098734138095133528e-32 -4.098734138095133528e-32 3.666952725443123904e-47
0.000000000000000000e+00 1.104399879662870139e-45 1.319307804831690652e-31 -1.319307804831690652e-31 -6.212249323103641907e-46
0.000000000000000000e+00 -0.000000000000000000e+00 3.359120040330708775e-31 -3.359120040330708775e-31 3.671850314270157683e-45
0.000000000000000000e+00 1.034324032188776243e-45 -4.554734846030980606e-31 4.554734846030980606e-31 6.895493547925173330e-47
0.000000000000000000e+00 2.064484698215740475e-46 5.466161153802411980e-31 -5.466161153802411980e-31 1.651587758572591758e-45
0.000000000000000000e+00 2.838666460046641111e-46 1.910141572263090842e-31 -1.910141572263090842e-31 1.032242349107869071e-45
0.000000000000000000e+00 -1.098501228279862272e-45 1.825574450057423655e-30 -1.825574450057423655e-30 1.098501228279861805e-45
0.000000000000000000e+00 -6.951453085208502444e-46 1.222942251812552298e-31 -1.222942251812552298e-31 -5.320865324480580207e-46
0.000000000000000000e+00 -3.597872047527990212e-46 -3.016713944915630739e-31 3.016713944915630739e-31 -2.055926884301708137e-46
0.000000000000000000e+00 -1.096494338294243925e-45 -1.665710105151808851e-30 1.665710105151808851e-30 3.426544807169511293e-47
0.000000000000000000e+00 -8.364972918932925493e-46 6.662209171483684806e-31 -6.662209171483684806e-31 1.092567891452463516e-45
0.000000000000000000e+00 8.749078818271682137e-47 8.733445461378229719e-32 -8.733445461378229719e-32 -3.841058993387566439e-47
0.000000000000000000e+00 2.081186556564979129e-46 -7.282712775100886110e-32 7.282712775100886110e-32 -2.633338091980176737e-46
0.000000000000000000e+00 -4.077426723066081463e-46 1.205302937597776463e-30 -1.205302937597776463e-30 2.378498921788546742e-46
0.000000000000000000e+00 -1.545419261687007791e-45 1.104043460094025798e-31 -1.104043460094025798e-31 -2.887046972382321144e-46
0.000000000000000000e+00 -1.698262924930777452e-46 -3.594531260046859815e-32 3.594531260046859815e-32 2.207741802410010241e-46
0.000000000000000000e+00 -9.471219280134250969e-46 -1.739038009130919957e-30 1.739038009130919957e-30 8.456445785834148983e-46
0.000000000000000000e+00 4.397351808633759712e-46 -6.503251284500698108e-31 6.503251284500698108e-31 2.029546988600195803e-46
0.000000000000000000e+00 -1.215914906341665941e-45 9.144995710030773282e-31 -9.144995710030773282e-31 -1.688770703252313246e-46
0.000000000000000000e+00 -6.755082813009254149e-47 1.169665959527992099e-31 -1.169665959527992099e-31 -4.221926758130782628e-48
0.000000000000000000e+00 2.633533046467818304e-48 1.574380589756352403e-32 -1.574380589756352403e-32 1.348368919791522544e-46
0.000000000000000000e+00 -0.000000000000000000e+00 -2.610080859038552313e-30 2.610080859038552313e-30 1.348368919791522544e-46
0.000000000000000000e+00 -1.346166705756655428e-46 5.306225980555704474e-31 -5.306225980555704474e-31 -3.365416764391637015e-46
0.000000000000000000e+00 -3.365416764391638571e-47 7.654460596369292094e-32 -7.654460596369292094e-32 8.413541910979092781e-48
0.000000000000000000e+00 4.032463629834386218e-46 -2.728779455230658681e-31 2.728779455230658681e-31 5.250603684680187957e-48
0.000000000000000000e+00 -1.596183520142777975e-46 1.358031095040178889e-31 -1.358031095040178889e-31 5.040579537292980828e-47
0.000000000000000000e+00 -2.013560897169506883e-16 -1.120126553178405260e+00 1.120126553178405260e+00 1.059768893247108545e-17
0.000000000000000000e+00 2.649422233117771748e-18 -1.120126553178419471e+00 1.120126553178419471e+00 3.974133349676655888e-17
0.000000000000000000e+00 -1.712076266884239188e-44 -1.455197347552409294e-28 1.455197347552409294e-28 1.712076266884238691e-44
0.000000000000000000e+00 -4.815214500611922951e-45 -2.863987547049996205e-29 2.863987547049996205e-29 -5.350238334013245908e-46
0.000000000000000000e+00 -0.000000000000000000e+00 -1.173401473660615060e-30 1.173401473660615060e-30 3.329485704974868857e-46
0.000000000000000000e+00 -6.242785696827880322e-48 3.830109927360471816e-32 -3.830109927360471816e-32 1.664742852487434185e-47
0.000000000000000000e+00 7.990031191982428490e-46 2.713457637022555801e-31 -2.713457637022555801e-31 -6.658359326652021149e-47
0.000000000000000000e+00 -0.000000000000000000e+00 -5.504589938900863951e-31 5.504589938900863951e-31 -3.329179663326010574e-47
0.000000000000000000e+00 1.329823380596051072e-46 1.531974931662343798e-30 -1.531974931662343798e-30 3.324558451490126708e-47
0.000000000000000000e+00 -1.662279225745063840e-47 4.701549906362296915e-31 -4.701549906362296915e-31 -3.324558451490126708e-47
0.000000000000000000e+00 2.654162698074824344e-46 -4.513612429740430756e-31 4.513612429740430756e-31 2.488277529445147166e-46
0.000000000000000000e+00 9.953110117780591775e-47 -7.724825109514596177e-31 7.724825109514596177e-31 1.990622023556117577e-46
0.000000000000000000e+00 -9.260964803502066551e-46 -1.144534604575153247e-31 1.144534604575153247e-31 1.074933414692203792e-46
0.000000000000000000e+00 -7.937969831573200346e-46 -5.600749947375366982e-31 5.600749947375366982e-31 -4.961231144733248271e-47
0.000000000000000000e+00 -8.143585923587968111e-46 -4.579887029738611929e-33 4.579887029738611929e-33 -1.233876655089085459e-47
0.000000000000000000e+00 -0.000000000000000000e+00 8.183768217988872013e-31 -8.183768217988872013e-31 1.645168873452113750e-46
0.000000000000000000e+00 9.831529926987197510e-47 4.547978025098914453e-31 -4.547978025098914453e-31 1.966305985397438724e-46
0.000000000000000000e+00 5.161553211668277866e-46 9.498187450407062975e-32 -9.498187450407062975e-32 -1.048696525545300549e-45
0.000000000000000000e+00 -5.099025780265062390e-46 -5.450788301727355947e-32 5.450788301727355947e-32 1.737143051392906544e-46
0.000000000000000000e+00 -3.923899598440447504e-46 2.640245563943810221e-30 -2.640245563943810221e-30 -0.000000000000000000e+00
0.000000000000000000e+00 1.713844111111335559e-46 7.144759185322444039e-32 -7.144759185322444039e-32 -2.611571978836320185e-46
0.000000000000000000e+00 -1.305785989418160287e-46 1.710097982321217817e-30 -1.710097982321217817e-30 -2.611571978836319796e-46
0.000000000000000000e+00 3.020883027519388092e-45 7.912216732545300320e-32 -7.912216732545300320e-32 -8.932718629761629280e-46
0.000000000000000000e+00 7.008123797712985185e-45 -8.813641467245203447e-31 8.813641467245203447e-31 -4.547565847878644578e-45
0.000000000000000000e+00 3.746174858436140268e-45 4.572891862617362048e-33 -4.572891862617362048e-33 2.761790382647941807e-44
0.000000000000000000e+00 -5.319243954835729524e-45 -1.809654179424195986e-32 1.809654179424195986e-32 -9.892496379420104536e-46
0.000000000000000000e+00 1.113113500731567986e-44 -9.309837633686308050e-33 9.309837633686308050e-33 -9.363773440240063628e-46
0.000000000000000000e+00 1.802627726785608760e-44 2.980376479518468911e-31 -2.980376479518468911e-31 1.300388969536368449e-44
0.000000000000000000e+00 1.063874314065541470e-44 4.595962181429239619e-33 -4.595962181429239619e-33 1.046261171282724408e-44
0.000000000000000000e+00 7.220173841452606736e-44 1.955940750350320010e-31 -1.955940750350320010e-31 2.656142911615583616e-45
0.000000000000000000e+00 2.424075588684616739e-43 -1.124080578164437414e-31 1.124080578164437414e-31 6.915411901364290537e-44
0.000000000000000000e+00 -6.781909741106292538e-44 5.054222427534395331e-32 -5.054222427534395331e-32 -9.527199618411663384e-44
0.000000000000000000e+00 -5.951773781624630919e-30 9.724938337128069911e-30 -9.724938337128069911e-30 2.989008900547864142e-30
0.000000000000000000e+00 6.106535262299732163e-31 -6.152117354654820184e-29 6.152117354654820184e-29 6.343087047559559145e-30
0.000000000000000000e+00 -1.673130514547494942e-44 -1.051096737876958630e-31 1.051096737876958630e-31 9.586063131013568105e-45
0.000000000000000000e+00 1.502353591541202586e-45 1.152872618231087405e-31 -1.152872618231087405e-31 -1.031105950226669309e-45
0.000000000000000000e+00 -1.848000426863179568e-29 3.360802227517640196e-29 -3.360802227517640196e-29 2.949350409396182044e-30
0.000000000000000000e+00 1.063901367664467953e-29 -7.585761803135317776e-28 7.585761803135317776e-28 4.676185488161519934e-30
0.000000000000000000e+00 -1.105225868650255347e-45 1.293051883138160863e-31 -1.293051883138160863e-31 6.407106484929014927e-46
0.000000000000000000e+00 1.209341349030351820e-45 -3.742910136033132034e-31 3.742910136033132034e-31 -1.089208102437932382e-45
0.000000000000000000e+00 3.145615511113381277e-45 2.602167570342116091e-31 -2.602167570342116091e-31 3.336258875423282277e-46
0.000000000000000000e+00 9.532168215495091998e-46 -6.779519889438243226e-32 6.779519889438243226e-32 4.766084107747544443e-46
0.000000000000000000e+00 4.700119963823412744e-45 -4.755579815890959198e-31 4.755579815890959198e-31 1.578351095959618475e-44
0.000000000000000000e+00 -4.827150233115937749e-45 7.613043978861803007e-31 -7.613043978861803007e-31 3.810908078775739263e-46
0.000000000000000000e+00 -0.000000000000000000e+00 6.124845115478774984e-32 -6.124845115478774984e-32 -2.695533132925997087e-46
0.000000000000000000e+00 6.580272059789934581e-46 -2.328365386602310634e-31 2.328365386602310634e-31 -1.902729270300703483e-46
0.000000000000000000e+00 -1.361663075225241232e-45 7.976961995033409981e-31 -7.976961995033409981e-31 5.066653303163686605e-46
0.000000000000000000e+00 -1.583329157238652161e-45 -3.447371731611883989e-30 3.447371731611883989e-30 -4.559987972847316233e-45
0.000000000000000000e+00 6.322582568933563322e-47 4.794302646523948398e-31 -4.794302646523948398e-31 -2.212903899126746239e-46
0.000000000000000000e+00 -1.808258614714997564e-44 -1.483150136139462930e-30 1.483150136139462930e-30 1.188645522959508430e-44
0.000000000000000000e+00 1.578257105914950731e-46 3.391461387596098279e-31 -3.391461387596098279e-31 3.030253643356704158e-45
0.000000000000000000e+00 -6.628679844842789179e-46 -7.121952183986678107e-33 7.121952183986678107e-33 -9.311716924898199976e-46
0.000000000000000000e+00 3.780052916686326554e-46 9.265920916906260495e-31 -9.265920916906260495e-31 -1.890026458343162499e-46
0.000000000000000000e+00 3.276045861128148124e-45 4.970795626427535299e-31 -4.970795626427535299e-31 6.300088194477206255e-46
0.000000000000000000e+00 -7.954119710170903605e-44 1.292743540381936679e-30 -1.292743540381936679e-30 -1.057193126035372936e-44
0.000000000000000000e+00 -8.684086392433419837e-45 3.929628038069137937e-30 -3.929628038069137937e-30 -1.258563245280205438e-44
0.000000000000000000e+00 4.110658855562406568e-44 7.197731222937722937e-29 -7.197731222937722937e-29 -1.604159553390206919e-44
0.000000000000000000e+00 4.261048813692733628e-45 3.530664046070550752e-29 -3.530664046070550752e-29 -3.007799162606634799e-44
0.000000000000000000e+00 -4.003220486747528658e-44 1.634636475945052590e-28 -1.634636475945052590e-28 -6.004830730121290995e-45
0.000000000000000000e+00 -1.626308322741181526e-45 -5.255353979005683640e-31 5.255353979005683640e-31 2.752214084638921721e-45
0.000000000000000000e+00 9.273414668783616305e-18 5.294109385875747642e-02 -5.294109385875747642e-02 3.709365867513444981e-18
0.000000000000000000e+00 -6.800504090441316313e-18 5.294109385875428453e-02 -5.294109385875428453e-02 -6.491390268148526946e-17
0.000000000000000000e+00 2.076521632162236897e-43 8.625484129027643739e-28 -8.625484129027643739e-28 3.993310831081223768e-44
0.000000000000000000e+00 -1.597324332432490055e-44 1.016059073623848787e-29 -1.016059073623848787e-29 -5.671749289770051202e-44
0.000000000000000000e+00 4.989151357138037436e-46 8.345152886276764679e-30 -8.345152886276764679e-30 -3.991321085710428704e-45
0.000000000000000000e+00 2.634271916568882522e-43 7.503765618187155448e-28 -7.503765618187155448e-28 1.596528434284170785e-43
0.000000000000000000e+00 -1.991277701255532624e-45 7.815617265269834442e-29 -7.815617265269834442e-29 2.787788781757744616e-44
0.000000000000000000e+00 4.978194253138830783e-46 6.786306308431248811e-30 -6.786306308431248811e-30 -4.978194253138829227e-46
0.000000000000000000e+00 9.943822738927400868e-44 -1.670984412818426504e-29 1.670984412818426504e-29 -1.988764547785479726e-44
0.000000000000000000e+00 6.090591427593030493e-45 2.918516323450755710e-30 -2.918516323450755710e-30 3.977529095570957584e-45
0.000000000000000000e+00 1.391178675418764715e-44 -2.570318162642367402e-30 2.570318162642367402e-30 3.974796215482183477e-45
0.000000000000000000e+00 -0.000000000000000000e+00 1.648254867402229851e-29 -1.648254867402229851e-29 -1.589918486192872644e-44
0.000000000000000000e+00 6.326043146614405964e-44 1.368495258652923469e-29 -1.368495258652923469e-29 -6.919109691609503941e-44
0.000000000000000000e+00 1.640817441153110243e-43 -1.626048159721238656e-29 1.626048159721238656e-29 1.008213126491669746e-43
0.000000000000000000e+00 -7.957307363590779965e-45 9.189459268587605634e-32 -9.189459268587605634e-32 -1.943063425993096886e-44
0.000000000000000000e+00 4.811395150078145417e-45 4.478721319098242711e-31 -4.478721319098242711e-31 -5.243187022521054053e-45
0.000000000000000000e+00 -8.280989240959919619e-44 -1.155155693559440574e-29 1.155155693559440574e-29 1.113990219319607923e-43
0.000000000000000000e+00 -7.492323598963734190e-44 -6.453276834746589629e-30 6.453276834746589629e-30 1.478748078742841829e-44
0.000000000000000000e+00 -2.994542249528312865e-43 4.478480563829826108e-29 -4.478480563829826108e-29 -2.600523532485113143e-43
0.000000000000000000e+00 -2.600523532485112347e-43 -9.273942120249066428e-29 9.273942120249066428e-29 2.462616981519991787e-43
0.000000000000000000e+00 -1.051047474951757847e-17 -1.170507138692500294e-03 1.170507138692500294e-03 -1.523257210075010884e-19
0.000000000000000000e+00 1.348082630916384204e-17 -1.170507138693173584e-03 1.170507138693173584e-03 -1.523257210075009921e-19
0.000000000000000000e+00 1.001748998248296940e-43 -3.012771694638500108e-29 3.012771694638500108e-29 -4.910534305138708986e-44
0.000000000000000000e+00 -1.153975561707596209e-44 -1.189790501115689238e-30 1.189790501115689238e-30 9.330015179763540901e-45
0.000000000000000000e+00 -3.779373482645332293e-44 1.174540546119126950e-29 -1.174540546119126950e-29 5.595436065215165739e-44
0.000000000000000000e+00 -1.197619649046053102e-43 -3.385732221130217168e-29 3.385732221130217168e-29 -1.443033511555489860e-43
0.000000000000000000e+00 8.632741835921619772e-44 1.685880436984004348e-29 -1.685880436984004348e-29 3.531576205604297776e-44
0.000000000000000000e+00 -2.550582815158657264e-44 3.844059861900536853e-29 -3.844059861900536853e-29 -4.002453033018198868e-43
0.000000000000000000e+00 4.890625083740368781e-46 2.331609199139451085e-30 -2.331609199139451085e-30 -2.934375050244220490e-45
0.000000000000000000e+00 1.408500024117226234e-43 6.366290562281134221e-29 -6.366290562281134221e-29 -3.912500066992293655e-44
0.000000000000000000e+00 7.033662735997289109e-44 -1.038876268195467780e-28 1.038876268195467780e-28 3.126072327109905220e-44
0.000000000000000000e+00 -3.126072327109905717e-44 5.724950565880784328e-29 -5.724950565880784328e-29 -7.033662735997285126e-44
0.000000000000000000e+00 2.573301495776051224e-43 -1.427695927604304602e-28 1.427695927604304602e-28 -3.119153328213394654e-44
0.000000000000000000e+00 6.628200822453457853e-44 -2.850620413761297119e-29 2.850620413761297119e-29 3.898941660266738962e-45
0.000000000000000000e+00 3.897727078951028052e-45 -1.153091815469814499e-28 1.153091815469814499e-28 6.236363326321642892e-44
0.000000000000000000e+00 3.118181663160820450e-44 -4.463467106893174708e-29 4.463467106893174708e-29 -3.507954371055921762e-44
0.000000000000000000e+00 1.428609230800060183e-18 -2.905092609922791703e-03 2.905092609922791703e-03 -6.842286315937127845e-18
0.000000000000000000e+00 7.518995951579260268e-19 -2.905092609929038876e-03 2.905092609929038876e-03 -3.007598380631703240e-19
0.000000000000000000e+00 -1.402094862084687731e-44 4.619650581692352826e-30 -4.619650581692352826e-30 -2.417404934628771307e-46
0.000000000000000000e+00 1.595487256854989187e-44 3.839921706430126743e-31 -3.839921706430126743e-31 9.186138751589328477e-45
0.000000000000000000e+00 1.159661990784931358e-44 -1.022573752318965639e-29 1.022573752318965639e-29 -1.111342741168892158e-44
0.000000000000000000e+00 -4.348732465443486993e-45 -1.410361744960531483e-30 1.410361744960531483e-30 1.811971860601452291e-45
0.000000000000000000e+00 -9.616911258453789525e-46 -2.121129827614512751e-31 2.121129827614512751e-31 1.804933491322704989e-46
0.000000000000000000e+00 -6.016444971075684334e-46 -8.363645186852581744e-30 8.363645186852581744e-30 -8.663680758348982702e-45
0.000000000000000000e+00 -1.153686219592926688e-44 -1.821483079592295478e-29 1.821483079592295478e-29 2.691934512383494941e-44
0.000000000000000000e+00 -3.845620731976419389e-45 4.283562899182258019e-31 -4.283562899182258019e-31 6.609660633084468297e-46
0.000000000000000000e+00 1.795831161504250747e-44 3.773221094897813494e-30 -3.773221094897813494e-30 -1.203206878207847520e-44
0.000000000000000000e+00 4.953500953815891749e-45 -3.705800637434871867e-31 3.705800637434871867e-31 3.890967516592542164e-45
0.000000000000000000e+00 1.196395362864458224e-45 -7.321234786389086230e-32 7.321234786389086230e-32 -7.507380901974474227e-45
0.000000000000000000e+00 -4.785581451457828228e-46 1.521847256030563013e-30 -1.521847256030563013e-30 -1.357908736851158427e-44
0.000000000000000000e+00 -1.062536502079074542e-44 2.107400310936092533e-30 -2.107400310936092533e-30 7.461632739319340977e-45
0.000000000000000000e+00 1.738261962951834138e-43 3.169997075337610034e-29 -3.169997075337610034e-29 8.404783117569305183e-44
0.000000000000000000e+00 4.255572401865504238e-44 1.063915575147967974e-31 -1.063915575147967974e-31 -1.582601583729161857e-44
0.000000000000000000e+00 -5.095350622072399537e-44 -1.560595011092309604e-30 1.560595011092309604e-30 -1.336485409068169946e-44
0.000000000000000000e+00 -4.545885597254573031e-31 2.421273944586146393e-29 -2.421273944586146393e-29 -1.913781133792293767e-31
0.000000000000000000e+00 2.650455789402752400e-31 1.387753483798562496e-30 -1.387753483798562496e-30 -3.123657836867832195e-31
0.000000000000000000e+00 1.105744164993260819e-43 1.349985408621650839e-29 -1.349985408621650839e-29 -1.811132684040685172e-44
0.000000000000000000e+00 -2.022630086288856372e-44 7.235702271947010213e-32 -7.235702271947010213e-32 1.896960415058647836e-44
0.000000000000000000e+00 -1.807494082295769587e-44 -1.002368332826839962e-30 1.002368332826839962e-30 2.957987848493898693e-44
0.000000000000000000e+00 -1.027417688883910903e-43 7.692276840793501985e-30 -7.692276840793501985e-30 -6.659188724247569608e-45
0.000000000000000000e+00 -1.001363747412605117e-44 2.419572221647858046e-31 -2.419572221647858046e-31 5.910416201444220509e-45
0.000000000000000000e+00 3.104820139906537042e-44 5.987096438014598738e-30 -5.987096438014598738e-30 4.266165077734171642e-45
0.000000000000000000e+00 -1.118563369101548115e-43 4.015468662603063415e-31 -4.015468662603063415e-31 -3.326318478391797824e-44
0.000000000000000000e+00 7.339208030615352392e-45 -1.620888740831407105e-31 1.620888740831407105e-31 -4.143101307605439361e-46
0.000000000000000000e+00 -1.148755735753130035e-31 1.898355077099011820e-29 -1.898355077099011820e-29 5.909198854413654040e-32
0.000000000000000000e+00 7.754832804334022374e-32 3.001981333709969674e-29 -3.001981333709969674e-29 -6.281292640177155228e-32
0.000000000000000000e+00 -1.896001167983094086e-45 9.865409210183492462e-33 -9.865409210183492462e-33 3.618632579360729449e-45
0.000000000000000000e+00 5.665871194595389428e-45 1.401702648026165710e-29 -1.401702648026165710e-29 2.077486104684975957e-44
0.000000000000000000e+00 1.161650297131596363e-44 3.379292280377550068e-30 -3.379292280377550068e-30 1.877414621626821955e-45
0.000000000000000000e+00 -1.855413669029633045e-44 -4.295345486860483156e-31 4.295345486860483156e-31 1.818745414700983720e-45
0.000000000000000000e+00 -9.479446204105094680e-45 5.219714118776285822e-32 -5.219714118776285822e-32 4.838543583716962061e-45
0.000000000000000000e+00 1.171205708615300859e-44 -2.905973756988749163e-30 2.905973756988749163e-30 4.216340551015081823e-45
0.000000000000000000e+00 1.620603517377402416e-44 -9.565283268067662830e-32 9.565283268067662830e-32 2.498186649531229563e-44
0.000000000000000000e+00 -1.292972481373305703e-44 -3.094452602910253372e-30 3.094452602910253372e-30 -1.170110842871769529e-46
