0.000000000000000000e+00 -6.284963692341991385e-31 1.159798276079793687e-29 -1.159798276079793687e-29 -2.343907390835137740e-31
0.000000000000000000e+00 3.040397856106139418e-30 1.515002129075965276e-27 -1.515002129075965276e-27 4.478686058999464175e-31
0.000000000000000000e+00 3.418731445237182733e-19 1.330431682456803067e-03 -1.330431682456803067e-03 -5.697885742061973083e-18
0.000000000000000000e+00 -3.960030590733071339e-18 1.330431682458326588e-03 -1.330431682458326588e-03 4.073988305574313235e-18
0.000000000000000000e+00 -6.744515751185167243e-31 9.462066634378809536e-29 -9.462066634378809536e-29 3.840530346074253998e-31
0.000000000000000000e+00 -2.036510899812891417e-30 -2.320854972541417611e-28 2.320854972541417611e-28 -2.258559546455089010e-30
0.000000000000000000e+00 -7.529208855612725948e-22 1.702383832669173186e-07 -1.702383832669173186e-07 -8.923506791837308450e-22
0.000000000000000000e+00 1.450069853673563846e-21 1.702383832540915457e-07 -1.702383832540915457e-07 1.547670709209285382e-21
0.000000000000000000e+00 -8.023481905280594539e-31 7.993318979447719215e-29 -7.993318979447719215e-29 1.990498813015098009e-30
0.000000000000000000e+00 1.861398085094276424e-30 -9.940773901071592133e-28 9.940773901071592133e-28 1.038880927923595124e-30
0.000000000000000000e+00 8.623881103194977199e-20 -5.645235762757851909e-06 5.645235762757851909e-06 2.278849410688829591e-20
0.000000000000000000e+00 -1.038887231343437814e-19 -5.645235762900181397e-06 5.645235762900181397e-06 -2.725682628470956181e-19
0.000000000000000000e+00 1.343823703347387929e-20 1.911540223230400566e-05 -1.911540223230400566e-05 1.693217866217709341e-19
0.000000000000000000e+00 -1.075058962677912118e-20 1.911540223239378437e-05 -1.911540223239378437e-05 -3.740309307650238479e-20
0.000000000000000000e+00 2.009928280315619586e-18 -1.233199236568649308e-04 1.233199236568649308e-04 -6.639941640328388127e-19
0.000000000000000000e+00 -1.428484742081459375e-18 -1.233199236584318469e-04 1.233199236584318469e-04 -5.742652229473205695e-19
0.000000000000000000e+00 -8.621337552181021789e-19 1.033002693567281393e-03 -1.033002693567281393e-03 2.873779184060342683e-19
0.000000000000000000e+00 3.937077482162668402e-18 1.033002693569166387e-03 -1.033002693569166387e-03 5.747558368120687291e-19
0.000000000000000000e+00 -8.740918005378561204e-31 5.070027920639066972e-27 -5.070027920639066972e-27 1.366177768609266250e-29
0.000000000000000000e+00 7.589826703979777634e-30 1.905784848490821811e-26 -1.905784848490821811e-26 -3.639794557224220242e-29
0.000000000000000000e+00 5.643029196788709895e-19 6.551919312078236695e-05 -6.551919312078236695e-05 3.252828931906869069e-19
0.000000000000000000e+00 -1.258000139411496312e-19 6.551919312075707793e-05 -6.551919312075707793e-05 -5.661000627351737014e-20
0.000000000000000000e+00 1.817463707332673716e-30 -9.799927575708009381e-28 9.799927575708009381e-28 7.523579352855916767e-30
0.000000000000000000e+00 -6.070150730193922684e-31 -2.411861626187655543e-28 2.411861626187655543e-28 6.330705708224205873e-31
0.000000000000000000e+00 5.143074523532762329e-30 -4.614055884943608272e-29 4.614055884943608272e-29 2.627759695375515593e-31
0.000000000000000000e+00 1.966117433470969204e-31 -6.920283854731723716e-28 6.920283854731723716e-28 -6.480486488491433153e-30
0.000000000000000000e+00 1.317614771491395996e-30 -3.490981766922328579e-28 3.490981766922328579e-28 9.247780075699353997e-31
0.000000000000000000e+00 -9.773501301747698103e-31 1.624901709098609986e-28 -1.624901709098609986e-28 4.130599258816089148e-31
0.000000000000000000e+00 -1.272101654546112989e-18 -8.792091415724745732e-05 8.792091415724745732e-05 5.514849786469800099e-18
0.000000000000000000e+00 -9.287787648248613014e-18 -8.792091415721902412e-05 8.792091415721902412e-05 -7.238692085385986126e-18
0.000000000000000000e+00 1.432257989102667486e-30 2.065450787428859085e-27 -2.065450787428859085e-27 -1.526213680373546452e-30
0.000000000000000000e+00 4.073687596751031382e-31 -1.812715233243124890e-27 1.812715233243124890e-27 4.000297004244442529e-30
0.000000000000000000e+00 -2.893391040405543109e-18 -4.995392788556845447e-04 4.995392788556845447e-04 3.645672710910986498e-18
0.000000000000000000e+00 -1.334214943507007508e-17 -4.995392788530397419e-04 4.995392788530397419e-04 -7.956825361115256887e-20
0.000000000000000000e+00 9.853593497601620750e-19 1.029785037982975781e-03 -1.029785037982975781e-03 2.840153419896939853e-18
0.000000000000000000e+00 -2.608304161129842101e-18 1.029785037984913684e-03 -1.029785037984913684e-03 2.144605643595648908e-18
0.000000000000000000e+00 -7.848423884716153290e-31 7.082069829901544703e-28 -7.082069829901544703e-28 9.643999570541534083e-31
0.000000000000000000e+00 3.407460827449441487e-31 5.916047705504500522e-28 -5.916047705504500522e-28 -1.373931380081759709e-30
0.000000000000000000e+00 -3.073346051258927863e-30 -1.241472094817812383e-27 1.241472094817812383e-27 9.908457700907211823e-30
0.000000000000000000e+00 3.962162005622070631e-31 -3.401267557676629292e-28 3.401267557676629292e-28 -7.658909401354494171e-31
0.000000000000000000e+00 1.695083520813067021e-18 5.891020602113496716e-04 -5.891020602113496716e-04 -5.081620833272581163e-20
0.000000000000000000e+00 -3.484539999958341507e-19 5.891020602089032778e-04 -5.891020602089032778e-04 2.526291499969798820e-18
0.000000000000000000e+00 -7.756670521935982784e-31 2.771335904167265758e-29 -2.771335904167265758e-29 1.058870419726990677e-30
0.000000000000000000e+00 3.854896269217272546e-31 1.958473388745241727e-27 -1.958473388745241727e-27 -5.196649764601742127e-30
0.000000000000000000e+00 -1.002073380168673605e-17 3.707669038201819121e-03 -3.707669038201819121e-03 -6.292088666175396311e-18
0.000000000000000000e+00 -5.359927382297563301e-18 3.707669038202888578e-03 -3.707669038202888578e-03 2.097362888725134286e-18
0.000000000000000000e+00 7.113682526564131610e-30 -1.534460949985605029e-27 1.534460949985605029e-27 -8.083922188311803032e-31
0.000000000000000000e+00 2.113196778805897241e-30 1.011380282311030162e-27 -1.011380282311030162e-27 3.115023417745756066e-31
0.000000000000000000e+00 -2.101092228073766623e-18 -3.088294906455933751e-04 3.088294906455933751e-04 -2.947365486603479848e-18
0.000000000000000000e+00 -1.050546114036883696e-18 -3.088294906430402958e-04 3.088294906430402958e-04 4.742048431416491582e-20
0.000000000000000000e+00 9.393261016524369738e-30 1.173614540109679297e-26 -1.173614540109679297e-26 -4.451320138641368750e-30
0.000000000000000000e+00 -7.434711872497065801e-31 5.202931215081749408e-27 -5.202931215081749408e-27 3.132527998266579370e-30
0.000000000000000000e+00 7.017706351458696346e-18 4.107152683187507286e-02 -4.107152683187507286e-02 6.082012171264205452e-18
0.000000000000000000e+00 1.871388360388986411e-17 4.107152683190142678e-02 -4.107152683190142678e-02 -1.871388360388987567e-18
0.000000000000000000e+00 -1.123924484691826018e-17 7.257898689955283311e-02 -7.257898689955283311e-02 -3.746414948972755551e-17
0.000000000000000000e+00 -7.867471392842786905e-17 7.257898689951032545e-02 -7.257898689951032545e-02 4.121056443870033818e-17
0.000000000000000000e+00 -5.624315335103699726e-30 1.887890067127755407e-26 -1.887890067127755407e-26 8.483097405082197929e-31
0.000000000000000000e+00 -9.228058602267813544e-30 3.776831971774492087e-26 -3.776831971774492087e-26 9.733954445286894657e-30
0.000000000000000000e+00 3.836334110548121193e-29 5.166528250982466050e-26 -5.166528250982466050e-26 2.439727583990478511e-29
0.000000000000000000e+00 -1.614253913071300801e-29 6.846255404744382213e-26 -6.846255404744382213e-26 3.447955184084537702e-29
0.000000000000000000e+00 0.000000000000000000e+00 3.377617962101119985e-03 -3.377617962101119985e-03 2.346958634760632494e-18
0.000000000000000000e+00 -2.816350361712758992e-18 3.377617962089241466e-03 -3.377617962089241466e-03 -4.107177610831109368e-18
0.000000000000000000e+00 -1.409986260160295787e-18 1.907414836516067164e-02 -1.907414836516067164e-02 -9.399908401068642690e-18
0.000000000000000000e+00 0.000000000000000000e+00 1.907414836515271273e-02 -1.907414836515271273e-02 2.819972520320594656e-18
0.000000000000000000e+00 -2.315188129122897586e-30 4.785432698015178617e-28 -4.785432698015178617e-28 -4.821682680766256911e-31
0.000000000000000000e+00 -3.103075407522299048e-31 -1.064401248482513560e-28 1.064401248482513560e-28 1.317333097182956897e-30
0.000000000000000000e+00 9.439324070275474741e-19 1.148189915002018578e-03 -1.148189915002018578e-03 1.710877487737430796e-18
0.000000000000000000e+00 -2.566316231606147349e-18 1.148189914999520793e-03 -1.148189914999520793e-03 -3.067780322839534443e-18
0.000000000000000000e+00 -2.512273659227521798e-19 7.256022627955898373e-05 -7.256022627955898373e-05 -4.655095309745116737e-19
0.000000000000000000e+00 1.847260043549648735e-20 7.256022627980943443e-05 -7.256022627980943443e-05 -5.911232139358879562e-20
0.000000000000000000e+00 1.635156484671243121e-30 7.254811630480712919e-28 -7.254811630480712919e-28 -3.597349682463013887e-30
0.000000000000000000e+00 8.516803565317390170e-30 4.573273542807334990e-27 -4.573273542807334990e-27 -7.178055260369613344e-31
0.000000000000000000e+00 9.467126735941674285e-18 -3.107379827067702563e-02 3.107379827067702563e-02 0.000000000000000000e+00
0.000000000000000000e+00 3.786850694376669560e-18 -3.107379827067454151e-02 3.107379827067454151e-02 5.680276041565007806e-18
0.000000000000000000e+00 5.182112795250623511e-20 -6.365244466744943413e-04 6.365244466744943413e-04 1.110452741839419969e-19
0.000000000000000000e+00 6.810776816615112030e-19 -6.365244466903511233e-04 6.365244466903511233e-04 6.625701359641879100e-19
0.000000000000000000e+00 -1.020576900139257808e-17 -1.211870236725686237e-03 1.211870236725686237e-03 6.586281157875446510e-18
0.000000000000000000e+00 -1.174850152485890259e-17 -1.211870236704110180e-03 1.211870236704110180e-03 -5.547903497850040671e-18
0.000000000000000000e+00 4.191005940515198917e-30 -4.925521295007059720e-27 4.925521295007059720e-27 1.019861606617879345e-29
0.000000000000000000e+00 9.872076500707636140e-31 4.090551562035774921e-27 -4.090551562035774921e-27 -1.611287122579256506e-30
0.000000000000000000e+00 -1.378595643868544960e-17 -1.121786288832460864e-02 1.121786288832460864e-02 9.507556164610661073e-19
0.000000000000000000e+00 2.614577945267930880e-18 -1.121786288832316014e-02 1.121786288832316014e-02 2.852266849383198900e-18
0.000000000000000000e+00 1.319048750642040801e-30 -1.020991852905954560e-26 1.020991852905954560e-26 -6.888450214409573209e-30
0.000000000000000000e+00 6.345222714203011181e-30 -4.530731316984931237e-27 4.530731316984931237e-27 4.523016687552513259e-30
0.000000000000000000e+00 2.977746073477348212e-20 -6.749286762393304695e-04 6.749286762393304695e-04 -4.615506413889892166e-19
0.000000000000000000e+00 -2.382196858781878569e-19 -6.749286762391012691e-04 6.749286762391012691e-04 -2.679971466129614775e-19
0.000000000000000000e+00 -2.054654255839669297e-30 -5.123583699593542521e-28 5.123583699593542521e-28 1.416963534373428000e-31
0.000000000000000000e+00 1.031449659388122115e-30 -4.554097803086121352e-28 4.554097803086121352e-28 -5.801510685969915738e-32
0.000000000000000000e+00 5.719670218868136234e-31 4.314980235352628131e-28 -4.314980235352628131e-28 -8.103875049087775533e-31
0.000000000000000000e+00 3.183592404178897411e-30 6.667650088632470037e-28 -6.667650088632470037e-28 -2.598301354152676997e-31
0.000000000000000000e+00 -6.348909354329955014e-20 -4.343083507155274235e-05 4.343083507155274235e-05 8.589700891152297035e-20
0.000000000000000000e+00 7.469305122741124520e-21 -4.343083507140150292e-05 4.343083507140150292e-05 -3.538583301898609951e-19
0.000000000000000000e+00 4.782024792554922525e-19 2.931335989791629924e-03 -2.931335989791629924e-03 -2.630113635905208978e-18
0.000000000000000000e+00 9.564049585109852754e-19 2.931335989792169423e-03 -2.931335989792169423e-03 4.782024792554929266e-19
0.000000000000000000e+00 -2.081705612311445485e-30 1.901136202300603548e-27 -1.901136202300603548e-27 -6.971257161294236567e-31
0.000000000000000000e+00 5.439637765522893184e-31 2.610928407883784878e-28 -2.610928407883784878e-28 -1.234458926313879414e-31
0.000000000000000000e+00 5.718360384652477025e-19 2.727089104665358755e-05 -2.727089104665358755e-05 4.724678088303033351e-19
0.000000000000000000e+00 1.008681274407552063e-18 2.727089104664957939e-05 -2.727089104664957939e-05 -1.237415689793651991e-18
0.000000000000000000e+00 -2.981065225591922378e-30 4.661363756364371180e-28 -4.661363756364371180e-28 -8.738832111718132049e-31
0.000000000000000000e+00 1.578633842675920992e-30 9.153776866977024736e-29 -9.153776866977024736e-29 3.444615198007552104e-31
0.000000000000000000e+00 1.277975847351949538e-18 2.144403064529690464e-05 -2.144403064529690464e-05 1.421959871390866761e-18
0.000000000000000000e+00 1.763569026463589490e-18 2.144403064718746184e-05 -2.144403064718746184e-05 2.945555524456264250e-19
0.000000000000000000e+00 1.987673439949316306e-30 2.232520639474836211e-28 -2.232520639474836211e-28 -2.961305283535841075e-30
0.000000000000000000e+00 -2.604657058039871129e-30 2.760048817847940429e-28 -2.760048817847940429e-28 -1.618680033306431701e-31
0.000000000000000000e+00 -6.313516577740580321e-31 -1.571067706086066825e-28 1.571067706086066825e-28 -6.349901888764784927e-30
0.000000000000000000e+00 4.467629671333261780e-31 3.708915150969072733e-28 -3.708915150969072733e-28 4.430907614406317069e-30
0.000000000000000000e+00 -1.516057674698950865e-31 1.246733038291839713e-28 -1.246733038291839713e-28 -7.632819332941024662e-31
0.000000000000000000e+00 3.686744608115026621e-30 6.420511235773926094e-28 -6.420511235773926094e-28 -2.645316763304381642e-30
0.000000000000000000e+00 1.556578088500536005e-19 -5.621189287155320708e-06 5.621189287155320708e-06 -2.829281753566325454e-19
0.000000000000000000e+00 2.237876704743931979e-19 -5.621189287428642994e-06 5.621189287428642994e-06 -2.850572335323931638e-19
0.000000000000000000e+00 -6.298558015579395298e-31 -1.900172753110242472e-28 1.900172753110242472e-28 -1.352086818566513927e-29
0.000000000000000000e+00 -6.490992974260701894e-32 -8.831725473412069343e-29 8.831725473412069343e-29 -2.643897574255159407e-30
0.000000000000000000e+00 -5.924516429518371284e-30 1.406226117219405794e-28 -1.406226117219405794e-28 5.576586244795360186e-30
0.000000000000000000e+00 6.457916326120092551e-31 4.861299987913208578e-29 -4.861299987913208578e-29 -1.787750901514599076e-31
0.000000000000000000e+00 8.468496635904362788e-31 9.041236012747257566e-28 -9.041236012747257566e-28 -1.476600846918349784e-30
0.000000000000000000e+00 -4.248111077381764197e-32 1.144170596635616813e-28 -1.144170596635616813e-28 -1.837618720762686496e-31
0.000000000000000000e+00 -3.229320345792415121e-30 3.471798228134518122e-28 -3.471798228134518122e-28 2.183784277995089174e-30
0.000000000000000000e+00 -1.912809273406015398e-31 1.277167461231060804e-28 -1.277167461231060804e-28 -2.060067844801332493e-31
0.000000000000000000e+00 4.104526967331702123e-19 4.200121306154666200e-04 -4.200121306154666200e-04 -1.428983462700667521e-18
0.000000000000000000e+00 -7.524966106774787225e-19 4.200121306170422368e-04 -4.200121306170422368e-04 -2.660341552900179121e-19
0.000000000000000000e+00 -6.423144908160170551e-30 -1.956800834173654110e-28 1.956800834173654110e-28 -3.657206249409291205e-31
0.000000000000000000e+00 2.543329128516271352e-30 -1.086143791563736603e-28 1.086143791563736603e-28 -1.434908678348234878e-31
0.000000000000000000e+00 1.125961732791533080e-32 1.350594193844086289e-28 -1.350594193844086289e-28 8.172983785895438210e-31
0.000000000000000000e+00 -1.000619661271573745e-30 2.778881182063578920e-28 -2.778881182063578920e-28 1.368305183456742322e-31
0.000000000000000000e+00 5.719744604113310219e-32 2.355169770491927864e-28 -2.355169770491927864e-28 5.336694547260229693e-31
0.000000000000000000e+00 -4.646259155443611923e-33 2.392473636202266422e-29 -2.392473636202266422e-29 6.497877058693556235e-32
0.000000000000000000e+00 6.304087047226922882e-21 5.837179405230154688e-08 -5.837179405230154688e-08 2.060969460508462927e-21
0.000000000000000000e+00 5.873669748090884049e-22 5.837179404645253953e-08 -5.837179404645253953e-08 -5.010504790863010118e-21
0.000000000000000000e+00 -4.201783543628389471e-19 3.221949961923852414e-04 -3.221949961923852414e-04 -1.367489553289967498e-18
0.000000000000000000e+00 -5.653308767790924576e-19 3.221949961918276362e-04 -3.221949961918276362e-04 9.702300182560107352e-19
0.000000000000000000e+00 -3.551534158486740978e-32 2.108387185048320956e-28 -2.108387185048320956e-28 -8.970572416387787467e-32
0.000000000000000000e+00 1.017599476221889448e-31 1.929512570543763314e-28 -1.929512570543763314e-28 -1.005519311516039717e-30
0.000000000000000000e+00 -6.556289743481939434e-19 -9.118268108779986928e-05 9.118268108779986928e-05 0.000000000000000000e+00
0.000000000000000000e+00 7.514811635803862606e-19 -9.118268108760437408e-05 9.118268108760437408e-05 7.476470760110989377e-19
0.000000000000000000e+00 5.329520163128979913e-31 3.349462448450461315e-28 -3.349462448450461315e-28 2.587774920747199989e-31
0.000000000000000000e+00 -6.053859502147455962e-31 1.162383111547497249e-28 -1.162383111547497249e-28 -8.454678062942790858e-31
0.000000000000000000e+00 -1.380914836699701337e-19 1.658594196114448937e-05 -1.658594196114448937e-05 4.641408201129555228e-19
0.000000000000000000e+00 -3.001571832548656534e-19 1.658594196088011345e-05 -1.658594196088011345e-05 -4.986636910304480863e-19
0.000000000000000000e+00 -6.101760077902176899e-30 9.402144445614917257e-26 -9.402144445614917257e-26 1.681108730665997588e-29
0.000000000000000000e+00 2.194672653539830811e-29 1.521450750148248250e-25 -1.521450750148248250e-25 3.342242346967955188e-31
0.000000000000000000e+00 4.916321420089427112e-19 5.404121987957832829e-02 -5.404121987957832829e-02 1.474896426026829000e-18
0.000000000000000000e+00 4.916321420089430386e-18 5.404121987959686207e-02 -5.404121987959686207e-02 -3.933057136071546312e-18
0.000000000000000000e+00 3.312336647715716337e-30 2.665166098060356574e-26 -2.665166098060356574e-26 -5.566106849475927806e-31
0.000000000000000000e+00 -7.981674373337934330e-31 2.807960685587006503e-27 -2.807960685587006503e-27 1.750662626513878378e-30
0.000000000000000000e+00 1.337510301864357505e-28 1.305525296790914194e-23 -1.305525296790914194e-23 -1.773543707573208544e-28
0.000000000000000000e+00 2.127826018597250320e-29 2.338372087589848698e-24 -2.338372087589848698e-24 1.606821379620953817e-29
0.000000000000000000e+00 -6.325489271417637573e-17 6.781410405118460938e-01 -6.781410405118460938e-01 3.162744635708821251e-17
0.000000000000000000e+00 0.000000000000000000e+00 6.781410405115563256e-01 -6.781410405115563256e-01 -1.106960622498087438e-16
0.000000000000000000e+00 -1.798535621950562458e-29 3.564081574185994012e-25 -3.564081574185994012e-25 -3.606797261412312611e-30
0.000000000000000000e+00 1.036375090434693773e-29 3.812229363340551429e-25 -3.812229363340551429e-25 -2.472153655770109891e-31
0.000000000000000000e+00 -1.186994526808544530e-17 7.059923254969860396e-02 -7.059923254969860396e-02 7.913296845390301491e-18
0.000000000000000000e+00 0.000000000000000000e+00 7.059923254979247331e-02 -7.059923254979247331e-02 3.956648422695153057e-18
0.000000000000000000e+00 2.091659046539371459e-19 -3.298193481325276556e-04 3.298193481325276556e-04 -2.014190192963840298e-19
0.000000000000000000e+00 -1.177526574348090799e-18 -3.298193481332496258e-04 3.298193481332496258e-04 1.301476740068943162e-18
0.000000000000000000e+00 -2.512415184394724651e-30 -2.414210795696312134e-27 2.414210795696312134e-27 1.610717736874878862e-31
0.000000000000000000e+00 2.577988207477249402e-29 -2.093805976853677430e-26 2.093805976853677430e-26 3.891612405831799214e-31
0.000000000000000000e+00 2.394070865328202820e-32 5.452241559485147500e-28 -5.452241559485147500e-28 1.546860520546557157e-31
0.000000000000000000e+00 -2.677162881739246078e-30 4.548371141124310379e-27 -4.548371141124310379e-27 3.085234973776277271e-31
0.000000000000000000e+00 -3.112244969865778411e-31 2.937752699617135029e-28 -2.937752699617135029e-28 -5.216716514976108071e-31
0.000000000000000000e+00 6.554073108760238988e-31 4.906609713876568518e-28 -4.906609713876568518e-28 -3.401732854989113277e-32
0.000000000000000000e+00 1.322895112119535692e-19 1.037895398358691136e-03 -1.037895398358691136e-03 4.669041572186599003e-20
0.000000000000000000e+00 0.000000000000000000e+00 1.037895398363037703e-03 -1.037895398363037703e-03 1.929870516503795001e-18
0.000000000000000000e+00 1.533987569800927167e-19 -1.064617478220109158e-06 1.064617478220109158e-06 -4.341130102409285230e-20
0.000000000000000000e+00 -4.882251361673186706e-20 -1.064617477879683652e-06 1.064617477879683652e-06 5.763853413282920186e-20
0.000000000000000000e+00 -1.512048913056036407e-31 4.726175935770212627e-27 -4.726175935770212627e-27 -1.076886365864585983e-30
0.000000000000000000e+00 -1.687549688190786454e-30 1.560477001734008458e-26 -1.560477001734008458e-26 1.736147940746360798e-30
0.000000000000000000e+00 8.976806423225875563e-18 1.933314622923884910e-02 -1.933314622923884910e-02 -7.979383487311895381e-18
0.000000000000000000e+00 -1.496134403870980288e-18 1.933314622923336043e-02 -1.933314622923336043e-02 -4.987114679569937887e-18
0.000000000000000000e+00 -1.061153510574336038e-18 1.658737989402059168e-03 -1.658737989402059168e-03 -6.866287421363354911e-19
0.000000000000000000e+00 3.433143710681676493e-19 1.658737989401897405e-03 -1.658737989401897405e-03 -1.310836689533004610e-18
0.000000000000000000e+00 -1.039711578790046723e-29 3.985709258139644094e-27 -3.985709258139644094e-27 -6.487396094813470278e-30
0.000000000000000000e+00 -1.119065119225614359e-29 1.349949020468041034e-27 -1.349949020468041034e-27 -8.121418621743678935e-31
0.000000000000000000e+00 -1.125826028930610719e-18 2.241801981435465312e-03 -2.241801981435465312e-03 7.505506859537411211e-19
0.000000000000000000e+00 -6.254589049614509343e-19 2.241801981434060620e-03 -2.241801981434060620e-03 -3.127294524807256477e-20
0.000000000000000000e+00 1.306408378409292671e-30 6.556588728955400995e-28 -6.556588728955400995e-28 9.603376805950322218e-30
0.000000000000000000e+00 -3.277308659682907771e-30 -3.004385012327952333e-28 3.004385012327952333e-28 2.102439637968542018e-29
0.000000000000000000e+00 -1.503636281732431288e-18 -6.715441722576788713e-04 6.715441722576788713e-04 3.445833145636823628e-19
0.000000000000000000e+00 8.379639695071362226e-19 -6.715441722572564661e-04 6.715441722572564661e-04 3.054261197269003341e-19
0.000000000000000000e+00 1.885905680938032829e-30 4.282539330138324893e-28 -4.282539330138324893e-28 -3.119355102181850607e-31
0.000000000000000000e+00 -2.442131578170211595e-30 -3.990943511762966111e-28 3.990943511762966111e-28 -6.240845313356582107e-31
0.000000000000000000e+00 1.567905690760091691e-18 -9.844896777537774299e-04 9.844896777537774299e-04 7.525947315648445046e-19
0.000000000000000000e+00 2.508649105216148188e-19 -9.844896777519017601e-04 9.844896777519017601e-04 -4.390135934128262820e-19
0.000000000000000000e+00 1.336358229522508110e-18 -2.544672047036214326e-04 2.544672047036214326e-04 4.716558457138267541e-20
0.000000000000000000e+00 1.206652871951206667e-18 -2.544672047027786281e-04 2.544672047027786281e-04 1.513229171665195309e-18
0.000000000000000000e+00 -1.069606796443469206e-18 -2.305377995250419080e-04 2.305377995250419080e-04 -1.966188964050496093e-18
0.000000000000000000e+00 -6.803013815614715813e-19 -2.305377995253294113e-04 2.305377995253294113e-04 3.240279412755219060e-18
0.000000000000000000e+00 -7.733353658687082201e-31 -1.028566159141787572e-27 1.028566159141787572e-27 1.412096321826421562e-30
0.000000000000000000e+00 5.927940599520418954e-31 -3.325961002150066274e-28 3.325961002150066274e-28 9.011136455159852996e-31
0.000000000000000000e+00 4.593999768919971720e-31 9.617944149481804517e-29 -9.617944149481804517e-29 6.670382261499316709e-32
0.000000000000000000e+00 5.404758171816801974e-31 1.316876285054225735e-29 -1.316876285054225735e-29 -1.559301720138626115e-30
0.000000000000000000e+00 6.957468969563120532e-19 6.043612074017322726e-04 -6.043612074017322726e-04 1.454743511817744181e-18
0.000000000000000000e+00 7.827152590758512163e-19 6.043612073964177303e-04 -6.043612073964177303e-04 -6.720282527418929643e-20
0.000000000000000000e+00 1.016407749549850190e-18 2.007426583005451730e-03 -2.007426583005451730e-03 -1.397560655631044805e-18
0.000000000000000000e+00 2.032815499099700764e-18 2.007426583006304780e-03 -2.007426583006304780e-03 -1.016407749549851153e-18
0.000000000000000000e+00 4.448730893294883296e-19 -1.333615920377561725e-03 1.333615920377561725e-03 1.271065969512824521e-19
0.000000000000000000e+00 1.906598954269235698e-19 -1.333615920376218398e-03 1.333615920376218398e-03 6.355329847564123809e-20
0.000000000000000000e+00 -4.920771021424271377e-29 -1.942325508350061272e-24 1.942325508350061272e-24 2.515124945998065550e-30
0.000000000000000000e+00 1.041714229155474645e-31 -8.375163300401446541e-24 8.375163300401446541e-24 3.481698010388752681e-29
0.000000000000000000e+00 1.754257451443273112e-30 -2.068903032659943859e-27 2.068903032659943859e-27 1.112838278459492034e-30
0.000000000000000000e+00 2.465903251920546578e-32 1.758132808308286248e-28 -1.758132808308286248e-28 3.947268834638138489e-31
0.000000000000000000e+00 -1.211029517507767264e-18 1.024589616359714147e-03 -1.024589616359714147e-03 3.186919782915179240e-19
0.000000000000000000e+00 2.629208820905023162e-19 1.024589616360632683e-03 -1.024589616360632683e-03 2.071497858894867806e-19
0.000000000000000000e+00 1.084367883531417477e-31 8.587719654551280041e-28 -8.587719654551280041e-28 -4.092136330619445257e-31
0.000000000000000000e+00 -6.309495086750502588e-31 -5.316909573608118436e-29 5.316909573608118436e-29 6.025878156508018563e-31
0.000000000000000000e+00 -2.803125951835925205e-31 2.673597649326811846e-28 -2.673597649326811846e-28 -3.106951399693689580e-30
0.000000000000000000e+00 4.987358849619360071e-30 -6.715782171097883981e-28 6.715782171097883981e-28 -1.633856909858224784e-29
0.000000000000000000e+00 -6.089448775824468577e-19 1.040213118865963198e-03 -1.040213118865963198e-03 5.127956863852186548e-19
0.000000000000000000e+00 -5.127956863852187511e-19 1.040213118867969189e-03 -1.040213118867969189e-03 -1.025591372770438273e-18
0.000000000000000000e+00 1.145152207584609977e-30 6.187036379466888312e-28 -6.187036379466888312e-28 3.856149084480792035e-30
0.000000000000000000e+00 -3.485431184457652229e-31 2.637489164357137067e-28 -2.637489164357137067e-28 -1.001441174214527094e-30
0.000000000000000000e+00 5.018605470340778450e-21 7.765744920356847201e-05 -7.765744920356847201e-05 -4.617117032713518461e-20
0.000000000000000000e+00 3.613395938645361568e-20 7.765744920330034881e-05 -7.765744920330034881e-05 -1.043869937830882833e-19
0.000000000000000000e+00 -2.303014940360455823e-31 3.009394412938598102e-29 -3.009394412938598102e-29 2.122404037727189593e-31
0.000000000000000000e+00 2.513207975125737931e-31 6.133983062321958091e-29 -6.133983062321958091e-29 7.909192228567236296e-32
0.000000000000000000e+00 3.622989722848133859e-20 4.720395531700537472e-05 -4.720395531700537472e-05 4.267076784687805391e-19
0.000000000000000000e+00 -1.539770632210458184e-19 4.720395531686363561e-05 -4.720395531686363561e-05 1.147280078901910680e-19
0.000000000000000000e+00 2.688758428779473142e-30 -4.346715197949295556e-28 4.346715197949295556e-28 -3.234319486392852370e-31
0.000000000000000000e+00 1.346292732351975030e-30 2.268503504496963472e-28 -2.268503504496963472e-28 7.906344904282751069e-32
0.000000000000000000e+00 3.747305042303069092e-19 1.009852750977493455e-04 -1.009852750977493455e-04 -1.934092925059650195e-19
0.000000000000000000e+00 1.672184508124489687e-19 1.009852750970821953e-04 -1.009852750970821953e-04 4.009213459238236581e-19
0.000000000000000000e+00 -1.617815009760570172e-20 4.831746981784291252e-05 -4.831746981784291252e-05 -1.253806632564442846e-19
0.000000000000000000e+00 -1.860487261224655938e-19 4.831746981710274125e-05 -4.831746981710274125e-05 1.172915882076414578e-19
0.000000000000000000e+00 -1.465285053087734361e-19 1.095079239212426034e-05 -1.095079239212426034e-05 -1.599413045857424176e-19
0.000000000000000000e+00 -5.567577058364449654e-21 1.095079239206046012e-05 -1.095079239206046012e-05 -1.283073440268535369e-19
0.000000000000000000e+00 3.721308440175109361e-31 -5.886586979985149316e-29 5.886586979985149316e-29 -8.561473402136889394e-31
0.000000000000000000e+00 -4.391733229120989030e-31 -7.603292049049683837e-29 7.603292049049683837e-29 -2.383284621145731495e-30
0.000000000000000000e+00 -2.997698871355126957e-31 -1.470755141938466638e-28 1.470755141938466638e-28 -6.637921723219878796e-31
0.000000000000000000e+00 2.324605247461257381e-30 5.250559328240110800e-29 -5.250559328240110800e-29 -1.030749657389947960e-31
0.000000000000000000e+00 -6.690206419369264329e-20 3.625887844836042522e-06 -3.625887844836042522e-06 -7.249843458251868968e-20
0.000000000000000000e+00 -7.631414166580918752e-22 3.625887845065366951e-06 -3.625887845065366951e-06 1.246464313874884327e-20
0.000000000000000000e+00 -1.009216595369418077e-19 -3.421659599801840645e-05 3.421659599801840645e-05 1.906298013475568870e-19
0.000000000000000000e+00 -2.905320501821055418e-19 -3.421659599762985550e-05 3.421659599762985550e-05 1.070381237513021336e-19
0.000000000000000000e+00 -1.306100688410662761e-19 -7.550128612307065157e-05 7.550128612307065157e-05 -9.305967404925978429e-19
0.000000000000000000e+00 -8.979442232823325739e-20 -7.550128612335228664e-05 7.550128612335228664e-05 -8.938626586310498185e-19
0.000000000000000000e+00 4.331621240709548251e-31 5.354686546602827985e-28 -5.354686546602827985e-28 1.640593758538304270e-31
0.000000000000000000e+00 -3.132990142898407399e-31 1.874130030062964142e-28 -1.874130030062964142e-28 1.865893299887376741e-31
0.000000000000000000e+00 1.226286787609262199e-19 -4.072789321756306981e-05 4.072789321756306981e-05 1.798553955160252348e-19
0.000000000000000000e+00 -1.430667918877472966e-19 -4.072789321753358629e-05 4.072789321753358629e-05 5.967929033031748638e-19
0.000000000000000000e+00 4.662016661277875781e-19 4.456827086072598983e-05 -4.456827086072598983e-05 -8.996874258606432817e-20
0.000000000000000000e+00 1.063266957835306506e-19 4.456827086075346758e-05 -4.456827086075346758e-05 -2.576377628600936700e-19
0.000000000000000000e+00 1.509910534402031801e-20 4.339895670838748449e-06 -4.339895670838748449e-06 -5.834908505824805245e-20
0.000000000000000000e+00 3.992305819774868489e-20 4.339895670863817236e-06 -4.339895670863817236e-06 1.637869054266613894e-20
0.000000000000000000e+00 6.177638980608617597e-31 8.668670865948141695e-28 -8.668670865948141695e-28 -1.770962773448989938e-31
0.000000000000000000e+00 1.250023001849696088e-31 -1.233080900234696576e-27 1.233080900234696576e-27 -1.871785751005938991e-32
0.000000000000000000e+00 -2.871134729758501646e-20 7.813537189932288440e-05 -7.813537189932288440e-05 -1.804713258705344855e-19
0.000000000000000000e+00 1.489401141062224561e-19 7.813537189978979607e-05 -7.813537189978979607e-05 -7.690539454710288065e-20
0.000000000000000000e+00 -7.786510669987568530e-31 5.184408249431371141e-26 -5.184408249431371141e-26 3.000081628956945709e-29
0.000000000000000000e+00 2.662711545189310612e-29 2.457258051888437911e-25 -2.457258051888437911e-25 4.399677204996286800e-29
0.000000000000000000e+00 3.291969360967097624e-19 6.101815438867548656e-04 -6.101815438867548656e-04 1.020510501899801005e-18
0.000000000000000000e+00 -2.962772424870389691e-18 6.101815438887539175e-04 -6.101815438887539175e-04 4.608757105353942259e-19
0.000000000000000000e+00 -1.724879599883103358e-17 1.151765014261754289e-01 -1.151765014261754289e-01 -2.156099499853901539e-18
0.000000000000000000e+00 2.371709449839278095e-17 1.151765014261747766e-01 -1.151765014261747766e-01 -2.156099499853911476e-17
0.000000000000000000e+00 2.047284208423157838e-30 -2.505333471620479089e-29 2.505333471620479089e-29 7.449110892666505051e-31
0.000000000000000000e+00 -1.964125662239638136e-30 2.201662294560252369e-29 -2.201662294560252369e-29 7.222987743053117988e-31
0.000000000000000000e+00 -5.597078519095695700e-31 -8.670704572834119133e-27 8.670704572834119133e-27 -3.009262950368724286e-29
0.000000000000000000e+00 1.105978041403787447e-29 -1.401390460143560167e-27 1.401390460143560167e-27 -4.754484225282663748e-31
0.000000000000000000e+00 5.745501826061384043e-17 -9.576252651738992316e-02 9.576252651738992316e-02 5.583656704200586007e-17
0.000000000000000000e+00 -1.173377133491418855e-17 -9.576252651739032562e-02 9.576252651739032562e-02 3.803360363730864672e-17
0.000000000000000000e+00 6.932852401403131043e-30 -6.072848884055239715e-28 6.072848884055239715e-28 -6.735348920467813149e-30
0.000000000000000000e+00 -9.272548319634332182e-30 -5.493396353749563018e-28 5.493396353749563018e-28 -2.511849883584521050e-29
0.000000000000000000e+00 -4.293231976019018311e-17 -6.380306390829296070e+00 6.380306390829296070e+00 -6.088583529627085314e-16
0.000000000000000000e+00 2.341762896010424407e-16 -6.380306390829759700e+00 6.380306390829759700e+00 7.649758793634196307e-16
0.000000000000000000e+00 2.110977716134070005e-17 1.378882398194378966e+00 -1.378882398194378966e+00 -1.477684401293886382e-16
0.000000000000000000e+00 8.021715321309577508e-16 1.378882398194384518e+00 -1.378882398194384518e+00 -3.694211003234767108e-17
0.000000000000000000e+00 -6.888051751809717100e-31 1.346601461683697504e-27 -1.346601461683697504e-27 -5.668618442371851177e-29
0.000000000000000000e+00 1.171274949207895049e-28 1.547635982601983565e-27 -1.547635982601983565e-27 -3.182129849032469825e-30
0.000000000000000000e+00 -2.528391292556514838e-14 5.945014794788438195e+01 -5.945014794788438195e+01 -2.401971727929015448e-13
0.000000000000000000e+00 1.029416454826715767e-13 5.945014794788450274e+01 -5.945014794788450274e+01 1.805993780397992255e-14
0.000000000000000000e+00 -0.000000000000000000e+00 -1.932222925664549167e-27 1.932222925664549167e-27 -0.000000000000000000e+00
0.000000000000000000e+00 2.568114400326358907e-44 -3.065478327177022448e-28 3.065478327177022448e-28 -1.712076266884238691e-44
