0.000000000000000000e+00 5.029574120920252959e-31 2.434680496119095750e-28 -2.434680496119095750e-28 1.252245875206145999e-30
0.000000000000000000e+00 3.445707204377358840e-31 -1.907820228068000588e-29 1.907820228068000588e-29 5.891596229058181708e-31
0.000000000000000000e+00 2.452227486793540932e-30 -7.325325426474616806e-29 7.325325426474616806e-29 -6.941826452446488015e-31
0.000000000000000000e+00 3.477797007454970779e-30 8.998164859812429955e-29 -8.998164859812429955e-29 -1.628665145683056916e-30
0.000000000000000000e+00 6.799344674800329495e-19 6.043612074019842411e-04 -6.043612074019842411e-04 -2.371864421441976782e-19
0.000000000000000000e+00 6.641220380037537494e-19 6.043612074010585493e-04 -6.043612074010585493e-04 -1.264994358102388725e-19
0.000000000000000000e+00 -6.987803278155229803e-19 2.007426583006022454e-03 -2.007426583006022454e-03 -9.687636362897029571e-19
0.000000000000000000e+00 -1.270509686937314422e-18 2.007426583007424544e-03 -2.007426583007424544e-03 3.811529060811946155e-19
0.000000000000000000e+00 -2.542131939025646635e-19 -1.333615920375045508e-03 1.333615920375045508e-03 -4.448730893294885222e-19
0.000000000000000000e+00 2.542131939025648079e-19 -1.333615920374317141e-03 1.333615920374317141e-03 -2.542131939025649524e-19
0.000000000000000000e+00 -1.744882576442501127e-29 -1.189144896757135296e-24 1.189144896757135296e-24 -8.473355667721953367e-30
0.000000000000000000e+00 -1.318360860418289521e-30 -2.814153534528146157e-24 2.814153534528146157e-24 3.084160791052837530e-29
0.000000000000000000e+00 -8.963294205839709908e-31 -1.455393365746279919e-28 1.455393365746279919e-28 -4.407971098544532975e-31
0.000000000000000000e+00 2.978145259878770171e-30 -2.540179364486028780e-27 2.540179364486028780e-27 3.607806659989858466e-30
0.000000000000000000e+00 3.346265772060935506e-19 1.024589616360455742e-03 -1.024589616360455742e-03 4.382014701508370011e-19
0.000000000000000000e+00 -5.577109620101567522e-19 1.024589616360319999e-03 -1.024589616360319999e-03 -7.489261489850680267e-19
0.000000000000000000e+00 -3.399959768510051167e-31 -1.246909925959421357e-29 1.246909925959421357e-29 7.925302369290456510e-32
0.000000000000000000e+00 8.454973538742360083e-32 5.563426207062413758e-28 -5.563426207062413758e-28 -1.395768619243801062e-30
0.000000000000000000e+00 -2.927642994193284882e-31 -4.741719844307267181e-29 4.741719844307267181e-29 -4.026183406650110065e-30
0.000000000000000000e+00 -2.880003854072203903e-30 -3.678615164455032292e-28 3.678615164455032292e-28 -4.428572630982191416e-31
0.000000000000000000e+00 1.153790294366742672e-18 1.040213118866337898e-03 -1.040213118866337898e-03 1.922983823944572532e-18
0.000000000000000000e+00 0.000000000000000000e+00 1.040213118866045597e-03 -1.040213118866045597e-03 -4.486962255870671295e-19
0.000000000000000000e+00 6.572571513994104918e-31 -6.461183543121516566e-28 6.461183543121516566e-28 1.461330103868252269e-30
0.000000000000000000e+00 3.309255428555384726e-32 4.558189852148158649e-28 -4.558189852148158649e-28 -2.906375981624276228e-30
0.000000000000000000e+00 -6.022326564408934141e-20 7.765744920363233151e-05 -7.765744920363233151e-05 -1.405209531695418688e-19
0.000000000000000000e+00 -2.810419063390836895e-19 7.765744920354915965e-05 -7.765744920354915965e-05 -1.465432797339508559e-19
0.000000000000000000e+00 9.325547572364620468e-31 4.319490596334802503e-29 -4.319490596334802503e-29 -3.428003405468035935e-32
0.000000000000000000e+00 -6.027796702473119926e-31 4.160298099608117950e-29 -4.160298099608117950e-29 3.214151643356867319e-31
0.000000000000000000e+00 -1.247918682314357499e-19 4.720395531725568990e-05 -4.720395531725568990e-05 0.000000000000000000e+00
0.000000000000000000e+00 -3.502223398753198110e-19 4.720395531709066077e-05 -4.720395531709066077e-05 -4.428098550147724177e-20
0.000000000000000000e+00 -6.009430445260643447e-31 1.699057009464016792e-27 -1.699057009464016792e-27 1.316586238208897335e-30
0.000000000000000000e+00 -3.649848097348382800e-30 5.101007183719103607e-27 -5.101007183719103607e-27 -3.408441569688799325e-30
0.000000000000000000e+00 3.223488208432745309e-20 1.009852750978042332e-04 -1.009852750978042332e-04 -3.797672045559830849e-19
0.000000000000000000e+00 -4.190534670962571971e-19 1.009852750976212470e-04 -1.009852750976212470e-04 3.304075413643569102e-19
0.000000000000000000e+00 1.172915882076412893e-19 4.831746981744714485e-05 -4.831746981744714485e-05 1.092025131588385107e-19
0.000000000000000000e+00 2.922178361380030475e-19 4.831746981703556137e-05 -4.831746981703556137e-05 -5.763465972272036052e-20
0.000000000000000000e+00 2.125802149557332901e-20 1.095079239202500163e-05 -1.095079239202500163e-05 5.365119710787557088e-20
0.000000000000000000e+00 -1.336218494007467616e-19 1.095079239213412319e-05 -1.095079239213412319e-05 -4.428754478244449789e-20
0.000000000000000000e+00 -2.314404499067393763e-31 -2.510179507503454624e-28 2.510179507503454624e-28 4.135988553228235322e-31
0.000000000000000000e+00 -1.942412243223390081e-31 3.745440870821376258e-29 -3.745440870821376258e-29 -1.722835480922591996e-31
0.000000000000000000e+00 1.390010050351086578e-31 1.193410285622770667e-30 -1.193410285622770667e-30 -3.022482448137330672e-31
0.000000000000000000e+00 2.805701126629979649e-31 3.727231583783689338e-29 -3.727231583783689338e-29 3.520606184650319197e-31
0.000000000000000000e+00 -2.403895462472988838e-20 3.625887845053861703e-06 -3.625887845053861703e-06 -2.174953037475562977e-20
0.000000000000000000e+00 -1.017521888877456210e-20 3.625887845132160158e-06 -3.625887845132160158e-06 7.834918544356419210e-20
0.000000000000000000e+00 1.162128200728420145e-19 -3.421659599889515332e-05 3.421659599889515332e-05 -9.990224883454845017e-20
0.000000000000000000e+00 9.990224883454841406e-20 -3.421659599849567903e-05 3.421659599849567903e-05 1.569892481685761962e-19
0.000000000000000000e+00 -6.163162623437817189e-19 -7.550128612336348102e-05 7.550128612336348102e-05 4.775430642001490654e-19
0.000000000000000000e+00 1.138756537708048460e-18 -7.550128612312892744e-05 7.550128612312892744e-05 3.836670772206330286e-19
0.000000000000000000e+00 9.862453874249814331e-31 -4.334866923691894975e-28 4.334866923691894975e-28 7.810018393344046020e-31
0.000000000000000000e+00 -1.698346713650301164e-31 -9.161646857191769398e-29 9.161646857191769398e-29 6.466299939975226398e-31
0.000000000000000000e+00 2.473011688345344992e-19 -4.072789321748877486e-05 4.072789321748877486e-05 -5.375223752353935004e-19
0.000000000000000000e+00 -1.573734710765220022e-19 -4.072789321758227374e-05 4.072789321758227374e-05 -7.766482988191999542e-20
0.000000000000000000e+00 3.332932963983751556e-19 4.456827086070641998e-05 -4.456827086070641998e-05 -6.134232449049852868e-21
0.000000000000000000e+00 7.770027768796478494e-20 4.456827086074852768e-05 -4.456827086074852768e-05 2.208323681657948357e-19
0.000000000000000000e+00 2.815087437020738032e-20 4.339895670745972083e-06 -4.339895670745972083e-06 1.868194390022854860e-20
0.000000000000000000e+00 -2.328845061535339801e-20 4.339895670834138896e-06 -4.339895670834138896e-06 1.842602686049940668e-20
0.000000000000000000e+00 4.447611020025444401e-31 2.077776191427928438e-28 -2.077776191427928438e-28 -3.128855942290029278e-31
0.000000000000000000e+00 -1.923067575788280644e-31 2.420409922940260953e-28 -2.420409922940260953e-28 1.041826227471972446e-31
0.000000000000000000e+00 2.009794310830951814e-19 7.813537189945621417e-05 -7.813537189945621417e-05 -4.101621042512148820e-19
0.000000000000000000e+00 -5.127026303140186025e-20 7.813537189937241889e-05 -7.813537189937241889e-05 -5.127026303140189034e-20
0.000000000000000000e+00 -5.873647420759148837e-31 4.548296786317754173e-27 -4.548296786317754173e-27 -5.128815820228044757e-30
0.000000000000000000e+00 -2.063380558056917570e-30 4.228774182313798506e-26 -4.228774182313798506e-26 -1.913454480592555971e-29
0.000000000000000000e+00 -2.732334569602691615e-18 6.101815438876580060e-04 -6.101815438876580060e-04 -1.119269582728814328e-18
0.000000000000000000e+00 -2.345528169689057526e-19 6.101815438881141298e-04 -6.101815438881141298e-04 -9.999356933937567952e-19
0.000000000000000000e+00 -5.186485742027581532e-30 -9.207534066563977310e-28 9.207534066563977310e-28 -7.941551207063278801e-32
0.000000000000000000e+00 5.017956486491948579e-31 -3.606998623249965670e-28 3.606998623249965670e-28 1.043231283881928020e-30
0.000000000000000000e+00 1.598086400412396690e-18 2.887238620650911937e-04 -2.887238620650911937e-04 1.285059167341928171e-18
0.000000000000000000e+00 -1.441572783877162912e-18 2.887238620652022702e-04 -2.887238620652022702e-04 1.153258227101730965e-19
0.000000000000000000e+00 -2.351998828482302305e-20 -1.173812465827934150e-06 1.173812465827934150e-06 -1.085537920837986455e-20
0.000000000000000000e+00 2.784921689768881193e-20 -1.173812465795191456e-06 1.173812465795191456e-06 -1.193445559397477268e-19
0.000000000000000000e+00 7.245879073492950039e-31 3.348878968305281240e-29 -3.348878968305281240e-29 1.665551508226143942e-30
0.000000000000000000e+00 1.983315559309320140e-30 -1.739836497358207585e-28 1.739836497358207585e-28 2.138466914012406160e-30
0.000000000000000000e+00 7.669365094492930650e-31 4.684977770166057519e-29 -4.684977770166057519e-29 2.810280499497599004e-31
0.000000000000000000e+00 4.024530882757004771e-31 -3.762612466140931725e-29 3.762612466140931725e-29 1.848342720255614411e-31
0.000000000000000000e+00 4.208745596225456681e-31 1.362991280606880419e-29 -1.362991280606880419e-29 -1.382737026332251425e-31
0.000000000000000000e+00 6.112961714173482633e-31 4.870823120380764777e-29 -4.870823120380764777e-29 -1.866276426417509818e-31
0.000000000000000000e+00 -4.747054443347101247e-30 -3.172973826169393403e-28 3.172973826169393403e-28 -3.347942592553560665e-30
0.000000000000000000e+00 -2.521059355093510540e-31 1.122530378305466818e-29 -1.122530378305466818e-29 -3.802717291901732869e-31
0.000000000000000000e+00 2.487510211576375656e-31 -8.738672062545711589e-29 8.738672062545711589e-29 4.174751233016611609e-31
0.000000000000000000e+00 1.296542646375058498e-30 -4.760336601676903422e-29 4.760336601676903422e-29 7.320090632972706447e-33
0.000000000000000000e+00 -4.167972609166595337e-20 8.427505372357494784e-05 -8.427505372357494784e-05 -5.418364391916576647e-20
0.000000000000000000e+00 1.333751234933310508e-19 8.427505372350036828e-05 -8.427505372350036828e-05 3.167659182966614743e-19
0.000000000000000000e+00 5.646596753410007273e-20 1.170930788530048539e-07 -1.170930788530048539e-07 -5.132526792794161887e-21
0.000000000000000000e+00 1.914951467360856749e-19 1.170930788582849529e-07 -1.170930788582849529e-07 -1.430242338756335726e-23
0.000000000000000000e+00 -1.786801028370499378e-29 8.367652860046262287e-28 -8.367652860046262287e-28 3.129932758788561167e-29
0.000000000000000000e+00 3.360836466252995901e-30 7.969511069367303705e-29 -7.969511069367303705e-29 -8.149349963262666722e-31
0.000000000000000000e+00 1.345579685679294429e-19 -4.792531764630358210e-04 4.792531764630358210e-04 2.691159371358590783e-19
0.000000000000000000e+00 -1.177382224969383377e-19 -4.792531764651234523e-04 4.792531764651234523e-04 1.177382224969384340e-18
0.000000000000000000e+00 1.110393770717557985e-18 1.039516378726670345e-03 -1.039516378726670345e-03 -4.374278490705533734e-19
0.000000000000000000e+00 1.345931843294010380e-19 1.039516378727965967e-03 -1.039516378727965967e-03 1.581469915870463352e-18
0.000000000000000000e+00 8.093057693875933381e-31 7.351470509537976186e-27 -7.351470509537976186e-27 -1.471963053890751808e-29
0.000000000000000000e+00 -2.066733195776042130e-30 5.504636602639024351e-27 -5.504636602639024351e-27 8.532248307179063212e-31
0.000000000000000000e+00 -2.391970086318502579e-30 6.044713594052952557e-27 -6.044713594052952557e-27 7.761206910265332762e-30
0.000000000000000000e+00 8.931630361434217189e-31 7.055512325540044354e-29 -7.055512325540044354e-29 2.361388414379520689e-30
0.000000000000000000e+00 -6.318207043200818384e-20 1.693305294477589161e-04 -1.693305294477589161e-04 -2.358797296128307199e-19
0.000000000000000000e+00 2.527282817280329280e-19 1.693305294476258303e-04 -1.693305294476258303e-04 8.424276057601102815e-20
0.000000000000000000e+00 -4.703805106788160290e-30 -5.494495877976631251e-28 5.494495877976631251e-28 -7.480121063680652723e-30
0.000000000000000000e+00 -8.076740149556471999e-30 -1.194026158693281263e-27 1.194026158693281263e-27 -1.945728556123234705e-30
0.000000000000000000e+00 2.447458009693268069e-19 -7.154278983842732840e-05 7.154278983842732840e-05 1.687902075650531081e-19
0.000000000000000000e+00 -1.751198403487425268e-19 -7.154278983805640929e-05 7.154278983805640929e-05 -3.987668653724380743e-19
0.000000000000000000e+00 -2.322815069774558619e-30 2.094613970849872757e-29 -2.094613970849872757e-29 1.243803854231003814e-30
0.000000000000000000e+00 -1.042623073311382128e-29 -1.804938702252918219e-28 1.804938702252918219e-28 -2.399724306177566700e-30
0.000000000000000000e+00 -2.627224052873198044e-32 -4.108544404047093797e-29 4.108544404047093797e-29 5.999526547617005151e-31
0.000000000000000000e+00 -6.825046175792625639e-30 -4.774126967248092843e-27 4.774126967248092843e-27 -2.647435907855007385e-31
0.000000000000000000e+00 2.036860038467643589e-30 -2.751214078848079494e-27 2.751214078848079494e-27 2.615465383760186083e-30
0.000000000000000000e+00 4.098378210393269570e-30 -6.037701506637553927e-28 6.037701506637553927e-28 7.758519506363926033e-31
0.000000000000000000e+00 1.485381117013587735e-17 -2.360422676017219674e-03 2.360422676017219674e-03 -2.204332707896878335e-17
0.000000000000000000e+00 8.139074613773087938e-19 -2.360422676015608550e-03 2.360422676015608550e-03 9.224284562276172878e-18
0.000000000000000000e+00 4.548185925551915487e-30 -2.609601779643441131e-25 2.609601779643441131e-25 -1.368773291500828694e-29
0.000000000000000000e+00 2.050513362558793215e-30 -3.056784581476152309e-27 3.056784581476152309e-27 -2.153258272655489988e-31
0.000000000000000000e+00 -1.251875125256616905e-30 5.828722511513574406e-26 -5.828722511513574406e-26 -5.483358463645417414e-30
0.000000000000000000e+00 5.125064190576557116e-30 4.521924367942151593e-27 -4.521924367942151593e-27 8.778448797790166495e-31
0.000000000000000000e+00 4.415264505784807452e-18 1.348253242263236593e-03 -1.348253242263236593e-03 4.211483067056280105e-18
0.000000000000000000e+00 2.683122276592307287e-18 1.348253242262041369e-03 -1.348253242262041369e-03 -9.170164742783842298e-19
0.000000000000000000e+00 -6.005159970846795022e-31 -2.151315711462972256e-28 2.151315711462972256e-28 2.087551050173662294e-30
0.000000000000000000e+00 3.907223071072504677e-30 1.126724614757638461e-27 -1.126724614757638461e-27 1.490134855878084737e-30
0.000000000000000000e+00 1.364509361330264958e-19 1.051805966056824438e-03 -1.051805966056824438e-03 -1.159832957130725997e-18
0.000000000000000000e+00 6.140292125986192433e-19 1.051805966058140659e-03 -1.051805966058140659e-03 -2.524342318460991967e-18
0.000000000000000000e+00 -3.539168719228754494e-30 -3.800732704089095851e-27 3.800732704089095851e-27 2.118096821867341033e-30
0.000000000000000000e+00 1.019574375917005018e-29 -2.994804857347756117e-28 2.994804857347756117e-28 1.655579019317776296e-30
0.000000000000000000e+00 5.404531899837505782e-30 -1.445222794315554618e-28 1.445222794315554618e-28 6.428744300404192518e-30
0.000000000000000000e+00 -1.386590912378077221e-30 -1.775385635729733667e-27 1.775385635729733667e-27 -1.585789219798114784e-29
0.000000000000000000e+00 -2.872233449027713625e-30 -3.244009148854095332e-28 3.244009148854095332e-28 1.883301471742788097e-31
0.000000000000000000e+00 -5.383592687486211081e-31 -2.519204218787055617e-27 2.519204218787055617e-27 -4.138009449652695666e-31
0.000000000000000000e+00 6.062848691182873430e-20 -8.095607133023247433e-07 8.095607133023247433e-07 3.124531180777008748e-20
0.000000000000000000e+00 -2.574487872912706750e-20 -8.095607133064662050e-07 8.095607133064662050e-07 -6.603455495481077319e-21
0.000000000000000000e+00 5.823689612449260331e-31 -3.291610008938355592e-29 3.291610008938355592e-29 9.196142001189076147e-31
0.000000000000000000e+00 5.606142712884168502e-31 -8.477721196694307881e-30 8.477721196694307881e-30 2.769351676547252262e-30
0.000000000000000000e+00 -5.087039935490703119e-19 5.125445681136254155e-05 -5.125445681136254155e-05 -7.177899569993242862e-19
0.000000000000000000e+00 -7.555116514362251426e-19 5.125445681132834852e-05 -5.125445681132834852e-05 6.854570760534087162e-19
0.000000000000000000e+00 -1.405931873041593107e-19 -1.837741659219593424e-07 1.837741659219593424e-07 1.532027441511032081e-19
0.000000000000000000e+00 2.742747191173467960e-19 -1.837741657003982080e-07 1.837741657003982080e-07 6.100968874969825210e-19
0.000000000000000000e+00 -4.042223511488594210e-29 1.180467788231041379e-25 -1.180467788231041379e-25 -7.103874421902566060e-30
0.000000000000000000e+00 -9.808663974997147690e-30 2.327899661825293206e-26 -2.327899661825293206e-26 -3.444952599183656394e-30
0.000000000000000000e+00 4.852490346376632207e-19 1.094080327604424370e-03 -1.094080327604424370e-03 -1.455747103912990722e-18
0.000000000000000000e+00 -4.436562602401496926e-18 1.094080327605928158e-03 -1.094080327605928158e-03 1.039819359937851588e-18
0.000000000000000000e+00 -4.440517851733468889e-18 1.874196408115300734e-03 -1.874196408115300734e-03 -4.024219303133458925e-18
0.000000000000000000e+00 -1.110129462933368185e-18 1.874196408113681586e-03 -1.874196408113681586e-03 -5.689413497533515729e-18
0.000000000000000000e+00 -2.177857848097790343e-31 -8.847010239988309992e-28 8.847010239988309992e-28 -6.441960453730405727e-31
0.000000000000000000e+00 -4.981492229398289921e-31 -2.518737988478188010e-29 2.518737988478188010e-29 -5.733554017855183288e-31
0.000000000000000000e+00 -1.232068837311533129e-31 -2.064650229466376992e-27 2.064650229466376992e-27 1.088995917692501738e-30
0.000000000000000000e+00 1.476417168475573342e-30 -1.110748269338857017e-28 1.110748269338857017e-28 -5.677475737956128468e-31
0.000000000000000000e+00 3.724419679576635366e-20 1.594521446236592371e-05 -1.594521446236592371e-05 -5.518665656598959405e-20
0.000000000000000000e+00 -1.283157729022024465e-19 1.594521446244167218e-05 -1.594521446244167218e-05 -1.022176496000596499e-19
0.000000000000000000e+00 6.361330860452341178e-29 -4.795993559107769225e-25 4.795993559107769225e-25 -3.500418126500905938e-29
0.000000000000000000e+00 -2.580689272615065758e-30 -7.099712470044358572e-28 7.099712470044358572e-28 4.234499994351084148e-30
0.000000000000000000e+00 1.286280905315106202e-19 -6.313922885207419271e-05 6.313922885207419271e-05 -4.076856428710593774e-19
0.000000000000000000e+00 1.613301474463016064e-19 -6.313922885228582897e-05 6.313922885228582897e-05 -3.978750257966224499e-20
0.000000000000000000e+00 -1.293724455912125894e-31 -5.020080110967866986e-29 5.020080110967866986e-29 -1.384715349091564877e-31
0.000000000000000000e+00 8.893161217658809123e-31 -3.383282491932377802e-27 3.383282491932377802e-27 8.329310914984869026e-32
0.000000000000000000e+00 2.188910547842376497e-19 -2.027644784580125270e-05 2.027644784580125270e-05 -1.203900801313307994e-20
0.000000000000000000e+00 -2.736138184802972426e-20 -2.027644784568353206e-05 2.027644784568353206e-05 7.223404807879851876e-20
0.000000000000000000e+00 -9.356388584904267988e-31 7.412261155884085883e-29 -7.412261155884085883e-29 1.380084843691515166e-31
0.000000000000000000e+00 1.054463484729324287e-30 -4.007006217661382643e-27 4.007006217661382643e-27 -2.350526119265216062e-30
0.000000000000000000e+00 -1.650244088306700779e-20 -7.030996381685189771e-05 7.030996381685189771e-05 -1.529226188497543592e-19
0.000000000000000000e+00 -2.376351487161653166e-19 -7.030996381681209394e-05 7.030996381681209394e-05 -1.672247342817460625e-19
0.000000000000000000e+00 5.487775488794949243e-31 -3.942776036050055577e-28 3.942776036050055577e-28 6.370259369123971898e-32
0.000000000000000000e+00 -1.063124147563175743e-30 7.484407812832348340e-29 -7.484407812832348340e-29 2.051831491727547515e-31
0.000000000000000000e+00 2.351022447125402564e-20 -7.187270754896255506e-07 7.187270754896255506e-07 -3.642186023079737633e-21
0.000000000000000000e+00 -3.058745797581654660e-20 -7.187270755083205207e-07 7.187270755083205207e-07 -3.445404408562633825e-20
0.000000000000000000e+00 3.139538814166593227e-19 9.348205462828113022e-05 -9.348205462828113022e-05 3.006882244553922383e-19
0.000000000000000000e+00 1.282346839589174445e-19 9.348205462699448040e-05 -9.348205462699448040e-05 -2.608912535715908406e-19
0.000000000000000000e+00 8.852684683414267749e-20 -2.341560840671800419e-04 2.341560840671800419e-04 -6.905094053063133803e-19
0.000000000000000000e+00 -4.946437566857723666e-19 -2.341560840679764426e-04 2.341560840679764426e-04 3.408283603114496803e-19
0.000000000000000000e+00 1.204393845940562844e-31 2.224539076412508123e-29 -2.224539076412508123e-29 -4.143337780297761731e-31
0.000000000000000000e+00 -1.295328232902002643e-30 -9.814731807089643793e-28 9.814731807089643793e-28 1.267387010966741147e-31
0.000000000000000000e+00 -4.188039392451312830e-31 -7.870836220993775338e-29 7.870836220993775338e-29 -4.287793300287437040e-31
0.000000000000000000e+00 8.765109670919062016e-32 1.469791123022078521e-28 -1.469791123022078521e-28 3.154765954331220896e-31
0.000000000000000000e+00 -3.132176193986739044e-18 -7.401551659247488117e-04 7.401551659247488117e-04 -2.918618726214917827e-18
0.000000000000000000e+00 3.594884040825692847e-18 -7.401551659225973209e-04 7.401551659225973209e-04 -1.672866830879284175e-18
0.000000000000000000e+00 8.760810203424066543e-31 1.259822636782558694e-28 -1.259822636782558694e-28 6.628371758771665585e-31
0.000000000000000000e+00 -8.865245171841572383e-31 -1.694639751352686835e-27 1.694639751352686835e-27 1.508784191296071223e-30
0.000000000000000000e+00 1.368928747629478039e-20 -1.021210324079104145e-05 1.021210324079104145e-05 -1.427597122527885157e-19
0.000000000000000000e+00 -5.769056865009943832e-20 -1.021210324081121947e-05 1.021210324081121947e-05 -4.246472849789404606e-20
0.000000000000000000e+00 5.274155552492708523e-32 -2.183805518665736035e-28 2.183805518665736035e-28 -1.202832469287581555e-31
0.000000000000000000e+00 3.369964728880649839e-31 -4.459438371397873984e-28 4.459438371397873984e-28 -3.134221905793087158e-31
0.000000000000000000e+00 1.849820394467356066e-30 -4.744818708170700897e-27 4.744818708170700897e-27 -8.195417392946266969e-31
0.000000000000000000e+00 1.033399644111097114e-31 3.498218074419549024e-29 -3.498218074419549024e-29 2.926302822743607900e-31
0.000000000000000000e+00 -3.632055732381134842e-30 -1.469749606494124154e-26 1.469749606494124154e-26 -1.656367544852088621e-30
0.000000000000000000e+00 9.564272963778101171e-31 -3.160914537470795132e-28 3.160914537470795132e-28 2.124701210378299432e-31
0.000000000000000000e+00 9.116526499826527012e-18 -1.708298793702394411e-03 1.708298793702394411e-03 1.080344282066057716e-17
0.000000000000000000e+00 1.030095710807171178e-17 -1.708298793701362684e-03 1.708298793701362684e-03 3.589183661349031137e-19
0.000000000000000000e+00 2.429291098479910308e-31 -1.037435886640449544e-28 1.037435886640449544e-28 -4.308967560041114275e-31
0.000000000000000000e+00 -2.166863052695619452e-31 -6.000161600972846351e-28 6.000161600972846351e-28 2.765691184226333368e-31
0.000000000000000000e+00 -9.360463809039942481e-18 -8.526335249530293901e-04 8.526335249530293901e-04 -8.280410292612264158e-18
0.000000000000000000e+00 4.104203362425217223e-18 -8.526335249547565241e-04 8.526335249547565241e-04 -8.136403157088593950e-18
0.000000000000000000e+00 -1.446347466244452334e-19 -1.510312287848500443e-04 1.510312287848500443e-04 -6.146976731538927355e-19
0.000000000000000000e+00 2.440711349287515571e-19 -1.510312287844995760e-04 1.510312287844995760e-04 8.135704497625057921e-20
0.000000000000000000e+00 1.942991294087718656e-29 -3.352180517329901912e-26 3.352180517329901912e-26 -9.403617732781023228e-31
0.000000000000000000e+00 -2.263826267861968000e-31 -8.047118208910563638e-29 8.047118208910563638e-29 -1.311154248295404112e-30
0.000000000000000000e+00 7.242352708324151721e-20 -5.619752981357147096e-05 5.619752981357147096e-05 -1.403205837237805231e-19
0.000000000000000000e+00 -1.335308780597266117e-19 -5.619752981393026734e-05 5.619752981393026734e-05 -1.041088201821598187e-19
0.000000000000000000e+00 3.079765855394738609e-19 -1.656791102505628132e-04 1.656791102505628132e-04 -3.985579342275547057e-19
0.000000000000000000e+00 -7.925868010207055857e-20 -1.656791102505896472e-04 1.656791102505896472e-04 -3.283573889942925325e-19
0.000000000000000000e+00 -2.191905035792651347e-19 -1.883229031733742957e-05 1.883229031733742957e-05 -3.969815071293291666e-21
0.000000000000000000e+00 2.906471748625446149e-20 -1.883229031745053218e-05 1.883229031745053218e-05 3.275097433816968051e-20
0.000000000000000000e+00 1.284114212738600267e-19 -4.538210828975532521e-07 4.538210828975532521e-07 -4.357285474566543619e-19
0.000000000000000000e+00 8.170021270536047221e-21 -4.538210829600458077e-07 4.538210829600458077e-07 -1.265998078616978221e-19
0.000000000000000000e+00 -4.726213537488902524e-31 -3.191176995554002905e-28 3.191176995554002905e-28 1.120763572868585041e-31
0.000000000000000000e+00 -4.894935712668798638e-31 -3.688948497435736163e-28 3.688948497435736163e-28 -1.149826205573244731e-30
0.000000000000000000e+00 -3.401108989153243453e-31 -8.607560511884526183e-28 8.607560511884526183e-28 -4.378682430904220283e-30
0.000000000000000000e+00 8.845614170778651860e-32 -3.067121056863443501e-27 3.067121056863443501e-27 4.269871217020033005e-30
0.000000000000000000e+00 2.083421292459444878e-18 -3.468080568357379510e-03 3.468080568357379510e-03 3.655125074490257265e-20
0.000000000000000000e+00 -1.140399023240960599e-17 -3.468080568359789909e-03 3.468080568359789909e-03 2.924100059592208701e-19
0.000000000000000000e+00 -4.210272924058951160e-19 -1.412990276837643557e-03 1.412990276837643557e-03 -2.928885512388837516e-19
0.000000000000000000e+00 1.830553445243023207e-19 -1.412990276837041391e-03 1.412990276837041391e-03 -6.223881713826283717e-18
0.000000000000000000e+00 3.397769495729480326e-29 -1.712808083267269569e-25 1.712808083267269569e-25 1.384753600778671228e-29
0.000000000000000000e+00 -1.532949136552810912e-29 -2.287626033826731585e-25 2.287626033826731585e-25 -1.640004243967555983e-29
0.000000000000000000e+00 -9.065679209475665978e-18 -6.242607482362115589e-04 6.242607482362115589e-04 7.524146712317867527e-19
0.000000000000000000e+00 -1.101094640827004727e-18 -6.242607482330842861e-04 6.242607482330842861e-04 3.707018624117585077e-18
0.000000000000000000e+00 -1.540684799505352934e-31 -4.367953241300542289e-26 4.367953241300542289e-26 2.253203102828101915e-31
0.000000000000000000e+00 2.073845042222216097e-31 -4.103168896175588851e-28 4.103168896175588851e-28 7.562418993541091385e-31
0.000000000000000000e+00 -9.691956341649411039e-21 -3.440831640511605624e-07 3.440831640511605624e-07 2.022747184636832470e-20
0.000000000000000000e+00 1.633274124240921073e-20 -3.440831641641872096e-07 3.440831641641872096e-07 -1.967108176008846977e-20
0.000000000000000000e+00 5.659306821558676186e-30 -8.687850378553857397e-27 8.687850378553857397e-27 -4.759492749001465588e-30
0.000000000000000000e+00 5.177638540915011276e-31 -1.430099167980462806e-28 1.430099167980462806e-28 1.184743856610072289e-30
0.000000000000000000e+00 2.065107991209662302e-18 -3.235100863375947860e-03 3.235100863375947860e-03 -3.540185127787995049e-18
0.000000000000000000e+00 2.065107991209667695e-18 -3.235100863376044137e-03 3.235100863376044137e-03 -9.883016815074845929e-18
0.000000000000000000e+00 1.144768876066521499e-19 -4.459347466722886718e-05 4.459347466722886718e-05 5.940110540798579667e-20
0.000000000000000000e+00 -1.822402845526555766e-19 -4.459347466892510826e-05 4.459347466892510826e-05 5.536413707928781474e-20
0.000000000000000000e+00 4.477510946799345677e-30 2.888268473753690296e-28 -2.888268473753690296e-28 3.799682716093634742e-30
0.000000000000000000e+00 -3.011711908442776602e-29 -8.454382876432701206e-27 8.454382876432701206e-27 -1.053056330058532740e-29
0.000000000000000000e+00 1.168106210240069853e-17 -6.059386623314751315e-03 6.059386623314751315e-03 -7.984523462400483623e-18
0.000000000000000000e+00 -8.280246553600512833e-18 -6.059386623330351683e-03 6.059386623330351683e-03 1.774338547200111169e-17
0.000000000000000000e+00 -5.459220661366490953e-19 -1.621879411493431350e-04 1.621879411493431350e-04 1.156614546899681055e-18
0.000000000000000000e+00 2.035641602543438904e-19 -1.621879411501962124e-04 1.621879411501962124e-04 -4.996574842606626003e-19
0.000000000000000000e+00 -2.888220464313035605e-18 -8.246246264388406178e-04 8.246246264388406178e-04 -2.962277399295423664e-19
0.000000000000000000e+00 2.684563893111479540e-18 -8.246246264307419528e-04 8.246246264307419528e-04 6.109697136046819642e-19
0.000000000000000000e+00 8.130820304829314143e-30 -5.031842701729115367e-27 5.031842701729115367e-27 -5.133553549678471750e-30
0.000000000000000000e+00 4.260445080224676375e-31 -7.211386657106259825e-29 7.211386657106259825e-29 6.104322362184864413e-31
0.000000000000000000e+00 4.595334465325434716e-31 -2.472027404856137447e-27 2.472027404856137447e-27 -3.912685828424856127e-31
0.000000000000000000e+00 -2.756618876379722789e-30 -3.567270693454319859e-28 3.567270693454319859e-28 -1.875517711724466561e-30
0.000000000000000000e+00 -1.441235066108003029e-20 -1.685560125276356454e-06 1.685560125276356454e-06 -5.677592684667895053e-21
0.000000000000000000e+00 2.911585992137385780e-22 -1.685560125395152613e-06 1.685560125395152613e-06 -1.106402677012207358e-20
0.000000000000000000e+00 1.592214236063496207e-31 -6.196353846569669966e-29 6.196353846569669966e-29 3.128961793139678715e-31
0.000000000000000000e+00 -3.082483467420170358e-31 -2.781911755672377655e-27 2.781911755672377655e-27 8.074759216801379451e-31
0.000000000000000000e+00 3.659318722659909259e-19 2.134405601590935310e-05 -2.134405601590935310e-05 -3.471661352267096165e-19
0.000000000000000000e+00 6.333436250757543033e-20 2.134405601618932460e-05 -2.134405601618932460e-05 -6.568007963748569030e-20
0.000000000000000000e+00 2.270250148167208229e-30 -1.315198137961262824e-27 1.315198137961262824e-27 -2.163632732175411774e-30
0.000000000000000000e+00 -2.259996948814539367e-31 -3.797056985433259767e-28 3.797056985433259767e-28 -6.301355792545668986e-31
0.000000000000000000e+00 5.174544284017760971e-31 -3.843772521024671875e-28 3.843772521024671875e-28 -1.713820580752649495e-31
0.000000000000000000e+00 2.976932010168052479e-30 -7.066449498646208709e-27 7.066449498646208709e-27 5.871061664570033164e-30
0.000000000000000000e+00 3.771303735286755164e-19 8.015876239605298722e-05 -8.015876239605298722e-05 4.054151515433265461e-19
0.000000000000000000e+00 4.195575405506518201e-19 8.015876239675784061e-05 -8.015876239675784061e-05 5.138401339328211807e-19
0.000000000000000000e+00 -2.047392694200718506e-31 1.013048204496496448e-27 -1.013048204496496448e-27 1.031605000103788577e-30
0.000000000000000000e+00 1.926475088364199165e-31 3.643664893730014227e-27 -3.643664893730014227e-27 -1.317537273853381045e-30
0.000000000000000000e+00 1.089297686838202948e-29 -1.774121928310552990e-28 1.774121928310552990e-28 2.108154459152218779e-30
0.000000000000000000e+00 3.618838643569618207e-31 -9.982207425550699740e-30 9.982207425550699740e-30 8.020210795950984407e-31
0.000000000000000000e+00 -2.825023437930634110e-30 -1.970444592880120916e-28 1.970444592880120916e-28 -1.433252232431911107e-31
0.000000000000000000e+00 7.995855430381906103e-32 -5.991464861440887850e-29 5.991464861440887850e-29 -4.297337189644983219e-31
0.000000000000000000e+00 -1.724879599883103358e-17 1.151765014261754289e-01 -1.151765014261754289e-01 -2.156099499853901539e-18
0.000000000000000000e+00 2.371709449839278095e-17 1.151765014261747766e-01 -1.151765014261747766e-01 -2.156099499853911476e-17
0.000000000000000000e+00 2.047284208423157838e-30 -2.505333471620479089e-29 2.505333471620479089e-29 7.449110892666505051e-31
0.000000000000000000e+00 -1.964125662239638136e-30 2.201662294560252369e-29 -2.201662294560252369e-29 7.222987743053117988e-31
0.000000000000000000e+00 -5.597078519095695700e-31 -8.670704572834119133e-27 8.670704572834119133e-27 -3.009262950368724286e-29
0.000000000000000000e+00 1.105978041403787447e-29 -1.401390460143560167e-27 1.401390460143560167e-27 -4.754484225282663748e-31
0.000000000000000000e+00 5.745501826061384043e-17 -9.576252651738992316e-02 9.576252651738992316e-02 5.583656704200586007e-17
0.000000000000000000e+00 -1.173377133491418855e-17 -9.576252651739032562e-02 9.576252651739032562e-02 3.803360363730864672e-17
0.000000000000000000e+00 6.932852401403131043e-30 -6.072848884055239715e-28 6.072848884055239715e-28 -6.735348920467813149e-30
0.000000000000000000e+00 -9.272548319634332182e-30 -5.493396353749563018e-28 5.493396353749563018e-28 -2.511849883584521050e-29
0.000000000000000000e+00 -4.293231976019018311e-17 -6.380306390829296070e+00 6.380306390829296070e+00 -6.088583529627085314e-16
0.000000000000000000e+00 2.341762896010424407e-16 -6.380306390829759700e+00 6.380306390829759700e+00 7.649758793634196307e-16
0.000000000000000000e+00 2.110977716134070005e-17 1.378882398194378966e+00 -1.378882398194378966e+00 -1.477684401293886382e-16
0.000000000000000000e+00 8.021715321309577508e-16 1.378882398194384518e+00 -1.378882398194384518e+00 -3.694211003234767108e-17
0.000000000000000000e+00 -6.888051751809717100e-31 1.346601461683697504e-27 -1.346601461683697504e-27 -5.668618442371851177e-29
0.000000000000000000e+00 1.171274949207895049e-28 1.547635982601983565e-27 -1.547635982601983565e-27 -3.182129849032469825e-30
0.000000000000000000e+00 -2.528391292556514838e-14 5.945014794788438195e+01 -5.945014794788438195e+01 -2.401971727929015448e-13
0.000000000000000000e+00 1.029416454826715767e-13 5.945014794788450274e+01 -5.945014794788450274e+01 1.805993780397992255e-14
0.000000000000000000e+00 -0.000000000000000000e+00 -1.932222925664549167e-27 1.932222925664549167e-27 -0.000000000000000000e+00
0.000000000000000000e+00 2.568114400326358907e-44 -3.065478327177022448e-28 3.065478327177022448e-28 -1.712076266884238691e-44
