-8.048824077775481797e-03 1.189002961366070199e+00
-1.142944957899842337e-02 2.510911687335174141e-28
-1.639978855232038235e-02 2.757764801974745689e-02
-2.001731430067142312e-02 1.276061280750627469e-01
-2.085384609460250172e-02 3.631801057912947431e-29
-2.287527676686146663e-02 1.915250534227231965e-03
-2.302842127286143514e-02 1.181149689255039066e-28
-2.645584656163341500e-02 7.454244236166843369e-31
-3.127042531880996901e-02 2.303530033189410235e-03
-9.958521070223839977e-02 4.002799844891558002e-04
3.023923322891721166e-01 2.413845477681611716e-33
3.036454475450423574e-01 1.186053670411367031e-32
3.057326259190640827e-01 1.742879689143695174e-32
3.086518482009585895e-01 8.779348467164852017e-33
3.124002902317034036e-01 3.277309803785778327e-32
3.143119646030096415e-01 2.941931855937121447e-33
3.155650798588799377e-01 1.614821177460922995e-33
3.169743256357227534e-01 1.924004026808313902e-32
3.176522582329016631e-01 1.727933111923808739e-32
3.205714805147963364e-01 6.947012715231940051e-33
3.223695293291727881e-01 1.813899959591912801e-32
3.243199225455410395e-01 9.143140759372166233e-33
3.285806818009237573e-01 3.376476323858414625e-33
3.288939579495603893e-01 9.068581257870733400e-33
3.341652052967045705e-01 3.215340896498936945e-32
3.342891616430103685e-01 2.521520020357443956e-32
3.354183205525747002e-01 7.766824530647407751e-33
3.356017741621000194e-01 7.963292865892291267e-33
3.375054989265950933e-01 1.680411275005475896e-32
3.404247212084904883e-01 1.541071018035390612e-32
3.405003141147615042e-01 2.105148716562892872e-32
3.434260139592925087e-01 2.999987590796078836e-32
3.441731632392349138e-01 3.596747212949814747e-32
3.475214064759375443e-01 2.289240448331185862e-32
3.487471986432544302e-01 3.001241141225925666e-33
3.520458317458180497e-01 1.101596759785850050e-32
3.541424023367046869e-01 6.341935767478252197e-33
3.553456462731305887e-01 2.337641039293316753e-32
3.603535548084543239e-01 4.932617978390577141e-32
3.614528884046701585e-01 6.085579514561563902e-33
3.619328476420843876e-01 1.682361318762815816e-32
3.631859628979556831e-01 2.266705518707382829e-32
3.639654640596550750e-01 8.735341375958877320e-32
3.652731412719766313e-01 1.314872068073679233e-31
3.673746471696314186e-01 2.407857039582758866e-32
3.681923635538715822e-01 2.573687944387474093e-32
3.716380832160757208e-01 6.097099885684655894e-32
3.719408055846156191e-01 5.252574771698701888e-32
3.733725207185074613e-01 7.694995688942621055e-32
3.751988869668232973e-01 1.981470549139970900e-32
3.765148409886354686e-01 3.330726713114650046e-32
3.819100446820859474e-01 2.072734067181684483e-32
3.825915626618568988e-01 8.269309195406239463e-32
3.835577155299141339e-01 4.620155022792086562e-32
3.838187047533508367e-01 8.498126644977879757e-32
3.881211971538368610e-01 1.802909247376960187e-32
3.932257614122015577e-01 6.388078839378359499e-32
3.943027299580671441e-01 9.794446541143141982e-32
3.945111949756948122e-01 9.519956565976049325e-33
3.951422895150130676e-01 2.740735818641570580e-32
3.975880282385292341e-01 6.977292027988363661e-32
3.988411434943991418e-01 1.988464928767129087e-32
4.009283218684214778e-01 3.727812609855242967e-32
4.029665293122072778e-01 2.627553255241052706e-32
4.034109562236083413e-01 1.921820991475464482e-31
4.038475441503155405e-01 1.565208008622632793e-31
4.062223622719051130e-01 1.573312442562991177e-31
4.067602553067029003e-01 2.446927989080442465e-32
4.075959861810605767e-01 1.045057268546606534e-31
4.115863470987329298e-01 1.273654424802658359e-31
4.121700215850794269e-01 2.751082036245806522e-31
4.143644356693879094e-01 5.263698771600182830e-32
4.175652252785302943e-01 2.346989129371327860e-32
4.186798876205390929e-01 1.098918024927088890e-31
4.199520868565448373e-01 3.578835084427210715e-31
4.209934037575829846e-01 1.026907616219786412e-31
4.237763777502812079e-01 5.340189710277708051e-32
4.260756029656000976e-01 1.029763368355778651e-32
4.307974701114581917e-01 4.937868074514902678e-32
4.311785985689906009e-01 7.931383323022643534e-32
4.318717191703808078e-01 9.928969780640387558e-32
4.338654623625481932e-01 1.537400007266104165e-31
4.385331283142353542e-01 1.197943784503608781e-31
4.386217099086506255e-01 6.881018221842858264e-31
4.410962530015605232e-01 4.740440094837221656e-31
4.421320780147690588e-01 1.736593923284038746e-31
4.423493682574318187e-01 6.246812608277144118e-32
4.444365466314538216e-01 3.360593569020502234e-31
4.457850946763873279e-01 5.258137260247274178e-32
4.472415276951767771e-01 1.078216816257149663e-30
4.473557689133483839e-01 1.781702353449563412e-30
4.484869215324954750e-01 2.717253784868985510e-31
4.511042109440938086e-01 8.362579001128013191e-31
4.517249598640757924e-01 9.943436875545023643e-32
4.538432453109813025e-01 4.716722941573589585e-31
4.556782463481129919e-01 2.288602060506611078e-31
4.566485843540282197e-01 1.882308510425702151e-31
4.604065538463331109e-01 2.228915601879162476e-30
4.610734500415636372e-01 1.656995317421492305e-30
4.638023190489475311e-01 5.494643587044801868e-31
4.656383353700815908e-01 4.382680884596371359e-31
4.663007706596168922e-01 8.629813509634495090e-31
4.668337791654351698e-01 3.138059341251125842e-31
4.672846025133141068e-01 5.302060490742471985e-31
4.743056948744908130e-01 5.338922999242007746e-31
4.757219513627842788e-01 7.827792402041764289e-32
4.777872586112134057e-01 1.049880453113248068e-30
4.794926022094596618e-01 7.227072331691721612e-31
4.797968382539411492e-01 4.729952657952166045e-31
4.802597945400279844e-01 1.564160601766428618e-30
4.821299346716818590e-01 1.096404714395825072e-30
4.894984259074255384e-01 9.394243876484871352e-31
4.907497524582080106e-01 3.927210694908699880e-31
4.917164705677778969e-01 7.333412342707659530e-31
4.924154305336594373e-01 2.531398006068108299e-31
4.934059777154631288e-01 1.018371119452723274e-30
4.936685457895301221e-01 1.112408574519293162e-30
4.955751920564794855e-01 3.119023442266142902e-31
4.957557241635511813e-01 2.663602982216281650e-31
4.964550054831299297e-01 5.900185596938993458e-31
4.986749464454469649e-01 9.225796504061169501e-31
5.001568091170613961e-01 3.685587467638149181e-30
5.019559512560602954e-01 1.073132624947723103e-30
5.024233884761909463e-01 9.605441697085449568e-31
5.069974238802110733e-01 1.964992222528047938e-30
5.080274368854081901e-01 2.169385380113505873e-30
5.083746377969686758e-01 2.051863383574943816e-30
5.103420039284661813e-01 1.531103487546651688e-30
5.115697112614731035e-01 3.778965868188695383e-30
5.123926275736604419e-01 2.152787934441538817e-30
5.137607050355749161e-01 1.790265671962666421e-30
5.151477828059014552e-01 9.917255201690041127e-31
5.186037800454108559e-01 1.932477175717442117e-31
5.212954833742464711e-01 8.810042322354843976e-31
5.233428344018616896e-01 1.356131782503420834e-30
