-6.127750489587645982e-03 2.016380915446841287e-04 1.733181777897306987e-03 9.936753027087757983e-01 9.664361032564137136e-33 4.389877421785940738e-03
-6.127750489587907058e-03 2.016380915446814995e-04 1.733181777897270341e-03 9.936753027087762424e-01 1.254275249782572949e-32 4.389877421785945942e-03
-8.048824077775481797e-03 5.884311168739242122e-04 2.700466309883652050e-03 9.932571863208040641e-01 4.863876040876401991e-32 3.453916252445860674e-03
-8.048824077775733332e-03 5.884311168739183575e-04 2.700466309883623427e-03 9.932571863208021767e-01 4.654812012755698283e-32 3.453916252445860240e-03
-1.142944957899842337e-02 9.474320630500722212e-04 3.614893043894243374e-03 9.930156898349072891e-01 4.992345813269802175e-33 2.421985058154054685e-03
-1.142944957899865929e-02 9.474320630500638728e-04 3.614893043894224292e-03 9.930156898349028483e-01 1.672520065509333008e-32 2.421985058154047746e-03
-1.639978855232038235e-02 1.151909609429457209e-03 4.184254727552064700e-03 9.930859668228507742e-01 2.250511487263793726e-32 1.577868840171578425e-03
-1.639978855232052460e-02 1.151909609429453306e-03 4.184254727552082914e-03 9.930859668228493309e-01 3.555110549343532446e-32 1.577868840171573438e-03
-2.001731430067142312e-02 9.911808160874436419e-04 1.964074135157145226e-02 9.663165144681886698e-01 1.628997813767295746e-32 1.305156336415315595e-02
-2.001731430067172496e-02 9.911808160874336672e-04 1.964074135157138634e-02 9.663165144681894470e-01 2.233525477582873143e-32 1.305156336415317850e-02
-2.085384609460250172e-02 2.270418609677726882e-03 2.047697318209971279e-02 9.669048546083479634e-01 2.589435834107274234e-32 1.034775359987529647e-02
-2.085384609460276539e-02 2.270418609677698259e-03 2.047697318209964340e-02 9.669048546083474083e-01 1.692343103622123366e-32 1.034775359987530514e-02
-2.287527676686146663e-02 3.369183586961014935e-03 2.048819205574557711e-02 9.685476340124224981e-01 4.451157016361395943e-32 7.594990344871980180e-03
-2.287527676686160194e-02 3.369183586960993251e-03 2.048819205574556324e-02 9.685476340124219430e-01 1.429294901546170369e-31 7.594990344871997527e-03
-2.302842127286143514e-02 1.217731069461232447e-03 4.363635743036313290e-03 9.934116451725392150e-01 8.791624418658166323e-32 1.006988014963688602e-03
-2.302842127286164331e-02 1.217731069461224424e-03 4.363635743036394822e-03 9.934116451725392150e-01 8.175838955106403504e-32 1.006988014963672339e-03
-2.645584656163341500e-02 4.053559719999405564e-03 1.988601835145881874e-02 9.708598268344246218e-01 2.683208717678846914e-32 5.200595094118552059e-03
-2.645584656163355031e-02 4.053559719999392554e-03 1.988601835145882568e-02 9.708598268344230675e-01 1.188990185886365639e-32 5.200595094118541650e-03
-3.127042531880996901e-02 1.355233543233558356e-03 6.770500925981443041e-03 9.910434494012270168e-01 2.043486426517877365e-31 8.308161295587567982e-04
-3.127042531881008697e-02 1.355233543233803819e-03 6.770500925983588027e-03 9.910434494012241302e-01 2.258058893152956409e-31 8.308161295590135373e-04
-1.497826532410901357e-01 5.854929139542017734e-03 5.920274993868107627e-01 3.930402559710521881e-01 9.592833563586882373e-32 9.077315502592031224e-03
-1.497826532410906908e-01 5.854929139542518202e-03 5.920274993868416269e-01 3.930402559710229893e-01 3.219488805252080986e-32 9.077315502592983587e-03
-1.517481339246377070e-01 5.515241248222674773e-03 4.174575894227269268e-01 5.737705550460774351e-01 5.838117049789666183e-32 3.256614282978010505e-03
-1.517481339246381233e-01 5.515241248222444922e-03 4.174575894227303685e-01 5.737705550460709958e-01 5.208040739862454305e-32 3.256614282978006602e-03
-1.538418384964557184e-01 1.034808914288639151e-02 6.219105899103195834e-02 9.266840123057540346e-01 7.193203259104446730e-32 7.768395603280951007e-04
-1.538418384964559404e-01 1.034808914288641232e-02 6.219105899103730822e-02 9.266840123057495937e-01 1.240335299355953900e-31 7.768395603280811145e-04
-1.539548439794464207e-01 1.264005881026322026e-02 3.091464920948312489e-01 6.758885694096377073e-01 9.582781508067327081e-32 2.324879685267173916e-03
-1.539548439794470036e-01 1.264005881026294444e-02 3.091464920948344131e-01 6.758885694096370411e-01 3.369620220398407967e-32 2.324879685267185192e-03
-1.549558351459922045e-01 1.874442551105952315e-02 1.636968548508571653e-01 8.156744750902091834e-01 1.175915967195972135e-31 1.884244547874233591e-03
-1.549558351459922045e-01 1.874442551105876334e-02 1.636968548508555554e-01 8.156744750902111818e-01 1.195480761522535830e-31 1.884244547874228386e-03
-1.551104418670558593e-01 9.273386144269086476e-04 1.801800989017912635e-02 9.807378505429409365e-01 7.097571197830606726e-32 3.168009524536629252e-04
-1.551104418670558871e-01 9.273386144301025988e-04 1.801800989020505700e-02 9.807378505429137361e-01 2.064952319437085141e-31 3.168009524538456675e-04
-1.556788381637619345e-01 9.052811561827384113e-03 3.722805958731055243e-01 6.156903785657305006e-01 2.728514348577738774e-32 2.976213999336562409e-03
-1.556788381637619345e-01 9.052811561827881978e-03 3.722805958730978637e-01 6.156903785657388273e-01 7.138822866239148442e-32 2.976213999336520775e-03
-1.588743646854090530e-01 3.113564617822021929e-03 2.789272286248954333e-02 9.686170191771908966e-01 4.616544439871629903e-32 3.766933424969812357e-04
-1.588743646854092195e-01 3.113564617816535866e-03 2.789272286244828120e-02 9.686170191772379701e-01 6.427472680036119408e-32 3.766933424972187302e-04
-1.590103602553318007e-01 1.337230510394112407e-02 1.124881045198225793e-01 8.738285778839127715e-01 2.164808358137235393e-32 3.110124923227299432e-04
-1.590103602553318840e-01 1.337230510395471389e-02 1.124881045199389029e-01 8.738285778837847628e-01 4.940223288159361054e-32 3.110124923225604824e-04
-1.596189746036628387e-01 1.500887893118910826e-02 5.767186217705078111e-01 3.982925060224592473e-01 6.967766716460888959e-32 9.979993275842632960e-03
-1.596189746036633106e-01 1.500887893119160800e-02 5.767186217706194995e-01 3.982925060223407865e-01 8.699931329988295411e-32 9.979993275846737316e-03
-1.599013153076546123e-01 1.595214967594007008e-02 6.907230902162777575e-01 2.791789015379458339e-01 1.531008043212569437e-31 1.414585856983642878e-02
-1.599013153076554450e-01 1.595214967593522326e-02 6.907230902160941266e-01 2.791789015381404560e-01 3.338437736702518665e-32 1.414585856982966683e-02
-1.617549455097016808e-01 1.573556317828000983e-02 1.254175595850346714e-01 8.579915081950574285e-01 1.207572758906130633e-31 8.553690416283958554e-04
-1.617549455097019306e-01 1.573556317827988493e-02 1.254175595850294811e-01 8.579915081950615363e-01 6.093670768640390213e-32 8.553690416282519818e-04
-1.619402110595133393e-01 3.179356980959689716e-02 9.103970649143323657e-01 3.958404641475732344e-02 4.007152188307708373e-32 1.822531886131259493e-02
-1.619402110595137279e-01 3.179356980959690410e-02 9.103970649143070526e-01 3.958404641478381614e-02 6.400025207384961542e-32 1.822531886131188023e-02
-1.633244484853760281e-01 1.690262883644440273e-02 2.674312332914289270e-01 7.132981708222714268e-01 2.356279835133258442e-32 2.367967049854752173e-03
-1.633244484853763057e-01 1.690262883644396211e-02 2.674312332914329238e-01 7.132981708222683181e-01 1.503430793735527539e-31 2.367967049854705769e-03
-1.650368037027295787e-01 7.061470836266276960e-03 7.361393175551189660e-01 2.323299645368974709e-01 4.446086787399080079e-32 2.446924707171680563e-02
-1.650368037027296064e-01 7.061470836266814724e-03 7.361393175550995371e-01 2.323299645369154287e-01 4.853022531176599074e-32 2.446924707171737115e-02
-1.652066261497276145e-01 6.021541593988218033e-03 5.164754561748185341e-02 9.412491036522451227e-01 8.714611991174615606e-32 1.081809136284481729e-03
-1.652066261497281141e-01 6.021541593988029815e-03 5.164754561747403327e-02 9.412491036522530052e-01 6.643961101959335187e-32 1.081809136284246240e-03
-1.656616628857445761e-01 1.430119932051444540e-02 1.461281171470683593e-01 8.379277233168980210e-01 3.322313383049075576e-32 1.642960215518589904e-03
-1.656616628857450479e-01 1.430119932051379487e-02 1.461281171471465745e-01 8.379277233168206385e-01 9.230423880544922169e-32 1.642960215518076209e-03
-1.659872490552838642e-01 1.317524604604123836e-02 2.798842048211066524e-01 7.034833103351980643e-01 2.112530743562130825e-32 3.457238797653844949e-03
-1.659872490552840030e-01 1.317524604604187327e-02 2.798842048211108713e-01 7.034833103351926242e-01 1.196400667741399819e-32 3.457238797653853189e-03
-1.667120327310971928e-01 2.027279647473414353e-02 1.935319438238771173e-01 7.836952993613537366e-01 4.407739244858621408e-32 2.499960340033234932e-03
-1.667120327310975259e-01 2.027279647473337332e-02 1.935319438238797263e-01 7.836952993613530705e-01 6.087666951648045291e-32 2.499960340032743138e-03
-1.673731768903413131e-01 4.360662203629664738e-03 5.418698696796321324e-01 4.441802781378772491e-01 3.927924306643468497e-32 9.589189978859720409e-03
-1.673731768903415629e-01 4.360662203629787903e-03 5.418698696796454550e-01 4.441802781378643705e-01 4.768286235913043298e-32 9.589189978860587771e-03
-1.683431662330793777e-01 4.854477525670845665e-03 4.720360625187615122e-01 5.188307434961126896e-01 8.000575946151222595e-32 4.278716459454889182e-03
-1.683431662330800993e-01 4.854477525670730306e-03 4.720360625187613457e-01 5.188307434961128006e-01 3.372690656471145930e-32 4.278716459454864895e-03
-1.705249658431793880e-01 1.206262031284588594e-02 5.496288394156298995e-01 4.313515105677881989e-01 8.451441681698715254e-32 6.957029703736123186e-03
-1.705249658431798876e-01 1.206262031284354927e-02 5.496288394155995904e-01 4.313515105678237260e-01 1.403585519925434785e-32 6.957029703734714590e-03
-1.720641900419063730e-01 1.639846724539293157e-02 8.030577357770420921e-01 1.509976818752722105e-01 8.937325252770259465e-33 2.954611510229378929e-02
-1.720641900419067061e-01 1.639846724539293504e-02 8.030577357770036784e-01 1.509976818753122063e-01 3.093636426762803741e-32 2.954611510229148558e-02
-1.727401301766018915e-01 3.186106716713170417e-02 7.015640142763783782e-01 2.509246353921653627e-01 2.443704030738493388e-32 1.565028316432573452e-02
-1.727401301766022801e-01 3.186106716712974046e-02 7.015640142763710507e-01 2.509246353921733008e-01 1.092872874415993868e-31 1.565028316432495389e-02
-1.731919423319566997e-01 1.311773575265908279e-02 3.571655988019881156e-01 6.256479576879014903e-01 1.053678421260928807e-31 4.068707757453039926e-03
-1.731919423319567830e-01 1.311773575265853115e-02 3.571655988019773464e-01 6.256479576879130367e-01 1.158914871435873354e-31 4.068707757452147411e-03
-1.733745094130565989e-01 1.951361816580480732e-02 2.506909623581788926e-01 7.264034789226543332e-01 2.657806896385332986e-32 3.391940553361333724e-03
-1.733745094130569042e-01 1.951361816580630265e-02 2.506909623582412872e-01 7.264034789225888300e-01 1.076867107950666723e-32 3.391940553363242787e-03
-1.736623311653669177e-01 1.146782022375790293e-02 1.084654125255371526e-01 8.782721991224664571e-01 7.948138693909000194e-33 1.794568128240116734e-03
-1.736623311653671398e-01 1.146782022375961510e-02 1.084654125255666846e-01 8.782721991224363700e-01 1.282687227391935281e-32 1.794568128240286303e-03
-1.746095628510820896e-01 1.391256277078521328e-02 1.696440966021173780e-01 8.158220985627542277e-01 3.981644813277789926e-32 6.212420643397897208e-04
-1.746095628510822007e-01 1.391256277078479694e-02 1.696440966021360575e-01 8.158220985627379074e-01 5.499706271569696740e-32 6.212420643400139338e-04
-1.750473759844951571e-01 9.027880072359167549e-03 3.804125328404642792e-01 6.080909502192812788e-01 5.084872999851128792e-32 2.468636867896293642e-03
-1.750473759844954069e-01 9.027880072359169283e-03 3.804125328404727724e-01 6.080909502192686222e-01 4.694023753505224874e-32 2.468636867896330071e-03
-1.761067086897174505e-01 5.298228016910878913e-02 9.000248356852996734e-01 2.851214136766996865e-02 8.629216206723283181e-32 1.848074277791834918e-02
-1.761067086897177003e-01 5.298228016910772747e-02 9.000248356852812437e-01 2.851214136769059451e-02 3.571095545263044863e-32 1.848074277791795367e-02
-1.775304355078099194e-01 1.544606175369590178e-03 2.246976882091093058e-02 9.754647006161855094e-01 2.309325629438055984e-32 5.209243875334625433e-04
-1.775304355078102247e-01 1.544606175369752591e-03 2.246976882091800132e-02 9.754647006161798473e-01 6.952622157396804229e-32 5.209243875335454847e-04
-1.775459880065586860e-01 1.592926697856213158e-02 1.371531327965966884e-01 8.460699808256351151e-01 2.779715575510062603e-32 8.476193992053068088e-04
-1.775459880065592133e-01 1.592926697856195117e-02 1.371531327965953562e-01 8.460699808256390009e-01 1.807570407194776257e-32 8.476193992052716807e-04
-1.796845014767915749e-01 9.623051677014191757e-03 3.958738395987601022e-01 5.919795871734752080e-01 5.568309522333656975e-32 2.523521550750774771e-03
-1.796845014767916304e-01 9.623051677014304514e-03 3.958738395987663750e-01 5.919795871734673254e-01 3.071104968986764949e-32 2.523521550750766965e-03
-1.805177444949752907e-01 1.884277899738733691e-02 1.115382864386929296e-01 8.681206232929135069e-01 1.044241714422712596e-32 1.498311271007588983e-03
-1.805177444949754573e-01 1.884277899738551892e-02 1.115382864386932765e-01 8.681206232929125077e-01 6.185411171930915458e-33 1.498311271007691983e-03
-1.806284130878389738e-01 3.416618959485616391e-02 8.045518548646364287e-01 1.326085796053858568e-01 4.896177842258492157e-32 2.867337593511992688e-02
-1.806284130878392513e-01 3.416618959485608065e-02 8.045518548646322099e-01 1.326085796053907417e-01 5.645516380522106904e-33 2.867337593511964933e-02
-1.810340527117095810e-01 6.160222215310504588e-03 4.011836693247937402e-02 9.528807527438847291e-01 2.879810489286081659e-33 8.406581083220932525e-04
-1.810340527117099418e-01 6.160222215310819441e-03 4.011836693248295449e-02 9.528807527438809544e-01 2.658434759816143935e-32 8.406581083221771698e-04
-1.827042952415288968e-01 1.663925102449825832e-02 3.178278802423640803e-01 6.625384180012496849e-01 9.786188296438820708e-33 2.994450731885710520e-03
-1.827042952415289245e-01 1.663925102449794954e-02 3.178278802423593064e-01 6.625384180012554580e-01 1.257591974964714149e-32 2.994450731885434265e-03
-1.841389047767800491e-01 2.462929757573558212e-02 2.661123703178535638e-01 7.041519388302206472e-01 2.004925313646458381e-33 5.106393276188388869e-03
-1.841389047767802989e-01 2.462929757572696055e-02 2.661123703177197264e-01 7.041519388303667526e-01 2.235846930105218162e-32 5.106393276185346164e-03
-1.849364309089121527e-01 2.825805652906103471e-02 4.274040185634863653e-01 5.378612759983465441e-01 2.324578101867166586e-32 6.476648909103519675e-03
-1.849364309089125691e-01 2.825805652906453538e-02 4.274040185635190614e-01 5.378612759983105729e-01 1.486076582919430094e-32 6.476648909104795564e-03
-1.854709539339872704e-01 2.797919299546691718e-02 2.772490567946884754e-01 6.893368260680633464e-01 3.104976328261875407e-33 5.434924141779279988e-03
-1.854709539339876034e-01 2.797919299546738209e-02 2.772490567946772622e-01 6.893368260680744486e-01 5.587587571797332832e-33 5.434924141778886206e-03
-1.866591540270881588e-01 2.949992006191783089e-02 5.175951087899847147e-01 4.448536192338038986e-01 2.158007756020193179e-33 8.051351914296591555e-03
-1.866591540270884086e-01 2.949992006191899663e-02 5.175951087900014791e-01 4.448536192337844697e-01 5.301915533149217867e-33 8.051351914297098095e-03
-1.869665403811115734e-01 5.720533899800447561e-03 4.713909613703945456e-02 9.458964435317424035e-01 2.360327845383580729e-33 1.243926431416870343e-03
-1.869665403811120175e-01 5.720533899800207302e-03 4.713909613703774759e-02 9.458964435317445130e-01 1.389990388102817927e-32 1.243926431416749346e-03
-1.873832454084470578e-01 3.884521415198203664e-03 4.701940084243918516e-01 5.231151133544815757e-01 2.809152696495703737e-32 2.806356805927610974e-03
-1.873832454084472243e-01 3.884521415199178578e-03 4.701940084243954598e-01 5.231151133544770238e-01 8.150448426588096138e-33 2.806356805927869014e-03
-1.891387019381224333e-01 4.975993192747438405e-03 4.665975805751920169e-01 5.253007908515976432e-01 1.544588247608840989e-32 3.125635380463509527e-03
-1.891387019381224888e-01 4.975993192747700349e-03 4.665975805751950145e-01 5.253007908515952007e-01 5.262019467907071802e-33 3.125635380463730271e-03
-1.895908655676281918e-01 4.325228538619212831e-02 7.258861473424953470e-01 2.110646643385832855e-01 7.672173951716799651e-32 1.979690293272696328e-02
-1.895908655676283583e-01 4.325228538619138585e-02 7.258861473424956801e-01 2.110646643385828969e-01 2.007863533607619830e-32 1.979690293272729634e-02
-1.905125561488960062e-01 7.218258623127191131e-02 8.838571447252172586e-01 2.632117781081668925e-02 8.403081732926343436e-33 1.763909123269340185e-02
-1.905125561488962005e-01 7.218258623127349338e-02 8.838571447252222546e-01 2.632117781080902871e-02 3.360057940506298606e-33 1.763909123269304449e-02
-1.908470447678816961e-01 1.601386414384326287e-02 1.377191677652208623e-01 8.460277621548468741e-01 3.015076596014347369e-33 2.392059360873486241e-04
-1.908470447678818349e-01 1.601386414384313103e-02 1.377191677652210289e-01 8.460277621548477622e-01 8.344615636993809494e-33 2.392059360873491662e-04
-1.924525053487067539e-01 1.611133933110793851e-02 4.726700498539735951e-01 5.048027635770180321e-01 1.842844485091619765e-33 6.415847237899197433e-03
-1.924525053487069481e-01 1.611133933110668603e-02 4.726700498539574413e-01 5.048027635770380162e-01 5.129690272367197848e-33 6.415847237898335276e-03
-1.929495901305273431e-01 1.520946575876329192e-02 2.797622940639917788e-01 7.033512727192873237e-01 5.746039370630842683e-34 1.676967457958473354e-03
-1.929495901305274819e-01 1.520946575876344457e-02 2.797622940639944433e-01 7.033512727192918756e-01 8.315537933552078691e-33 1.676967457958471837e-03
-1.929944170532769676e-01 2.097387463299761612e-02 3.071686751610339661e-01 6.685936551666533667e-01 1.538843107549155845e-33 3.263795039316372097e-03
-1.929944170532770786e-01 2.097387463300183497e-02 3.071686751611236721e-01 6.685936551665587757e-01 5.514488535096762024e-33 3.263795039319426945e-03
-1.942321487457445706e-01 1.575497735671544525e-02 2.302408546114654841e-01 7.528594622917718082e-01 2.622162903370137137e-32 1.144705740048316015e-03
-1.942321487457447371e-01 1.575497735671471666e-02 2.302408546114940169e-01 7.528594622917421653e-01 1.862208806848643421e-33 1.144705740048471056e-03
-1.952832957174869266e-01 1.336047017720734705e-02 9.449591324512895962e-02 8.897129163716251954e-01 1.963655005290701107e-33 2.430700206037531702e-03
-1.952832957174870931e-01 1.336047017720588120e-02 9.449591324510830948e-02 8.897129163716483990e-01 3.591126673127091546e-34 2.430700206036900696e-03
-1.956374272126071845e-01 1.048301609759020626e-02 4.588024018288393568e-01 5.270462682834954338e-01 3.569293501983239047e-34 3.668313790074567270e-03
-1.956374272126072955e-01 1.048301609759032596e-02 4.588024018288404116e-01 5.270462682834960999e-01 1.669941202877829266e-33 3.668313790074594592e-03
-1.976497451103696179e-01 2.305281343867817551e-02 1.889511154942209448e-01 7.852058419619265539e-01 5.247833737359885353e-33 2.790229105178009504e-03
-1.976497451103697012e-01 2.305281343867882082e-02 1.889511154942313254e-01 7.852058419619155627e-01 1.443117561721794491e-33 2.790229105178179941e-03
-1.986415931594452400e-01 7.987510787242664556e-02 7.832096033358220133e-01 1.200773651985744261e-01 6.970150452983404270e-34 1.683792359318826010e-02
-1.986415931594453232e-01 7.987510787243130850e-02 7.832096033358855180e-01 1.200773651985043017e-01 9.779575412378913714e-34 1.683792359318961665e-02
-1.987718191776088328e-01 2.692139416359757426e-02 1.521152029829060670e-01 8.188545677403955558e-01 2.204525505780011026e-33 2.108835113103734588e-03
-1.987718191776089438e-01 2.692139416359633913e-02 1.521152029828917174e-01 8.188545677404122092e-01 9.689133739377660629e-34 2.108835113103410628e-03
-2.007653279246389144e-01 1.044071784236403830e-02 4.171382610487548992e-01 5.697786023388822230e-01 2.645850487539899247e-33 2.642418770000375637e-03
-2.007653279246390532e-01 1.044071784236351962e-02 4.171382610487380793e-01 5.697786023389007637e-01 4.063864292102989582e-34 2.642418770000185251e-03
-2.010246392753355094e-01 6.888567916816495940e-02 7.037451294401005919e-01 2.078832418105945878e-01 2.281454124320713417e-33 1.948594958114734793e-02
-2.010246392753355371e-01 6.888567916816443204e-02 7.037451294400951518e-01 2.078832418105993896e-01 1.101228823663697113e-33 1.948594958114720568e-02
-2.012056703324292817e-01 1.041450715717899848e-03 1.031725791356255528e-02 9.883942773451440678e-01 1.204660264232042871e-32 2.470140255798286642e-04
-2.012056703324295870e-01 1.041450715717658288e-03 1.031725791355825317e-02 9.883942773451476205e-01 2.232152453934183749e-32 2.470140255798243274e-04
-2.021095645314571754e-01 2.396780452084294050e-02 7.697673874082051615e-01 1.538644937627278719e-01 3.700047046092865502e-35 5.240031430822859881e-02
-2.021095645314572309e-01 2.396780452084258661e-02 7.697673874081973899e-01 1.538644937627368370e-01 2.419124471913945350e-33 5.240031430822775921e-02
-2.030045270406335145e-01 1.538238228427082563e-02 3.505210834431462530e-01 6.309251510106788086e-01 4.115356219736877118e-33 3.171383261909403728e-03
-2.030045270406335978e-01 1.538238228427099390e-02 3.505210834431482514e-01 6.309251510106752558e-01 3.748138792035280448e-34 3.171383261909832205e-03
-2.043220291269584321e-01 4.178468810077513168e-02 4.064279065016324632e-01 5.439636400588966358e-01 2.143510916242839612e-33 7.823765338693083882e-03
-2.043220291269585986e-01 4.178468810077915624e-02 4.064279065016644377e-01 5.439636400588622189e-01 5.256655558772885819e-33 7.823765338693285110e-03
-2.046429149339185349e-01 2.617237985522928925e-02 4.460983135032184910e-01 5.066177067558448321e-01 3.462919612674662912e-33 2.111159988570840765e-02
-2.046429149339185627e-01 2.617237985522781821e-02 4.460983135031503233e-01 5.066177067559178848e-01 2.772141941187687593e-33 2.111159988570083385e-02
-2.048647731356230961e-01 2.421627568559949970e-02 3.170613460744473588e-01 6.469272162001452608e-01 1.603745848660593610e-32 1.179516203980670447e-02
-2.048647731356231239e-01 2.421627568560565796e-02 3.170613460746090628e-01 6.469272161999661819e-01 1.287845773603443166e-33 1.179516203981846589e-02
-2.054555743238707655e-01 5.524175920548573399e-02 5.334373590693544109e-01 4.023329843344671808e-01 3.811433899666231712e-33 8.987897390695182703e-03
-2.054555743238708765e-01 5.524175920548791280e-02 5.334373590693638478e-01 4.023329843344530254e-01 4.088868935738019524e-33 8.987897390695482810e-03
-2.058570551822808403e-01 2.486658702336645363e-02 2.915792984430913282e-01 6.696348575541041237e-01 8.274060525624276962e-33 1.391925697943557395e-02
-2.058570551822809236e-01 2.486658702336418808e-02 2.915792984430444212e-01 6.696348575541567483e-01 3.537440614018408094e-33 1.391925697943343157e-02
-2.077592730688821443e-01 1.894969462890994105e-02 4.223434693205988522e-01 5.548023970918722902e-01 5.006555827868716966e-33 3.904438958616128410e-03
-2.077592730688823386e-01 1.894969462890947615e-02 4.223434693205921908e-01 5.548023970918806169e-01 7.696489078586312459e-33 3.904438958616197365e-03
-2.078249367766511202e-01 1.766418173436266892e-02 1.503489742056704492e-01 8.315349827544622485e-01 5.578619948467615969e-33 4.518613055009809741e-04
-2.078249367766512590e-01 1.766418173436309219e-02 1.503489742056709488e-01 8.315349827544620265e-01 6.863091677943827329e-34 4.518613055010864128e-04
-2.085877388038662739e-01 4.074262874873271767e-02 5.675319871842455788e-01 3.661352749281880925e-01 8.388685007032448265e-33 2.559010913883202898e-02
-2.085877388038663016e-01 4.074262874872806167e-02 5.675319871841955077e-01 3.661352749282462682e-01 1.066507101767542452e-32 2.559010913883022487e-02
-2.094924995985832927e-01 5.330856453038171350e-03 4.851022345898958199e-01 5.060274282273965474e-01 4.908918946752878933e-33 3.539480729669943187e-03
-2.094924995985833205e-01 5.330856453038038643e-03 4.851022345898954868e-01 5.060274282273951041e-01 1.488609491529799446e-33 3.539480729669942753e-03
-2.098482852106699770e-01 3.196019074964687179e-02 2.887365065462281777e-01 6.729165355620860822e-01 1.085213858050646280e-32 6.386767142042360304e-03
-2.098482852106705321e-01 3.196019074964302764e-02 2.887365065461926505e-01 6.729165355621209432e-01 7.172020084694612713e-34 6.386767142042049789e-03
-2.107713638829004088e-01 2.046226946530768642e-02 2.040287690081734884e-01 7.730809889471355056e-01 8.125972821688445280e-34 2.427972579385507049e-03
-2.107713638829006586e-01 2.046226946529886015e-02 2.040287690081481753e-01 7.730809889471643714e-01 6.907594466140742909e-33 2.427972579385521794e-03
-2.113985839046926551e-01 8.825981009103027464e-02 7.541557269196519364e-01 1.418623359605173939e-01 2.586279562649246657e-33 1.572212702879718926e-02
-2.113985839046926551e-01 8.825981009102641661e-02 7.541557269196430546e-01 1.418623359605312440e-01 2.550638870855583691e-33 1.572212702879621782e-02
-2.117965867835568949e-01 2.480485436786510761e-02 5.396172544871576937e-01 4.238398776525451050e-01 1.301298745725640024e-32 1.173801349243189587e-02
-2.117965867835570060e-01 2.480485436784990796e-02 5.396172544871122856e-01 4.238398776526086653e-01 2.621083434323136131e-32 1.173801349242898154e-02
-2.131124313290595207e-01 2.598576458770363029e-02 4.506989811738907892e-01 5.143976537058955190e-01 3.697297404261328583e-33 8.917600532507598265e-03
-2.131124313290597150e-01 2.598576458770429642e-02 4.506989811739059992e-01 5.143976537058805309e-01 4.571252907257007385e-32 8.917600532508257460e-03
-2.131134154969303585e-01 7.433430082138864359e-02 6.345615787653337003e-01 2.782832388933983991e-01 2.137202356813227096e-32 1.282088151987847285e-02
-2.131134154969307193e-01 7.433430082138407780e-02 6.345615787652990614e-01 2.782832388934408652e-01 4.557166426985403596e-33 1.282088151987785703e-02
-2.137675195567350084e-01 1.845791854646099822e-02 3.983734793862705459e-01 5.779294050392905779e-01 1.078810525283539076e-32 5.239197027979893700e-03
-2.137675195567352027e-01 1.845791854646037025e-02 3.983734793862137025e-01 5.779294050393486426e-01 8.925176803427330920e-32 5.239197027977768664e-03
-2.144317692658610219e-01 2.796728228393574253e-02 1.654499377509860425e-01 8.044266289819921312e-01 6.654996700559532915e-33 2.156150983085506137e-03
-2.144317692658613550e-01 2.796728228393562804e-02 1.654499377510073310e-01 8.044266289819721472e-01 3.481299600994268201e-33 2.156150983085662262e-03
-2.155787187016141859e-01 2.519104672036655973e-02 4.236921576626722086e-01 5.469825803623988847e-01 9.176810096924550184e-33 4.134215254563797237e-03
-2.155787187016142137e-01 2.519104672036578604e-02 4.236921576626696551e-01 5.469825803624015492e-01 1.507423749026299505e-32 4.134215254563651520e-03
-2.159413726623840568e-01 5.383237704161530912e-02 5.579290876732044824e-01 3.704751632724009314e-01 2.328562230504777712e-32 1.776337201277679995e-02
-2.159413726623843344e-01 5.383237704161192988e-02 5.579290876731883841e-01 3.704751632724200272e-01 4.279748941918447530e-32 1.776337201277546768e-02
-2.177737239760916266e-01 2.275369186769986979e-02 1.581241264864666485e-01 8.176128845708030557e-01 2.168230597399574290e-32 1.509297075030256469e-03
-2.177737239760917931e-01 2.275369186770001551e-02 1.581241264864637897e-01 8.176128845708060533e-01 1.145401091336283078e-32 1.509297075030054374e-03
-2.183084823785715889e-01 2.612166640230913217e-02 1.972841647816267197e-01 7.702570594407210924e-01 1.353314762457011874e-32 6.337109375342767775e-03
-2.183084823785720330e-01 2.612166640230639131e-02 1.972841647816024335e-01 7.702570594407495141e-01 1.266477206774741229e-32 6.337109375341735615e-03
-2.183161157791753126e-01 1.515743827642468400e-02 4.833863069816109470e-01 4.948824450023908139e-01 4.540121544480468708e-32 6.573809739572769248e-03
-2.183161157791755902e-01 1.515743827642436134e-02 4.833863069816060065e-01 4.948824450023975308e-01 3.637212272320313415e-32 6.573809739572364190e-03
-2.188074448225835744e-01 2.184575800219731856e-02 1.304641411341897483e-01 8.463612913803919557e-01 1.935122622704419028e-33 1.328809483220244440e-03
-2.188074448225837965e-01 2.184575800219849817e-02 1.304641411342007951e-01 8.463612913803785220e-01 2.679495252623810576e-33 1.328809483220505083e-03
-2.203358754812519416e-01 1.088563627050561783e-01 8.583578029218683625e-01 1.950072932571127876e-02 5.235205325282750457e-33 1.328510504736283432e-02
-2.203358754812524967e-01 1.088563627050565807e-01 8.583578029218701388e-01 1.950072932570771911e-02 1.102359316788807870e-32 1.328510504736277187e-02
-2.225584308471983686e-01 5.344760636630893624e-02 5.539143415550280558e-01 3.850513911129712641e-01 6.134388603860581861e-32 7.586660965689069787e-03
-2.225584308471987016e-01 5.344760636630978279e-02 5.539143415550242810e-01 3.850513911129768152e-01 1.592045362541511778e-32 7.586660965689005602e-03
-2.226503821029515995e-01 9.307407524543795385e-02 6.768191217448000785e-01 2.078274718388484488e-01 4.637344909355769019e-32 2.227933117091108681e-02
-2.226503821029519603e-01 9.307407524543934163e-02 6.768191217448067398e-01 2.078274718388418152e-01 3.691356731162065257e-32 2.227933117091143028e-02
-2.242491088016423384e-01 3.577299902422815397e-02 5.125614523141304169e-01 4.446325565493122189e-01 6.878471654181923066e-32 7.032992112326630699e-03
-2.242491088016427825e-01 3.577299902423303202e-02 5.125614523141378553e-01 4.446325565492974530e-01 2.860112810920408928e-32 7.032992112327179739e-03
-2.251784597806356647e-01 4.336894123622580394e-02 3.866752522734951958e-01 5.652146091190854982e-01 6.631131893214579756e-32 4.741197371195560346e-03
-2.251784597806357757e-01 4.336894123622152264e-02 3.866752522734611119e-01 5.652146091191225796e-01 1.052658141725971087e-32 4.741197371194825691e-03
-2.255363224290434232e-01 2.209624127038013058e-02 2.824640656380374981e-01 6.936846885274161600e-01 1.286113514266490066e-32 1.755004564166813205e-03
-2.255363224290436730e-01 2.209624127037932567e-02 2.824640656380359993e-01 6.936846885274176033e-01 2.350410168076668953e-32 1.755004564166680282e-03
-2.256906316145814440e-01 4.149008911766662033e-02 3.310490427999469576e-01 6.230278202008268096e-01 5.287444350204757270e-32 4.433047881561813855e-03
-2.256906316145819713e-01 4.149008911766498275e-02 3.310490427999583374e-01 6.230278202008163735e-01 4.215147174580447151e-32 4.433047881561657730e-03
-2.259370976746722104e-01 4.294586008433438906e-02 3.306047267113768617e-01 6.214730333201177181e-01 9.992324954229047171e-33 4.976379884169943382e-03
-2.259370976746725435e-01 4.294586008433582541e-02 3.306047267113819688e-01 6.214730333201130552e-01 3.266089840975274488e-32 4.976379884170652884e-03
-2.269376590913216862e-01 6.290565750825327651e-02 4.448246470963503341e-01 4.851221319157667522e-01 8.871801257432345301e-33 7.147563479628984973e-03
-2.269376590913217417e-01 6.290565750824705926e-02 4.448246470963033161e-01 4.851221319158218193e-01 3.388177213402481788e-32 7.147563479628221694e-03
-2.280849097735270503e-01 1.743070673830026535e-02 8.844848033196556214e-02 8.926323501508048874e-01 1.068195226906771834e-32 1.488462778930977302e-03
-2.280849097735272446e-01 1.743070673830054290e-02 8.844848033197624804e-02 8.926323501507934521e-01 2.109231388637007444e-32 1.488462778931054931e-03
-2.285555589623371742e-01 2.342244225592267706e-02 1.815215506993165806e-01 7.938320568029166857e-01 3.891000554865603453e-32 1.223950241846354916e-03
-2.285555589623373962e-01 2.342244225592469975e-02 1.815215506993286265e-01 7.938320568028982560e-01 1.578095359166981241e-32 1.223950241846566769e-03
-2.296955747514720092e-01 5.375788531602232988e-03 3.422723586483517738e-02 9.598009060386585301e-01 2.742838103745084254e-32 5.960695649026605258e-04
-2.296955747514721202e-01 5.375788531601908594e-03 3.422723586483558678e-02 9.598009060386584190e-01 3.579150918765139992e-32 5.960695649026293008e-04
-2.303006290062416250e-01 9.634317295614205912e-02 6.105193657270413521e-01 2.767314668302726655e-01 5.481715951932412782e-32 1.640599448654202902e-02
-2.303006290062418471e-01 9.634317295614139298e-02 6.105193657270370222e-01 2.767314668302799374e-01 3.648199726529965470e-32 1.640599448654189718e-02
-2.304082879713731935e-01 2.042095510419044205e-02 4.307571484904874626e-01 5.449826468589756834e-01 1.958530133575484913e-32 3.839249546345658258e-03
-2.304082879713736376e-01 2.042095510418849569e-02 4.307571484905001746e-01 5.449826468589675788e-01 3.245223517721959327e-32 3.839249546345377233e-03
-2.328422619563944862e-01 3.663441735417783014e-03 4.842761342000573288e-01 5.100433351628068657e-01 7.640718632797833197e-32 2.017088901718353412e-03
-2.328422619563946250e-01 3.663441735417503724e-03 4.842761342000567182e-01 5.100433351628073098e-01 7.127565591134018378e-32 2.017088901718289227e-03
-2.330182941761992088e-01 3.442170700552453499e-02 2.141308883884094350e-01 7.481682452418577656e-01 5.782675642413910314e-32 3.279159364207828199e-03
-2.330182941761992088e-01 3.442170700552594359e-02 2.141308883884136816e-01 7.481682452418518814e-01 4.368706936026907048e-32 3.279159364208132643e-03
-2.338923171134740520e-01 2.719196527634144822e-02 1.186472110608548236e-01 8.530063667094047730e-01 1.141135830772534197e-31 1.154456953400244922e-03
-2.338923171134746626e-01 2.719196527633886695e-02 1.186472110608828012e-01 8.530063667093784607e-01 9.589281081358269123e-32 1.154456953400272677e-03
-2.344753296960451761e-01 5.927969446117196950e-03 4.699594654831575347e-01 5.213137118524424629e-01 4.312064188851758485e-32 2.798853218283149820e-03
-2.344753296960453981e-01 5.927969446117196083e-03 4.699594654831545371e-01 5.213137118524455715e-01 1.030271931179499877e-31 2.798853218283109921e-03
-2.348614693406247955e-01 3.497951953303126554e-02 4.168443905886620726e-01 5.445766916827510240e-01 7.711289070452451052e-32 3.599398195555312575e-03
-2.348614693406251008e-01 3.497951953303460315e-02 4.168443905886751732e-01 5.445766916827334825e-01 8.881573420794779333e-32 3.599398195555643474e-03
-2.355905363567687982e-01 1.543092914748423611e-02 1.179190935262015155e-01 8.643690261986889389e-01 2.938486802537744501e-32 2.280951127626135166e-03
-2.355905363567689093e-01 1.543092914748342599e-02 1.179190935262167950e-01 8.643690261986736179e-01 3.388115290680151570e-32 2.280951127626035420e-03
-2.362767564469295534e-01 1.216295126820044342e-01 8.448247124765703164e-01 2.207285153541143838e-02 3.255983175389014269e-32 1.147292330601249084e-02
-2.362767564469301917e-01 1.216295126819990219e-01 8.448247124765337901e-01 2.207285153545543444e-02 8.439820436040316518e-32 1.147292330601201379e-02
-2.370194241668815427e-01 1.816517704139736233e-02 4.982902192912282979e-01 4.780964860302593378e-01 1.375288330677072158e-32 5.448117637116268314e-03
-2.370194241668817647e-01 1.816517704136643568e-02 4.982902192911732864e-01 4.780964860303450470e-01 3.511579743919338775e-32 5.448117637115215336e-03
-2.371403008360623843e-01 1.102808007480196861e-01 6.900012679467317778e-01 1.881463216048070708e-01 8.731945240760388309e-32 1.157160970043999079e-02
-2.371403008360628561e-01 1.102808007480329255e-01 6.900012679467474319e-01 1.881463216047796483e-01 5.034429310478323501e-32 1.157160970044019896e-02
-2.383205637139030608e-01 2.259412245805359626e-02 3.856121900415807602e-01 5.889843481570561368e-01 2.119949457046017211e-32 2.809339343309203221e-03
-2.383205637139042821e-01 2.259412245805405423e-02 3.856121900415778181e-01 5.889843481570602446e-01 7.857455048490439970e-32 2.809339343309115618e-03
-2.392552438265554415e-01 2.473183927650200037e-02 2.779549324033107061e-01 6.950052981441491307e-01 3.056023210978975456e-32 2.307930176037732272e-03
-2.392552438265556081e-01 2.473183927650119546e-02 2.779549324032923874e-01 6.950052981441696698e-01 1.487207645912698933e-32 2.307930176037154609e-03
-2.397434186594188388e-01 1.124905965821224318e-01 6.128760663758058280e-01 2.610331662940698072e-01 2.381834033963021013e-31 1.360017074800345255e-02
-2.397434186594190886e-01 1.124905965821230980e-01 6.128760663758014982e-01 2.610331662940734154e-01 3.088801056792223296e-32 1.360017074800332418e-02
-2.402022092359063221e-01 1.811157468499903500e-02 9.363607459818544532e-02 8.861789733506739708e-01 8.427209750205097376e-32 2.073377366141038441e-03
-2.402022092359067384e-01 1.811157468499683537e-02 9.363607459812690881e-02 8.861789733507413613e-01 5.047678366056096384e-32 2.073377366139220884e-03
-2.404350108573764522e-01 4.358646749597300252e-02 5.097195275200765430e-01 4.355565910337876323e-01 3.623205745081214333e-32 1.113741395016408682e-02
-2.404350108573769518e-01 4.358646749597414743e-02 5.097195275201247266e-01 4.355565910337368951e-01 1.486468320871457837e-32 1.113741395016542429e-02
-2.417241757019340520e-01 1.257574902115307647e-01 8.105368562825063794e-01 5.239237679021617466e-02 6.522240284439237790e-32 1.131327671574789036e-02
-2.417241757019343851e-01 1.257574902115322080e-01 8.105368562825220335e-01 5.239237679019852906e-02 2.485172851551657243e-32 1.131327671574795281e-02
-2.432286739842880741e-01 4.431633959868952477e-02 2.554828100718992689e-01 6.907377711940745346e-01 6.388120032487414887e-32 9.463079135336852077e-03
-2.432286739842882406e-01 4.431633959870565770e-02 2.554828100719899187e-01 6.907377711939650666e-01 6.450283276679459265e-32 9.463079135340123765e-03
-2.438505419572966904e-01 8.423184993181520586e-02 5.226038377180146632e-01 3.725746081464262338e-01 1.041016492327699887e-31 2.058970420374355015e-02
-2.438505419572977451e-01 8.423184993184193448e-02 5.226038377181442263e-01 3.725746081462593118e-01 7.062351834407308549e-32 2.058970420375277194e-02
-2.440461070089863516e-01 2.912800700824127315e-02 2.134416478889299418e-01 7.539547378373604447e-01 1.184619598740563571e-31 3.475607265469189081e-03
-2.440461070089869344e-01 2.912800700822684025e-02 2.134416478888582769e-01 7.539547378374518161e-01 7.832828516144274005e-32 3.475607265463627124e-03
-2.453074077194394298e-01 9.340197652631559988e-02 6.240353512530603108e-01 2.445180649845506982e-01 3.087174892664316885e-32 3.804460723607233641e-02
-2.453074077194397351e-01 9.340197652631478109e-02 6.240353512530583124e-01 2.445180649845544174e-01 3.975584720780700032e-32 3.804460723607194089e-02
-2.453551914810623014e-01 7.720488093882119096e-02 6.140234765917423898e-01 2.706274966576988628e-01 7.731422341111569611e-32 3.814414581173677932e-02
-2.453551914810623846e-01 7.720488093882590941e-02 6.140234765917544912e-01 2.706274966576796004e-01 9.726446993651761682e-32 3.814414581173916630e-02
-2.466431411641560323e-01 8.954416515985300085e-02 6.585397294273827029e-01 2.010694104854442443e-01 1.149341471227615651e-31 5.084669492731883067e-02
-2.466431411641563376e-01 8.954416515985370861e-02 6.585397294273857005e-01 2.010694104854391928e-01 7.545107105061796685e-32 5.084669492732032947e-02
-2.467714903442929097e-01 2.335184535787972193e-02 1.976886317911376867e-01 7.772116393395418488e-01 8.142199590514160467e-32 1.747883511440067802e-03
-2.467714903442931318e-01 2.335184535787852150e-02 1.976886317911340785e-01 7.772116393395470668e-01 6.790696207291738811e-32 1.747883511439941384e-03
-2.472264686699437441e-01 2.955397839093147627e-02 3.468101141683588295e-01 6.197290334952035851e-01 9.859106718030819432e-32 3.906873945506084828e-03
-2.472264686699440217e-01 2.955397839093097320e-02 3.468101141683456734e-01 6.197290334952192392e-01 8.590627468125601218e-32 3.906873945503751624e-03
-2.480477477241738171e-01 2.801970997228420829e-02 3.840371400366483501e-01 5.850193517890664996e-01 7.779988180877701478e-32 2.923798202000547821e-03
-2.480477477241739004e-01 2.801970997227893126e-02 3.840371400366309196e-01 5.850193517890905914e-01 6.343097366370353351e-32 2.923798201999677857e-03
-2.488116079526270230e-01 9.313147254981518630e-02 5.844922267906937918e-01 2.928673177403185446e-01 9.614160540875807600e-32 2.950898291917118665e-02
-2.488116079526272173e-01 9.313147254981563039e-02 5.844922267906764723e-01 2.928673177403425809e-01 1.224342812863779687e-31 2.950898291916712740e-02
-2.498505012621264343e-01 6.876260462797888218e-02 5.375513779363634281e-01 3.761204302943471078e-01 8.635147527517385384e-32 1.756558714131170942e-02
-2.498505012621273225e-01 6.876260462797992301e-02 5.375513779363715328e-01 3.761204302943346733e-01 4.632766294223285111e-31 1.756558714131281618e-02
-2.500755285463795441e-01 1.234293686413358848e-01 6.325854693682505525e-01 2.329653603165239839e-01 1.650288168143737405e-31 1.101980167389005755e-02
-2.500755285463797106e-01 1.234293686413426155e-01 6.325854693682759766e-01 2.329653603164902054e-01 3.862875567041476042e-31 1.101980167389115389e-02
6.486554464646002716e-01 8.102739505643025403e-30 8.137491095179200160e-30 7.252035875243204538e-30 9.999999999999984457e-01 1.688965695479128971e-27
6.486554464646002716e-01 1.195809360174644140e-30 1.200875316307128913e-30 1.070093004784905106e-30 1.000000000000000666e+00 2.492564543123203643e-28
