-6.127750489587645982e-03 2.016380915446841287e-04 1.733181777897306987e-03 9.936753027087757983e-01 9.664361032564137136e-33 4.389877421785940738e-03
-6.127750489587907058e-03 2.016380915446814995e-04 1.733181777897270341e-03 9.936753027087762424e-01 1.254275249782572949e-32 4.389877421785945942e-03
-8.048824077775481797e-03 5.884311168739242122e-04 2.700466309883652050e-03 9.932571863208040641e-01 4.863876040876401991e-32 3.453916252445860674e-03
-8.048824077775733332e-03 5.884311168739183575e-04 2.700466309883623427e-03 9.932571863208021767e-01 4.654812012755698283e-32 3.453916252445860240e-03
-1.142944957899842337e-02 9.474320630500722212e-04 3.614893043894243374e-03 9.930156898349072891e-01 4.992345813269802175e-33 2.421985058154054685e-03
-1.142944957899865929e-02 9.474320630500638728e-04 3.614893043894224292e-03 9.930156898349028483e-01 1.672520065509333008e-32 2.421985058154047746e-03
-1.639978855232038235e-02 1.151909609429457209e-03 4.184254727552064700e-03 9.930859668228507742e-01 2.250511487263793726e-32 1.577868840171578425e-03
-1.639978855232052460e-02 1.151909609429453306e-03 4.184254727552082914e-03 9.930859668228493309e-01 3.555110549343532446e-32 1.577868840171573438e-03
-2.001731430067142312e-02 9.911808160874436419e-04 1.964074135157145226e-02 9.663165144681886698e-01 1.628997813767295746e-32 1.305156336415315595e-02
-2.001731430067172496e-02 9.911808160874336672e-04 1.964074135157138634e-02 9.663165144681894470e-01 2.233525477582873143e-32 1.305156336415317850e-02
-2.085384609460250172e-02 2.270418609677726882e-03 2.047697318209971279e-02 9.669048546083479634e-01 2.589435834107274234e-32 1.034775359987529647e-02
-2.085384609460276539e-02 2.270418609677698259e-03 2.047697318209964340e-02 9.669048546083474083e-01 1.692343103622123366e-32 1.034775359987530514e-02
-2.287527676686146663e-02 3.369183586961014935e-03 2.048819205574557711e-02 9.685476340124224981e-01 4.451157016361395943e-32 7.594990344871980180e-03
-2.287527676686160194e-02 3.369183586960993251e-03 2.048819205574556324e-02 9.685476340124219430e-01 1.429294901546170369e-31 7.594990344871997527e-03
-2.302842127286143514e-02 1.217731069461232447e-03 4.363635743036313290e-03 9.934116451725392150e-01 8.791624418658166323e-32 1.006988014963688602e-03
-2.302842127286164331e-02 1.217731069461224424e-03 4.363635743036394822e-03 9.934116451725392150e-01 8.175838955106403504e-32 1.006988014963672339e-03
-2.645584656163341500e-02 4.053559719999405564e-03 1.988601835145881874e-02 9.708598268344246218e-01 2.683208717678846914e-32 5.200595094118552059e-03
-2.645584656163355031e-02 4.053559719999392554e-03 1.988601835145882568e-02 9.708598268344230675e-01 1.188990185886365639e-32 5.200595094118541650e-03
-3.127042531880996901e-02 1.355233543233558356e-03 6.770500925981443041e-03 9.910434494012270168e-01 2.043486426517877365e-31 8.308161295587567982e-04
-3.127042531881008697e-02 1.355233543233803819e-03 6.770500925983588027e-03 9.910434494012241302e-01 2.258058893152956409e-31 8.308161295590135373e-04
-9.958521070223839977e-02 5.299145782329216930e-03 3.437443737322128934e-01 6.439363319094268956e-01 6.095905050347574280e-35 7.020148576030670572e-03
-9.958521070223844140e-02 5.299145782329220400e-03 3.437443737322126158e-01 6.439363319094274507e-01 3.607474709195854183e-34 7.020148576030681847e-03
3.945111949756958669e-01 3.799026834941059826e-32 9.368871420902878063e-32 3.456308711870751768e-31 1.000000000000000666e+00 6.667731222268758280e-32
3.945111949756960890e-01 8.987763191455426972e-32 1.759974869901461260e-31 3.963431402255946117e-31 1.000000000000000888e+00 1.171813822599444483e-31
3.951422895150151215e-01 5.728960288476568790e-32 1.575245420967703161e-31 3.501675673017268896e-31 1.000000000000001332e+00 1.881148357645003362e-31
3.951422895150151771e-01 2.362374564646977103e-32 7.633974359019903039e-32 3.600307056129229781e-31 1.000000000000001554e+00 8.476900015928408739e-32
3.975880282385316766e-01 9.090952696262957674e-32 1.442761717949666763e-31 2.465768975772477394e-31 1.000000000000000000e+00 4.559092709370551405e-32
3.975880282385317321e-01 1.306362348277299293e-31 1.804822255329997204e-31 3.315338026679491986e-31 9.999999999999986677e-01 2.552379233164790019e-31
3.988411434944005296e-01 2.473314882144092246e-32 5.356277859808469325e-32 1.242585920738261433e-31 1.000000000000000444e+00 5.177726881648311055e-32
3.988411434944017508e-01 3.552472305853714584e-32 1.037954318882513005e-31 2.594784768050235217e-31 1.000000000000000888e+00 1.897469243922986950e-31
4.009283218684224770e-01 9.801246260095298279e-32 1.676993089608864320e-31 4.895220038468351605e-31 1.000000000000000888e+00 4.735791425275813630e-32
4.009283218684235872e-01 9.448890178479421208e-32 1.527296351438419019e-31 3.025808053908622755e-31 1.000000000000001332e+00 6.272038266061460891e-32
4.029665293122077774e-01 1.062776699131287096e-31 2.825392801664744982e-31 8.142331830425568409e-31 9.999999999999997780e-01 1.155228409069610333e-31
4.029665293122088321e-01 4.911463875507648625e-32 1.200362601169552486e-31 2.583395323259389212e-31 9.999999999999997780e-01 4.695327310252179547e-32
4.034109562236101176e-01 5.474915625738085466e-32 8.004613218360361048e-32 2.205455307039253411e-31 1.000000000000001332e+00 4.953207939388773355e-32
4.034109562236101731e-01 5.651626512313977993e-32 1.228337844687349045e-31 5.890071098982884961e-31 1.000000000000000888e+00 1.507602105409697536e-31
4.038475441503170948e-01 3.579368021641762332e-32 4.609950230547355053e-32 6.246791852180089174e-32 1.000000000000000444e+00 4.681065796652632875e-32
4.038475441503174834e-01 8.675051773190293356e-32 1.697722390145014054e-31 3.407248690062188761e-31 9.999999999999993339e-01 4.310403753088626735e-31
4.062223622719062788e-01 7.832881126495930416e-32 1.703427863565667063e-31 4.894692044423377870e-31 9.999999999999993339e-01 9.797557721186630979e-32
4.062223622719071670e-01 3.537918023164289758e-32 7.890798737103464545e-32 1.420773832112442768e-31 1.000000000000000666e+00 3.786810641284715104e-32
4.067602553067041216e-01 5.684668064240084288e-32 9.903924728666314320e-32 4.282070371980194353e-31 1.000000000000000444e+00 7.918038846964353718e-32
4.067602553067043991e-01 2.164432117276593578e-32 6.167489311206524081e-32 1.513032969816290076e-31 9.999999999999996669e-01 2.912791835662157580e-32
4.075959861810621865e-01 6.794753210336363882e-32 1.703393964311299671e-31 6.194670349078333810e-31 9.999999999999981126e-01 5.273765560898945189e-32
4.075959861810628526e-01 3.770378283051979930e-32 5.164154553709878457e-32 7.385856307312980584e-32 9.999999999999995559e-01 4.802342235625203710e-32
4.115863470987327632e-01 5.697690042376103981e-32 1.171004569371650106e-31 3.442112410569062235e-31 1.000000000000001554e+00 5.598435367190173732e-32
4.115863470987341510e-01 3.201544992533662293e-32 5.898548628076283876e-32 1.873145869802086253e-31 1.000000000000000222e+00 2.155727582536272077e-32
4.121700215850809812e-01 6.735762322516524278e-32 1.142803007843958200e-31 3.677797372203589613e-31 9.999999999999994449e-01 8.070331616929073147e-32
4.121700215850825355e-01 5.720712488245153258e-32 8.649915066225996340e-32 1.415901641348348469e-31 1.000000000000000666e+00 5.740556623992159005e-32
4.143644356693907405e-01 3.063526783201010706e-32 5.143444824670841404e-32 7.326559563203084432e-32 1.000000000000000000e+00 6.862403877920184999e-32
4.143644356693911845e-01 4.806047197322991269e-32 8.428725210973426663e-32 3.216812038674950967e-31 1.000000000000000666e+00 5.518973996366232054e-32
4.175652252785308494e-01 2.293375561730717743e-32 6.570477834666580336e-32 1.403361595323420710e-31 9.999999999999987788e-01 3.255478925014996835e-32
4.175652252785313490e-01 6.115537744655552455e-32 9.846239742814053198e-32 2.137827137780338977e-31 9.999999999999980016e-01 1.422383733250940089e-31
4.186798876205416464e-01 1.037305089043473277e-31 1.965740535527619885e-31 3.600281324286099861e-31 9.999999999999991118e-01 1.008989241426439946e-31
4.186798876205419795e-01 2.920090249694400318e-32 4.851654810363504824e-32 2.224480113131388959e-31 9.999999999999986677e-01 7.684930296118215117e-32
4.199520868565453369e-01 4.161465869858834513e-32 1.190003853343898959e-31 2.930683004984342006e-31 9.999999999999983347e-01 6.415282853339983623e-32
4.199520868565453924e-01 3.603157413745157712e-32 9.508613112070597409e-32 1.515061451243439958e-31 9.999999999999995559e-01 4.918022388442591146e-32
4.209934037575857602e-01 3.196557693750237606e-32 7.661149760652002600e-32 1.589690444006545518e-31 9.999999999999994449e-01 7.188800550919463472e-32
4.209934037575864263e-01 6.126944328963671384e-32 6.117436515323651331e-32 9.511477621772642803e-32 9.999999999999992228e-01 9.511463890474492327e-32
4.237763777502832063e-01 3.619440098008085577e-32 4.445394258790386608e-32 5.480568845781854280e-32 9.999999999999993339e-01 2.882300395716454738e-32
4.237763777502835394e-01 2.222332192765636562e-32 4.531921994608074864e-32 2.204041373305768824e-31 9.999999999999997780e-01 3.968768054263268587e-32
4.260756029656008748e-01 1.475721816692173123e-32 3.107762487821477496e-32 5.980279690086359034e-32 9.999999999999997780e-01 3.713142947466425153e-32
4.260756029656015409e-01 3.519667308106953983e-32 6.678968958122582302e-32 2.159931818683874891e-31 9.999999999999997780e-01 4.666785595090794296e-32
4.307974701114594129e-01 2.416559110669836040e-32 4.205278267359771113e-32 8.160551137212600614e-32 1.000000000000001110e+00 4.052751496243593946e-32
4.307974701114595240e-01 2.897069301350322958e-32 4.990180590775909942e-32 9.562696645725913049e-32 1.000000000000000444e+00 4.123054660885141370e-32
4.311785985689908784e-01 3.316338482129886467e-32 4.332290494134799545e-32 9.412391996038828673e-32 1.000000000000000000e+00 4.461008519381287879e-32
4.311785985689919887e-01 2.801798031307256658e-32 7.327124633514576540e-32 2.512239343850102762e-31 9.999999999999957812e-01 5.653684699299405872e-32
4.318717191703831393e-01 2.507723490301140305e-32 3.567543517326671759e-32 4.582041409577605506e-32 1.000000000000000444e+00 1.389035573095423413e-32
4.318717191703836944e-01 1.757489505752404979e-32 2.850549733093422170e-32 2.368575816880421866e-31 1.000000000000000222e+00 1.803342475855735160e-32
4.338654623625501361e-01 4.665432300650770901e-33 8.962201058629834101e-33 4.980902016091100819e-32 1.000000000000000888e+00 2.042794771072962985e-32
4.338654623625505247e-01 1.774766862875921134e-32 3.047519787871683929e-32 1.774917335644424320e-31 1.000000000000003997e+00 4.404892065747432592e-32
4.385331283142361869e-01 5.213211655234381547e-32 5.878779010527768071e-32 1.048471215325889461e-31 9.999999999999991118e-01 6.062123011205108493e-32
4.385331283142373526e-01 3.920349724828445632e-32 5.260073558691082540e-32 8.880708792489656818e-32 1.000000000000000888e+00 3.853389848635205363e-32
4.386217099086517912e-01 3.865815971972833455e-32 6.355427294308363858e-32 1.258936640657831320e-31 9.999999999999986677e-01 3.181455749050838325e-32
4.386217099086522908e-01 1.386774873531664027e-32 3.488247952105519382e-32 9.496421774767721538e-32 1.000000000000001776e+00 5.308142288977332036e-32
4.410962530015634098e-01 7.772753546693363826e-33 2.003555876812276956e-32 7.447219824892658692e-32 1.000000000000000444e+00 1.507914060939229476e-32
4.410962530015636318e-01 3.388636804543025355e-32 5.992165112016686628e-32 6.882680388241492045e-32 9.999999999999973355e-01 2.195903563885923655e-32
4.421320780147721119e-01 1.760773537841656005e-32 3.603560766962794737e-32 8.333827706468603355e-32 9.999999999999987788e-01 4.330987554028879394e-32
4.421320780147725005e-01 2.430673526506817752e-32 1.161310138474377724e-31 2.289928093886894956e-31 1.000000000000002220e+00 5.687048758723038618e-32
4.423493682574334840e-01 4.411559826748290381e-32 9.856884725370533184e-32 1.186676456718006576e-31 1.000000000000000666e+00 2.908469425287113914e-32
4.423493682574334840e-01 5.744506363737659557e-32 1.133678814967075272e-31 1.308089393755399127e-31 9.999999999999995559e-01 3.316098050741020879e-32
4.444365466314549318e-01 2.314218000321514597e-32 6.768049593150501712e-32 3.938783870287445161e-31 9.999999999999964473e-01 4.372769236544279217e-32
4.444365466314561530e-01 1.561641840206323189e-32 2.528003863527657030e-32 3.857116455165673488e-32 9.999999999999984457e-01 3.191928076421001289e-32
4.457850946763874944e-01 2.100665319705871609e-32 3.280859962737063335e-32 7.023315594442631455e-32 9.999999999999958922e-01 1.814132925550615802e-32
4.457850946763882716e-01 7.473788485129105319e-33 1.595626408640743633e-32 2.778488870934290116e-32 9.999999999999991118e-01 1.384298027205267470e-32
4.472415276951774987e-01 3.877578544078099821e-32 5.699213528237172144e-32 8.863411297684431219e-32 1.000000000000001110e+00 1.051401749148365444e-31
4.472415276951778318e-01 1.623099580543680234e-32 4.509847786125761423e-32 6.042532381608820327e-32 9.999999999999995559e-01 4.298942026582051059e-32
4.473557689133499937e-01 1.085763734464865339e-32 3.723123542434551207e-32 1.107903105968240273e-31 9.999999999999991118e-01 4.638893135649426525e-32
4.473557689133503823e-01 1.391582480006394476e-32 1.969754486672685193e-32 4.432003603230651923e-32 9.999999999999995559e-01 3.665979551886075286e-32
4.484869215324961411e-01 1.931953556258695132e-32 2.367830023246442204e-32 2.962612263023037419e-32 1.000000000000000000e+00 1.435213265818951486e-32
4.484869215324971403e-01 1.000992412046956530e-32 1.509745571350143609e-32 9.518702986813495717e-32 1.000000000000001110e+00 8.220599620243273115e-32
4.511042109440949743e-01 3.160426671795698024e-32 4.242650837066368375e-32 1.038599979394771869e-31 9.999999999999997780e-01 3.498141625996872371e-32
4.511042109440953629e-01 5.568348546876478946e-32 9.988792177033146299e-32 1.149998633171226764e-31 1.000000000000002442e+00 1.175080509171399464e-32
4.517249598640784014e-01 3.996597541281422602e-32 6.673012132004527897e-32 1.097668593848924015e-31 1.000000000000002887e+00 2.939922070108631433e-32
4.517249598640784569e-01 3.080679247609656045e-32 4.554621953370554524e-32 7.879100998397124126e-32 1.000000000000001554e+00 2.458664201631010859e-32
4.538432453109831344e-01 5.237101589188794594e-33 8.242565468166042864e-33 2.124606525659546627e-32 9.999999999999993339e-01 1.036326315939599182e-32
4.538432453109834119e-01 1.303460550438571079e-32 2.027201707060149286e-32 3.091474812346032811e-32 9.999999999999995559e-01 4.817407519379414416e-32
4.556782463481148793e-01 1.881058736034719183e-32 3.963428827641940872e-32 1.781021952313852659e-31 1.000000000000001332e+00 1.884192339089251432e-32
4.556782463481149348e-01 4.146099066778517005e-32 5.259886251255177684e-32 7.740248708088339086e-32 1.000000000000001554e+00 1.669705953416538683e-32
4.566485843540298295e-01 5.912088395287548143e-33 6.566234956545900668e-33 4.087065194042637532e-32 9.999999999999997780e-01 3.622955820373735610e-32
4.566485843540302181e-01 3.235432583845120877e-33 3.373720614572336605e-33 8.087789590190575218e-33 9.999999999999993339e-01 2.054506950792042701e-32
4.604065538463342211e-01 5.808406701171432402e-33 8.889114956135600908e-33 1.767257599715048217e-32 9.999999999999967804e-01 1.363934107473220041e-32
4.604065538463343321e-01 5.216154234172351011e-33 6.510883827694976124e-33 9.745218607939747880e-33 9.999999999999973355e-01 2.393540717589662195e-32
4.610734500415645254e-01 1.676269094933712801e-33 2.326534895984047272e-33 3.447232481886911299e-33 1.000000000000000444e+00 5.876737710806829799e-33
4.610734500415658577e-01 1.501127820805811402e-32 2.288285667569266222e-32 3.701531684910581297e-32 9.999999999999987788e-01 1.749804866508094143e-32
4.638023190489499181e-01 1.914039198757295572e-33 3.056014886579617123e-33 7.240138836223820754e-33 1.000000000000003109e+00 2.274884851760977921e-32
4.638023190489501957e-01 9.815259304438821886e-34 1.692244736784060323e-33 5.976679357007497050e-33 1.000000000000000222e+00 3.385652470184806038e-33
4.656383353700827010e-01 1.902367393529091940e-33 2.867425243438861177e-33 4.915835951194981479e-33 1.000000000000000666e+00 1.143009503369089979e-32
4.656383353700832561e-01 5.469484243717463043e-34 6.997774398958537417e-34 1.456505994124543301e-33 1.000000000000002442e+00 2.588378165283497121e-33
4.663007706596181690e-01 6.556034048443248649e-33 3.710058351047306329e-32 7.559054250686666654e-32 9.999999999999982236e-01 1.901282456165761029e-32
4.663007706596188351e-01 8.418543526791508739e-33 1.119113346616473840e-32 2.858124250501573639e-32 1.000000000000002442e+00 1.707116469377177015e-32
4.668337791654356139e-01 2.295276679943888594e-32 3.243656598091519049e-32 3.575015110053182833e-32 1.000000000000000000e+00 2.392714500675347645e-32
4.668337791654360580e-01 4.959330882287276520e-33 6.117478737077057023e-33 2.811185956915029554e-32 9.999999999999971134e-01 1.816684368923256595e-32
4.672846025133152725e-01 3.737723247726158017e-33 8.801023933782667051e-33 6.544799881235331535e-32 9.999999999999995559e-01 1.031310814872053436e-32
4.672846025133153836e-01 2.583402471611993537e-33 5.851937815478896860e-33 1.589823670477266190e-32 9.999999999999982236e-01 6.548558635297516836e-33
4.743056948744919787e-01 1.587212170471237632e-33 4.320283179062190601e-33 8.454413528450181197e-33 1.000000000000001110e+00 9.100895175796814539e-33
4.743056948744921453e-01 1.157394172229119775e-32 1.616076842555595343e-32 1.773327663598856100e-32 9.999999999999983347e-01 1.765559445880934328e-32
4.757219513627874430e-01 4.683987538398738622e-33 7.744592590917173028e-33 1.171729360330820714e-32 9.999999999999978906e-01 2.437022995362903572e-33
4.757219513627876650e-01 2.845692909291660213e-33 8.015061642818235662e-33 1.381305506751386538e-32 1.000000000000002442e+00 1.384561751105079109e-32
4.777872586112164033e-01 1.431337263158917367e-32 3.073592493570037428e-32 3.784113950189527739e-32 1.000000000000000222e+00 1.900445226876775868e-32
4.777872586112166253e-01 7.097054981241912763e-33 1.037425204464474351e-32 1.401742013455326891e-32 9.999999999999995559e-01 1.585731192342933599e-32
4.794926022094599394e-01 2.489518827957835845e-33 3.346333784358538071e-33 4.359318902949457766e-33 9.999999999999977796e-01 6.264526080455123047e-33
4.794926022094600504e-01 5.553206099363832527e-33 8.120428417107052847e-33 1.391222391800044525e-32 9.999999999999983347e-01 7.523838624937772713e-33
4.797968382539417043e-01 1.459860982552083820e-32 2.739384365663409872e-32 1.424638886672997052e-31 9.999999999999992228e-01 2.062535625953506163e-32
4.797968382539418708e-01 6.989036611820986547e-33 1.581104920707272645e-32 2.849997259445569810e-32 9.999999999999968914e-01 1.746346088505245091e-32
4.802597945400288171e-01 3.608897871466815992e-33 6.678396440984199273e-33 1.574407715867808291e-32 9.999999999999988898e-01 1.488602984888242673e-32
4.802597945400292057e-01 4.383077498169641027e-33 7.601509194742660712e-33 1.255048334397799408e-32 1.000000000000000666e+00 2.075061555911520663e-32
4.821299346716850232e-01 3.156294305699931969e-33 6.265744614015680930e-33 1.115856598278689301e-32 1.000000000000000888e+00 5.501848982060154282e-33
4.821299346716850787e-01 8.410989935389845126e-33 1.914827061135502880e-32 5.495559956232097175e-32 9.999999999999997780e-01 2.719831979828676210e-32
4.894984259074268151e-01 3.512051430910871643e-34 4.831975623250086319e-34 7.105747916562323206e-34 1.000000000000003109e+00 1.709647159256036308e-33
4.894984259074268151e-01 1.236437245754354435e-33 1.911100041720445517e-33 2.563583193320061153e-33 1.000000000000001110e+00 1.968916640290737997e-33
4.907497524582103421e-01 3.407338337886447267e-33 3.855872481095715354e-33 4.244720874752967160e-33 1.000000000000003997e+00 4.439727015235584970e-33
4.907497524582103421e-01 2.557851628984096329e-33 3.023176401429018110e-33 3.274004967848539058e-33 1.000000000000002665e+00 6.880987536705140991e-33
4.917164705677796732e-01 6.926466586428167985e-34 8.578344265295921013e-34 1.261846499322704358e-33 1.000000000000003553e+00 3.054748555610612558e-33
4.917164705677797287e-01 5.025601899477880411e-33 7.208996486542940509e-33 8.905489888834739230e-33 1.000000000000003997e+00 9.904590894019998945e-33
4.924154305336609916e-01 7.684851275283898493e-34 1.379801333862001834e-33 2.586058711653984706e-33 9.999999999999987788e-01 1.243671113609140179e-33
4.924154305336610471e-01 9.410326967056178087e-33 1.459126474342316998e-32 1.867050280773913368e-32 1.000000000000001776e+00 1.799054100166344561e-32
4.934059777154641835e-01 2.552402174052653608e-33 5.241982142197443746e-33 8.405426607742878503e-33 9.999999999999945599e-01 3.057590536900824469e-33
4.934059777154642390e-01 1.945054940852032993e-34 2.627548955067147665e-34 3.550193556822615001e-34 1.000000000000005107e+00 3.208396365517059137e-34
4.936685457895313434e-01 3.293085681746790502e-33 5.222548603861319128e-33 6.964926226244826017e-33 1.000000000000000666e+00 2.048455997531925401e-33
4.936685457895313989e-01 7.419127994359761122e-34 1.310857849467287536e-33 1.956632408320713791e-33 1.000000000000001110e+00 1.794785770510056672e-33
4.955751920564820945e-01 2.090769956178731342e-33 3.509703778430793354e-33 4.783176747282419812e-33 9.999999999999997780e-01 5.572725456424726457e-33
4.955751920564820945e-01 1.784103493070707007e-33 2.291100948029124247e-33 2.615587974222328433e-33 1.000000000000003331e+00 1.951693333667209215e-33
4.957557241635529577e-01 6.492504653547076827e-35 9.603298708907940823e-35 1.640747289986652267e-34 1.000000000000001998e+00 1.118370719109160577e-34
4.957557241635530132e-01 1.383064893303051713e-34 2.129813641726575056e-34 2.948231032264548875e-34 1.000000000000001332e+00 2.228957533094565359e-34
4.964550054831318171e-01 1.595564348540419631e-34 1.832780197258797312e-34 2.815260083811355644e-34 1.000000000000005995e+00 8.526430347657249539e-34
4.964550054831318726e-01 1.579313486681591420e-33 1.911360855568316832e-33 2.548863683278228219e-33 1.000000000000007550e+00 6.356178117188732312e-33
4.986749464454475755e-01 1.826657972953224818e-34 3.144303793671325152e-34 4.595349833483618144e-34 1.000000000000008660e+00 1.920214827299638143e-34
4.986749464454475755e-01 1.149332820517027184e-34 1.083240339716084242e-34 1.077985925079188818e-34 1.000000000000004663e+00 1.965242815466964761e-34
5.001568091170622843e-01 1.388407032389504229e-35 2.264645956574127689e-35 3.216625199729425806e-35 1.000000000000000444e+00 4.963976474450142079e-35
5.001568091170622843e-01 2.045507584284128424e-35 2.132146333440073317e-35 2.478864703784306532e-35 1.000000000000000444e+00 9.636637172544922379e-35
5.019559512560621828e-01 6.951341633081532271e-33 8.428838200573543964e-33 9.412454048152929635e-33 1.000000000000008882e+00 2.422424065550859049e-33
5.019559512560621828e-01 1.471529155919038124e-33 2.116734360359114619e-33 2.581326403723650814e-33 1.000000000000006217e+00 2.961366130919112549e-33
5.024233884761922786e-01 3.534329734231429210e-34 4.388074520644921683e-34 5.585816624851676084e-34 1.000000000000012212e+00 1.926373019505675413e-33
5.024233884761922786e-01 6.055382729412467079e-34 8.285950034629682357e-34 1.409056736714067063e-33 1.000000000000002887e+00 4.790093098903965316e-33
5.069974238802117394e-01 1.101621319548213609e-33 1.461615726004970319e-33 1.927629190018748420e-33 1.000000000000001332e+00 6.953668191670119664e-34
5.069974238802117394e-01 8.035169514768271149e-34 1.956881259877057381e-33 4.418865348724294697e-33 1.000000000000002665e+00 2.952662025264154062e-33
5.080274368854102995e-01 9.405125741063317363e-34 1.063177698101732880e-33 1.490169896620048522e-33 1.000000000000001332e+00 1.189884271017667579e-33
5.080274368854102995e-01 5.929736260159308133e-34 6.400688338517774305e-34 8.548715210085000876e-34 1.000000000000001998e+00 1.276770451274218745e-33
5.083746377969696750e-01 5.350370443851293344e-34 9.339328099913993855e-34 1.609416422205438768e-33 9.999999999999997780e-01 6.215887040915347322e-34
5.083746377969696750e-01 6.035885742222409015e-33 9.977692897781503000e-33 1.378222716345447707e-32 9.999999999999980016e-01 7.151545932488928564e-33
5.103420039284682908e-01 1.657729071607711181e-33 2.465448694600298852e-33 3.038581416529092839e-33 1.000000000000002887e+00 2.788536981073710200e-33
5.103420039284684018e-01 1.959306167026796407e-33 3.763923824099994917e-33 5.759856374660215120e-33 9.999999999999982236e-01 3.849356187014462991e-33
5.115697112614742137e-01 8.606770483455677806e-34 1.257012689175559461e-33 2.556567700457023359e-33 1.000000000000003109e+00 2.468355099759485999e-33
5.115697112614742137e-01 6.631477168045096314e-34 1.071780033104875242e-33 2.361128549290596636e-33 1.000000000000003109e+00 3.891446346970396892e-33
5.123926275736617741e-01 4.570101143312100474e-34 5.139597053887027111e-34 5.676988863598563536e-34 1.000000000000002665e+00 2.051960797687148389e-33
5.123926275736618852e-01 1.604615206868236402e-33 1.929372345452959668e-33 2.081267285234283718e-33 1.000000000000002220e+00 4.916137174209451715e-33
5.137607050355759153e-01 5.015800806153125695e-33 7.439096382316206258e-33 9.694177743267424267e-33 9.999999999999996669e-01 1.000228374993541189e-32
5.137607050355760263e-01 6.176296297871139012e-34 8.636459275818091624e-34 1.261064755543578972e-33 9.999999999999993339e-01 2.549205089107543775e-33
5.151477828059034536e-01 2.068091608638722621e-33 3.990287659919641382e-33 6.811248619035457129e-33 1.000000000000003553e+00 3.300782778857260593e-33
5.151477828059036757e-01 2.709973145287267289e-33 3.786476030747824631e-33 7.960525242009895174e-33 9.999999999999981126e-01 1.291848025013411681e-32
5.186037800454127433e-01 1.181099305553125284e-33 1.711259003582553908e-33 2.429688836377833543e-33 9.999999999999960032e-01 5.400482720916250679e-33
5.186037800454130764e-01 2.919989424182046933e-33 3.251820836243115338e-33 4.542663977281784758e-33 9.999999999999997780e-01 3.457460730445988652e-33
5.212954833742489136e-01 1.243004043766729174e-32 1.664865101219511586e-32 2.828026728937049903e-32 1.000000000000009548e+00 3.907682654778264615e-32
5.212954833742489136e-01 4.811265756598806410e-33 6.918854728568977155e-33 1.300955802817831485e-32 1.000000000000003775e+00 1.609956192273648475e-32
5.233428344018633549e-01 3.989016262408100798e-33 3.992314864902861112e-33 8.856971924675230551e-33 1.000000000000002665e+00 3.268120236636849608e-32
5.233428344018636880e-01 2.827234667639141206e-33 4.732120970890655500e-33 7.808662374615314121e-33 9.999999999999982236e-01 8.931622689742493930e-33
5.256248724065893940e-01 4.842771439356906309e-33 9.250749087846540764e-33 1.313507230563979604e-32 9.999999999999975575e-01 1.468041750061732638e-32
5.256248724065896161e-01 3.123942653526588735e-33 1.003801038351955200e-32 1.721710443005446042e-32 1.000000000000002220e+00 1.356622443706756433e-32
5.256803373494137732e-01 1.739851802504837332e-33 4.173360240081796718e-33 1.408376518871698055e-32 9.999999999999984457e-01 1.185737954524877108e-32
5.256803373494139953e-01 2.791884202895900260e-33 3.669546751314018728e-33 6.294106867774108193e-33 1.000000000000002442e+00 1.360982309677881108e-32
5.282278784906644375e-01 1.190526602898702927e-32 1.964267152842928404e-32 4.209182830342823022e-32 1.000000000000001332e+00 9.316041244596912324e-33
5.282278784906645486e-01 3.287436716227231703e-33 5.139023669343093641e-33 6.521981233201181408e-33 9.999999999999988898e-01 8.656455991123853562e-33
5.290611583119076977e-01 4.125512263634841179e-33 7.538540502270749731e-33 2.193348627047031723e-32 1.000000000000000888e+00 1.558199739526695281e-32
5.290611583119083638e-01 9.823086278909773185e-33 2.065117326198779653e-32 2.873588775468703419e-32 9.999999999999978906e-01 5.588663904143218421e-33
5.316971947646285113e-01 7.730720033793188410e-33 1.237758744745124100e-32 5.102993419169532539e-32 1.000000000000003775e+00 3.162624479434592334e-32
5.316971947646285113e-01 1.681170054025632216e-33 2.129086862415127383e-33 4.325603472027149832e-33 1.000000000000001332e+00 7.154513989333913037e-33
5.330066506704592699e-01 8.414045596157776838e-33 1.463854725045376736e-32 2.730533309197588918e-32 1.000000000000000000e+00 2.420181156350283714e-32
5.330066506704594920e-01 2.257521282245860474e-33 5.891983369342466572e-33 1.483313852567979243e-32 1.000000000000002220e+00 2.211013236752279373e-32
5.334491122037819943e-01 5.703624746542910596e-33 1.742242395391922580e-32 2.961965302245339488e-32 1.000000000000000444e+00 3.657793996726327644e-32
5.334491122037819943e-01 8.341014158437192414e-33 1.618627149093372896e-32 2.264097176048079676e-32 1.000000000000001998e+00 1.629024576964478770e-32
5.393373536068551966e-01 1.002275701169073987e-32 1.604818533029634413e-32 2.810225202714942891e-32 1.000000000000001332e+00 9.873568530107850547e-33
5.393373536068555296e-01 1.043584520681926158e-32 1.673522729793004566e-32 3.345264158402578599e-32 9.999999999999997780e-01 1.684200681734527732e-32
5.420689299903073133e-01 2.001313325301403258e-32 2.783074714234157546e-32 3.880333597326242536e-32 1.000000000000002442e+00 1.926848327212458583e-32
5.420689299903075353e-01 1.712734836970613564e-32 4.665066868553080491e-32 9.983694092525707168e-32 9.999999999999988898e-01 1.185480787557044487e-32
5.436168270784663692e-01 8.721873777814150005e-33 2.770169464927888849e-32 6.086441284066235512e-32 1.000000000000000000e+00 4.501952368110118801e-32
5.436168270784664802e-01 1.108497505838233926e-32 3.396471313985919080e-32 8.136812590470810515e-32 9.999999999999982236e-01 6.227580326344753521e-32
5.436826174818540913e-01 5.376119861192565499e-33 6.444783036702313653e-33 9.503917107503913179e-33 1.000000000000001332e+00 1.391187293992508107e-32
5.436826174818544244e-01 8.143892029944187029e-33 1.337336737257975285e-32 3.069358906704302365e-32 1.000000000000000444e+00 3.371363095727016359e-32
5.454641760190946931e-01 1.003040133704017666e-32 1.592214256637416039e-32 2.134764521408080086e-32 1.000000000000000666e+00 1.578998384498114953e-32
5.454641760190949151e-01 2.003281162481156781e-32 2.580261179126748283e-32 3.419857545851667875e-32 9.999999999999982236e-01 3.976596597427557573e-32
5.455335780431084247e-01 9.411095866534143960e-33 1.411844766348240530e-32 4.450991631246980177e-32 1.000000000000002442e+00 5.473018548946700216e-32
5.455335780431084247e-01 3.643985020937165548e-33 4.221336588965362482e-33 1.473552215108844570e-32 9.999999999999991118e-01 3.198853621834032884e-32
5.502471222748860358e-01 2.179634291036682672e-33 3.216028074034898207e-33 5.883002381880466100e-33 9.999999999999983347e-01 1.356381694226511044e-32
5.502471222748862578e-01 1.286011386658306069e-32 2.213608074964409382e-32 4.620112205814198612e-32 1.000000000000001776e+00 7.233185298302000244e-32
5.514759866491596441e-01 6.223116702078275211e-33 1.066041558583813572e-32 1.608229597761270885e-32 9.999999999999991118e-01 4.169164716970459355e-32
5.514759866491596441e-01 6.154025698565450829e-33 1.174789455054693135e-32 1.639520766986005226e-32 9.999999999999993339e-01 2.157153544556111912e-32
5.514959128449570258e-01 2.183684545716536622e-32 3.606818783087382296e-32 7.678736558904708271e-32 9.999999999999966693e-01 2.847724210908617784e-32
5.514959128449572479e-01 3.679208177209366531e-33 4.638107480806369223e-33 2.993539051499551616e-32 9.999999999999994449e-01 3.462658929097810416e-32
5.527490281008270445e-01 1.020798080413536845e-32 2.887468210165394665e-32 4.997525214323742234e-32 9.999999999999992228e-01 1.437351049468818859e-32
5.527490281008274886e-01 9.080152430954127671e-33 1.285637711698641587e-32 3.328623744450164232e-32 9.999999999999988898e-01 1.906012017660752317e-31
5.548362064748488809e-01 1.108566975412751011e-32 2.458421064209522809e-32 4.001938892967851491e-32 9.999999999999965583e-01 1.827715521948496867e-32
5.548362064748492140e-01 1.867069368449007148e-32 4.148562676700958977e-32 1.216659800023491730e-31 1.000000000000000888e+00 7.666272407113788877e-32
5.559955208360456425e-01 2.310600662027470790e-32 2.909906250334919830e-32 5.959035381099262773e-32 9.999999999999996669e-01 6.083398400582042534e-32
5.559955208360458645e-01 1.902180896544108893e-32 2.324186038841836793e-32 6.582674484827468040e-32 9.999999999999987788e-01 5.744469276212194317e-32
5.577554287567431102e-01 1.152443116247885400e-32 1.351470971508158161e-32 2.746181644584531711e-32 1.000000000000003109e+00 6.168455947512469824e-32
5.577554287567442204e-01 2.464886747895817363e-32 3.391020661045802830e-32 1.301275360183146114e-31 1.000000000000000888e+00 4.076032297306541449e-32
5.586560075689364080e-01 1.087760349408313065e-32 1.732906256506447049e-32 2.086649887873893269e-32 9.999999999999980016e-01 7.624391038764177283e-32
5.586560075689368521e-01 2.287264774491333540e-32 3.980046221314724050e-32 6.570251216252682103e-32 1.000000000000001332e+00 7.428151331088260866e-32
5.589980149983072577e-01 2.336429086862593228e-32 3.182675707491953579e-32 7.345958091382090618e-32 9.999999999999987788e-01 4.972887874132221783e-32
5.589980149983075908e-01 2.873014358361037378e-32 4.025585075587020332e-32 9.323709765927417042e-32 1.000000000000002442e+00 8.281423285864481907e-32
5.615038707874888679e-01 3.995346608213534111e-32 6.360597640445173774e-32 1.277418240237112849e-31 1.000000000000000444e+00 8.120875389329011498e-32
5.615038707874890900e-01 2.394311723665404327e-32 4.965675963018599981e-32 7.254960228849161726e-32 1.000000000000000666e+00 6.631085453189222307e-32
5.616611814605655395e-01 2.927300714135377223e-32 4.402376265572651457e-32 6.326264207581778242e-32 1.000000000000001554e+00 1.065671010944797972e-31
5.616611814605662056e-01 1.871684094085484949e-32 4.265401166224728838e-32 6.072713701462504017e-32 1.000000000000000444e+00 8.148630272487420323e-32
5.621667545887238937e-01 8.191119093024117351e-33 1.562718016533227358e-32 5.367644340989154584e-32 1.000000000000001332e+00 1.346373015131175662e-31
5.621667545887238937e-01 7.917902235465595338e-33 1.390744882172516964e-32 2.482187158901380981e-32 9.999999999999995559e-01 1.023772200291924101e-31
5.634700677721607986e-01 1.440372495059055851e-32 2.144692239393499276e-32 7.374066235531331097e-32 9.999999999999998890e-01 7.711624352558839452e-32
5.634700677721610207e-01 2.278862695638648596e-32 3.567490759267948529e-32 1.089285181354862974e-31 9.999999999999991118e-01 3.439689461840619970e-32
5.660779061915077737e-01 1.620889432324059830e-32 1.964977454750822442e-32 4.010253838785184817e-32 9.999999999999985567e-01 5.165861250202992853e-32
5.660779061915079957e-01 1.599956011875884534e-32 2.832759365658046443e-32 1.394028760273665061e-31 9.999999999999997780e-01 1.113879688052238152e-31
5.693925417095108132e-01 2.149514342194479685e-32 2.907021862495183495e-32 1.253894982805907874e-31 9.999999999999995559e-01 2.187654547978160196e-31
5.693925417095112573e-01 3.063425346458002368e-33 4.424799290149330159e-33 1.135405781657789080e-32 1.000000000000000666e+00 5.472187349561485327e-32
5.714731098849585855e-01 1.808533654776296727e-32 3.290557710180537041e-32 6.268171731853340977e-32 9.999999999999986677e-01 3.681501390315210195e-32
5.714731098849586965e-01 2.830001250111270541e-32 4.036958509688686889e-32 7.514439118731271710e-32 9.999999999999974465e-01 5.728117394357753181e-32
5.725693830749412072e-01 2.332995079598244419e-32 4.379793625428486269e-32 9.391510615703829096e-32 9.999999999999968914e-01 1.478851153210061630e-31
5.725693830749415403e-01 1.626052278684982243e-32 3.468514570991163663e-32 7.189330092179416760e-32 1.000000000000000222e+00 1.311916945801868886e-31
5.726146609063460513e-01 3.534103005677689708e-32 5.673843726619749078e-32 1.226163643759010960e-31 9.999999999999954481e-01 1.186098658260286090e-31
5.726146609063469395e-01 8.541449450534784075e-33 2.843666313745617322e-32 6.680664439371375019e-32 1.000000000000000888e+00 1.302801345646406958e-31
5.733012203884901847e-01 1.963882174887039184e-32 5.812863812670948107e-32 2.216602394170262485e-31 9.999999999999984457e-01 2.887520616175773987e-31
5.733012203884901847e-01 1.720685525598425134e-32 3.053582760238452852e-32 6.287880184633727439e-32 9.999999999999997780e-01 7.439407226806447182e-32
5.749925342032993214e-01 2.151348253019042349e-32 2.931464084123090161e-32 5.231139791768234726e-32 9.999999999999991118e-01 5.864144844956867166e-32
5.749925342033005427e-01 3.058172254977216065e-32 5.421008866137525063e-32 8.871159329351679057e-32 9.999999999999993339e-01 1.447175971014402995e-31
5.776842623567093327e-01 8.453261484460678101e-33 2.052461666515540992e-32 5.380595519693628397e-32 9.999999999999987788e-01 2.229670962311046780e-31
5.776842623567104429e-01 6.544032333859596083e-32 9.290679333676833026e-32 1.612370587418370950e-31 9.999999999999998890e-01 1.415817256552644380e-31
5.813121740233477830e-01 2.417653990966797418e-32 3.448126614159759057e-32 6.499687981572819463e-32 1.000000000000002665e+00 3.192194017927778923e-31
5.813121740233497814e-01 3.030678545584925421e-32 5.041544631663489932e-32 2.316226828353094498e-31 1.000000000000000444e+00 8.015498199376602036e-32
5.820199952824187672e-01 2.864281285860612255e-32 3.481471445105134794e-32 4.857512677915140015e-32 1.000000000000000444e+00 5.200328317278337051e-32
5.820199952824188783e-01 2.576288751289832003e-32 3.574538666665227091e-32 5.861418134771729465e-32 1.000000000000002220e+00 2.492550012191845562e-31
5.843258282025562966e-01 9.372246335711078193e-33 1.232207146815868711e-32 2.829652004153280531e-32 9.999999999999987788e-01 9.993875516277660815e-32
5.843258282025568517e-01 1.381919204751127420e-32 2.884744346206531192e-32 1.320159177076686829e-31 1.000000000000000000e+00 1.585651812441306043e-31
5.847053547178849842e-01 1.652173198910513617e-32 3.993501855528677853e-32 9.062528089348327571e-32 9.999999999999984457e-01 8.664524206319393165e-32
5.847053547178852062e-01 3.864629336108999565e-32 6.847280499198010341e-32 1.311042780290225647e-31 1.000000000000000444e+00 3.403873280071016765e-31
5.871908422448873788e-01 3.739335171102823664e-32 5.390003344109794770e-32 1.239046342221158408e-31 1.000000000000000444e+00 6.156290124777485824e-31
5.871908422448874898e-01 2.973094158493458100e-32 4.860119443895997972e-32 2.002704086504880304e-31 9.999999999999993339e-01 1.070979736662325268e-30
5.891149311116868903e-01 3.319246756170262136e-32 5.644060104847016631e-32 1.805632521034633073e-31 1.000000000000001332e+00 1.317804216976126728e-30
5.891149311116874454e-01 2.252278054816358046e-32 3.831998592577808302e-32 1.113356780732226544e-31 1.000000000000000444e+00 4.768056405719928880e-32
5.912377101175416705e-01 3.633561416582068408e-32 5.925820024802155224e-32 1.071363332084425238e-31 1.000000000000000222e+00 9.385453259003275224e-32
5.912377101175423366e-01 5.578413115562839716e-32 1.334960940439851843e-31 3.386403145603320838e-31 1.000000000000001110e+00 3.437495691496484971e-31
5.916507014324892122e-01 1.205115807340939915e-31 1.441645344255723518e-31 2.012953907468305735e-31 1.000000000000000222e+00 9.125946446560962757e-31
5.916507014324893232e-01 4.490507410193052828e-32 5.527507280998594263e-32 1.052466456130160775e-31 1.000000000000000222e+00 4.926571566372647266e-31
5.925295945150773624e-01 6.120309510131209605e-32 1.116671701638710867e-31 2.047032843678751198e-31 1.000000000000001332e+00 1.074653914277707377e-31
5.925295945150781396e-01 2.597573181483053141e-32 4.529313381741050068e-32 7.528598240388238219e-32 1.000000000000000000e+00 8.370866742378770368e-32
5.967833535511918308e-01 1.490732045415880992e-32 3.247680957346479177e-32 9.721646099755647784e-32 1.000000000000000000e+00 9.680623492276619760e-32
5.967833535511922749e-01 8.282928795259365892e-32 1.038419541493660786e-31 1.676109359164920512e-31 1.000000000000000222e+00 2.027925917130382482e-30
6.010345634255237490e-01 5.245287005531951534e-32 9.551307692885985602e-32 1.794323104164397818e-31 9.999999999999991118e-01 8.303480942544617954e-31
6.010345634255238600e-01 3.176694000129374255e-32 6.012923081330849447e-32 1.589284029786427120e-31 9.999999999999997780e-01 1.204330521642009489e-31
6.011494123016034585e-01 4.678497524068340620e-32 8.661775699805574931e-32 1.824424162898384711e-31 9.999999999999992228e-01 6.799179612089578156e-31
6.011494123016039026e-01 6.498535633751265374e-32 1.079506445491345999e-31 3.697028374916840495e-31 1.000000000000000888e+00 1.850263147595876756e-30
6.011654147170426565e-01 7.462893525277927249e-32 1.041254603598662991e-31 1.966916634293562509e-31 1.000000000000001554e+00 4.090512221125847845e-31
6.011654147170427676e-01 5.196874737153956800e-32 6.676461230578486923e-32 1.114269064815647767e-31 9.999999999999985567e-01 6.483864422028422060e-31
6.025062397613395460e-01 3.052261803391670414e-32 4.070198633296898726e-32 1.045512332801791448e-31 9.999999999999996669e-01 8.388521872077912666e-31
6.025062397613403231e-01 5.744524614746291414e-32 9.783773931890388060e-32 1.626073947397813189e-31 9.999999999999985567e-01 1.628565677710231650e-30
