-6.127750489587645982e-03 2.016380915446841287e-04 1.733181777897306987e-03 9.936753027087757983e-01 9.664361032564137136e-33 4.389877421785940738e-03
-6.127750489587907058e-03 2.016380915446814995e-04 1.733181777897270341e-03 9.936753027087762424e-01 1.254275249782572949e-32 4.389877421785945942e-03
-8.048824077775481797e-03 5.884311168739242122e-04 2.700466309883652050e-03 9.932571863208040641e-01 4.863876040876401991e-32 3.453916252445860674e-03
-8.048824077775733332e-03 5.884311168739183575e-04 2.700466309883623427e-03 9.932571863208021767e-01 4.654812012755698283e-32 3.453916252445860240e-03
-1.142944957899842337e-02 9.474320630500722212e-04 3.614893043894243374e-03 9.930156898349072891e-01 4.992345813269802175e-33 2.421985058154054685e-03
-1.142944957899865929e-02 9.474320630500638728e-04 3.614893043894224292e-03 9.930156898349028483e-01 1.672520065509333008e-32 2.421985058154047746e-03
-1.639978855232038235e-02 1.151909609429457209e-03 4.184254727552064700e-03 9.930859668228507742e-01 2.250511487263793726e-32 1.577868840171578425e-03
-1.639978855232052460e-02 1.151909609429453306e-03 4.184254727552082914e-03 9.930859668228493309e-01 3.555110549343532446e-32 1.577868840171573438e-03
-2.001731430067142312e-02 9.911808160874436419e-04 1.964074135157145226e-02 9.663165144681886698e-01 1.628997813767295746e-32 1.305156336415315595e-02
-2.001731430067172496e-02 9.911808160874336672e-04 1.964074135157138634e-02 9.663165144681894470e-01 2.233525477582873143e-32 1.305156336415317850e-02
-2.085384609460250172e-02 2.270418609677726882e-03 2.047697318209971279e-02 9.669048546083479634e-01 2.589435834107274234e-32 1.034775359987529647e-02
-2.085384609460276539e-02 2.270418609677698259e-03 2.047697318209964340e-02 9.669048546083474083e-01 1.692343103622123366e-32 1.034775359987530514e-02
-2.287527676686146663e-02 3.369183586961014935e-03 2.048819205574557711e-02 9.685476340124224981e-01 4.451157016361395943e-32 7.594990344871980180e-03
-2.287527676686160194e-02 3.369183586960993251e-03 2.048819205574556324e-02 9.685476340124219430e-01 1.429294901546170369e-31 7.594990344871997527e-03
-2.302842127286143514e-02 1.217731069461232447e-03 4.363635743036313290e-03 9.934116451725392150e-01 8.791624418658166323e-32 1.006988014963688602e-03
-2.302842127286164331e-02 1.217731069461224424e-03 4.363635743036394822e-03 9.934116451725392150e-01 8.175838955106403504e-32 1.006988014963672339e-03
-2.645584656163341500e-02 4.053559719999405564e-03 1.988601835145881874e-02 9.708598268344246218e-01 2.683208717678846914e-32 5.200595094118552059e-03
-2.645584656163355031e-02 4.053559719999392554e-03 1.988601835145882568e-02 9.708598268344230675e-01 1.188990185886365639e-32 5.200595094118541650e-03
-3.127042531880996901e-02 1.355233543233558356e-03 6.770500925981443041e-03 9.910434494012270168e-01 2.043486426517877365e-31 8.308161295587567982e-04
-3.127042531881008697e-02 1.355233543233803819e-03 6.770500925983588027e-03 9.910434494012241302e-01 2.258058893152956409e-31 8.308161295590135373e-04
-3.124353009574660778e-01 2.184087595434817952e-02 4.552885276502730005e-01 5.212349698019201893e-01 2.316818948262757128e-31 1.635626593458685239e-03
-3.124353009574668549e-01 2.184087595437100501e-02 4.552885276493819355e-01 5.212349698027900491e-01 2.586927663845033987e-31 1.635626593457521240e-03
-3.125070686135759668e-01 3.308775895819287410e-02 2.051877667503362590e-01 7.604138946952656575e-01 3.978546455742450987e-31 1.310579596205293769e-03
-3.125070686135763554e-01 3.308775895817852447e-02 2.051877667503604341e-01 7.604138946952563316e-01 3.758143382730534340e-31 1.310579596204661463e-03
-3.129331593707829207e-01 1.135000670218753727e-01 5.020089164902677981e-01 3.792878153273657182e-01 4.335666554665247169e-31 5.203201160491414609e-03
-3.129331593707829207e-01 1.135000670218183627e-01 5.020089164901188061e-01 3.792878153275729969e-01 3.121341360825260735e-31 5.203201160488613031e-03
-3.131179191171287179e-01 1.372035116765087104e-02 6.182749614467766136e-02 9.238054481297144349e-01 2.390876559555979347e-31 6.467045579567901525e-04
-3.131179191171290510e-01 1.372035116762076491e-02 6.182749614455079756e-02 9.238054481298729748e-01 1.195242373407376054e-31 6.467045579547971721e-04
-3.144480606261095268e-01 7.643931869981764222e-03 4.956283203713639507e-01 4.952569947592456723e-01 4.288760112873815333e-31 1.470752999407845627e-03
-3.144480606261099154e-01 7.643931870004543744e-03 4.956283203714016983e-01 4.952569947591837218e-01 5.988136611363981305e-31 1.470752999408797557e-03
-3.147465677881721158e-01 1.459150267568839199e-01 7.459436953636888745e-01 1.020481585884852049e-01 1.944587052943552898e-31 6.093119290939991856e-03
-3.147465677881721713e-01 1.459150267568234405e-01 7.459436953635667500e-01 1.020481585886687387e-01 1.932498485577335259e-31 6.093119290938129630e-03
-3.163752701226676955e-01 5.808926645975830139e-02 1.976637869086126098e-01 7.397908176987808559e-01 2.688351544320920709e-31 4.456128932847471316e-03
-3.163752701226681951e-01 5.808926645977237346e-02 1.976637869121335433e-01 7.397908176952883164e-01 6.275355984995550047e-31 4.456128932805909076e-03
-3.163854775194505642e-01 4.707635835965486709e-02 4.327615710347573197e-01 5.173897410330384750e-01 7.535037236121211755e-31 2.772329572549071114e-03
-3.163854775194508417e-01 4.707635835966707955e-02 4.327615710356422229e-01 5.173897410321511847e-01 1.600282519237073974e-31 2.772329572539171914e-03
-3.164307136759413330e-01 1.921380535980258542e-01 5.352747180019772344e-01 2.511180113989306406e-01 4.142113954147225362e-31 2.146921700106518144e-02
-3.164307136759413885e-01 1.921380535980388160e-01 5.352747180019903350e-01 2.511180113989017193e-01 4.832760051581798451e-31 2.146921700106696126e-02
-3.165859095674530277e-01 7.712145441516807254e-02 3.613306577677013465e-01 5.567227513786008330e-01 4.046666683046805144e-31 4.825136438529470384e-03
-3.165859095674535828e-01 7.712145441515708133e-02 3.613306577675499121e-01 5.567227513787744719e-01 2.477971674359396275e-31 4.825136438517675132e-03
-3.171536248543175840e-01 1.002267382163151005e-01 3.676089826401336413e-01 5.250096766529559478e-01 1.486707270579233532e-31 7.154602490595124778e-03
-3.171536248543177505e-01 1.002267382163181952e-01 3.676089826401220950e-01 5.250096766529647185e-01 1.940079119928929862e-31 7.154602490595029368e-03
-3.178013611687312556e-01 2.073098903050500999e-02 4.798173127166118768e-01 4.967440700673033116e-01 8.816959217713839116e-32 2.707628185580124303e-03
-3.178013611687316997e-01 2.073098903054976933e-02 4.798173127164695462e-01 4.967440700673985687e-01 1.404173120256980935e-31 2.707628185581470882e-03
-3.183983489213068618e-01 8.447194285262488167e-02 2.274953742167275528e-01 6.806821276411952892e-01 5.373104811729813655e-31 7.350555289451205128e-03
-3.183983489213072504e-01 8.447194285271855674e-02 2.274953742169382731e-01 6.806821276408826504e-01 6.316265978783628414e-31 7.350555289460365335e-03
-3.184993771284767572e-01 1.746746947862315436e-01 4.218212841507681388e-01 3.879037041003405850e-01 4.333258886447427215e-31 1.560031696265824080e-02
-3.184993771284771458e-01 1.746746947862730659e-01 4.218212841508601763e-01 3.879037041002026398e-01 1.510614861179639509e-31 1.560031696266290721e-02
-3.189282343189407953e-01 9.540768665814151894e-02 2.637953259488086122e-01 6.332954629156228865e-01 1.222205931476118142e-31 7.501524477426184390e-03
-3.189282343189409064e-01 9.540768665812823790e-02 2.637953259487810231e-01 6.332954629156667403e-01 4.901080303619514581e-31 7.501524477425068962e-03
-3.209810176590268682e-01 6.738627195907492817e-02 4.394535153995402510e-01 4.891830055189518855e-01 1.496259774800082057e-31 3.977207122432910129e-03
-3.209810176590274233e-01 6.738627195908648837e-02 4.394535153995432486e-01 4.891830055189355653e-01 9.744044944896388298e-32 3.977207122434071526e-03
-3.212630663203413506e-01 1.462308868555280139e-01 6.941238613954546777e-01 1.537555614915714630e-01 4.058411176154753263e-31 5.889690257444894772e-03
-3.212630663203416836e-01 1.462308868555340091e-01 6.941238613954828773e-01 1.537555614915372681e-01 2.746849516039652277e-31 5.889690257445013601e-03
-3.221014416801258884e-01 1.816131337294053447e-02 4.837289115789930039e-01 4.963670319130326081e-01 2.763644603297292219e-31 1.742743135033891777e-03
-3.221014416801261659e-01 1.816131337294020487e-02 4.837289115789871197e-01 4.963670319130391584e-01 1.846801460253042363e-31 1.742743135033803740e-03
-3.244170904489299678e-01 1.139943055079241929e-01 4.693046646521868981e-01 4.120502319776636058e-01 2.073429254338741825e-31 4.650797862225330981e-03
-3.244170904489301899e-01 1.139943055079319090e-01 4.693046646522061605e-01 4.120502319776362388e-01 1.294523360848411477e-31 4.650797862225838387e-03
-3.246652123261452028e-01 3.092428778568313830e-02 2.866417289447884542e-01 6.809534570499451434e-01 6.248106430828109917e-31 1.480526219582845634e-03
-3.246652123261456468e-01 3.092428778568831124e-02 2.866417289448116579e-01 6.809534570499171657e-01 3.092043018365153663e-31 1.480526219582919793e-03
-3.251654459667586705e-01 7.910438923098757347e-02 3.481664739617627569e-01 5.697150436840233700e-01 4.343585806899438609e-31 3.014093123227253729e-03
-3.251654459667590591e-01 7.910438923096346775e-02 3.481664739616835980e-01 5.697150436841269538e-01 2.107065433323500752e-31 3.014093123226138302e-03
-3.258407403599801744e-01 4.094287822458148735e-02 4.261263482562168692e-01 5.309736592706510994e-01 3.650848949241284872e-31 1.957114248550691129e-03
-3.258407403599802299e-01 4.094287822457379905e-02 4.261263482562018812e-01 5.309736592706731928e-01 8.112471119919723684e-31 1.957114248551552853e-03
-3.263540334434801293e-01 4.545188884787818018e-02 1.981226745878248430e-01 7.530106522067898656e-01 8.136880322196636935e-31 3.414784357507526756e-03
-3.263540334434805734e-01 4.545188884787772221e-02 1.981226745877644746e-01 7.530106522068495956e-01 3.186036795205343617e-31 3.414784357508216742e-03
-3.265009212064117761e-01 1.075621189485159168e-01 4.118718446719089599e-01 4.742511308516611512e-01 2.717357186800299162e-31 6.314905527914534134e-03
-3.265009212064119426e-01 1.075621189485126139e-01 4.118718446719016324e-01 4.742511308516715318e-01 1.658219238233097713e-31 6.314905527913977287e-03
-3.274069663769255123e-01 4.437938677236738516e-02 4.749208539231294379e-01 4.773705663374849806e-01 1.083081402609431086e-31 3.329192967019245844e-03
-3.274069663769261784e-01 4.437938677239471053e-02 4.749208539231381532e-01 4.773705663374455677e-01 1.999698457498594690e-31 3.329192967023205350e-03
-3.276253804670399838e-01 8.875598199784488773e-02 2.221607070622044211e-01 6.783928502560518936e-01 6.643187744096502431e-32 1.069046068389814183e-02
-3.276253804670402059e-01 8.875598199786680076e-02 2.221607070621963442e-01 6.783928502560337970e-01 9.690346238023605136e-32 1.069046068390255497e-02
-3.276747768056367249e-01 2.327893519797881727e-01 5.244245507593333633e-01 2.137138477444603668e-01 2.573481806112039217e-31 2.907224951641668859e-02
-3.276747768056369470e-01 2.327893519797691324e-01 5.244245507593208178e-01 2.137138477444953943e-01 3.201011289609911715e-31 2.907224951641372221e-02
-3.288755088684719441e-01 9.361426072871045778e-02 3.449405754090691945e-01 5.557015231903783548e-01 7.585231472972805141e-32 5.743640671841979128e-03
-3.288755088684723327e-01 9.361426072871892323e-02 3.449405754090902887e-01 5.557015231903476016e-01 1.984255021870636566e-31 5.743640671842710314e-03
-3.299408430202792064e-01 1.308461738093741056e-01 5.681120065078635317e-01 2.960619142596493392e-01 1.558361788421334664e-31 4.979905423112244642e-03
-3.299408430202793174e-01 1.308461738093709970e-01 5.681120065078895109e-01 2.960619142596265796e-01 1.010103410367243970e-31 4.979905423111974025e-03
-3.307788936973253824e-01 2.240518491553305513e-01 5.077080571228588246e-01 2.574910438738526319e-01 3.258000931224174047e-32 1.074904984795821590e-02
-3.307788936973258820e-01 2.240518491553403213e-01 5.077080571228598238e-01 2.574910438738403085e-01 5.092504116928376131e-32 1.074904984795899479e-02
-3.316835325009327984e-01 1.787242059454149934e-01 4.517111334867579542e-01 3.495530760185694419e-01 7.821012301160751561e-32 2.001158454925703115e-02
-3.316835325009332980e-01 1.787242059454279275e-01 4.517111334867754402e-01 3.495530760185381336e-01 4.260527893624191080e-31 2.001158454925809974e-02
-3.321624549369673329e-01 6.309032047038846958e-02 2.629339711446676553e-01 6.714989763158932812e-01 4.590388765258857224e-32 2.476732069050666379e-03
-3.321624549369678325e-01 6.309032047036822188e-02 2.629339711446446182e-01 6.714989763159380232e-01 5.325134769995783292e-32 2.476732069049775598e-03
-3.324516879099983502e-01 2.800068360322036654e-01 5.266454827715745246e-01 1.810296577305199328e-01 3.935361657108431185e-31 1.231802346570125620e-02
-3.324516879099985722e-01 2.800068360322108818e-01 5.266454827715874032e-01 1.810296577305010035e-01 2.297080633291939388e-31 1.231802346570176968e-02
-3.325969196326163946e-01 1.598329139580436098e-01 8.168755077731633119e-01 1.745264192729108904e-02 2.952491593239980966e-32 5.838936341502123754e-03
-3.325969196326164501e-01 1.598329139580449143e-01 8.168755077731710834e-01 1.745264192728028518e-02 4.193627744740749504e-32 5.838936341502154112e-03
-3.347595482476397044e-01 6.988336362877053953e-02 4.150540081738925968e-01 5.117310511656139038e-01 3.178023778903811558e-32 3.331577031721953252e-03
-3.347595482476397599e-01 6.988336362877062280e-02 4.150540081738925413e-01 5.117310511656144589e-01 2.821027298322193419e-32 3.331577031722020472e-03
-3.348018021283804546e-01 3.867344040499566538e-02 2.027528298809658236e-01 7.568975500360247688e-01 1.835162581369777820e-31 1.676179678013409169e-03
-3.348018021283804546e-01 3.867344040499708785e-02 2.027528298809744833e-01 7.568975500360146658e-01 2.371917265337358534e-31 1.676179678013534286e-03
-3.358677910034412739e-01 5.988527506908421227e-02 2.764077293918000278e-01 6.603159022824264257e-01 7.644159502774281814e-32 3.391093256689903680e-03
-3.358677910034414960e-01 5.988527506912660892e-02 2.764077293919187661e-01 6.603159022822603363e-01 5.288571928830204462e-32 3.391093256693046565e-03
-3.361137798256936260e-01 9.996968140743667242e-02 2.589876491484152665e-01 6.357720105115860498e-01 1.296680047052177355e-31 5.270658932561952253e-03
-3.361137798256937370e-01 9.996968140744259823e-02 2.589876491484387477e-01 6.357720105115571840e-01 1.236527413870093688e-31 5.270658932561919294e-03
-3.363428779233132992e-01 1.630918157161487247e-01 7.993163157158624799e-01 3.183246612636515815e-02 7.022968106423728733e-32 5.759402441623352742e-03
-3.363428779233134103e-01 1.630918157161493909e-01 7.993163157158686971e-01 3.183246612635839967e-02 3.178428945446247343e-32 5.759402441623364885e-03
-3.363771458344272935e-01 1.320494112384320018e-01 4.233072942449485065e-01 4.389027730892864909e-01 3.768264682680055746e-31 5.740521427333159475e-03
-3.363771458344274601e-01 1.320494112383943097e-01 4.233072942448808385e-01 4.389027730893932944e-01 6.760550811830002492e-32 5.740521427331968587e-03
-3.369342168991080189e-01 6.213636947367278535e-02 3.781735285041374905e-01 5.570911347233391542e-01 2.753854761139151939e-31 2.598967298851416908e-03
-3.369342168991081854e-01 6.213636947366865670e-02 3.781735285041161188e-01 5.570911347233648003e-01 1.626019940374094002e-31 2.598967298851195297e-03
-3.382075790075600441e-01 3.020027069086202443e-01 5.064498706356724833e-01 1.758455029796962832e-01 1.532293549423202126e-31 1.570191947601071863e-02
-3.382075790075602661e-01 3.020027069086169691e-01 5.064498706356755919e-01 1.758455029796993918e-01 1.139626857609887212e-31 1.570191947600835594e-02
-3.386859283801857967e-01 2.392367680060198676e-01 5.305383085807922061e-01 1.876926406040284601e-01 1.270790444438286437e-31 4.253228280915965359e-02
-3.386859283801858522e-01 2.392367680060185076e-01 5.305383085807933163e-01 1.876926406040285711e-01 1.352328834428284477e-31 4.253228280915916787e-02
-3.391396786950762188e-01 2.084835327946817363e-01 4.678940559200996940e-01 3.115134662485448125e-01 3.168195201338560637e-32 1.210894503667261576e-02
-3.391396786950762743e-01 2.084835327946747696e-01 4.678940559201011928e-01 3.115134662485508077e-01 1.871387455463361968e-31 1.210894503667226535e-02
-3.405284755681479147e-01 5.248638791464062606e-03 1.966823912423883158e-02 9.748693637634856524e-01 4.830656537979191914e-32 2.137583208097096712e-04
-3.405284755681479703e-01 5.248638791473188986e-03 1.966823912426985191e-02 9.748693637634466835e-01 5.952998026429761146e-32 2.137583208100583777e-04
-3.408040533241618042e-01 7.395029580575741834e-02 4.470951686452652174e-01 4.761841183169873704e-01 3.128334439920259224e-32 2.770417231988978220e-03
-3.408040533241620262e-01 7.395029580576184536e-02 4.470951686452820373e-01 4.761841183169662761e-01 4.887183375988486805e-32 2.770417231989102252e-03
-3.412538516543873746e-01 1.687223762421786732e-01 5.636071907514267343e-01 2.614044525151175691e-01 5.353587082819231089e-32 6.265980491276895020e-03
-3.412538516543874856e-01 1.687223762421866391e-01 5.636071907514609292e-01 2.614044525150753806e-01 3.460537218260753365e-32 6.265980491277301813e-03
-3.419883397108647305e-01 6.570604020656140715e-03 5.000829583521245736e-01 4.919614779770714597e-01 3.735127168461656619e-32 1.384959650147862039e-03
-3.419883397108649525e-01 6.570604020655406927e-03 5.000829583521211319e-01 4.919614779770759005e-01 1.815748406869919006e-31 1.384959650147635874e-03
-3.419987067101139533e-01 1.440849425464957312e-01 5.451074769042362211e-01 3.054082852792612268e-01 1.721334542303845601e-31 5.399295270008191289e-03
-3.419987067101141198e-01 1.440849425464868494e-01 5.451074769042023593e-01 3.054082852793021940e-01 1.135374172568128251e-31 5.399295270008075062e-03
-3.426444430776945937e-01 7.674709247732236506e-02 3.715982852077571730e-01 5.486112899771959928e-01 8.058742914722109512e-33 3.043332337723713300e-03
-3.426444430776945937e-01 7.674709247731748007e-02 3.715982852077355791e-01 5.486112899772231932e-01 2.211986957026875134e-32 3.043332337723566716e-03
-3.437253922079404611e-01 1.162351576972281419e-01 2.732750544534101600e-01 6.043786768607053439e-01 3.186000620161838038e-32 6.111110988656718451e-03
-3.437253922079405166e-01 1.162351576971827338e-01 2.732750544532827064e-01 6.043786768608827575e-01 2.717160244771018170e-32 6.111110988652589809e-03
-3.439853739181670811e-01 9.031394741603669674e-02 2.977892982756422113e-01 6.022161088836962550e-01 3.736266432509216228e-33 9.680645424625374668e-03
-3.439853739181674697e-01 9.031394741601553311e-02 2.977892982755682150e-01 6.022161088837881815e-01 1.274824600438810196e-32 9.680645424627938589e-03
-3.441236187468641461e-01 1.336406124879902999e-02 4.836690313216907011e-01 5.000847893856582571e-01 1.348517194685107647e-32 2.882118043852878279e-03
-3.441236187468644792e-01 1.336406124879380847e-02 4.836690313216894244e-01 5.000847893856646964e-01 9.477788941187844856e-33 2.882118043852472354e-03
-3.444832499609614129e-01 9.253820441134233410e-02 4.486833703612461699e-01 4.527694115496811444e-01 2.399202135551160530e-32 6.009013677731125241e-03
-3.444832499609615239e-01 9.253820441134225083e-02 4.486833703612450597e-01 4.527694115496825322e-01 9.511572487772092798e-32 6.009013677730549313e-03
-3.446060380729555339e-01 1.198847933895950124e-01 4.332122101390939450e-01 4.318139809820595865e-01 2.787904210910564420e-32 1.508901548925401306e-02
-3.446060380729557560e-01 1.198847933895749035e-01 4.332122101390262214e-01 4.318139809821478492e-01 2.953553507947592552e-33 1.508901548925274325e-02
-3.450185471531374004e-01 9.719982184837350214e-02 3.303021205453479103e-01 5.626451699241150628e-01 1.115820429950520653e-32 9.852887682164116270e-03
-3.450185471531375114e-01 9.719982184838416028e-02 3.303021205453133824e-01 5.626451699241372673e-01 8.534340668264404940e-33 9.852887682165540478e-03
-3.466547242035503129e-01 2.239530137201610760e-01 4.775632501453259127e-01 2.875819058783803950e-01 1.993374498210754013e-32 1.090183025613450027e-02
-3.466547242035503684e-01 2.239530137201707349e-01 4.775632501453387913e-01 2.875819058783560811e-01 3.782889841514289807e-32 1.090183025613500854e-02
-3.470271794724159586e-01 2.198306554782710476e-01 4.429984177445205895e-01 3.232344982486561324e-01 5.703586780747040169e-32 1.393642852855125208e-02
-3.470271794724160697e-01 2.198306554783017730e-01 4.429984177445234206e-01 3.232344982486209939e-01 2.105457756927214420e-31 1.393642852855319671e-02
-3.471410074355499309e-01 4.160203859819535527e-02 2.207985926594011883e-01 7.358022732040141456e-01 3.223723731092508663e-31 1.797095538389175328e-03
-3.471410074355499309e-01 4.160203859820629790e-02 2.207985926594195902e-01 7.358022732039839475e-01 1.042566733844748766e-31 1.797095538389876374e-03
-3.475184740595624322e-01 6.345211597260527747e-02 4.902105704387196838e-01 4.409832098181198368e-01 2.326865644336419562e-32 5.354103770555340702e-03
-3.475184740595626542e-01 6.345211597252831126e-02 4.902105704387286211e-01 4.409832098181927229e-01 5.755422138037544202e-32 5.354103770550548529e-03
-3.480514474788969359e-01 3.608242913114928507e-02 1.534769422036181830e-01 8.090493019508911976e-01 2.515609272360548133e-32 1.391326714341441055e-03
-3.480514474788971024e-01 3.608242913114834832e-02 1.534769422036169617e-01 8.090493019508935291e-01 1.573768763706831512e-31 1.391326714341345428e-03
-3.496323405322251388e-01 5.904446918197664429e-02 3.875776172805285302e-01 5.501274682443737518e-01 1.053303070018366624e-33 3.250445293121281831e-03
-3.496323405322251388e-01 5.904446918196016442e-02 3.875776172804473729e-01 5.501274682444731168e-01 1.715602530362874384e-33 3.250445293119399656e-03
-3.497720156761874866e-01 4.147541922557793082e-02 2.284759217526764474e-01 7.276109761199772707e-01 6.044612889951762644e-33 2.437682901768451621e-03
-3.497720156761875421e-01 4.147541922557075600e-02 2.284759217526420860e-01 7.276109761200200143e-01 1.330066732263410141e-32 2.437682901767620688e-03
-3.501672471829841982e-01 6.963283402513920084e-02 4.021611467846248900e-01 5.254549377654710307e-01 2.940640084627140801e-32 2.751081424764796092e-03
-3.501672471829842537e-01 6.963283402513788245e-02 4.021611467846238352e-01 5.254549377654735842e-01 8.761847822455329201e-33 2.751081424764788286e-03
-3.517346265114313919e-01 6.477025790772464320e-02 4.953058367311414800e-01 4.374144178867328536e-01 2.125857412397712134e-32 2.509487474400985858e-03
-3.517346265114314474e-01 6.477025790776008707e-02 4.953058367311670152e-01 4.374144178866709032e-01 5.110444374039209813e-32 2.509487474401879675e-03
-3.519767771265807088e-01 9.532471769093756042e-02 5.626993784710263569e-01 3.386207106453781313e-01 1.207592833345599604e-32 3.355193192658373867e-03
-3.519767771265807643e-01 9.532471769098725678e-02 5.626993784710665469e-01 3.386207106452867044e-01 6.958013831943772033e-32 3.355193192659664068e-03
-3.539887621973079046e-01 8.768219035017657537e-02 3.057251068775169722e-01 5.993636240324854425e-01 9.609983261440862071e-32 7.229078739821207661e-03
-3.539887621973080711e-01 8.768219035016433516e-02 3.057251068774952119e-01 5.993636240325210807e-01 1.274491740330755883e-31 7.229078739820243155e-03
-3.542735221415188596e-01 4.223768031023895225e-02 4.420688080885462057e-01 5.140161201252846368e-01 3.449896262074875294e-32 1.677391475931857374e-03
-3.542735221415189706e-01 4.223768031024337233e-02 4.420688080885498694e-01 5.140161201252748668e-01 3.028234096254742423e-31 1.677391475931979238e-03
-3.551487740125382486e-01 1.440556255600020930e-01 4.226606286030968329e-01 4.210943006272866440e-01 1.517606295459926090e-31 1.218944520961546749e-02
-3.551487740125382486e-01 1.440556255600128899e-01 4.226606286031201476e-01 4.210943006272502842e-01 8.144651277634446826e-32 1.218944520961698710e-02
-3.551737284092507108e-01 5.245802781131807258e-02 1.710603514214537602e-01 7.741500565621866059e-01 1.780835770779969155e-31 2.331564205041390496e-03
-3.551737284092507108e-01 5.245802781133801496e-02 1.710603514215250365e-01 7.741500565620951235e-01 1.629429599549696700e-32 2.331564205042225765e-03
-3.556253522082921115e-01 1.510358352211946809e-01 7.415781773945510080e-01 1.025757788296295520e-01 9.264236134147660368e-33 4.810208554624991611e-03
-3.556253522082921115e-01 1.510358352211859656e-01 7.415781773945095967e-01 1.025757788296802336e-01 1.194074093231914593e-32 4.810208554624679361e-03
-3.556646167200693265e-01 8.475358698610085950e-02 2.596007345569461000e-01 6.522958421008868690e-01 7.354000016203523373e-33 3.349836356066612526e-03
-3.556646167200694930e-01 8.475358698611640262e-02 2.596007345569954494e-01 6.522958421008221430e-01 4.928166330997334476e-32 3.349836356067260011e-03
-3.560326898584836308e-01 6.047682243907778754e-02 2.352163237913262872e-01 7.018509266966392879e-01 2.165682712947538676e-32 2.455927072956827321e-03
-3.560326898584838529e-01 6.047682243909469069e-02 2.352163237914470240e-01 7.018509266965018423e-01 5.549181444500406855e-32 2.455927072956494255e-03
-3.571400834344704012e-01 8.327491016170943117e-02 4.910760707792832802e-01 4.216734975070801639e-01 3.784534177817594464e-32 3.975521551928455286e-03
-3.571400834344704567e-01 8.327491016171199856e-02 4.910760707792911073e-01 4.216734975070689506e-01 5.776678265192961877e-32 3.975521551928512531e-03
-3.576311587755317545e-01 2.045080609902011903e-01 5.309551925239814896e-01 2.533217524622837780e-01 2.254253879594615064e-32 1.121499402353324897e-02
-3.576311587755321431e-01 2.045080609902384661e-01 5.309551925240029169e-01 2.533217524622234929e-01 4.413803364807792676e-32 1.121499402353534104e-02
-3.588696993921380862e-01 1.829016325237403096e-01 4.441368008317856386e-01 3.647197238239170414e-01 4.238815214175052255e-32 8.241842820557135352e-03
-3.588696993921381972e-01 1.829016325237577401e-01 4.441368008317626015e-01 3.647197238239204831e-01 1.572134311649277864e-32 8.241842820559392227e-03
-3.590642293783984917e-01 2.779363288387389774e-01 4.536209376256100656e-01 2.421357226013428066e-01 2.485727894925114604e-32 2.630701093430764387e-02
-3.590642293783986028e-01 2.779363288387330932e-01 4.536209376256065129e-01 2.421357226013531871e-01 2.180229080339722832e-32 2.630701093430749468e-02
-3.592468114890577935e-01 1.705823078375058865e-01 8.097937463643223310e-01 1.443210075850365204e-02 9.619633880070157648e-33 5.191845039665022622e-03
-3.592468114890579045e-01 1.705823078375074409e-01 8.097937463643245515e-01 1.443210075850263896e-02 3.976397913471842609e-32 5.191845039665064256e-03
-3.596888581839920995e-01 1.023558602232213788e-01 3.437851605766003016e-01 5.498810870487835789e-01 3.203559340736957427e-32 3.977892151395357422e-03
-3.596888581839922661e-01 1.023558602232992887e-01 3.437851605766318319e-01 5.498810870486708913e-01 2.247071344129768043e-32 3.977892151397842413e-03
-3.599116993228212991e-01 2.292097305646906835e-01 4.294468814667970480e-01 3.333792528358518470e-01 7.012568080644105333e-32 7.964135132660216804e-03
-3.599116993228215766e-01 2.292097305647184391e-01 4.294468814668098711e-01 3.333792528358118790e-01 1.936336362904489478e-32 7.964135132660813549e-03
-3.605683149418982825e-01 3.139003973082185039e-01 4.919388802195830968e-01 1.839660064698296071e-01 1.979520898101130131e-31 1.019471600237020076e-02
-3.605683149418983935e-01 3.139003973082233334e-01 4.919388802195765464e-01 1.839660064698320774e-01 2.441354623588778909e-31 1.019471600237042974e-02
-3.616087692499820316e-01 1.788506439894648747e-01 5.365090240585075332e-01 2.767093883003465260e-01 3.820110138103969956e-31 7.930943651681175363e-03
-3.616087692499820316e-01 1.788506439894432809e-01 5.365090240584716730e-01 2.767093883004039245e-01 2.274388684824659247e-31 7.930943651680885664e-03
-3.616191587163170018e-01 6.961048573712955156e-02 1.709773900756707543e-01 7.566917031522335524e-01 9.566759107504519267e-32 2.720421034965580555e-03
-3.616191587163172239e-01 6.961048573710480747e-02 1.709773900756396126e-01 7.566917031522887305e-01 1.320904522020471824e-31 2.720421034964220532e-03
-3.639221294587703381e-01 1.255137858536641837e-01 5.236285002403222588e-01 3.456463009288635591e-01 8.070462831874465220e-32 5.211412977150655865e-03
-3.639221294587704492e-01 1.255137858536593543e-01 5.236285002403122668e-01 3.456463009288796573e-01 2.839602700384569997e-32 5.211412977150029630e-03
-3.640948920337052641e-01 2.221125356016472041e-01 4.816729919907055679e-01 2.894863082339819704e-01 7.623151859472311986e-31 6.728164173664172472e-03
-3.640948920337055972e-01 2.221125356016563912e-01 4.816729919907125623e-01 2.894863082339672045e-01 9.680462296038151599e-32 6.728164173664351148e-03
-3.648254950435527166e-01 4.042963964492790607e-02 1.759840724893900477e-01 7.811409741687510566e-01 7.351327185992820603e-32 2.445313696930189080e-03
-3.648254950435527721e-01 4.042963964492098800e-02 1.759840724893854125e-01 7.811409741687632691e-01 1.455779005394313629e-31 2.445313696930050736e-03
-3.653819578090560793e-01 1.584073430064542598e-01 7.099222173505943534e-01 1.270233091443087325e-01 4.225855539199094411e-31 4.647130498641693225e-03
-3.653819578090564124e-01 1.584073430064609767e-01 7.099222173506197775e-01 1.270233091442781181e-01 9.739548712477748466e-32 4.647130498641858024e-03
-3.654869564125320380e-01 1.609858364036564349e-01 4.695333314139055192e-01 3.604703096926993311e-01 3.471388886809325255e-31 9.010522489737460630e-03
-3.654869564125320935e-01 1.609858364036596545e-01 4.695333314139064629e-01 3.604703096926950012e-01 4.759916905782993992e-31 9.010522489737601143e-03
-3.656279887187338096e-01 5.933473335266803428e-02 4.412553517194005015e-01 4.972614590257512512e-01 2.386917721362622354e-31 2.148455902180846158e-03
-3.656279887187339761e-01 5.933473335266306603e-02 4.412553517193982255e-01 4.972614590257583567e-01 8.528394415094674711e-32 2.148455902180687431e-03
-3.670650265170984361e-01 7.366943172902745696e-02 3.798045556911332499e-01 5.442035137592188265e-01 1.665144488657004241e-31 2.322498820620758509e-03
-3.670650265170986581e-01 7.366943172902842840e-02 3.798045556911413545e-01 5.442035137592104999e-01 4.662960598113786889e-31 2.322498820620738126e-03
-3.672254022284943131e-01 3.149280880283190642e-01 4.619645065126798400e-01 2.107303024588557394e-01 2.768589266817575663e-31 1.237710300014484809e-02
-3.672254022284944797e-01 3.149280880283265582e-01 4.619645065126870564e-01 2.107303024588418616e-01 1.021478074345910790e-31 1.237710300014475961e-02
-3.684398951603227168e-01 1.875851849351885536e-01 4.573276940784941624e-01 3.481910276257257353e-01 6.220516727164434960e-32 6.896093360590768023e-03
-3.684398951603229944e-01 1.875851849351884426e-01 4.573276940784940514e-01 3.481910276257265124e-01 2.642308394359412436e-32 6.896093360590607561e-03
-3.697753250167002959e-01 2.803184538956127181e-02 1.980029645203504329e-01 7.728766881317750137e-01 9.228504600530209941e-32 1.088501958311545101e-03
-3.697753250167007399e-01 2.803184538955979382e-02 1.980029645203436883e-01 7.728766881317848947e-01 3.473601037958307590e-31 1.088501958311577410e-03
-3.707757287558986481e-01 2.480386274254551271e-01 4.513281304147939155e-01 2.805345983895833339e-01 9.707979093929657356e-32 2.009864377016729389e-02
-3.707757287558987591e-01 2.480386274254807732e-01 4.513281304148429873e-01 2.805345983895073392e-01 1.899022789850494883e-31 2.009864377016849779e-02
-3.714151283829863481e-01 9.142371344160615809e-02 2.613723825348791552e-01 6.434719418829371040e-01 1.601847339269403364e-31 3.731962140576817674e-03
-3.714151283829864592e-01 9.142371344160273028e-02 2.613723825348721608e-01 6.434719418829484283e-01 3.314841570639964224e-32 3.731962140576502822e-03
-3.721306686306719014e-01 9.432371050890256403e-02 3.411888739457992203e-01 5.595265296477259787e-01 1.634486150875380239e-31 4.960885897570946335e-03
-3.721306686306720124e-01 9.432371050893581521e-02 3.411888739458437403e-01 5.595265296476449324e-01 1.742773771095552207e-31 4.960885897574244044e-03
-3.722968210432928693e-01 2.312531678959696413e-02 6.819950611044467426e-02 9.069358961055972168e-01 1.006781828684829585e-31 1.739280994360721533e-03
-3.722968210432930358e-01 2.312531678953783781e-02 6.819950611023599396e-02 9.069358961058676671e-01 2.185809652617995670e-31 1.739280994357417969e-03
-3.727552492371188353e-01 2.212199546429107766e-01 3.502331422108656556e-01 4.081115702801405010e-01 1.306437646716159436e-31 2.043533286608355259e-02
-3.727552492371188908e-01 2.212199546429216845e-01 3.502331422108653225e-01 4.081115702801283440e-01 9.212238115511788458e-32 2.043533286608458649e-02
-3.730670486603132607e-01 1.640280332104173538e-02 5.034426983144717482e-01 4.786865139533259539e-01 1.180704652699493695e-31 1.467984411160073305e-03
-3.730670486603137048e-01 1.640280332104225580e-02 5.034426983144724144e-01 4.786865139533246216e-01 1.760088705844414837e-31 1.467984411160148765e-03
-3.733111259839095863e-01 2.418789373460569492e-01 4.381642835526189939e-01 3.113681052256881410e-01 6.965173840342062683e-32 8.588673875635780691e-03
-3.733111259839098639e-01 2.418789373460735748e-01 4.381642835526403656e-01 3.113681052256510040e-01 1.736649614048439013e-31 8.588673875635088537e-03
-3.736346915165758009e-01 1.647687136182869883e-01 5.593144812330893556e-01 2.675620694553504375e-01 2.178394642025023347e-31 8.354735693274096403e-03
-3.736346915165761340e-01 1.647687136182803547e-01 5.593144812331037885e-01 2.675620694553423329e-01 8.063650164616613364e-31 8.354735693273300165e-03
-3.743598757619789885e-01 2.183460383661024740e-01 4.641525972293664148e-01 3.092762021266683981e-01 2.014505922595391216e-31 8.225162277863809490e-03
-3.743598757619793771e-01 2.183460383661022242e-01 4.641525972293714108e-01 3.092762021266627359e-01 1.334115220076116562e-31 8.225162277863511118e-03
-3.748273319015423266e-01 6.098554358920863644e-02 4.392683472379497744e-01 4.977792393531689230e-01 2.528072480478905026e-31 1.966869819672706875e-03
-3.748273319015426042e-01 6.098554358922014806e-02 4.392683472379537157e-01 4.977792393531538795e-01 6.177924404147816077e-31 1.966869819673170046e-03
-3.752265470760657307e-01 1.025427212344884875e-01 1.835566752085068254e-01 7.100045125957006320e-01 4.149469163809863420e-32 3.896090961303986123e-03
-3.752265470760658972e-01 1.025427212344169614e-01 1.835566752083661601e-01 7.100045125959150161e-01 8.844259211799297093e-32 3.896090961301421334e-03
-3.753746795062389841e-01 4.121669580358093554e-02 4.807824461159801999e-01 4.741982307925963203e-01 1.601300917433803937e-31 3.802627287842554743e-03
-3.753746795062392061e-01 4.121669580358106044e-02 4.807824461159916352e-01 4.741982307925846074e-01 1.362048913978351514e-31 3.802627287842911229e-03
-3.753947410199795498e-01 1.765547762132382292e-01 3.273670667536512369e-01 4.896351245695660381e-01 3.241935600322244490e-31 6.443032463544157498e-03
-3.753947410199801049e-01 1.765547762132256837e-01 3.273670667536522361e-01 4.896351245695769738e-01 1.064330341027377655e-31 6.443032463543555549e-03
-3.763034258102715968e-01 7.951773562609444623e-02 2.499200899249695851e-01 6.655156117516847214e-01 9.633597468679851561e-32 5.046562697251451984e-03
-3.763034258102720964e-01 7.951773562610764401e-02 2.499200899249568730e-01 6.655156117516819458e-01 1.581355095815141714e-31 5.046562697253094767e-03
-3.769092389440932278e-01 9.551040836356938790e-02 2.279405675997611957e-01 6.676289358415865571e-01 2.024895804691293239e-31 8.920088195082175736e-03
-3.769092389440934499e-01 9.551040836357480024e-02 2.279405675997477343e-01 6.676289358415942177e-01 2.050746991689357482e-31 8.920088195082881768e-03
-3.780434888757810974e-01 1.950137910747218872e-01 5.800791259399009636e-01 2.179919638344350319e-01 3.579577963156190160e-31 6.915119150941183984e-03
-3.780434888757813749e-01 1.950137910747220538e-01 5.800791259398981881e-01 2.179919638344365584e-01 2.202713646360489726e-31 6.915119150941243832e-03
-3.784854492290907202e-01 1.916135549781963071e-02 4.910497871609325049e-01 4.884469491213357939e-01 1.036957609259225661e-31 1.341908219913177675e-03
-3.784854492290911643e-01 1.916135549782805453e-02 4.910497871609340592e-01 4.884469491213247472e-01 6.899225518487963036e-32 1.341908219913381288e-03
-3.787124174564853729e-01 6.575564441503456425e-02 3.514693537986892657e-01 5.800384307803585493e-01 3.055098287233151242e-31 2.736571005917133245e-03
-3.787124174564855950e-01 6.575564441504082314e-02 3.514693537987021998e-01 5.800384307803402306e-01 4.125290805384135765e-31 2.736571005917548278e-03
-3.795223875380380196e-01 8.265849308927965267e-02 4.295075489687984471e-01 4.851286752782014711e-01 2.462541707568552578e-31 2.705282663717785419e-03
-3.795223875380383527e-01 8.265849308926641326e-02 4.295075489687089632e-01 4.851286752783056100e-01 9.522585286581694345e-31 2.705282663717797128e-03
-3.801707337404035547e-01 1.287125690218942076e-01 6.102142275076058997e-01 2.573239476504998180e-01 1.726113091991315711e-31 3.749255820000026163e-03
-3.801707337404037212e-01 1.287125690218906271e-01 6.102142275075932432e-01 2.573239476505164158e-01 3.088102978316074368e-31 3.749255820000055219e-03
-3.803853350585337245e-01 1.895128891827479664e-02 5.871385665142607457e-02 9.216303744443348211e-01 1.199127642625319265e-31 7.044799859641179014e-04
-3.803853350585339466e-01 1.895128891829285511e-02 5.871385665151439281e-02 9.216303744442271295e-01 2.236836336456273657e-31 7.044799859646583761e-04
-3.804039659842156640e-01 1.250546676352793374e-01 4.474025851761233019e-01 4.226305303032415472e-01 1.591634812785701584e-31 4.912216885356118778e-03
-3.804039659842158860e-01 1.250546676352647935e-01 4.474025851761083139e-01 4.226305303032720784e-01 1.997162879657521899e-31 4.912216885355306061e-03
-3.809347031026811270e-01 5.875186547442530494e-02 2.013911424229450908e-01 7.376145265614115765e-01 1.657214059884732973e-31 2.242465541217297451e-03
-3.809347031026811825e-01 5.875186547441747092e-02 2.013911424228779778e-01 7.376145265614862945e-01 1.489665531032200663e-31 2.242465541217397197e-03
-3.825681846884670945e-01 1.119927807518016627e-01 4.898328977007785912e-01 3.891268454388702724e-01 1.587253991068670519e-31 9.047476108549439011e-03
-3.825681846884672610e-01 1.119927807517878821e-01 4.898328977007747609e-01 3.891268454388889797e-01 1.002699074230314988e-31 9.047476108548462362e-03
-3.833478187385245262e-01 1.716568623519702519e-01 7.817616029207407058e-01 4.202618785234216170e-02 2.215309964532852116e-31 4.555346874946373213e-03
-3.833478187385250258e-01 1.716568623519711678e-01 7.817616029207542505e-01 4.202618785232807574e-02 1.445709130847492626e-31 4.555346874946377550e-03
-3.837213326183707696e-01 1.702782416979109481e-01 5.038776456458484709e-01 3.113879554073872291e-01 2.000291849237531788e-31 1.445615724885396247e-02
-3.837213326183709916e-01 1.702782416979062019e-01 5.038776456458657904e-01 3.113879554073751277e-01 4.487099989515894712e-31 1.445615724885348369e-02
-3.839618041984194097e-01 1.348656016844077821e-01 5.299926871515439064e-01 3.307958225572865119e-01 3.585039438068295881e-31 4.345888606762131866e-03
-3.839618041984196872e-01 1.348656016844465011e-01 5.299926871515912019e-01 3.307958225571996369e-01 2.811361438263288142e-31 4.345888606763085096e-03
-3.840951557679638251e-01 1.575812998646277385e-01 5.018600170454974307e-01 3.348436724553335297e-01 1.842471362941112798e-31 5.715010634541923748e-03
-3.840951557679639361e-01 1.575812998646371754e-01 5.018600170455801424e-01 3.348436724552414923e-01 1.874486834693370621e-31 5.715010634541627978e-03
-3.850019863713864954e-01 1.937707293748694437e-01 4.413974943336821388e-01 3.583398705557521158e-01 5.187888837989365348e-31 6.491905735696632158e-03
-3.850019863713867174e-01 1.937707293748963111e-01 4.413974943336821388e-01 3.583398705557239161e-01 4.530943344861769638e-31 6.491905735697561103e-03
-3.851158322956414470e-01 7.851278212490261921e-02 3.856304188680323985e-01 5.335992880235118641e-01 2.973663241806072965e-31 2.257510983552050467e-03
-3.851158322956417246e-01 7.851278212489649910e-02 3.856304188680207412e-01 5.335992880235309599e-01 4.718773973474231505e-31 2.257510983551906485e-03
-3.859059071091763826e-01 1.259415630235490580e-01 1.735845412630767082e-01 6.909805774376253096e-01 5.207354080395984927e-31 9.493318275747062926e-03
-3.859059071091766047e-01 1.259415630235613814e-01 1.735845412630647178e-01 6.909805774376250875e-01 3.481689055758122542e-31 9.493318275747657936e-03
-3.868925337810549814e-01 2.865880866835191498e-01 4.093554525719398374e-01 2.897371069414128586e-01 6.858355264159384140e-31 1.431935380312864339e-02
-3.868925337810553144e-01 2.865880866835408547e-01 4.093554525719627080e-01 2.897371069413682276e-01 4.806186890359818059e-31 1.431935380312920718e-02
6.486554464646002716e-01 8.102739505643025403e-30 8.137491095179200160e-30 7.252035875243204538e-30 9.999999999999984457e-01 1.688965695479128971e-27
6.486554464646002716e-01 1.195809360174644140e-30 1.200875316307128913e-30 1.070093004784905106e-30 1.000000000000000666e+00 2.492564543123203643e-28
