-4.821696154851874416e-01
-4.821696154851874416e-01
-4.818314683098179341e-01
-4.818314683098177120e-01
-4.810619140771724700e-01
-4.810619140771720814e-01
-4.807354170793166626e-01
-4.807354170793159964e-01
-4.806671363457308832e-01
-4.806671363457308277e-01
-4.800366462172747095e-01
-4.800366462172740434e-01
-4.788643965677096270e-01
-4.788643965677087944e-01
-4.781231496367878142e-01
-4.781231496367874256e-01
-4.777202524897080083e-01
-4.777202524897077862e-01
-4.774853691221025986e-01
-4.774853691221020435e-01
-4.774496879858626808e-01
-4.774496879858624587e-01
-4.766521632227499472e-01
-4.766521632227498362e-01
-4.751292765053156675e-01
-4.751292765053152789e-01
-4.749615734865405003e-01
-4.749615734865402783e-01
-4.748883976721367528e-01
-4.748883976721365308e-01
-4.747456256692949017e-01
-4.747456256692945131e-01
-4.745237248605201352e-01
-4.745237248605196356e-01
-4.737601156957383930e-01
-4.737601156957382265e-01
-4.734584828578437543e-01
-4.734584828578436433e-01
-4.731391466070842822e-01
-4.731391466070840601e-01
-4.728473917471712751e-01
-4.728473917471710530e-01
-4.723737390948118953e-01
-4.723737390948116732e-01
-4.713700604791942195e-01
-4.713700604791936644e-01
-4.708746467165298433e-01
-4.708746467165296767e-01
-4.705442773792847810e-01
-4.705442773792845590e-01
-4.700846231346175186e-01
-4.700846231346172410e-01
-4.696134471774276453e-01
-4.696134471774273678e-01
-4.691633457464501333e-01
-4.691633457464498558e-01
-4.688143078376552086e-01
-4.688143078376549311e-01
-4.681409349160555733e-01
-4.681409349160554623e-01
-4.680882454158577510e-01
-4.680882454158575290e-01
-4.674948729020765859e-01
-4.674948729020763638e-01
-4.665157636512464734e-01
-4.665157636512459183e-01
-4.655683478940851883e-01
-4.655683478940847442e-01
-4.646625140232930606e-01
-4.646625140232928941e-01
-4.645026921765798567e-01
-4.645026921765795236e-01
-4.642190817778283352e-01
-4.642190817778282796e-01
-4.637967256777933978e-01
-4.637967256777928982e-01
-4.629350073510284380e-01
-4.629350073510282160e-01
-4.626108215534920909e-01
-4.626108215534919799e-01
-4.622711184440818633e-01
-4.622711184440816967e-01
-4.620773680384355209e-01
-4.620773680384354098e-01
-4.612547768260694681e-01
-4.612547768260694681e-01
-4.608445587331879145e-01
-4.608445587331877480e-01
-4.601257540285343395e-01
-4.601257540285342285e-01
-4.597351119965717992e-01
-4.597351119965716881e-01
-4.595767473134794168e-01
-4.595767473134790282e-01
-4.589043891173208434e-01
-4.589043891173206768e-01
-4.579094353339611678e-01
-4.579094353339610568e-01
-4.572060025123931282e-01
-4.572060025123930171e-01
-4.561639326110169534e-01
-4.561639326110167314e-01
-4.556027713385975009e-01
-4.556027713385973898e-01
-4.551772921651844328e-01
-4.551772921651842663e-01
-4.542798632806989700e-01
-4.542798632806988590e-01
-4.537022115869964178e-01
-4.537022115869963623e-01
-4.532891106397535230e-01
-4.532891106397534675e-01
-4.532166014783239327e-01
-4.532166014783237107e-01
-4.525570988199267841e-01
-4.525570988199267286e-01
-4.520440364191638527e-01
-4.520440364191637972e-01
-4.518773290966155987e-01
-4.518773290966155987e-01
-4.512872018732045909e-01
-4.512872018732045354e-01
-4.505799396139592017e-01
-4.505799396139590907e-01
-4.501544494603187396e-01
-4.501544494603186841e-01
-4.498258181706917824e-01
-4.498258181706917824e-01
-4.496233433992323780e-01
-4.496233433992323225e-01
-4.485029131556308446e-01
-4.485029131556307336e-01
-4.479710479871804596e-01
-4.479710479871804041e-01
-4.479247404592481274e-01
-4.479247404592480164e-01
-4.477652112620649216e-01
-4.477652112620648661e-01
-4.472293183381932380e-01
-4.472293183381932380e-01
-4.471901139287067228e-01
-4.471901139287064453e-01
-4.470500471510082119e-01
-4.470500471510081564e-01
-4.449523006730630170e-01
-4.449523006730629615e-01
-4.449171377555701246e-01
-4.449171377555700690e-01
-4.447120491651086471e-01
-4.447120491651085361e-01
-4.445603051807032746e-01
-4.445603051807030526e-01
-4.434818137859763976e-01
-4.434818137859762865e-01
-4.434561678870758139e-01
-4.434561678870755919e-01
-4.425227571002252613e-01
-4.425227571002249838e-01
-4.423490174606254377e-01
-4.423490174606254377e-01
-4.415231184640661666e-01
-4.415231184640660000e-01
-4.414849544840634410e-01
-4.414849544840632189e-01
-4.411672460160727116e-01
-4.411672460160726006e-01
-4.409291305047757792e-01
-4.409291305047755016e-01
-4.403589137610965376e-01
-4.403589137610964266e-01
-4.396512267735011026e-01
-4.396512267735008805e-01
-4.394904238343408376e-01
-4.394904238343405600e-01
-4.392971601282675276e-01
-4.392971601282674721e-01
-4.387598380458930247e-01
-4.387598380458929692e-01
-4.386435448050261532e-01
-4.386435448050261532e-01
-4.383134117808222818e-01
-4.383134117808220043e-01
-4.371367355120598930e-01
-4.371367355120595599e-01
-4.369271104398895211e-01
-4.369271104398893546e-01
-4.358010988842138667e-01
-4.358010988842135891e-01
-4.355212735115497336e-01
-4.355212735115496225e-01
-4.346680698756412720e-01
-4.346680698756411609e-01
-4.328077607377107117e-01
-4.328077607377106006e-01
-4.326210240452706968e-01
-4.326210240452706413e-01
-4.326161461112396633e-01
-4.326161461112395523e-01
-4.324151449424822324e-01
-4.324151449424820104e-01
-4.313824816793346284e-01
-4.313824816793343508e-01
-4.305271678282064363e-01
-4.305271678282062142e-01
-4.295423388018457800e-01
-4.295423388018446142e-01
-4.289870690334798287e-01
-4.289870690334794956e-01
-4.285953047280576800e-01
-4.285953047280575134e-01
-4.280741219767172923e-01
-4.280741219767171257e-01
-4.273003055373814640e-01
-4.273003055373809644e-01
-4.269567954748886285e-01
-4.269567954748883509e-01
-4.266110640142402044e-01
-4.266110640142401489e-01
-4.265582369611982116e-01
-4.265582369611977676e-01
-4.249805573403079295e-01
-4.249805573403078185e-01
-4.245037478994199143e-01
-4.245037478994198032e-01
-4.241169637357150579e-01
-4.241169637357147804e-01
-4.231735554087923679e-01
-4.231735554087919238e-01
-4.223512030330802136e-01
-4.223512030330797140e-01
-4.215800040639584578e-01
-4.215800040639579027e-01
-4.211808096089511566e-01
-4.211808096089502684e-01
-4.209878387696918689e-01
-4.209878387696917579e-01
-4.205656890597264108e-01
-4.205656890597262443e-01
-4.203766174617717954e-01
-4.203766174617711848e-01
-4.198521297604697056e-01
-4.198521297604692615e-01
-4.192828082126264788e-01
-4.192828082126260347e-01
-4.191512543555190873e-01
-4.191512543555185322e-01
-4.178311562628963527e-01
-4.178311562628962972e-01
-4.178122368873411485e-01
-4.178122368873409265e-01
-3.127042531881008697e-02
-3.127042531880996901e-02
-2.645584656163355031e-02
-2.645584656163341500e-02
-2.302842127286164331e-02
-2.302842127286143514e-02
-2.287527676686160194e-02
-2.287527676686146663e-02
-2.085384609460276539e-02
-2.085384609460250172e-02
-2.001731430067172496e-02
-2.001731430067142312e-02
-1.639978855232052460e-02
-1.639978855232038235e-02
-1.142944957899865929e-02
-1.142944957899842337e-02
-8.048824077775733332e-03
-8.048824077775481797e-03
-6.127750489587907058e-03
-6.127750489587645982e-03
