-9.958521070223844140e-02
-9.958521070223839977e-02
-1.683431662330811263e-01
-1.683431662330796275e-01
-1.673731768903427841e-01
-1.673731768903419792e-01
-1.667120327310972205e-01
-1.667120327310968320e-01
-1.659872490552846969e-01
-1.659872490552842805e-01
-1.656616628857458251e-01
-1.656616628857446871e-01
-1.652066261497279198e-01
-1.652066261497268096e-01
-1.650368037027292178e-01
-1.650368037027292178e-01
-1.633244484853768330e-01
-1.633244484853760559e-01
-1.619402110595135613e-01
-1.619402110595133393e-01
-1.617549455097022360e-01
-1.617549455097006816e-01
-1.599013153076558613e-01
-1.599013153076555283e-01
-1.596189746036634771e-01
-1.596189746036630053e-01
-1.590103602553316064e-01
-1.590103602553311346e-01
-1.588743646854096914e-01
-1.588743646854093861e-01
-1.556788381637622121e-01
-1.556788381637596586e-01
-1.551104418670559149e-01
-1.551104418670553320e-01
-1.549558351459911498e-01
-1.549558351459911221e-01
-1.539548439794476420e-01
-1.539548439794459767e-01
-1.538418384964564123e-01
-1.538418384964550245e-01
-1.517481339246383176e-01
-1.517481339246375682e-01
-1.497826532410914679e-01
-1.497826532410899414e-01
-1.496480334243560917e-01
-1.496480334243553700e-01
-1.484826557098979372e-01
-1.484826557098974931e-01
-1.480141130190061327e-01
-1.480141130190058829e-01
-1.477972681632270802e-01
-1.477972681632267749e-01
-1.472750019931289844e-01
-1.472750019931279020e-01
-1.467835847767078039e-01
-1.467835847767075819e-01
-1.450365786647313804e-01
-1.450365786647304644e-01
-1.446901614624782062e-01
-1.446901614624767629e-01
-1.440353756404022800e-01
-1.440353756404020025e-01
-1.412580414885365454e-01
-1.412580414885346580e-01
-1.403992307685883734e-01
-1.403992307685876795e-01
-1.383674532746754782e-01
-1.383674532746742847e-01
-1.375576197299785697e-01
-1.375576197299772929e-01
-1.373522283289471124e-01
-1.373522283289463908e-01
-1.360955231015735789e-01
-1.360955231015727740e-01
-1.357945869558920549e-01
-1.357945869558909724e-01
-1.354350493308262848e-01
-1.354350493308257297e-01
-1.343241648959825063e-01
-1.343241648959818124e-01
-1.338976702263098839e-01
-1.338976702263095508e-01
-1.324602804227772435e-01
-1.324602804227770769e-01
-1.315395499589546435e-01
-1.315395499589538109e-01
-1.304046670428552768e-01
-1.304046670428545274e-01
-1.300168520119366344e-01
-1.300168520119350524e-01
-1.290379333179922094e-01
-1.290379333179902388e-01
-1.275792323757540536e-01
-1.275792323757528601e-01
-1.266054657351250445e-01
-1.266054657351244894e-01
-1.262385328748990010e-01
-1.262385328748978075e-01
-1.237512199791457324e-01
-1.237512199791448303e-01
-1.211696031139388730e-01
-1.211696031139383734e-01
-1.204942324153767952e-01
-1.204942324153761984e-01
-1.192269711818320643e-01
-1.192269711818297329e-01
-1.191599626768669040e-01
-1.191599626768667236e-01
-1.184034075947584114e-01
-1.184034075947560383e-01
-1.170820543564719957e-01
-1.170820543564715654e-01
-1.162365772769080458e-01
-1.162365772769058114e-01
-1.150889155095138755e-01
-1.150889155095122102e-01
-1.149782077696139271e-01
-1.149782077696130250e-01
-1.140958056311348334e-01
-1.140958056311315721e-01
-1.121335984274043907e-01
-1.121335984274027947e-01
-1.110161714856973264e-01
-1.110161714856954113e-01
-1.093431101011792944e-01
-1.093431101011775319e-01
-1.070434630405578263e-01
-1.070434630405559667e-01
-1.056800696662851674e-01
-1.056800696662850980e-01
-1.041743058756165879e-01
-1.041743058756148532e-01
-1.034022776782715231e-01
-1.034022776782712594e-01
-1.020061140714017267e-01
-1.020061140714008385e-01
-1.016339473246964525e-01
-1.016339473246948982e-01
-1.011767404700745082e-01
-1.011767404700742862e-01
-9.958521070223685934e-02
-9.958521070223645688e-02
-9.888852503310457953e-02
-9.888852503310424646e-02
-9.713946047549432139e-02
-9.713946047549354423e-02
-9.576336904968463237e-02
-9.576336904968400787e-02
-9.548236401814182150e-02
-9.548236401814066965e-02
-9.388860734203895164e-02
-9.388860734203871572e-02
-9.106718460899458634e-02
-9.106718460899417000e-02
-9.082539497436648013e-02
-9.082539497436604992e-02
-8.837257030155808157e-02
-8.837257030155619419e-02
-8.614345876268593438e-02
-8.614345876268530988e-02
-8.583250370283324049e-02
-8.583250370283170005e-02
-8.582582174660709218e-02
-8.582582174660473295e-02
-8.465659868191312276e-02
-8.465659868191226234e-02
-8.435536279122746173e-02
-8.435536279122668457e-02
-8.123309552562925362e-02
-8.123309552562867075e-02
-8.083450925353846683e-02
-8.083450925353630190e-02
-7.991186238898316530e-02
-7.991186238898105587e-02
-7.952342536655013228e-02
-7.952342536654971594e-02
-7.516739516969404844e-02
-7.516739516969245249e-02
-7.285625457139315031e-02
-7.285625457139219274e-02
-7.171154346966812643e-02
-7.171154346966807092e-02
-7.099374454662885081e-02
-7.099374454662842060e-02
-7.053157296166157053e-02
-7.053157296166080725e-02
-6.978789397479842616e-02
-6.978789397479709389e-02
-6.973211391137747184e-02
-6.973211391137623671e-02
-6.820878402926898454e-02
-6.820878402926774942e-02
-6.606604719403913473e-02
-6.606604719403899595e-02
-6.465940751920258578e-02
-6.465940751920208618e-02
-5.963540836640549708e-02
-5.963540836640546933e-02
-5.927314807502753052e-02
-5.927314807502699623e-02
-5.824669294783396678e-02
-5.824669294783284962e-02
-5.627116731988057730e-02
-5.627116731988046627e-02
-5.490730784369651091e-02
-5.490730784369581008e-02
-5.419341963992688194e-02
-5.419341963992638928e-02
-5.404473857499640654e-02
-5.404473857499621225e-02
-5.288340913237622731e-02
-5.288340913237584567e-02
-5.058515732786587893e-02
-5.058515732786490748e-02
-4.799523208163886806e-02
-4.799523208163825050e-02
-4.466738491408091954e-02
-4.466738491408073913e-02
-4.130365658084651087e-02
-4.130365658084604596e-02
-4.063403105287377581e-02
-4.063403105287338030e-02
-3.907571679252461183e-02
-3.907571679252393182e-02
-3.827634559158279298e-02
-3.827634559158261951e-02
-3.742054826113576371e-02
-3.742054826113541677e-02
-3.739764522304541566e-02
-3.739764522304506178e-02
-3.185159024189321980e-02
-3.185159024189312960e-02
-3.127042531880976084e-02
-3.127042531880920573e-02
-2.645584656163319295e-02
-2.645584656163303683e-02
-2.302842127286150800e-02
-2.302842127286134841e-02
-2.287527676686150827e-02
-2.287527676686136255e-02
-2.085384609460244967e-02
-2.085384609460192926e-02
-2.001731430067120107e-02
-2.001731430067109699e-02
-1.639978855232049684e-02
-1.639978855232033031e-02
-1.142944957899862286e-02
-1.142944957899839388e-02
-8.048824077775728128e-03
-8.048824077775488736e-03
-6.127750489587885374e-03
-6.127750489587638176e-03
