1.937759508852762868e-32 1.861267326088296958e-32 4.519720217389765257e-32 4.849151203513112805e-32 1.665909518832462641e-31 1.790399193038288908e-31 9.120574339576414946e-01 8.794256604235914376e-02 3.893219854704383194e-32 2.774511367564375087e-32
4.613175393312835817e-32 4.374587798142591702e-32 8.903507353025768684e-32 8.696241345988842817e-32 1.866971260258084816e-31 2.096460141997861519e-31 3.487251342243543051e-01 6.512748657756465276e-01 6.574734458316030460e-32 5.143403767678415460e-32
2.989778451083767883e-32 2.739181837392800906e-32 7.992179086252810141e-32 7.760275123424221464e-32 1.634569836593877391e-31 1.867105836423391724e-31 5.519828670952636740e-01 4.480171329047376583e-01 1.159297410252670188e-31 7.218509473923331740e-32
1.178180006742067575e-32 1.184194557904909528e-32 3.999831452192977120e-32 3.634142906826925372e-32 1.584145157241806349e-31 2.016161898887423432e-31 5.473949137093164774e-01 4.526050862906850769e-01 5.879326962266554308e-32 2.597573053661854432e-32
4.643661218015400794e-32 4.447291478247556880e-32 7.137646581307042845e-32 7.289970598189623687e-32 1.237078674642497617e-31 1.228690301129979558e-31 3.384452991105862951e-02 9.661554700889414260e-01 2.376541209071229510e-32 2.182551500299321895e-32
6.502053226872568199e-32 6.561570255900425826e-32 9.188967550586564155e-32 8.859255002713407885e-32 1.539332724990210373e-31 1.776005301689281613e-31 8.906709267435971578e-01 1.093290732564015100e-01 2.045284811245418432e-31 5.070944219193714772e-32
1.282285883975344640e-32 1.191028998168747333e-32 2.649839581169710281e-32 2.706438278638759045e-32 5.942524494374427925e-32 6.483334713008187499e-32 5.362553533202171208e-01 4.637446466797834344e-01 2.858696141349195290e-32 2.319030740299115765e-32
1.821298515535125197e-32 1.731173790318589387e-32 5.146853031184971647e-32 5.232690157640158399e-32 1.282877111019622717e-31 1.311907657030612281e-31 4.547408278946588611e-01 5.452591721053419160e-01 1.537143878445472836e-31 3.603253654775141145e-32
4.907892155102824674e-32 4.893354104992473605e-32 8.104316235356651132e-32 8.665614660731990970e-32 2.448191839611243197e-31 2.447028198857108408e-31 1.894509607892655434e-01 8.105490392107352893e-01 2.929771710578666147e-32 1.806019714697147483e-32
4.871049977866237688e-32 4.577840200613183520e-32 7.731921662790557215e-32 7.541041851593632970e-32 1.561271883251703000e-31 1.464536170656919755e-31 7.860426696421918269e-01 2.139573303578095609e-01 3.187140774119194926e-32 3.084897491942265965e-32
5.307782754834675014e-32 5.319984236478197042e-32 1.423257867089698223e-31 1.402134934575046760e-31 3.244787790581912794e-31 4.897544039843656053e-31 1.546682299247922054e-01 8.453317700752075448e-01 6.736172610249035271e-32 4.816111480447067509e-32
2.567182266915371437e-32 2.344281608592277187e-32 5.960514945195165328e-32 6.043111066500359529e-32 1.258570391795109255e-31 1.324824931464279957e-31 8.347054346412622339e-01 1.652945653587375996e-01 2.542770985093953241e-32 2.152556325158226306e-32
2.762157891910791950e-32 2.712757733827293516e-32 4.185238167891399000e-32 3.819375050468961500e-32 9.340897360942718263e-32 1.271365570944981365e-31 3.551774107671199499e-01 6.448225892328812714e-01 2.914622012184183596e-32 2.038585927204589486e-32
2.856939234908463171e-32 2.794687277405514821e-32 6.389836577362444671e-32 5.893541869511044685e-32 2.725320816521108247e-31 3.164750282461776713e-31 7.165641317160421631e-01 2.834358682839586141e-01 9.038831691795549741e-32 6.037189362301426709e-32
1.816320575105543601e-32 1.763047446536218457e-32 2.349641237366736701e-32 2.260308993180618626e-32 3.053589276602662332e-32 3.193202575577427389e-32 3.857936822022161594e-01 6.142063177977843402e-01 2.656955188037371849e-32 2.024110608615261026e-32
4.598571952283801323e-32 4.076479820906492034e-32 8.467375149795315387e-32 8.509848751654826244e-32 1.730984888390437656e-31 1.676263801671751105e-31 6.889817502613799771e-01 3.110182497386193012e-01 3.368026386691074777e-31 9.423773663975515201e-32
3.900709636540893042e-32 3.932171489955037374e-32 8.613265007537756643e-32 8.421013628118913983e-32 2.472550748135474296e-31 2.422141296287903574e-31 2.313421381875035432e-01 7.686578618124957352e-01 5.237246230053536600e-32 4.560311491133094926e-32
1.826800590354408172e-32 1.711117432809881586e-32 3.854658347500362809e-32 4.036140389603102283e-32 7.066519844409353311e-32 7.141218476715073270e-32 8.273701052166820835e-01 1.726298947833186659e-01 1.992141567450088694e-32 1.794669073834626411e-32
2.875960257249525036e-32 2.808707806990559799e-32 5.059226052232805084e-32 4.844698676433509236e-32 2.402134753846086783e-31 1.879935618134107569e-31 9.737576571593927754e-01 2.624234284060758537e-02 5.244301965003936548e-32 2.673736881960417170e-32
1.042339131520682614e-32 1.122092985755910827e-32 2.983078706443347316e-32 3.184410604763176764e-32 7.219609632654334758e-32 7.910720065508565999e-32 1.828857447325445140e-02 9.817114255267451739e-01 1.457025853439937743e-32 1.455765982222219562e-32
3.441526639402661437e-32 3.353226570933702445e-32 8.920264038057771535e-32 8.113675605055225172e-32 3.427328192259171681e-31 2.767342156819161691e-31 6.808467310457155808e-01 3.191532689542825318e-01 2.650643547079325998e-32 2.623122013819619191e-32
1.881342679304341701e-32 1.889035603747637955e-32 2.563856768503108774e-32 2.600297785206770230e-32 3.548234962303235174e-32 3.837621345009744863e-32 3.310130990745635549e-01 6.689869009254360011e-01 2.518507952441559098e-32 2.283834283183644338e-32
3.021559791638092190e-32 2.676130250738011791e-32 5.881172140169347601e-32 5.828873553547154550e-32 1.607559856623230476e-31 1.834552553945831541e-31 5.705137077460686879e-01 4.294862922539328665e-01 2.790340912486748073e-32 2.808094454703425659e-32
1.598260937181870561e-32 1.603284055351791732e-32 3.013066973523794791e-32 2.885481654552488538e-32 7.653708860838788785e-32 1.107774983718207375e-31 4.311455440153582619e-01 5.688544559846419046e-01 1.228557474335314718e-32 9.271701082009573593e-33
3.770076554104570645e-32 2.965685768411953085e-32 5.705682105619703484e-32 5.722347972819878516e-32 1.839634031481603582e-31 1.838163340721986031e-31 6.047328980654836927e-01 3.952671019345157521e-01 4.531929681330802398e-32 3.538401935598270749e-32
2.860850634834268185e-32 2.859861853410885072e-32 4.321690537241045040e-32 4.328224528984951300e-32 7.368015321083732066e-32 6.791001092399753721e-32 4.273312601971834823e-01 5.726687398028171838e-01 2.994577512456994643e-32 2.745979111535164362e-32
1.583696160713968136e-32 1.479830622487042571e-32 2.582708787193771255e-32 2.560736037477070149e-32 3.685274047066296419e-32 3.641285516136787465e-32 4.453252065866275533e-01 5.546747934133724467e-01 3.707765831974738367e-32 3.154638045945446632e-32
2.495114309958993630e-32 2.310932887363997365e-32 4.264157392937098623e-32 4.164567818036327493e-32 1.401615151008172683e-31 1.815196887666778284e-31 6.567207417487956889e-01 3.432792582512050328e-01 3.460726648910707620e-32 2.058247347455524435e-32
1.235189957894344006e-32 1.058185603836373873e-32 3.237468806778258110e-32 3.333009027888321678e-32 6.296905124381859121e-32 7.736710828852347984e-32 2.141185765742383007e-01 7.858814234257605058e-01 1.838897179843619947e-32 1.416581745171376888e-32
3.070886832040561160e-32 3.044650912614991295e-32 4.883026862566316073e-32 4.963212880247737125e-32 1.078488772535916987e-31 1.059338365244421771e-31 7.941782526956331356e-01 2.058217473043648660e-01 7.894386710881064309e-32 6.329450621628337676e-32
5.196162808928951588e-32 5.176888081505780090e-32 1.010699733294858149e-31 9.550408022327617356e-32 1.848524228618669045e-31 1.751757095667430597e-31 8.907521319671146687e-02 9.109247868032875894e-01 5.214283956571196521e-32 4.875608457693201840e-32
1.468553282691470727e-32 1.451536967002929591e-32 2.449305863299521396e-32 2.402348947063983427e-32 1.238559157249678127e-31 9.859209558817109410e-32 6.033708977690969144e-01 3.966291022309016978e-01 4.066576519282729180e-32 3.618353776835485937e-32
2.106099209466470974e-32 2.055366660392363265e-32 6.280814345274291475e-32 5.619224188164699208e-32 1.501201504465336676e-31 1.429481500519005549e-31 4.246130694021488239e-01 5.753869305978495108e-01 3.239880794765558781e-32 3.175402058574424842e-32
1.832738290039519095e-32 1.770419123705638891e-32 4.596236581097962262e-32 4.912376530972634600e-32 7.195752233226188708e-32 7.954862279208210875e-32 2.261496630754495363e-01 7.738503369245500751e-01 2.485839572404076090e-32 2.432182816038515055e-32
1.611662809950849253e-32 1.584894883799388353e-32 3.870935838314372846e-32 3.790213922337629207e-32 7.564716881949945506e-32 8.332187558115508578e-32 7.254953215322603732e-01 2.745046784677390717e-01 3.772666082706624970e-32 3.416134468212839050e-32
3.112221598676360286e-32 3.014722730287311646e-32 3.088562817071903937e-32 3.028873698251747394e-32 4.570840651444391841e-32 4.940636970328250415e-32 3.820499138344898293e-01 6.179500861655093935e-01 4.927086653369708575e-32 4.584377237104783205e-32
1.845052913233587166e-32 1.774387184774498137e-32 2.215958417674564187e-32 2.229435841115822147e-32 2.800972292435142099e-32 2.679596553346712181e-32 8.213650291423699734e-01 1.786349708576293882e-01 1.573141328056872880e-32 1.309159067659581858e-32
1.132784263808273915e-32 1.089547928957362509e-32 2.271282581485488111e-32 2.260639413122586753e-32 1.143194440116541165e-31 1.060846933189227878e-31 1.399007497962969637e-01 8.600992502037028142e-01 2.139832602665329445e-32 1.828935451597939142e-32
7.450477329627277940e-33 7.306740837294454658e-33 1.521332770652234683e-32 1.586429717169242813e-32 2.919498403500244768e-32 3.060781286586114265e-32 5.657194741956197426e-01 4.342805258043800909e-01 2.173565058910255726e-32 1.539577888556169701e-32
1.868628442095113572e-32 1.651038866011840137e-32 3.433796527398224398e-32 3.245172430724357904e-32 1.100670058956433249e-31 1.059261759727441641e-31 4.472028231293112555e-01 5.527971768706885225e-01 2.645291973169249325e-32 2.021493621921544971e-32
1.275250370640844332e-32 1.141308740028991707e-32 2.078533722532310188e-32 2.126744544827460925e-32 4.007679069149563533e-32 4.152872068063037081e-32 1.798215625501902726e-01 8.201784374498108932e-01 2.427681803269177321e-32 1.625069692974416625e-32
1.531792600696973259e-32 1.365276700653349426e-32 2.458558647732054076e-32 2.531621943043855593e-32 4.420323601450857917e-32 5.142373044275055132e-32 9.121944967117077141e-01 8.780550328829281326e-02 2.053738088162550907e-32 2.069316572722590736e-32
1.646262103143113391e-32 1.670076378986773076e-32 2.190022848184973089e-32 2.142267645949826455e-32 4.157382631646473589e-32 5.255009364392355084e-32 1.095018065501082161e-01 8.904981934498918950e-01 2.241298245902112712e-32 2.219710273479174894e-32
1.470863939444193472e-32 1.330934091863062912e-32 3.751754613783985416e-32 3.575370019730591124e-32 1.231409239293101257e-31 1.280830104557001506e-31 8.662315981537589415e-01 1.337684018462368951e-01 4.051152347418693905e-32 1.602532351880711419e-32
1.296046938614480037e-32 1.211676551686660268e-32 1.781214090171013787e-32 1.786329427155657972e-32 2.310660851072150788e-32 2.271380558505454445e-32 9.358086357270394284e-01 6.419136427296112668e-02 7.789135945181019449e-33 6.101219785773214682e-33
8.904793102561870053e-33 8.670101954962181108e-33 1.470505975674141843e-32 1.380043757419280053e-32 9.682635693881039418e-32 1.400312247492317924e-31 6.146787996373773155e-02 9.385321200362625182e-01 1.020416530690872700e-32 7.829259451648624599e-33
2.380038798367306390e-33 2.285393502283464511e-33 4.546456373503952715e-33 4.415744685125881387e-33 2.445103381446446205e-32 2.535798634644654888e-32 3.729569306942061013e-01 6.270430693057946758e-01 1.091570797459746149e-32 9.512239736132166996e-33
9.038396200502450974e-33 8.709272428256761739e-33 1.535894760802108319e-32 1.511625027069575884e-32 7.249726944512777852e-32 1.049944641193146535e-31 6.672008139980939445e-01 3.327991860019099968e-01 2.401012366430112730e-32 2.003879699317319861e-32
2.613509620528098279e-32 2.599702034706283268e-32 2.957704087744778548e-32 2.921074922782989523e-32 4.861525590058376784e-32 5.623186563200517822e-32 4.361014802816713942e-01 5.638985197183277176e-01 3.600585190464034392e-32 2.461537820741074648e-32
1.989293000921010081e-32 1.931056723907435551e-32 2.661465548104504575e-32 2.598608010586577418e-32 4.310650314573936007e-32 4.570058477915720811e-32 6.080672919378247165e-01 3.919327080621762827e-01 2.144275418638367359e-32 1.709114429996838004e-32
1.866977466415212307e-32 1.998838505557621148e-32 3.196040888205454910e-32 3.159386406102908948e-32 6.673494347600646338e-32 5.915872058977665772e-32 9.187720680036566279e-01 8.122793199634203987e-02 1.769738921698510712e-32 1.411716827352327339e-32
6.982705245239560725e-33 6.885043490077079549e-33 1.714879376200563920e-32 1.773368575904955188e-32 4.482253372012583848e-32 5.014168402755137689e-32 1.341736729431725339e-01 8.658263270568291592e-01 4.226847858240658343e-32 1.081294430736673419e-32
4.060051866692405894e-33 3.712701680000957932e-33 1.046169054250650016e-32 9.573868225616269403e-33 3.764559245208903150e-32 3.682660579683755542e-32 2.825904037921510570e-01 7.174095962078492761e-01 8.956529264453055368e-33 6.122611344939239393e-33
1.777237512546834130e-32 1.611399291996191224e-32 2.929072393067130720e-32 3.063092718949555361e-32 3.346952383524091591e-32 3.535728004717400454e-32 8.151438628536398223e-01 1.848561371463575131e-01 1.139701086412314969e-32 1.056202477473608549e-32
8.772379723249551140e-33 8.835355655167008910e-33 1.750627480925915554e-32 1.852933286036879183e-32 4.341795511067825917e-32 3.992032195400777438e-32 9.758747361681918697e-01 2.412526383180695760e-02 2.325447847409115780e-32 2.005539706619763888e-32
1.293105896658597506e-32 1.137567629848220246e-32 5.858946242137028541e-32 5.754155142606748699e-32 1.091341266961637368e-31 1.198586826925257369e-31 4.067625476989722433e-02 9.593237452301048851e-01 3.024727722898126572e-32 2.662321035824912593e-32
2.254976213052997210e-32 2.156583613695292897e-32 4.800756719266992920e-32 5.056128006103540812e-32 5.551807638100335191e-32 6.314956929079731659e-32 6.050281847269112223e-01 3.949718152730894438e-01 1.552945068896253823e-32 1.355524356390860091e-32
2.959977078362807572e-32 2.784529285374851437e-32 5.535752798394501179e-32 5.801035351276251546e-32 6.191174298696142998e-32 6.889719638857847181e-32 4.137189885192356642e-01 5.862810114807638362e-01 1.721824938695128060e-32 1.594273112045893093e-32
1.218171852513445511e-32 1.096046147808069223e-32 3.558204498628250081e-32 3.209845094522251631e-32 1.926665212108090262e-31 2.012118658179354899e-31 5.634738114233490275e-02 9.436526188576614960e-01 2.305830149370092067e-32 2.066939087174187150e-32
8.158400093400528707e-33 7.458018308662701811e-33 1.251840586813689554e-32 1.276163276713967476e-32 1.944536518993782004e-32 1.912579936171891484e-32 9.581783385257250929e-01 4.182166147427340136e-02 1.752058293504282403e-32 1.439869782916718613e-32
1.045317850228533047e-32 1.055347469477338425e-32 1.642714544557882670e-32 1.638145418179180665e-32 3.829247257618845149e-32 3.194068336823786306e-32 1.403810607471714031e-02 9.859618939252787762e-01 1.103227647892942286e-32 7.109052776576735159e-33
3.768560100527323231e-33 3.705228384601781404e-33 8.237035560531908522e-33 7.719228525875529180e-33 1.374391413537178454e-32 1.404097457397111936e-32 9.677455672967988365e-01 3.225443270320021982e-02 6.830744340205568148e-33 7.012235931847106557e-33
1.937446713503701418e-32 1.940131830574398403e-32 2.975842735278686899e-32 2.723370792958485244e-32 4.529611670807830015e-32 4.333799626876601204e-32 2.219811283995137274e-01 7.780188716004874383e-01 5.223313484944483524e-32 5.290704006539172015e-32
7.925035577169556465e-33 8.305960228267244508e-33 2.245172191175397753e-32 2.264675594950363670e-32 2.901468593810759567e-32 3.141063787798060213e-32 7.916505277860353962e-01 2.083494722139641320e-01 2.101107137788508626e-32 2.197834888793542160e-32
5.529112525338685290e-33 5.328524819309968099e-33 1.861176900958605722e-32 1.861946641475945212e-32 5.822472396694897505e-32 5.256558662987504131e-32 1.552524071880951873e-01 8.447475928119039246e-01 2.471211555650675255e-32 2.167681579998750997e-32
7.206953206055425139e-33 6.708871594008518248e-33 9.800369018889914040e-33 9.897175847836937886e-33 2.275341624747812456e-32 2.156661978482839194e-32 8.741511023097899846e-01 1.258488976902095713e-01 2.128760582641791534e-32 1.537218969244283479e-32
9.632654473577062798e-33 9.686881089009888519e-33 1.194808213222278639e-32 1.173021810024163565e-32 1.474187475723313653e-32 1.488424787299723493e-32 1.481294655649739167e-01 8.518705344350261388e-01 8.054406472457458762e-33 6.297726185732056096e-33
4.945947141993141440e-33 5.063976978476423862e-33 7.407143993940997848e-33 7.690311719560439610e-33 4.695837221567308419e-32 4.822865765246187298e-32 8.473316145605422900e-01 1.526683854394587925e-01 4.336920082515037298e-32 3.883679537728235817e-32
1.568215573734262256e-32 1.592211098061436042e-32 2.148583052058918767e-32 2.094067785007449608e-32 5.791744974616145084e-32 4.594254819331573608e-32 2.676370314950782814e-01 7.323629685049215521e-01 1.807240887716659818e-32 1.690900738280212553e-32
2.817268374409198198e-32 2.751080172467280748e-32 4.970679022021281120e-32 5.018113155011866273e-32 5.629994331418774898e-32 5.869992000293492738e-32 7.209292675555813990e-01 2.790707324444210435e-01 6.413391533026960288e-33 5.337413558687034353e-33
2.024013544564673800e-32 1.972583996716748802e-32 3.245479288669322395e-32 3.427532843335206049e-32 5.180924213395651954e-32 5.795761725093588200e-32 4.186441301546423022e-01 5.813558698453605844e-01 1.561635834407900116e-32 1.378286235700731044e-32
1.540543904183027834e-32 1.540135343426628211e-32 2.250824180497755618e-32 2.303797772872799180e-32 3.814017063252447814e-32 4.065083935144676313e-32 7.092209113971778001e-01 2.907790886028236987e-01 1.466266759709715228e-32 9.923974419212956314e-33
2.604849000415353188e-33 2.632252588773441406e-33 4.216877299215425371e-33 4.025688168950618176e-33 1.087000879130480671e-32 1.037605646529065957e-32 3.290684944254708699e-01 6.709315055745285195e-01 5.845836457691938019e-33 4.517426701704053118e-33
6.570340832561609402e-33 6.464264671824101389e-33 1.047671941873138728e-32 9.795297651870105584e-33 1.597133756352793041e-32 1.494341055993239496e-32 5.867420869334762923e-01 4.132579130665233191e-01 2.567778908976449176e-32 2.249628610402965514e-32
9.478851190816899837e-33 9.331736169530293362e-33 1.970931719297028842e-32 1.992497108344912030e-32 8.743295111261642557e-32 9.066924411876884030e-32 1.413872794065374749e-01 8.586127205934639406e-01 1.274063148682578442e-32 6.101291904066728530e-33
2.050421956701874697e-32 2.095677110076642034e-32 2.648208379271819399e-32 2.611677871983357738e-32 3.598494057314784530e-32 4.141754650773554556e-32 8.147125554100114186e-01 1.852874445899901357e-01 9.244163286984554634e-33 7.452896247180832191e-33
2.959262282173937774e-33 2.952826113113610712e-33 3.386208925173087292e-33 3.180026031372813376e-33 1.617744725456382879e-32 2.469320468586254927e-32 7.391106616620579661e-01 2.608893383379417563e-01 1.765718458170045149e-32 1.857237362203690735e-32
1.646186164042920052e-33 1.589246419802200483e-33 1.689699111789374707e-33 1.684021502782961899e-33 3.589481104324417686e-33 4.498308485866157531e-33 1.859380753396230046e-01 8.140619246603763015e-01 1.191829965755134071e-32 8.626769850369086300e-33
3.008783397833120452e-33 2.799623303338311950e-33 4.373123377562649088e-33 4.515991578572951819e-33 8.767418975542601788e-33 8.905157021607880385e-33 3.237045243049545551e-01 6.762954756950422253e-01 7.888518976553262698e-33 5.750822098178937712e-33
2.544928763479634163e-33 2.671225470692716847e-33 3.331216080334150100e-33 3.179667747360825340e-33 4.788156932068769143e-33 4.957061675870979422e-33 9.079466973894024795e-01 9.205330261059491148e-02 1.218188537002770294e-32 1.175352180586891901e-32
8.497838651072818054e-34 8.264852298264311664e-34 1.185628635135224638e-33 1.140906260848822463e-33 1.714589612866011654e-33 1.732642869020899645e-33 3.920315070027459159e-01 6.079684929972546392e-01 3.616614144346945282e-33 2.260123566459884859e-33
7.704923949558155836e-33 7.306354258499958187e-33 1.132461508744486464e-32 1.155824158824779758e-32 1.733668309703610203e-32 1.967863375206971093e-32 5.997552951175777469e-01 4.002447048824210318e-01 9.362396533947408548e-33 8.135652131133531511e-33
1.010860335220246055e-33 9.031788635370493454e-34 1.490871934712312865e-33 1.565142951867304087e-33 3.712750619044658645e-33 3.527388217179162794e-33 2.820133215572684024e-02 9.717986678442763759e-01 1.228848576310928361e-32 1.046036275450049423e-32
4.985637441807015589e-34 4.829621862631806297e-34 8.656717928506693678e-34 8.265729439333907847e-34 2.972739137900035034e-33 3.003940219107462016e-33 9.921918976418641067e-01 7.808102358136007753e-03 2.109171193084676372e-33 1.276481277100129837e-33
9.913455004595134305e-34 9.110218930695785098e-34 1.455621042757887276e-33 1.411804200680973900e-33 2.309124488329097211e-33 2.606711462865884611e-33 9.757532320234817425e-01 2.424676797651882654e-02 6.566743969606316122e-33 4.863351064084583670e-33
2.822589932665577818e-34 2.646894311051885225e-34 3.463964693696090331e-34 3.533809705262447514e-34 7.195654672043182508e-34 7.369405269202251356e-34 2.156591462276470292e-02 9.784340853772377500e-01 1.480497053443724747e-33 1.107881111839772375e-33
3.406872295685753663e-33 3.149161752757494986e-33 1.887164881660379306e-32 1.822893469386927024e-32 3.508507499602884010e-32 4.050546751083782645e-32 3.473097035026056489e-01 6.526902964973926302e-01 1.076486498359045133e-32 8.247959578067158953e-33
4.183729795998868663e-33 4.234813730792639392e-33 5.798541104993068733e-33 5.392592361171669663e-33 1.450307771407478024e-32 1.407816479094095342e-32 6.364466258374522623e-01 3.635533741625501802e-01 9.226656207470726586e-33 7.844508486301042200e-33
1.142623208081465903e-32 1.152653471862422828e-32 1.632442985908540212e-32 1.611213612182978837e-32 1.784191072031033221e-32 1.790824038022149338e-32 2.385474871936612562e-01 7.614525128063387438e-01 1.244199679717845362e-32 1.148514820957502146e-32
2.482205549674220748e-33 2.477125332613055430e-33 3.020843230037644604e-33 3.096635507039412419e-33 1.346137989391104193e-32 1.465047967523925088e-32 7.987967365897250538e-01 2.012032634102720041e-01 1.155602897199202815e-32 6.610814717240537801e-33
1.850664323462665252e-33 1.887058924263492423e-33 4.399425577846902020e-33 4.401598355935764347e-33 3.313805147232154764e-32 3.230994734003176771e-32 7.543489730730963405e-01 2.456510269269031599e-01 5.355494990342743680e-33 4.957613158377790677e-33
1.355279444712593625e-33 1.228123026899399741e-33 2.891869806076078204e-33 2.960068009402818656e-33 8.039565056120232359e-33 7.858671648652428173e-33 2.705344749406821681e-01 7.294655250593160556e-01 3.697735996784155752e-33 2.850822638513361425e-33
8.493795172581285238e-34 7.378326532131091085e-34 2.129646595568685105e-33 2.190636583493505838e-33 4.110934093870657027e-33 4.343479434579523485e-33 9.624925463313743768e-01 3.750745366862669183e-02 5.264866917830792120e-33 3.836028257966023103e-33
5.821316597061372536e-33 5.752625125229825219e-33 8.120534983053451945e-33 8.040233442502502849e-33 8.818160261513500471e-33 8.915116374475061895e-33 4.599224722349207206e-02 9.540077527765062904e-01 8.826605143442793558e-33 8.828989315366551088e-33
2.375282486866369889e-33 2.308705051532368733e-33 3.894279570584568237e-33 3.850313020332605475e-33 5.865818012264670287e-33 5.851475591043536855e-33 8.421083738536051522e-01 1.578916261463927384e-01 1.383553737527617652e-33 1.053469257835285920e-33
1.451573011900989068e-33 1.394119897390670974e-33 4.176848392557523135e-33 3.838213250260711843e-33 6.816222040906398407e-33 6.996833026607466970e-33 2.242250599806965561e-01 7.757749400193059142e-01 7.165631814510573498e-33 6.679985696540217587e-33
7.290376475545867041e-33 7.022996156043307995e-33 1.545912164894178598e-32 1.527680328675858555e-32 1.839540407088424432e-32 1.944573543101103307e-32 5.557990638659473515e-01 4.442009361340528706e-01 1.152012047407931882e-32 7.484331794688439865e-33
3.572518359229597120e-33 3.524536622012315643e-33 5.184230718940127965e-33 5.190021325704616229e-33 6.989351896306599252e-33 7.028068238246668287e-33 3.546427719130687550e-01 6.453572280869307454e-01 8.070039318795392112e-33 7.787272604633943883e-33
1.241384498448385930e-33 1.248134329509449915e-33 1.684870104833799489e-33 1.661463679524738924e-33 2.179188427399350351e-33 2.180130475550107074e-33 8.002876763886354050e-01 1.997123236113623745e-01 3.131211011939682924e-33 3.133315068515440123e-33
2.788060664862488683e-33 2.765145434501343502e-33 4.059331061843227690e-33 4.061097355263825157e-33 6.825893726019830552e-33 7.086330191980616071e-33 2.287643569792233433e-01 7.712356430207749636e-01 3.894375725680682017e-33 3.629462899257090695e-33
7.261950057490139872e-33 7.336659768030699697e-33 1.394874627325799646e-32 1.344509738337610226e-32 7.248109730464533266e-32 6.998279136265437253e-32 6.480173027359127647e-02 9.351982697264079603e-01 1.040068755855054861e-32 1.022466870098451302e-32
3.555863040730491870e-33 3.433173571090494678e-33 7.958469440303476881e-33 7.852579766769248196e-33 1.430683407209637142e-32 1.419313852235932668e-32 9.285322530588139278e-01 7.146774694118301907e-02 9.490672013944867675e-33 7.972788871107581863e-33
1.812194671383899719e-33 1.796703200082916272e-33 3.475280810850002105e-33 3.203115630134197168e-33 7.909075340948431582e-33 7.835001817729652693e-33 3.966038549517889034e-01 6.033961450482099309e-01 7.635724691946078482e-33 7.250305156936346877e-33
2.221035699454572561e-33 2.162041798715068808e-33 3.905840794606251873e-33 3.695668400136409523e-33 6.318701251008363610e-33 6.231782092969631836e-33 6.109176869637802376e-01 3.890823130362204285e-01 1.099189049931804309e-32 9.758725059797164907e-33
1.610775384551129124e-33 1.545518921148802845e-33 3.110511015339449687e-33 3.155233598676230559e-33 5.598563387975456669e-33 5.560002594811436339e-33 1.422798193678571077e-01 8.577201806321438360e-01 2.896169411821301019e-33 2.605679570238853264e-33
4.245626305881882407e-33 4.165363629507962036e-33 9.683722922648192577e-33 9.464547688706836221e-33 2.799209481574429064e-32 2.696350474657668111e-32 9.670361880905949947e-01 3.296381190940481792e-02 1.544643286409521982e-32 1.175188693419154228e-32
1.792221953449355186e-34 1.719829477461516457e-34 2.437363488538798201e-34 2.394612134711288118e-34 3.479691700463840200e-34 3.626056216098483006e-34 4.584461769509031726e-01 5.415538230490999361e-01 9.087287711652067057e-34 8.009183880908296021e-34
6.207380459503167112e-34 6.156991998040378097e-34 9.575575000615003956e-34 9.535425416589451212e-34 1.261231819180593542e-33 1.302351374139467782e-33 9.568478033614702394e-01 4.315219663853088472e-02 1.024757083340307022e-33 9.441595569504309747e-34
1.710282930199708622e-33 1.697055407686738303e-33 1.950024493517141510e-33 1.905847987578573844e-33 2.113826337144714533e-33 2.130894537608252627e-33 7.459492199001807045e-01 2.540507800998232923e-01 2.310760338708262877e-33 2.128966676527322093e-33
1.287628755191261128e-33 1.270222873792835371e-33 1.526129185190683710e-33 1.497047216238334229e-33 1.625939239677403769e-33 1.648065728171134947e-33 2.821908051766764958e-01 7.178091948233262798e-01 3.614657996494363229e-33 3.266329540210778446e-33
3.565477478157235360e-34 3.360989108270932197e-34 4.356493903168594914e-34 4.221850362127325243e-34 6.214321285699109314e-34 6.404143707527935125e-34 5.086769740596650546e-01 4.913230259403383871e-01 1.652332514476327165e-33 1.402416041134285394e-33
2.543024484785693249e-33 2.482577414692187162e-33 3.632779061943101886e-33 3.576217424599838623e-33 4.402445751788788351e-33 4.503044137045950195e-33 7.586053935199890130e-01 2.413946064800149005e-01 5.474387844420556805e-33 4.430203049599442141e-33
3.971833325393800097e-34 3.713017949890098823e-34 7.045028035987040543e-34 6.752985302632978650e-34 1.277186486421187816e-33 1.308872225232796719e-33 2.972330340384671254e-01 7.027669659615316533e-01 6.549921971189550030e-34 5.886789164901851757e-34
4.772874734133165957e-33 4.637452232923012130e-33 7.340412878963655897e-33 7.250851864459514087e-33 9.239188871685101945e-33 9.431313936054031732e-33 7.752541882072696566e-01 2.247458117927320642e-01 9.680605079670697303e-33 8.309935921992748307e-33
1.297232944653405703e-33 1.255169229399247905e-33 2.649549346898270282e-33 2.592432795299173806e-33 4.176930231215457474e-33 4.228496376527421029e-33 8.238412186016808025e-01 1.761587813983137574e-01 1.611369444711645676e-33 1.446221092189178793e-33
9.845778962682958756e-35 9.604770445837369035e-35 1.335090098103487304e-34 1.292458856963660361e-34 1.791381684350312977e-34 1.758811872472302023e-34 9.233902207035202259e-02 9.076609779296531677e-01 1.777260992224113415e-34 1.431135373292945722e-34
1.664698537898203802e-33 1.628387143848586700e-33 2.621358398078113036e-33 2.601190205783206092e-33 3.453492949288470831e-33 3.511433276956355870e-33 7.032103502434000619e-01 2.967896497566006042e-01 1.110278587032135890e-33 9.381774104997895100e-34
3.768695374404234812e-34 3.650432619955526309e-34 6.515431609527529846e-34 6.593146885145344661e-34 9.723589739719180198e-34 9.842734343487955999e-34 4.401374240117255088e-01 5.598625759882756014e-01 9.089162760622602039e-34 8.858694944477962970e-34
1.053740291723418550e-33 1.037029664455312791e-33 1.750019482406460313e-33 1.759684296024333041e-33 2.387670269278424312e-33 2.395506478003995500e-33 8.489766796976883079e-01 1.510233203023114146e-01 3.188187747532070928e-33 2.384537708892655529e-33
8.988948318308839342e-34 8.852086612398230730e-34 1.153591813685868011e-33 1.137509134343256406e-33 1.295620240649334614e-33 1.319967733572993819e-33 2.492833897884106642e-01 7.507166102115927497e-01 1.124338043597815868e-33 8.273552900693933469e-34
3.242841009847280030e-35 3.249663643699796796e-35 4.876775773145705201e-35 4.726522935762235623e-35 8.232658265202315579e-35 8.174814634664207090e-35 2.495253875445043179e-01 7.504746124554976250e-01 6.522789764771164832e-35 4.660917426320439872e-35
6.965722902578711387e-35 6.864926030451805743e-35 1.079329953531482090e-34 1.050483688195092752e-34 1.464673591151425090e-34 1.483557441113123571e-34 7.471694867244205174e-01 2.528305132755808704e-01 1.249558749115165540e-34 9.793987839793996049e-35
7.997768635889253511e-35 7.957874849514942796e-35 9.382286337121156272e-35 8.945515635466815780e-35 1.436924211552163547e-34 1.378335872259191883e-34 1.195337601754028201e-01 8.804662398246031474e-01 4.739817727899461109e-34 3.786612619757787575e-34
8.062009088635683934e-34 7.731125778180231979e-34 9.507146182969350711e-34 9.606462372713817608e-34 1.269744842400165732e-33 1.279118840878062487e-33 8.462018011173924048e-01 1.537981988826152557e-01 3.194567918354458301e-33 3.161610198834274695e-33
9.271573622666365799e-35 8.995006106865883452e-35 1.577561919567235940e-34 1.566741874104089212e-34 2.289786515095761374e-34 2.305563318387856342e-34 1.943455952342228732e-01 8.056544047657857588e-01 9.805946999734934968e-35 9.396201273261446459e-35
5.767648896577129286e-35 5.725679308593142553e-35 5.397044548585069655e-35 5.435358848575773838e-35 5.386445070306296923e-35 5.393414180485592322e-35 7.475872446562710216e-01 2.524127553437336968e-01 9.859632964392881692e-35 9.792795190276768054e-35
7.107178319753331489e-36 6.776892004141710799e-36 1.129035585983455999e-35 1.135610370590671690e-35 1.586874314766740396e-35 1.629750884962685677e-35 5.823108528912182003e-01 4.176891471087821328e-01 2.544390309455849122e-35 2.419586164994293491e-35
1.043397432129986661e-35 1.002110152154141764e-35 1.060092496047364237e-35 1.072053837392709213e-35 1.227382200509234183e-35 1.251482503275072349e-35 5.798091045799477206e-01 4.201908954200526125e-01 4.906409760785147776e-35 4.730227411759774603e-35
3.490492458040909372e-33 3.460849175040622215e-33 4.232636781337738000e-33 4.196201419235805964e-33 4.687378074842852137e-33 4.725075973310078182e-33 2.921518172040432626e-01 7.078481827959655082e-01 1.306400725145896937e-33 1.116023340404962283e-33
7.420565170149637219e-34 7.294726389040744024e-34 1.065135853119107172e-33 1.051598507240007447e-33 1.276561610454651025e-33 1.304764793268999960e-33 4.049065772216811077e-01 5.950934227783251096e-01 1.625828236666631043e-33 1.335537894252481507e-33
1.809381281680897942e-34 1.724948452550531268e-34 2.174731410501167321e-34 2.213343110143753935e-34 2.770282132181827866e-34 2.815534492669848645e-34 3.382607784334675238e-01 6.617392215665447441e-01 9.797900744981316467e-34 9.465829450075439369e-34
3.065568750628644937e-34 2.989813978783822570e-34 4.196834264019385970e-34 4.089115770610296387e-34 7.178103733236764946e-34 6.912463633903906542e-34 6.496126607856103075e-01 3.503873392143925791e-01 2.944239542785252483e-33 1.845853556118712833e-33
5.542625366226561464e-34 5.473587829255575486e-34 7.334752948438300377e-34 7.281404311611402810e-34 9.618904670399174431e-34 9.657387229788311474e-34 6.805664745946918837e-01 3.194335254053093376e-01 3.683752399747747823e-34 3.269915791922371841e-34
4.229501718784821682e-34 3.805667795983448611e-34 1.001926110872871520e-33 9.549551490041858601e-34 2.200984590888202868e-33 2.217880757836091828e-33 1.884568911194575702e-01 8.115431088805451498e-01 1.873257942018203487e-33 1.079404083245950575e-33
4.747758334169183974e-34 4.657367406894133389e-34 5.367305295119120701e-34 5.264471685898207247e-34 7.478901759522916007e-34 7.422797206677569218e-34 6.487131842686221228e-01 3.512868157313792095e-01 6.128853333632076559e-34 5.769989376544599229e-34
2.972422741355740021e-34 2.957313518803568112e-34 3.279725088912876392e-34 3.120963249604897913e-34 4.320590513680906155e-34 4.228124696404094722e-34 6.756383555442730948e-01 3.243616444557288481e-01 6.796688926849239684e-34 5.971015585892946912e-34
2.731639013964339681e-34 2.618731429886953663e-34 4.659574558833650613e-34 4.679753541080343242e-34 8.155779208910572270e-34 7.938385013143815407e-34 8.536831665327322405e-01 1.463168334672675097e-01 3.683366410587371998e-34 2.532520630327975324e-34
3.063589726598006349e-33 2.972296015624402667e-33 5.001189848342298288e-33 4.976503049439205396e-33 6.864532539224319836e-33 6.917694624230157234e-33 3.866495685366745927e-01 6.133504314633233534e-01 3.641788632079143209e-33 3.509757300409785355e-33
8.271833933860628657e-34 8.305456782216483151e-34 1.248974287972181049e-33 1.216474406628117632e-33 1.524927719755632725e-33 1.513653696773460114e-33 3.818034303357913939e-01 6.181965696642114372e-01 1.467284907507491654e-33 1.321252073566218546e-33
1.001911560422839294e-33 9.573946066039571126e-34 1.889019484537549950e-33 1.874904339562445309e-33 2.846118500689480639e-33 2.913737873970734481e-33 5.502533580252741974e-01 4.497466419747240263e-01 1.981745510926813712e-33 1.867610676087649279e-33
4.387341704345477806e-34 4.219428779110200856e-34 6.337502811686222439e-34 6.232624080069372173e-34 1.283541269266110270e-33 1.273026431190913260e-33 1.898356986229634003e-01 8.101643013770397639e-01 1.346488864281062489e-33 1.121866235478423682e-33
3.466533912116870289e-34 3.164943255928226025e-34 5.428271653752700565e-34 5.289528677296051858e-34 1.178242857026295620e-33 1.182885692264301017e-33 5.465830868852459279e-01 4.534169131147571807e-01 2.088839391392456887e-33 1.802606955577940347e-33
2.304839697142707900e-34 2.265261446169392575e-34 2.622533129490670139e-34 2.517063924396357400e-34 2.815500425080769303e-34 2.861488438517794233e-34 6.053819880832366218e-01 3.946180119167660427e-01 1.097376447256683902e-33 9.545843504304646583e-34
7.962452384893190010e-34 8.083699683789174014e-34 9.756350807626177190e-34 9.537372646903417775e-34 1.036600305203567784e-33 1.044666980030715763e-33 4.388552716192666292e-01 5.611447283807354802e-01 2.690013220763660202e-33 2.226123953445791171e-33
2.542289446211726004e-33 2.473511359941399349e-33 3.727399541345961978e-33 3.711696840970244280e-33 4.811062877196362835e-33 4.883114866071061432e-33 4.274067078162713251e-01 5.725932921837283418e-01 5.709887555457443217e-33 4.292396194477968671e-33
3.113916014645708265e-34 3.062380283225430748e-34 4.329628657270382341e-34 4.306830618547709283e-34 6.262488847950565392e-34 6.348158707485225183e-34 5.083604414316484910e-01 4.916395585683508984e-01 1.565740377398408922e-33 9.834647117091348540e-34
1.059092352546901389e-33 1.008999256091821231e-33 1.997645670641092630e-33 1.992641989278548753e-33 3.394174166420261672e-33 3.417074452615195457e-33 5.953183426218353613e-01 4.046816573781683024e-01 1.735235565935932980e-33 1.565547212921327955e-33
1.368422047346316897e-33 1.341551097940950392e-33 1.947614154138986977e-33 1.838861876608837311e-33 4.068707206154779635e-33 3.891818035855116223e-33 3.743503596604752515e-01 6.256496403395228612e-01 8.152691741409837717e-33 4.765788508724279092e-33
5.840478992506166764e-34 5.970514063025086077e-34 8.574016362255749540e-34 8.538573673569789545e-34 1.208114292964629916e-33 1.221574543413203456e-33 7.158038357842931854e-01 2.841961642157028733e-01 3.262384929392001294e-33 2.138097791524249043e-33
1.465335938116394024e-33 1.454653486065652909e-33 1.642853390353746842e-33 1.608967445889368495e-33 2.268832840720739536e-33 2.273831136561045563e-33 1.936543255975217426e-01 8.063456744024780631e-01 2.099477403385570618e-33 1.357983327060418205e-33
6.272433680641844803e-33 6.157606757025448309e-33 8.469488774245528573e-33 8.179162237949587289e-33 1.445014822067181016e-32 1.383011906869868613e-32 9.616108319597324039e-01 3.838916804027710239e-02 2.041073976919457576e-32 1.866608677858807038e-32
2.411923337783841312e-33 2.399342418814965099e-33 3.527205382488695390e-33 3.391649346080281081e-33 6.633176009144526673e-33 6.376382019033786811e-33 1.828449663770718714e-01 8.171550336229318479e-01 8.799766332294279627e-33 7.299795590442206488e-33
2.048646965814576259e-33 1.940369296593524539e-33 1.964703755817455026e-33 2.027611109085406086e-33 4.275401543139803649e-33 4.581570381535426902e-33 8.789291100858609429e-01 1.210708899141416245e-01 1.873403558424392306e-32 1.394716678212457302e-32
1.436042796030085116e-33 1.391191871609056261e-33 2.409237943742169845e-33 2.322883027148485656e-33 3.907754116710759975e-33 3.900908257904554146e-33 1.101826887081056860e-01 8.898173112918925654e-01 4.928963782848095093e-33 4.002658906894398837e-33
2.440090713931529700e-33 2.402680725425376268e-33 4.697276623488541777e-33 4.553472464357998987e-33 6.565593959275814208e-33 6.569478346363981831e-33 9.512154124360495677e-01 4.878458756394799672e-02 7.413796527197345243e-33 7.266620973419979765e-33
1.649087595197267714e-33 1.474855058329320850e-33 4.989392464527031846e-33 5.048617918992520155e-33 7.922746432700506161e-33 9.294357997353954258e-33 7.760377621200004183e-02 9.223962237880021231e-01 7.449303552891102041e-33 6.116920884176462287e-33
8.875722749066633403e-34 8.522795275981739918e-34 2.084685100938009156e-33 2.088675139143787563e-33 7.228803848084980087e-33 6.854961340632001829e-33 8.126121675621384988e-01 1.873878324378599469e-01 8.005259658452066597e-33 3.852119886796705167e-33
1.467840464523962286e-33 1.324043738371937974e-33 1.846474591601392212e-33 1.823072159712626516e-33 3.043693052930030407e-33 3.250413814844077786e-33 1.975286236942053464e-01 8.024713763057970128e-01 7.289499688602778678e-33 6.320323408176032402e-33
5.941545961971412491e-33 5.963720067015616094e-33 9.932882907141448559e-33 9.709788621287835485e-33 2.162341650979149767e-32 2.046841179363673255e-32 2.749649503776570997e-02 9.725035049622356986e-01 5.265766468145582042e-33 4.050274776451330281e-33
1.659415367394981996e-33 1.628021348832250049e-33 2.573687633024583640e-33 2.565336036318510001e-33 3.196698374346656431e-33 3.325282858854525661e-33 9.892790172100285329e-01 1.072098278997032916e-02 4.830851560113706613e-33 3.825604431010146265e-33
2.124394544158877426e-33 2.001117719475964095e-33 3.773794131752922908e-33 3.764746370517826823e-33 1.007254326269578310e-32 1.186094300777453549e-32 6.034564995835767220e-01 3.965435004164241661e-01 9.592667432201865097e-33 5.989329963065087034e-33
5.040173701806883309e-33 4.782912577102889876e-33 1.027608703134024804e-32 1.037508623064754712e-32 1.405558471824952325e-32 1.468030303643751094e-32 3.920090325629791428e-01 6.079909674370187478e-01 2.853274031722651294e-33 2.735389872420567127e-33
4.100473878275437900e-33 3.630246155517750510e-33 6.311699292168270274e-33 6.065888155282971406e-33 2.244146707588282028e-32 2.858846711581250785e-32 1.090499860951795186e-01 8.909500139048242007e-01 1.923205310069688106e-32 1.239419169364903955e-32
8.493300274865947450e-34 8.318400265390374706e-34 1.054703372169877581e-33 1.074383490245249802e-33 2.018276505308462008e-33 2.307326966718687824e-33 9.643048656792506668e-01 3.569513432075070714e-02 3.979227647189686288e-33 3.175286342144226064e-33
4.289772499230379419e-33 4.124273096927396734e-33 7.433837937917738598e-33 7.204709312536028766e-33 1.342330801520341520e-32 1.388202507677247671e-32 6.549062523729236585e-01 3.450937476270764526e-01 1.341448511238295639e-32 1.078732645111988075e-32
1.224308589472983406e-33 1.033212692772877069e-33 2.952161631271260835e-33 2.939821738071205737e-33 7.373507407673888826e-33 7.459631118005902237e-33 4.853838175637804619e-01 5.146161824362216475e-01 1.413354491651900951e-32 7.976587451003784223e-33
3.003762564844557681e-33 2.699862181698352573e-33 8.713060258543260827e-33 8.709363695375964972e-33 1.394052809733911134e-32 1.567912492511428628e-32 5.134515279545689426e-01 4.865484720454315570e-01 2.244920694024733406e-32 1.412873302701593964e-32
4.190816892717155718e-33 4.150197265720036695e-33 8.170700356239415836e-33 8.015571134694313121e-33 1.116155290535664968e-32 1.147941885512414708e-32 1.393555985863826896e-01 8.606444014136193088e-01 9.299045867742711660e-33 6.991199901902074675e-33
5.013331935083522478e-33 5.009425076607217391e-33 8.096806810712061487e-33 7.951378519584282644e-33 1.422679545019528423e-32 1.387545657695414468e-32 1.767002279923433061e-01 8.232997720076579151e-01 5.749105916450716281e-33 4.124462613657133581e-33
5.100474433769981556e-33 5.335370773049280027e-33 8.439744549799947915e-33 8.295482748130096382e-33 1.717759777114361916e-32 1.627504381288216683e-32 8.868023384321768177e-01 1.131976615678229187e-01 8.616230196781449301e-33 8.225776620563828018e-33
1.012407597412519471e-32 9.889057278888837870e-33 1.374794561166872554e-32 1.408280153067284719e-32 1.897328086017660615e-32 1.983005511308581921e-32 9.738564887343554854e-01 2.614351126564686684e-02 1.335381368375386369e-32 5.914669588370722826e-33
8.800252243110058762e-33 8.327096126596078244e-33 2.362831282883994630e-32 2.302235585669086135e-32 5.046730559549565342e-32 4.936963532976140731e-32 8.457932974898806078e-02 9.154206702510108151e-01 6.097426972394913316e-33 5.757380903175530865e-33
4.698846959148509547e-33 4.023026818665641143e-33 1.414266800926393070e-32 1.355902664001495505e-32 2.943048612935946664e-32 3.143392671130289396e-32 9.593942954110806776e-02 9.040605704588919878e-01 3.387576169589376628e-32 1.114376198520742036e-32
5.931092497388035553e-33 5.153882560994303710e-33 1.737604795269017070e-32 1.658866518716902284e-32 4.396362368546390936e-32 3.740450221924419032e-32 4.975501144379902707e-02 9.502449885561992104e-01 4.510881979037627851e-32 1.716698347307125943e-32
2.675552739343708851e-33 2.700567121848856649e-33 3.214147972120269378e-33 3.230635064582043591e-33 4.689966989203109758e-33 4.813950118300804105e-33 1.537790083228534332e-01 8.462209916771479268e-01 7.841129532629363285e-33 6.070743407295717788e-33
4.185207517081159191e-33 3.958684512863028523e-33 6.728121864441266336e-33 6.645245508138487887e-33 1.618276763161616833e-32 1.451082143542685806e-32 7.520921982054035171e-01 2.479078017945968437e-01 1.920313853495546199e-32 1.451049242231470160e-32
5.138757110971253928e-33 4.891644226068923418e-33 7.926421579579324117e-33 7.995720986794836270e-33 1.088998209876476460e-32 1.045766311531603762e-32 4.852418531021353565e-01 5.147581468978652541e-01 9.194412828188147944e-33 6.595571016793002951e-33
9.906427459289094347e-33 1.012638416552247346e-32 1.293729560014184721e-32 1.286531619112563562e-32 1.705577330222711946e-32 1.714280215628955928e-32 4.372768573439802520e-01 5.627231426560179717e-01 2.215788334718434239e-32 1.760808262709123334e-32
4.702968070876562515e-33 4.708127795657581445e-33 7.216639149876208483e-33 6.901808513606196817e-33 2.224657771145532457e-32 2.226333860101447446e-32 4.085608450075652875e-01 5.914391549924371549e-01 2.911868384143916668e-32 2.561150164802783547e-32
1.822771428192028508e-33 1.821213592745137040e-33 2.194352631113422291e-33 2.026983957851939849e-33 6.316659569861939823e-33 8.418862581226504506e-33 6.826036878989033552e-01 3.173963121010957567e-01 1.747717047653781402e-32 1.451136574180251208e-32
1.126126827759329322e-33 1.053507463277353350e-33 1.610069858397006835e-33 1.605958215637891030e-33 2.871070381965445881e-33 3.011931999915020220e-33 4.495656464272877739e-02 9.550434353572695434e-01 7.626137399445473820e-33 5.937679542819636617e-33
6.656947664711931206e-33 6.203166201871128114e-33 1.161951111776320362e-32 1.051656963188089020e-32 2.336975452659534450e-32 2.283136753154664161e-32 9.451896957746710459e-01 5.481030422533066798e-02 5.207888048537437421e-32 2.025297249764562823e-32
3.186418685614079650e-33 3.036698016464195561e-33 5.330778857165750626e-33 5.329636728672384411e-33 8.005524268662658130e-33 8.076771708950050715e-33 1.556733711935246456e-01 8.443266288064744662e-01 3.147660729606629020e-32 1.021503987363830609e-32
3.140284894771560604e-33 3.013740803793890224e-33 5.730917279918609320e-33 6.016977270628322028e-33 7.985644287724677384e-33 8.409563382135374875e-33 9.096673769630162498e-01 9.033262303698305629e-02 1.203443065915305969e-32 9.537104786408058053e-33
1.143349969254541559e-32 1.040334576461995063e-32 1.849356913391190954e-32 1.757461869696191342e-32 3.783379376183765933e-32 3.895357182720941790e-32 8.460324530597352899e-01 1.539675469402614072e-01 1.566301461209979798e-32 1.281422749698638259e-32
1.854132208562338573e-33 1.825075968647027616e-33 2.346552364687589792e-33 2.291555116118779773e-33 1.286224937973755287e-32 1.707314113525796330e-32 2.179152548478610341e-01 7.820847451521384386e-01 2.171189946326158040e-32 1.291468982771652376e-32
5.216730638537693686e-33 4.991250165597674767e-33 1.460473475854627089e-32 1.426994734310767302e-32 2.485229248252920834e-32 2.512295966070821400e-32 4.341222571017684384e-01 5.658777428982307844e-01 8.458287958403924683e-33 5.915222536284262541e-33
4.825558707546419629e-33 4.254593723407707357e-33 6.291911900450931887e-33 6.564465216535482610e-33 1.478459702497846036e-32 1.850164041952318196e-32 5.160834127734736931e-01 4.839165872265251966e-01 1.557672480159118666e-31 3.483395375016337053e-32
5.708502902245127442e-33 5.377166851882383350e-33 1.220046575799186893e-32 1.238374488410335915e-32 1.880534955211237369e-32 2.121403937756614122e-32 9.405162024833590984e-01 5.948379751663748077e-02 1.356206492542509628e-32 4.715090294059872382e-33
9.583982374627731097e-33 9.086711309862340380e-33 2.158091017973749546e-32 1.990471658727209431e-32 6.037068794766433449e-32 6.129529205468483850e-32 4.259740120518977491e-02 9.574025987948111549e-01 5.217413303798615391e-32 2.448859103315173486e-32
1.189656311110964466e-32 1.120944350916506324e-32 1.439891392188258313e-32 1.470014858146661517e-32 2.909996563411132221e-32 3.049038817688130005e-32 6.723582460583789056e-01 3.276417539416207614e-01 3.607969694637416748e-32 2.475428705944625238e-32
9.772852070916231708e-33 9.248956894524858595e-33 1.183994786533400147e-32 1.140191252308436646e-32 3.343459567132320545e-32 3.239214917695148042e-32 3.699917467249023151e-01 6.300082532750964637e-01 4.101990551806680567e-32 1.642478724405513476e-32
5.871649443735884139e-33 5.652781718742969860e-33 6.851699348345414608e-33 6.663010366736167005e-33 1.193954664943241331e-32 1.552226979641290380e-32 6.920522000055095990e-01 3.079477999944935096e-01 3.919884891890901283e-32 2.248571055621567994e-32
1.239604757931765196e-32 1.225281989964052167e-32 1.727824377617754438e-32 1.663196283428048665e-32 5.767539446700818417e-32 7.245214155130642726e-32 3.118177693825874841e-01 6.881822306174134596e-01 2.437439306995321429e-32 1.638592990311219746e-32
5.524179357289932977e-33 5.353424136793197674e-33 8.444804454054243090e-33 8.884258111010227397e-33 1.006990048630344472e-32 1.079659839243548934e-32 7.228420037619832650e-01 2.771579962380147921e-01 5.832255877010907454e-32 1.792135161753269282e-32
1.160129744894624762e-32 1.127135029596708778e-32 1.980237296873214039e-32 1.999808924441509737e-32 3.231320969482956564e-32 3.338930246769725539e-32 2.799415776848521720e-01 7.200584223151490493e-01 4.535373501342153388e-32 2.892777829746107479e-32
1.211505992689312145e-32 1.124923094173281084e-32 1.590516876347772523e-32 1.592158831144181056e-32 3.153520956076117425e-32 4.192437135305973740e-32 3.150125787153105206e-01 6.849874212846882582e-01 2.715279368036504863e-32 2.257608506095717467e-32
1.492938874109388199e-32 1.380075484251649453e-32 2.009815676528003867e-32 2.015769399059016191e-32 4.545777078002326657e-32 4.777932687925089837e-32 7.522555014221560254e-01 2.477444985778464726e-01 5.088907866526747610e-32 3.192515419337734845e-32
2.037524755257563295e-32 1.957821852955970815e-32 3.202527182583968607e-32 3.158070457861205714e-32 5.957197208882713868e-32 6.816985193488414619e-32 5.889162268113786736e-01 4.110837731886218260e-01 5.239414092316153996e-32 2.881461297012857501e-32
1.223569882188951770e-32 1.170741841476452420e-32 2.421662328076501271e-32 2.544013634942098710e-32 3.518590428787154728e-32 3.736369800062007546e-32 5.075638371963844264e-01 4.924361628036162397e-01 4.817717830913899079e-32 1.813367622275322954e-32
1.513437360589521366e-32 1.413863353545855858e-32 2.200159879085212051e-32 2.202216386487439132e-32 3.183190903974502795e-32 3.143073303607275995e-32 8.609850847813791397e-01 1.390149152186223314e-01 5.334688117661162041e-32 5.322021991786817679e-32
9.586659512075172853e-33 9.130181428779675271e-33 2.052611824209774154e-32 2.212789342014954958e-32 3.019050252306707106e-32 3.053663449155796911e-32 1.681733762195805615e-01 8.318266237804199381e-01 6.644425375292578378e-32 1.504204897194841671e-32
4.521342089649046837e-33 3.669777003375071198e-33 8.119294200243087278e-33 7.507885965089184929e-33 2.485264801639956168e-32 2.882379539349198416e-32 5.785163992663758803e-01 4.214836007336253410e-01 1.039192309601072415e-31 3.071807055301033564e-32
4.099431620270126399e-33 3.818470615195468940e-33 7.009777871750641116e-33 6.897670949974527161e-33 1.242506054516301798e-32 1.239681104385079457e-32 2.543687691893976588e-01 7.456312308106018971e-01 6.133554518756271849e-32 4.104167484162970255e-32
7.435535209612288447e-33 6.968189740978271433e-33 1.088312766568339553e-32 1.056379472825159860e-32 3.381854968417498613e-32 3.992211267113833032e-32 1.418179214140506961e-01 8.581820785859491929e-01 4.938961704887852383e-32 2.772662647670987069e-32
1.134724210825123590e-32 1.144138484813525006e-32 1.768310781755363304e-32 1.799179977512584952e-32 4.871117719181131873e-32 6.021734094367498417e-32 9.278481098728502685e-01 7.215189012714882943e-02 1.782738318263253706e-32 1.656951143577366264e-32
8.194989530563194333e-33 8.013904792677403972e-33 9.893592184192629457e-33 9.756182363315594963e-33 2.176258515917388676e-32 1.833995322867796415e-32 1.606510959389888527e-01 8.393489040610097041e-01 2.757545938457891992e-32 2.408315311745101135e-32
8.348963489664713675e-33 7.650596629094131661e-33 1.414762700384371922e-32 1.417996665273674795e-32 6.661533134834336177e-32 7.278754467902314437e-32 6.542369238440053358e-01 3.457630761559944421e-01 5.136948871113466038e-32 6.001848009408914387e-32
1.090889059802828279e-32 1.058625282391651406e-32 1.464477322563715596e-32 1.442544539931467625e-32 5.252643550066342704e-32 7.286306277992734941e-32 4.631638662351488245e-01 5.368361337648507314e-01 1.678197289113057805e-31 5.094572588651023908e-32
1.634821161649241729e-33 1.428604184808760468e-33 2.191211621133464512e-33 2.233587669015865647e-33 5.576201357585998857e-33 5.777856458991892622e-33 5.392590120961567868e-01 4.607409879038438794e-01 4.338846388187585361e-32 1.133340961373899829e-32
9.165411727966810695e-33 8.919924819796156579e-33 1.606504458544461683e-32 1.684053251636075085e-32 3.131158203720775041e-32 3.137013528132565936e-32 3.386579805399843601e-01 6.613420194600143631e-01 1.842231260640319556e-32 1.839270129674890913e-32
1.446762789614738400e-32 1.383238460496532141e-32 2.065583815777676264e-32 1.971374693911010899e-32 3.838961276698835001e-32 3.675477842032436708e-32 4.010972173757850756e-01 5.989027826242123709e-01 3.195386154954128318e-32 2.532731239403624864e-32
1.206362213533505487e-32 1.126632866064739069e-32 2.324354980953822739e-32 2.055438644474663804e-32 4.425013213060264957e-32 4.966497402643564686e-32 6.536028829783632199e-01 3.463971170216336160e-01 9.576594413839045848e-32 5.211917118261570456e-32
8.322910083886610635e-33 7.937612702963211798e-33 1.814862792227451885e-32 1.653651778763711505e-32 3.704265963632673497e-32 3.485064128546743263e-32 3.809050467478978241e-01 6.190949532521023979e-01 9.478907556475089346e-32 3.640261901543598965e-32
1.757133958117118172e-32 1.776969047560571536e-32 2.929996688793337797e-32 2.743847037826411280e-32 6.085792072388030889e-32 6.175844365202078715e-32 1.674493540717553464e-01 8.325506459282401295e-01 6.791238727815971161e-32 5.069747854786889739e-32
4.390260399459886491e-33 4.151189051074897584e-33 1.346461981721505661e-32 1.497204332024111662e-32 3.342698507947623810e-32 3.337965931423751756e-32 8.243281192505156341e-01 1.756718807494852264e-01 1.061657864981195142e-31 2.411434806652117616e-32
1.015763388189902336e-32 9.481187866971369849e-33 2.740443858047228400e-32 3.072419954623719707e-32 1.081401144033524641e-31 1.135201250136738063e-31 4.854260987399079408e-01 5.145739012600905049e-01 1.570585843588280894e-31 1.316934772587493093e-31
8.883987048564280712e-33 8.322868207419970630e-33 1.475531779208798675e-32 1.578050981029653903e-32 2.930475176135782879e-32 3.357405008497945107e-32 5.250504090088827791e-01 4.749495909911169989e-01 5.286008906807443163e-32 2.153398319999004019e-32
1.121113372466439539e-32 1.030234880552602947e-32 1.490040345866542811e-32 1.441423738256547624e-32 2.443961956552052673e-32 2.787177835216181780e-32 2.648316971872739511e-01 7.351683028127251607e-01 3.621735160986526398e-32 2.242409683970340768e-32
1.515913172320658788e-32 1.542259082656557003e-32 2.711520734958855114e-32 2.709488131178670497e-32 4.214490395976510856e-32 4.656668933375168748e-32 7.157968313490020718e-01 2.842031686509973176e-01 7.452289983136514200e-32 7.019469727007515752e-32
4.550400798123913492e-33 3.902860686336763925e-33 1.089147145114299473e-32 9.633145214012416558e-33 2.614621566213136506e-32 2.765973953480491892e-32 6.611791421340541541e-01 3.388208578659446246e-01 1.893220227823822370e-31 3.364507344872242453e-32
3.294619298636941355e-32 3.249413035222654180e-32 4.732209750333492363e-32 4.558469583343340663e-32 7.554695129325037174e-32 8.569010744858672326e-32 3.107668464350650250e-01 6.892331535649348639e-01 8.663056403769470534e-32 5.495116161756972172e-32
1.232350638046949911e-32 1.185303352919847644e-32 1.670095644218088055e-32 1.778030969941671275e-32 2.980458544159465194e-32 3.519229437413354269e-32 1.910699048871108696e-01 8.089300951128917117e-01 1.480033150924353122e-31 1.712160867003425582e-31
1.492673092922104006e-32 1.538005452662821689e-32 2.586518002203120656e-32 2.455026629460369824e-32 1.086073431867445860e-31 1.230153396485648638e-31 8.070688851606135916e-01 1.929311148393867414e-01 5.293990337823733514e-32 2.721507861552868522e-32
1.444177425936764432e-32 1.420103859923847549e-32 1.751159604615609320e-32 1.730311840489525748e-32 2.387576175748141756e-32 2.469936502166998260e-32 5.830272603254427199e-01 4.169727396745576131e-01 2.779061973996623777e-32 2.421266343281713547e-32
1.317530482334585109e-32 1.258758268955247168e-32 1.752666467062069224e-32 1.821872199603157867e-32 2.834393272127479796e-32 3.027024862644249669e-32 3.959590472893448898e-01 6.040409527106573861e-01 1.761645545671319989e-31 7.309044665205255730e-32
4.872616258473555894e-33 4.499630077237522298e-33 6.098227089398627106e-33 6.223844378760060008e-33 1.218145195783218681e-32 1.611506808370061986e-32 1.592162418387736145e-01 8.407837581612251920e-01 7.738301840852271135e-32 2.255573675425390227e-32
7.136205440925959630e-33 6.682986606585313205e-33 1.448670477455589406e-32 1.436073868750942060e-32 5.987010359992231470e-32 7.214581410774635730e-32 9.104649888070309727e-01 8.953501119296905508e-02 8.932728851152282326e-32 6.923789273260778102e-32
8.720973425655213579e-33 7.800758563449921218e-33 1.907397411843933111e-32 2.086104443684744742e-32 4.337524971187907831e-32 4.725003118160419741e-32 7.771457713375836684e-01 2.228542286624147772e-01 6.108409391028741699e-32 2.556114815290651466e-32
2.049088710911901747e-32 1.815540625197097818e-32 3.282424836542837511e-32 3.564855662655172830e-32 6.506807160644886861e-32 6.603620642257370704e-32 3.723254191220162213e-01 6.276745808779841118e-01 2.823832505656246695e-31 5.800407744147699611e-32
1.974327298637033641e-32 1.765007872465790022e-32 2.712274396389835099e-32 2.677728947719959671e-32 5.944179035055847160e-32 6.446284387155736922e-32 5.277902485166801050e-01 4.722097514833202281e-01 4.812415954375364410e-31 1.343874170402121195e-31
1.640468614678228067e-32 1.332625543815230033e-32 2.452946586667335232e-32 2.407172857228663013e-32 8.321127694744469016e-32 1.170591317030433622e-31 2.033225178151059909e-01 7.966774821848933152e-01 8.820535589404810713e-31 1.889261777218441750e-31
1.819638435208599039e-32 1.499608320961662823e-32 2.555531848153130090e-32 3.088528256693887088e-32 8.852525938581838300e-32 9.203799271764492428e-32 4.291374445426006101e-01 5.708625554574008332e-01 1.013727758499378868e-30 3.040764584767478605e-31
1.164434951809110753e-32 1.087843103007247294e-32 1.899308906552120639e-32 1.932689686025687936e-32 5.198426920007562990e-32 5.935140887314702447e-32 6.123014326832385557e-01 3.876985673167617774e-01 2.878256549880567878e-32 1.889799855839360728e-32
1.826246701570176371e-32 1.807314715011892311e-32 2.947486549275999545e-32 2.978333475526155132e-32 5.194999903758800218e-32 5.518633417085452158e-32 4.737818842675060593e-01 5.262181157324941072e-01 6.380196773554814615e-32 3.005256485448460062e-32
2.814612353847999801e-32 2.763800761714839915e-32 6.719996942877223887e-32 6.629612461521295641e-32 1.808706175942673028e-31 1.577696969660647810e-31 4.740955386779354686e-01 5.259044613220655862e-01 2.234148083524006206e-31 1.203347607972478545e-31
6.278348172115957656e-32 5.772809901293441492e-32 7.240616870818485951e-32 7.175836571738749231e-32 9.830380597622589986e-32 1.029915847706046846e-31 3.617280623913865512e-01 6.382719376086136709e-01 7.769420256423177667e-31 1.356526190137784652e-31
2.315581384710769067e-32 2.174926025482283761e-32 2.672623296221308818e-32 2.854883984777285445e-32 5.343565247699555923e-32 5.181099313602051831e-32 2.922199884446828322e-01 7.077800115553174454e-01 2.973020354284473353e-31 1.953551212088173695e-31
3.290751966577461570e-32 2.829557543553748036e-32 5.385962753534660603e-32 5.780754262852448071e-32 1.013385768004342736e-31 1.033647075674408462e-31 3.640085175980677101e-02 9.635991482401945474e-01 6.212090649421941822e-32 4.534448493355131946e-32
1.296271705661664141e-32 1.301301475821389274e-32 2.362158071520069738e-32 2.167155310220980603e-32 3.660510460286363132e-32 3.868087780101874539e-32 9.707162767843068307e-01 2.928372321569326989e-02 5.638640598424433083e-32 2.732226143954337285e-32
7.371701634039190896e-33 7.535618820119619026e-33 1.628817742841930635e-32 1.618863214504548542e-32 5.321880628996456040e-32 4.399765470759191744e-32 6.444253225932837781e-01 3.555746774067162774e-01 6.452969201611005832e-32 3.227654290665613929e-32
4.056737543556458232e-32 4.226191251702907659e-32 5.042838993067504762e-32 5.341356421869103095e-32 7.401155180216804473e-32 9.359938411432400650e-32 4.475588199746790008e-01 5.524411800253212768e-01 1.176845275197632934e-30 8.510806419327493726e-31
2.623816133283556209e-32 2.621470872248395325e-32 4.895665175396318565e-32 4.655642517489667037e-32 8.976220241364587762e-32 8.967010800279389327e-32 5.855352992653299893e-01 4.144647007346690670e-01 4.721340800022386941e-31 3.582140142522231012e-31
1.632683322669328440e-32 1.544010677460045542e-32 3.033292983546470636e-32 2.979630097784379358e-32 7.979357260989270720e-32 7.913483036875000483e-32 1.909090739880236476e-01 8.090909260119760749e-01 6.957315907402021106e-32 5.085989309018074877e-32
2.691015720184564559e-32 1.987481803883776061e-32 4.361405485336478619e-32 4.300370214469096313e-32 8.968256389452712046e-32 9.275985239531133974e-32 8.117155154391710870e-01 1.882844845608281081e-01 5.863139258851683017e-31 9.360403532378954671e-32
3.226533685809239082e-32 3.272001947942025745e-32 5.664840911594700329e-32 5.130223543318758567e-32 1.675718731350016122e-31 2.021309643566824373e-31 1.772409536233755523e-01 8.227590463766254469e-01 1.245996546552234100e-30 6.042666010436428313e-31
3.962406512637607208e-32 3.500487012640319494e-32 5.207648867385793967e-32 5.204897168600835948e-32 8.948643663133797843e-32 1.072052267980182725e-31 3.894021889461472541e-01 6.105978110538542447e-01 2.650750838972064793e-31 1.439761382153783272e-31
2.783101621987866410e-32 2.413773115166090390e-32 3.317047974067144713e-32 3.359413256511342211e-32 5.567607528769059888e-32 5.575083119387417783e-32 5.288999453845384391e-01 4.711000546154601176e-01 5.545672755999779904e-31 9.381916660286418276e-32
1.621916409935744415e-32 1.430345393455925999e-32 2.001613004967690512e-32 2.068585628329207940e-32 4.985356801469663004e-32 5.469766526548251478e-32 6.591663844727756461e-01 3.408336155272240209e-01 7.282123946296931651e-31 1.106397925780981453e-31
3.063259152279054072e-32 2.681265462467236794e-32 4.746721540781510045e-32 5.037052391108878015e-32 7.587513805934947673e-32 8.673225668043185309e-32 3.977013042015316024e-01 6.022986957984669543e-01 1.175274892748124568e-30 4.532907849621069076e-31
