1.950409169352320058e-31 1.860601080406107539e-31 2.461769660820154357e-31 2.576818629572095098e-31 3.191967817316918828e-31 3.378306070968811171e-31 3.437773328290537056e-01 6.562226671709474601e-01 7.562826215495187225e-31 7.481912397750114045e-31
1.741815449989117532e-31 1.576979502058770531e-31 2.263718772535436505e-31 2.407292579634553294e-31 3.136804530968891188e-31 3.365497454861442205e-31 6.265324862558808716e-01 3.734675137441180182e-01 1.401145208172556425e-30 8.341155614404303254e-31
1.539822469281882092e-31 1.598028555844293897e-31 2.603299696932965319e-31 2.652374051340543580e-31 3.258519625020883988e-31 3.406898275525051785e-31 6.526632811028009185e-01 3.473367188971992481e-01 5.344063700679077136e-31 5.747019105530008330e-31
1.770899515354511247e-31 1.983210385656740237e-31 2.462656878876455239e-31 2.242375561813421864e-31 3.135936523718773948e-31 3.023545831963908297e-31 2.960074297285251177e-01 7.039925702714742162e-01 1.421723821645579175e-30 1.638677713193683887e-30
1.525327531403553117e-31 1.677635837779150682e-31 2.082284663290220925e-31 1.928047279574295659e-31 4.223482609626002793e-31 4.033164435498822803e-31 7.280457705940787116e-01 2.719542294059213994e-01 1.192354832089002477e-30 1.111373640218024467e-30
1.757822856451875960e-31 1.690839625190315729e-31 1.868513735948823978e-31 1.807667470124425703e-31 2.264463052792638923e-31 2.363734826322174423e-31 2.848569074049718264e-01 7.151430925950292838e-01 5.403329362494294015e-31 4.123705294161669943e-31
1.073348478208277406e-31 1.338487432460467728e-31 1.520777085841048965e-31 1.539251286849512887e-31 3.820048726184863034e-31 4.404427641144942406e-31 3.271621024080211271e-01 6.728378975919792060e-01 1.124157002753877640e-30 1.123412404233809693e-30
7.554373997840503273e-32 7.358858055583223404e-32 1.191062926817799494e-31 1.134556385164792902e-31 2.536925357222285038e-31 2.570760468406102524e-31 7.554266654336481146e-01 2.445733345663511082e-01 6.371990632243844435e-31 5.490652554760501638e-31
2.246326354811763878e-31 2.198418401134864863e-31 3.016217549585868532e-31 3.063313990624338645e-31 7.981671024589098073e-31 9.218941528786644298e-31 3.137901836838019598e-01 6.862098163161964859e-01 1.489187167193135040e-30 1.301103969929916374e-30
9.508419195533810778e-32 8.551668249327223724e-32 1.348407860055923827e-31 1.275525979575436419e-31 3.644259913205957442e-31 3.915867864948168988e-31 6.221700314540001830e-01 3.778299685460009827e-01 1.259794111763489297e-30 9.393005616229227276e-31
1.475080193426227178e-31 2.069153986560972608e-31 1.711800916970196730e-31 1.884216581661064615e-31 2.961179890174639478e-31 2.829828803746820156e-31 1.474719197104438773e-01 8.525280802895555121e-01 1.195927341359646968e-30 1.616902133947064363e-30
1.230355857448715794e-31 1.135491572526335231e-31 1.587434949258804739e-31 1.611125254566784417e-31 3.473778300772713307e-31 4.028293241228215861e-31 8.617517334736900514e-01 1.382482665263109201e-01 8.798638860145703747e-31 9.383519750627061454e-31
9.030765632241721874e-32 1.120798293716735299e-31 1.094257481741773544e-31 1.151629717546937490e-31 2.003158164630493724e-31 1.756105195512950730e-31 2.229038856029130489e-01 7.770961143970862572e-01 1.020887593955585332e-30 1.423053158646374649e-30
1.317241461205879550e-31 1.204451247100272805e-31 1.748233507451786638e-31 1.673051585320185494e-31 2.667548381918729343e-31 2.854212947239186737e-31 7.362333535938605511e-01 2.637666464061398375e-01 3.641180326854902540e-31 2.807325542394477240e-31
2.498707809842010087e-31 2.570786156633666664e-31 3.642212361952863431e-31 3.587465022638458307e-31 6.084757220450159618e-31 6.100207765079596150e-31 8.928361648786180549e-01 1.071638351213812512e-01 1.496960298676347473e-30 1.582725273252913030e-30
5.837935185581603157e-32 6.557081920696585616e-32 6.397626220772556558e-32 5.805074285142812179e-32 1.150132874985729322e-31 1.392513658760645265e-31 1.225250844106695186e-01 8.774749155893335484e-01 7.594745134125989975e-31 9.911044582360426508e-31
7.411823122207772183e-32 7.368130922914764806e-32 1.065954739785254217e-31 9.701730555313799520e-32 1.551498626683799203e-31 1.507453548571849230e-31 6.982678089244045427e-01 3.017321910755950132e-01 1.047428721949413980e-30 9.207636920505561578e-31
1.088722525946612908e-31 1.800227203182723253e-31 1.693395497211338346e-31 1.725357190414226673e-31 2.473884653599776453e-31 2.058627606297163660e-31 1.268356939478388068e-01 8.731643060521609989e-01 8.930052179863760764e-31 1.525959101025677885e-30
1.215295486520785537e-31 1.219765887714351420e-31 2.195280721463550111e-31 2.101586938252370763e-31 2.930210876743319987e-31 2.902612769446389449e-31 8.159448820187574503e-02 9.184055117981244631e-01 1.019388822156110825e-30 9.143375526822756775e-31
1.795556817788199336e-31 1.726402148725051350e-31 2.781657282422509642e-31 2.538016611557625027e-31 3.506161905569054326e-31 3.461798683195719358e-31 7.073396746854406780e-01 2.926603253145594885e-01 1.052922062413495054e-30 9.717296754239465492e-31
9.267163624591686251e-32 8.440662698596642408e-32 9.657240495403367474e-32 8.824105784901186289e-32 1.159558076837342036e-31 1.126216264314549072e-31 5.655340503266296226e-01 4.344659496733708215e-01 1.258454219817190329e-30 1.132184378434871206e-30
1.229445811771716211e-31 1.155989399624274834e-31 1.619988420660572729e-31 1.541842668213544260e-31 2.362426197532838615e-31 2.917353230856922826e-31 4.201507836487596848e-01 5.798492163512419806e-01 1.257376002844348083e-30 1.004774912421227424e-30
1.095350807572805983e-31 1.043812182487478215e-31 1.130338509741635773e-31 1.094917276420750829e-31 2.155121403284387918e-31 2.425220118338478293e-31 6.470258922008381708e-01 3.529741077991632170e-01 5.794744921807670938e-31 4.683212969775286404e-31
1.338511779583740655e-31 1.830576571658005793e-31 1.687932880920026287e-31 1.804135909792737812e-31 2.166477530247597104e-31 1.934434071890972641e-31 3.014454670463563302e-01 6.985545329536430037e-01 8.040995374051562917e-31 1.302833129035754524e-30
1.104552880442031382e-31 1.060121831933686895e-31 1.440986038510802102e-31 1.360285156848834479e-31 2.941421722382092856e-31 3.093425464591120952e-31 1.610972334442358767e-01 8.389027665557649005e-01 3.426910113331193650e-31 3.921717772284636904e-31
1.603314875291259375e-31 1.929039572549145093e-31 2.020714720827644699e-31 2.051064601876670124e-31 2.848645712189588646e-31 2.677821318490967268e-31 7.989170194843577821e-01 2.010829805156412742e-01 9.074502885889317327e-31 1.121583478945461178e-30
9.240666942524023969e-32 7.358849355371650312e-32 1.049233249830412702e-31 9.701229670554383917e-32 1.929725017109272934e-31 1.948422414745085952e-31 3.289740117684092358e-01 6.710259882315916524e-01 1.219585884235844884e-30 1.141512101424850476e-30
1.315156859100657961e-31 1.836326732053682267e-31 1.565495178516630041e-31 1.580897698728284420e-31 2.293821318448975060e-31 2.039380183764028576e-31 2.692800666892628536e-01 7.307199333107375905e-01 1.124769175123595742e-30 1.189466201881877754e-30
1.149623397122759503e-31 1.451318341128675373e-31 1.402514315033958625e-31 1.425712988605634283e-31 2.606414594496740208e-31 2.458989103683088471e-31 2.658472176156769784e-01 7.341527823843234657e-01 1.022360596945015893e-30 1.304076211260638012e-30
6.960849792341204261e-32 5.474412868132139633e-32 7.576768877217981705e-32 7.169080017467596515e-32 9.815480529293110364e-32 9.549741493952645550e-32 7.164287088261686032e-01 2.835712911738306752e-01 9.823631244676096106e-31 7.107559916363857814e-31
1.131563248791005835e-31 9.075312139648573195e-32 1.165269107040344541e-31 1.112509505077622406e-31 1.749772357879280364e-31 1.917543080905396125e-31 3.198470840957038930e-01 6.801529159042953854e-01 8.884353540411516273e-31 5.000854755953959652e-31
1.318172213435711840e-31 1.389559960193013779e-31 1.895495319737069051e-31 1.740397304404458148e-31 3.011145560985979099e-31 2.741216217376085850e-31 8.342487552830175623e-01 1.657512447169827152e-01 8.763500170711234516e-31 9.735518175003699531e-31
1.685122836501824552e-31 1.353632576617004056e-31 2.680077246972498422e-31 2.658855807252791722e-31 4.751674468756298719e-31 4.831635423275045472e-31 1.895109099730522551e-01 8.104890900269483556e-01 1.888344102368394877e-30 1.045578324327777509e-30
1.105186238375180697e-31 1.359593666412634698e-31 2.626429746898539103e-31 2.471523474458537490e-31 5.366450024642311055e-31 6.103750088173994268e-31 8.153390744239489285e-01 1.846609255760525148e-01 4.559499957692416925e-31 1.148993559604229084e-30
1.062321307056715161e-31 1.522081145130419986e-31 1.478513300965866434e-31 1.408279784040156138e-31 2.638391892977983126e-31 2.378096553255686918e-31 4.754446304309711824e-01 5.245553695690294838e-01 7.293840727916945945e-31 1.732729676111087986e-30
9.063223239459570843e-32 8.244769531154526721e-32 1.065823828040823265e-31 1.170099643639122912e-31 1.362100184221779585e-31 1.582917658698290358e-31 3.406158670658195886e-01 6.593841329341804114e-01 1.843377856245034088e-30 1.272948469515649040e-30
4.598644800122457486e-32 4.189977123412587421e-32 7.371278014383265035e-32 6.665914982873111130e-32 1.567569013730436183e-31 2.001118932547645217e-31 8.932713710697138820e-01 1.067286289302859237e-01 5.613243155600782033e-31 4.123384136509736059e-31
9.633492993818319655e-32 1.279251426172640688e-31 1.013710594469020335e-31 1.062789551874156290e-31 1.311723860255451515e-31 1.110553428045722859e-31 7.101722593376984249e-02 9.289827740662313094e-01 8.707749956503434918e-31 1.535186052280815485e-30
8.175958846374500611e-32 1.065606447844205621e-31 7.932695269326488744e-32 8.014641447192626413e-32 1.474223805476585560e-31 1.725130635997480199e-31 5.597123397706242898e-01 4.402876602293761543e-01 7.309886573965088320e-31 1.368364873420110107e-30
5.365548982616246624e-32 5.333154957714594651e-32 8.343978366029203982e-32 8.568168340100591548e-32 9.744429522806704208e-32 1.089681771176175345e-31 5.010733535669927852e-01 4.989266464330078255e-01 9.480222989052812500e-31 6.799466233530447795e-31
8.351960878167166755e-32 9.914396033556983433e-32 8.897569638612818770e-32 1.014096521592227229e-31 1.461886501142376627e-31 1.548029743322844024e-31 8.099980550022498615e-01 1.900019449977504715e-01 8.648197164256388063e-31 1.055134797337124833e-30
3.599647897919197750e-32 2.683124358601261231e-32 5.584835836072029199e-32 4.901111437362908354e-32 1.191258426862800695e-31 1.290187825048362449e-31 2.176899180251870569e-01 7.823100819748102230e-01 4.474709539797902392e-31 2.355622659381341485e-31
1.287245818805735215e-31 1.379132072657213543e-31 1.624672488985671340e-31 1.586967107715956471e-31 2.854884735898593530e-31 2.940793223182250093e-31 5.836342315905876932e-01 4.163657684094121958e-01 9.033575607435964268e-31 9.414777427512203570e-31
7.561526484864802666e-32 6.727506038464394973e-32 9.131256047050941433e-32 8.738405338055018664e-32 1.104654682304674765e-31 1.205018295087402471e-31 4.094216991814956796e-01 5.905783008185054861e-01 5.256419880995637614e-31 3.290408466226805873e-31
1.873662203554248437e-31 1.721003881316109394e-31 3.289523157909287670e-31 3.084374452121612980e-31 5.764043569952809380e-31 6.446947085026095633e-31 5.130009825571381077e-01 4.869990174428628360e-01 2.011651564674166382e-30 1.590203755288418043e-30
8.137530728913204313e-32 9.253923629038178399e-32 1.219273588529706403e-31 1.134276558387572615e-31 3.326537002029627531e-31 4.186015277140297455e-31 8.261142530269978135e-01 1.738857469730031302e-01 6.431754202116930674e-31 6.113248198892767611e-31
7.766225715423627984e-32 6.595561207869347018e-32 9.098741467494943009e-32 8.547957988227316202e-32 1.332979851146990209e-31 1.359268855014612433e-31 2.629556963941412917e-01 7.370443036058589303e-01 1.194630558107831926e-30 6.960473965554993609e-31
5.330992283366089652e-32 6.218825702743604951e-32 6.749842083826907651e-32 6.483556060593523084e-32 1.748285535096882943e-31 1.560716280412101234e-31 7.939672527727975604e-01 2.060327472272027449e-01 5.805626066397360069e-31 8.279430055268675497e-31
4.783999368322323849e-32 2.906246833649078179e-32 4.940794479875687945e-32 5.364628155269183382e-32 6.036273136744807631e-32 6.948591970228435016e-32 8.789591738354965086e-03 9.912104082616413070e-01 9.065544474319986710e-31 3.402094988581801856e-31
9.758664217110385031e-32 8.952548009613829627e-32 1.039074222050347322e-31 1.163155405818810836e-31 1.222648640006809378e-31 1.295119006797644292e-31 8.046129777328908661e-01 1.953870222671086898e-01 1.481203417072514917e-30 1.267205237406563759e-30
4.628724735750244170e-32 4.383775804159815795e-32 5.345769650970119045e-32 4.978876209151044921e-32 8.973790423985155045e-32 9.040246713835495472e-32 3.898398926776684981e-01 6.101601073223332783e-01 5.996859525756947423e-31 7.715021418141437182e-31
8.665381224196269625e-32 8.867451382553269669e-32 9.724346779105702824e-32 9.305009929128615722e-32 1.119658062525095427e-31 1.120844470028347545e-31 5.466096521648317053e-01 4.533903478351685168e-01 4.946040074446678725e-31 7.307486959810014445e-31
6.636648398958790135e-32 7.100396822400068219e-32 6.614640823708300539e-32 7.091870173778106459e-32 9.115113587048450712e-32 8.778788273626186121e-32 4.056542827616867464e-01 5.943457172383135312e-01 1.081277187966892810e-30 2.022635862935596344e-30
4.314049949728201284e-32 2.911781034011526296e-32 3.306745259818647431e-32 3.665816104646597227e-32 5.372018487131311100e-32 5.591886845574770933e-32 5.856571413890102606e-01 4.143428586109894063e-01 9.414128414160776253e-31 6.896199988521408642e-31
4.248224783049590811e-32 3.669554965153421278e-32 6.085957535094186208e-32 5.638210721366658325e-32 1.126732934564859679e-31 1.339565237901974347e-31 1.983185949176881346e-01 8.016814050823115601e-01 3.984335617914052406e-31 3.627358442156921940e-31
4.091930928662479024e-32 5.333055228407817967e-32 5.417826483514959625e-32 5.872320649187795306e-32 1.062728630707404069e-31 8.654565834955138069e-32 8.003630215893191568e-01 1.996369784106798995e-01 3.460263509049519475e-31 1.348283172874828633e-30
1.746598799266064565e-32 2.090768961532509628e-32 5.197716206502787612e-32 4.861675209564293828e-32 9.305433364888377846e-32 8.508097888623492236e-32 4.732925289260262458e-01 5.267074710739736432e-01 1.979519529654171007e-31 4.461821735102792942e-31
4.262040378605859339e-32 6.500009132636479428e-32 6.186989597018006684e-32 7.255433758216006567e-32 1.351947983721939319e-31 1.222711436769430439e-31 5.217076440251274816e-01 4.782923559748719633e-01 3.704635662182540141e-31 1.904680291873471551e-30
8.880011794179012188e-32 8.526836786114948446e-32 1.670319881008421557e-31 1.605997742761126076e-31 3.856592239188833350e-31 4.266025837994094235e-31 3.563156245737369998e-01 6.436843754262657757e-01 4.319234296983576849e-31 3.529275209793148534e-31
1.502840273351802649e-31 1.483563188506803193e-31 1.835224874487410795e-31 1.790614615862279789e-31 2.110182661226412899e-31 2.197513103051004206e-31 6.073788793402439268e-01 3.926211206597567949e-01 5.017677716692501112e-31 5.349223602696542488e-31
7.018047259141037337e-32 7.045362232872941679e-32 1.070902638182707524e-31 1.046113941626478578e-31 1.821051390320399334e-31 1.642183086017937224e-31 3.606239198226450782e-01 6.393760801773558100e-01 4.484307246199672075e-31 7.304196252455958067e-31
9.908481718727794271e-32 1.082677070777405169e-31 1.011396914897568007e-31 9.779830024826915815e-32 1.468916509657496306e-31 1.312657931455865581e-31 9.729669423868883005e-01 2.703305761311140115e-02 4.276469908365707529e-31 6.540593696815397969e-31
7.310371888367569861e-32 5.680005487647026706e-32 8.119080357645833425e-32 8.027658522390803431e-32 1.306014326978191765e-31 1.350064919952627093e-31 5.569415948620425327e-01 4.430584051379573007e-01 2.387848267268151183e-30 1.244723669004067324e-30
3.007606301189511085e-32 2.718138692816193660e-32 3.802382648151335383e-32 3.936601460909272104e-32 6.076886472422544220e-32 6.903097740620628818e-32 4.302010702712689705e-01 5.697989297287312516e-01 2.564206339999307876e-31 1.744048097144853020e-31
1.515820285006692582e-31 1.491806656502007397e-31 1.970425664784420243e-31 2.000845701973216140e-31 2.219857420307712062e-31 2.190253707407659275e-31 1.265099598646078904e-01 8.734900401353923316e-01 5.378098701984159930e-31 5.013238246528653293e-31
8.446077871989507039e-32 7.804906302555456480e-32 1.306039482353780904e-31 1.372091632366724852e-31 2.110039960824014554e-31 2.427914963715652091e-31 8.728527449968810359e-01 1.271472550031184090e-01 4.769488161654982347e-31 5.793988458498293089e-31
3.469360820787175608e-32 4.077172153518744116e-32 3.894499005045570479e-32 3.595651489261891829e-32 4.784673988366952896e-32 4.741917583632732143e-32 9.864280330053851742e-01 1.357196699461428284e-02 5.497804005190257430e-31 6.545171711624845358e-31
4.478057785049581584e-32 4.398869314453095003e-32 9.243438424161019021e-32 8.549899003116115613e-32 2.163432961291447476e-31 2.709970196880037072e-31 5.814811599873191683e-02 9.418518840012661819e-01 3.096980758729302490e-31 3.491454086164852851e-31
3.135344490220828784e-32 3.453120953025478547e-32 3.912636640258149720e-32 3.692481555547333457e-32 4.160726976115168389e-32 4.139164975379511416e-32 3.117049294004615306e-02 9.688295070599544090e-01 4.934746483752885942e-31 3.604947935124204345e-31
5.118886067891968336e-32 4.544131225681623316e-32 5.255886587789658555e-32 5.110674493151101750e-32 6.846858817249944440e-32 6.724476516460887616e-32 9.439774359790512603e-01 5.602256402094912130e-02 3.868815164789249546e-31 3.644301794480975776e-31
1.109440634570317663e-31 1.385656950333208112e-31 1.367655793697789137e-31 1.393600405333877542e-31 1.831847572540596184e-31 1.634011375942436380e-31 4.710888914862629284e-01 5.289111085137379042e-01 6.194077576878621241e-31 6.105198474973253669e-31
6.895734878794259473e-32 5.896573874703544035e-32 5.866894903762592060e-32 5.286481754595681346e-32 5.399299154995787496e-32 4.920874265987327899e-32 4.589174186739329864e-01 5.410825813260646822e-01 4.767708558172481202e-31 3.774789558103065854e-31
8.316512211631816763e-32 1.123435232860519829e-31 1.316942102701839242e-31 1.300113935290821070e-31 1.682210335414185192e-31 1.477530764011980178e-31 2.029409864602404467e-01 7.970590135397600529e-01 5.573727646259106295e-31 6.119466834670004442e-31
8.433916543617330758e-32 8.946196169152989584e-32 1.550618165780392953e-31 1.527973390983305116e-31 2.248476461161408783e-31 2.362332042412921959e-31 9.744285484463468539e-01 2.557145155365212613e-02 2.472862971783271555e-31 3.438791936063983125e-31
3.483311662562628526e-32 3.416454597136973856e-32 4.539247606962656670e-32 4.570696691451503811e-32 5.288272161064579437e-32 4.901060918362834677e-32 8.762712267532835053e-01 1.237287732467162588e-01 2.422620021387411067e-31 2.981815003515652110e-31
1.059913184376766014e-31 2.247871775205942291e-31 1.215780537761533846e-31 1.341513359022168864e-31 1.789276654695822126e-31 9.679105763558465626e-32 3.155188818829621211e-01 6.844811181170380454e-01 5.767975266957836402e-31 1.604601051130977785e-30
2.289708087901883145e-32 2.117065627555871705e-32 2.916659655991906910e-32 2.877672385776730683e-32 3.875478757188515397e-32 3.647283527874740271e-32 9.777383507791285178e-01 2.226164922087020201e-02 2.514549053610481683e-31 2.332543652806658128e-31
6.536432119780353511e-32 1.214224762350770958e-31 8.477837022463389406e-32 8.810256951957439555e-32 1.409629714104907824e-31 1.027592103730637624e-31 1.408296937163565354e-02 9.859170306283639995e-01 3.219986791057490204e-31 9.580543928485482426e-31
3.333665731333574333e-32 3.139544713030634459e-32 3.213172355628232451e-32 3.374002560833600426e-32 3.830482395109079578e-32 4.070548727864723115e-32 3.903233935056427684e-01 6.096766064943578423e-01 1.829518125490703308e-31 1.835768046210847040e-31
1.503466291731715752e-31 1.732480682644792827e-31 2.025201101799164283e-31 2.067220878120891888e-31 2.249467168659625463e-31 2.197055152405831728e-31 5.330078205121466794e-01 4.669921794878527099e-01 1.236353480770945464e-30 1.033928117716595144e-30
6.245407175419804843e-32 1.155220834885456194e-31 6.741879735592462782e-32 6.918307646364201377e-32 9.376019468901414441e-32 5.172233418399803864e-32 1.760353739034454801e-01 8.239646260965532987e-01 4.256039040016872688e-31 8.965840712987657546e-31
2.928396749273026350e-32 2.439111752112961611e-32 2.676308744463638549e-32 2.239671624106463128e-32 2.821249263012729411e-32 2.702627049503632696e-32 4.623237553313409021e-01 5.376762446686604857e-01 3.798687571441910220e-31 2.902707372711192864e-31
3.040857407980922166e-32 2.090702747386827292e-32 3.023077312591889280e-32 3.486758615100272651e-32 4.813333703622513993e-32 4.472808622338515091e-32 3.219091273172768886e-01 6.780908726827243882e-01 8.850799296698570721e-31 6.154423207108123931e-31
1.488671406087710080e-31 1.842946035415812989e-31 1.598526060192955269e-31 1.610539001296260296e-31 1.790360605458587503e-31 1.541367589226842314e-31 6.984650298250141276e-01 3.015349701749866496e-01 3.569328266719604243e-31 6.203762356354023388e-31
4.044035277001741549e-32 6.023249950728335321e-32 4.150069725692822482e-32 3.979206979899019024e-32 5.111424017134617056e-32 3.071302380742304074e-32 8.113116297637277263e-01 1.886883702362713300e-01 9.332242995365532772e-31 7.590182410020519745e-31
2.735614624083480201e-32 2.570458791232780046e-32 2.858633989362463965e-32 2.957073528968818897e-32 3.544206845605427681e-32 3.759249301969664394e-32 1.852814954653346780e-01 8.147185045346670984e-01 2.649129723735630112e-31 1.663276943059051480e-31
3.471582278989418397e-32 2.791625594293535331e-32 6.877896913699858579e-32 6.345793794652932240e-32 9.388799460577232361e-32 1.016882883921773566e-31 5.030156240845341103e-03 9.949698437591547595e-01 5.861424068984460310e-31 2.990261384977427365e-31
3.762459612382678114e-32 7.035150662971544325e-32 5.867494652879104847e-32 6.212382991451269609e-32 9.325494069798459212e-32 7.594562926615752374e-32 9.832783169816570190e-01 1.672168301834192281e-02 4.812878877727625956e-31 1.007857708200891869e-30
1.814912474271799783e-32 2.518795081942387833e-32 3.588144151652720338e-32 3.974427753920146350e-32 1.066483252203884531e-31 9.998575134645543685e-32 4.619788160686281175e-01 5.380211839313717714e-01 3.153482918801395896e-31 6.298082585408990885e-31
3.487293617821341903e-32 4.886950209375139766e-32 3.428102965600264411e-32 3.781946653419476954e-32 4.890642943818883166e-32 3.925012787086554194e-32 5.605931795981482502e-01 4.394068204018511392e-01 4.896841129905419997e-31 5.678987956581211159e-31
1.822549262090672246e-32 1.667000468691050450e-32 1.590161194223688591e-32 1.647730959317525976e-32 1.672701382013987187e-32 1.794390562209765165e-32 4.797901933767118043e-02 9.520209806623289861e-01 3.340843329558861981e-31 2.937836729621923874e-31
6.568307625195064656e-32 4.650615650036915087e-32 6.324327185564735210e-32 5.323861298941976594e-32 1.092649056833190943e-31 1.105171054117170416e-31 9.398123814784271612e-01 6.018761852157412939e-02 1.683228853180039656e-30 5.677561581462951002e-31
1.288782685582070031e-32 1.608876236451547511e-32 3.917362938338535417e-32 3.221198739923958318e-32 9.373256294203065158e-32 7.549011127658687520e-32 4.626746831081876010e-01 5.373253168918116218e-01 3.724265679227025661e-31 1.737129357596370431e-30
4.024807773309083582e-32 3.738636589227323761e-32 4.254346501441851705e-32 4.414399533390934075e-32 4.398967419601605307e-32 5.381299099165155177e-32 5.047413306824604096e-01 4.952586693175396459e-01 9.212768932450639927e-31 4.212201908835345968e-31
3.554411027049635401e-32 3.746304038817788790e-32 2.957561532469628741e-32 3.559298051036285147e-32 3.543669745365661701e-32 3.329745128635765750e-32 4.654353635371683701e-02 9.534564636462831144e-01 7.103940711458326261e-31 7.164321380288677342e-31
1.789719586672032832e-32 1.850650611912249204e-32 2.768207280370777808e-32 2.726814068569074937e-32 6.388091705685548002e-32 6.308979555677930626e-32 9.472341748311223775e-01 5.276582516887956542e-02 2.208454066117419604e-31 3.462012643064997835e-31
3.425525818016686019e-32 7.883011883480486559e-32 4.201043555472837303e-32 4.300917493353977441e-32 6.125549317039590189e-32 3.091139945674313310e-32 4.670966073172830302e-01 5.329033926827170253e-01 3.056205018741469258e-31 6.726232397656708578e-31
4.855425107710247514e-32 4.873194323057362253e-32 4.781927830494649337e-32 4.602332969265669451e-32 5.127875977120204399e-32 4.558272257392386081e-32 4.535155156077475547e-01 5.464844843922526119e-01 3.566076715611242800e-31 5.072941153565272899e-31
3.569906645690589995e-32 3.303239231959972754e-32 5.340969680809874007e-32 5.472597782492932660e-32 1.010114529313737659e-31 9.847171005699311426e-32 5.210042323503837336e-01 4.789957676496175432e-01 3.592687015350062904e-31 3.807532795451742164e-31
3.572687805689115338e-32 1.075970964480424724e-31 4.886267050191893541e-32 5.439783804779735368e-32 7.916098874930626288e-32 3.172923976046601853e-32 5.258539126117001139e-01 4.741460873882997196e-01 4.304828980774837851e-31 1.108452178663427807e-30
6.259863181958245186e-32 2.443703493229440004e-31 9.864114958337875317e-32 1.075446130402457713e-31 1.658992382355797977e-31 4.009769308470410447e-32 9.395081957865161759e-02 9.060491804213488543e-01 3.370186435195851124e-31 2.196346873346473222e-30
1.557364378074992729e-32 1.582791441354391102e-32 2.301680487053476225e-32 2.401784801741613102e-32 3.267290031219586375e-32 3.407985575316405361e-32 9.179900173870776392e-01 8.200998261292248570e-02 1.432319066471304733e-31 1.389596303717837004e-31
8.272917554964748520e-33 7.749869814415246846e-33 1.216765043262726429e-32 1.190784367003482171e-32 1.948787285736778275e-32 2.043716380823117125e-32 6.489154673737107526e-01 3.510845326262872490e-01 1.896813229695822672e-31 1.605808548583085019e-31
6.385187317497890756e-32 5.700861543258624403e-32 6.704803887670408697e-32 6.827790157427741227e-32 7.258053046637045584e-32 7.908439444673706314e-32 9.616475024065093691e-02 9.038352497593489243e-01 3.440852072681616030e-31 3.326488217734775306e-31
1.619785670679459523e-32 1.603126510052758264e-32 2.511140200598964351e-32 2.465275397020079271e-32 3.423219084396870104e-32 3.550141811999756326e-32 4.042378499742332876e-01 5.957621500257659353e-01 1.086360141101930014e-31 6.270806220534548961e-32
3.234221232312106097e-32 3.658794249755303083e-32 2.510457897633639774e-32 2.602762759102322242e-32 2.741736035519489155e-32 2.428176613493164409e-32 4.317843743507212562e-01 5.682156256492785218e-01 2.457992503960554419e-31 2.942830809909674222e-31
5.842480126532754528e-32 6.629201822501484185e-32 6.621377003626082307e-32 6.518300043195871079e-32 6.895093810810757879e-32 6.688452944633566225e-32 8.564914049248806283e-01 1.435085950751193995e-01 2.722668594044098971e-31 3.625200191330364386e-31
1.958069082712749932e-32 2.201644509886873159e-32 2.088789237628822133e-32 2.045073264858122967e-32 2.137408788995977836e-32 2.044598136232728223e-32 6.861727606577717742e-01 3.138272393422277262e-01 1.582199179373282956e-31 2.040070741773678956e-31
2.611838103415390119e-32 2.724068584653677371e-32 2.990238620059936966e-32 3.463733043937567501e-32 4.023611019222196993e-32 3.967829954174205752e-32 1.967483362334795371e-01 8.032516637665210180e-01 3.383344324920096117e-31 3.651935984989395209e-31
7.479102997400869140e-33 7.297871901611456690e-33 7.768939727103307496e-33 8.332706787697339409e-33 9.499970699910637166e-33 9.569494519564105242e-33 9.028553034178764536e-01 9.714469658212526726e-02 1.032096216212193288e-31 9.044625408172010866e-32
4.625415274720678666e-32 4.650677541067130553e-32 4.957706367886393613e-32 4.865426879089711514e-32 4.947385050241022925e-32 4.874012330526887461e-32 4.385752549690905555e-01 5.614247450309113319e-01 9.605639173141520037e-32 1.286102652938081874e-31
1.122694821694180427e-32 1.381548415748109899e-32 1.384040482710832410e-32 1.420594602367326326e-32 1.491481505554162043e-32 1.325093611666042258e-32 6.262572741488012795e-01 3.737427258511977768e-01 2.629877259364877756e-31 9.651893215972112858e-31
7.430790709481876324e-33 7.319824611793042196e-33 6.673547489299327867e-33 6.672278250171948084e-33 6.358882013510384720e-33 6.801250906513212635e-33 7.917428850636811788e-01 2.082571149363185992e-01 1.122841381280293284e-31 8.264366153861079201e-32
1.266801439627526402e-32 7.165847939140991879e-33 9.494979099367263800e-33 9.530003724546066969e-33 7.932266962820206348e-33 1.195307529426600875e-32 2.957135677094543946e-01 7.042864322905459940e-01 3.647080605453774161e-31 2.757859612360036492e-31
3.131248963102869642e-33 3.244093761182880500e-33 2.954817413756142987e-33 2.858533528564743861e-33 2.640489494361101643e-33 2.977250309197189209e-33 6.101481030823238116e-01 3.898518969176765214e-01 7.631703065334210354e-32 7.156997125757688060e-32
8.459540885340922293e-33 2.758419126722411301e-33 5.016962714723773106e-33 4.673247602498144674e-33 2.491263989125627969e-33 7.294102978970239798e-33 6.007628022963817926e-01 3.992371977036185404e-01 4.396455226024622110e-31 5.113829733586849221e-32
4.390771799068367807e-03 3.426031037880401461e-04 2.371761778661743598e-03 2.382187696156433734e-03 1.410888405673642855e-06 4.230602679765292640e-03 1.604399647473674006e-27 1.810048679689689457e-27 9.859560659006797456e-01 3.245961534743707654e-04
3.426874877795839706e-04 4.390687415076821760e-03 2.382187478828400127e-03 2.371761995989773737e-03 4.230514522351103666e-03 1.499045819858828139e-06 2.076640127474924782e-28 3.426048188907787527e-28 3.451416207879979734e-04 9.859355204333657419e-01
2.250535180130356502e-31 3.386782199584804630e-31 2.851001971231179078e-31 2.845294752554272605e-31 3.154275052937143922e-31 1.970980609071439613e-31 5.123212839967554721e-01 4.876787160032447499e-01 4.025650510783797046e-29 6.840129588210750828e-29
2.457788911364003677e-32 1.304401727757479331e-31 7.699401678791956575e-32 7.721754629819047175e-32 1.247660241510664271e-31 1.407544498650711137e-32 2.714388084143894431e-01 7.285611915856101684e-01 1.176472018830366904e-30 2.713732048849090481e-29
2.524919412835900914e-32 1.607529205273680781e-32 1.870217222487295280e-32 1.825141696504350673e-32 1.426087057308706135e-32 2.194097858995742620e-32 7.675387624528380304e-01 2.324612375471619419e-01 1.004659633339423964e-30 1.970219595276709954e-31
6.991454772005701978e-33 6.864757755454171705e-33 6.310920537956437457e-33 6.390519812387084138e-33 6.006669509276987235e-33 6.055351788644378660e-33 1.614431727497941393e-01 8.385568272502056386e-01 3.519693729556570503e-32 3.624936125469824607e-32
2.322285858623260942e-32 1.354547905720146754e-32 1.934237356101523145e-32 1.862176657010909602e-32 1.551173919775267158e-32 2.379017844229421997e-32 7.298633389727052778e-01 2.701366610272949442e-01 1.222306288154627332e-30 2.281890216684137911e-32
8.781193165247206327e-33 6.272503973689630654e-33 8.636832080199594782e-33 8.359170317576956739e-33 8.033984995643962402e-33 9.973276149286945902e-33 8.768488797918283506e-01 1.231511202081721906e-01 3.247960031377297559e-31 1.261709934138528030e-32
1.268549561408812605e-32 8.659306108703384462e-33 1.065201831680134208e-32 1.091537702933019971e-32 8.946465682548168366e-33 1.307073429379025450e-32 5.017355992539736242e-02 9.498264400746024849e-01 7.151830618961280833e-31 3.534869285556139981e-32
1.210150587285170888e-33 1.026116222301588088e-33 1.100009852957338856e-33 1.153257133245953285e-33 1.072432055939730092e-33 1.313465411893613371e-33 2.901423181258080408e-01 7.098576818741916261e-01 4.873878572755711636e-32 1.582628524969164166e-32
3.137595287415137232e-33 3.264084168239668570e-33 3.029158657008466328e-33 2.550090228955643791e-33 2.019113281394292768e-33 2.913635832844316821e-33 3.569275930478206238e-01 6.430724069521791542e-01 2.101120493648799750e-31 1.635107381212219084e-31
7.918579538382057196e-33 2.620343492466818011e-33 4.288043054126685894e-33 4.097678040350158279e-33 1.870099715475729260e-33 6.551709306455914884e-33 8.959624596810965291e-02 9.104037540318906663e-01 4.256045909700222052e-31 7.114268363358945891e-32
2.808511683646924638e-32 2.731221201375281480e-32 3.481984544290413787e-32 3.323734213282141571e-32 3.916986714602706439e-32 4.155548192813420007e-32 4.890662141999947976e-01 5.109337858000048138e-01 3.129252262555778016e-31 2.252637965153031384e-31
2.045628028918293518e-32 1.458688976407348602e-32 1.998039085910324051e-32 1.855535917849492323e-32 1.994054960897971676e-32 2.465904533173377071e-32 4.289317891851820996e-01 5.710682108148175118e-01 2.974551483738709814e-31 1.892941828927525084e-31
1.962916466735195325e-32 2.032667580054425602e-32 2.452917330477574893e-32 2.835256344339559164e-32 3.019043473074878879e-32 3.027692313009787329e-32 4.202361614750179664e-01 5.797638385249831439e-01 4.576424304544536998e-31 4.764238685942952027e-31
3.284824576657646236e-32 2.660115720857405749e-32 3.109697836888032381e-32 3.122399060493040720e-32 2.980835736799012806e-32 3.522162130296732246e-32 6.217118862672361690e-01 3.782881137327631649e-01 1.689958089380392488e-31 1.230868793832095806e-31
2.658233329175501727e-32 4.939912406510110922e-32 2.757861470303332675e-32 2.902769258625976059e-32 3.594314505882520090e-32 2.150529547218474923e-32 1.551141218408926825e-01 8.448858781591075395e-01 1.896653678428467530e-31 5.745205921573556387e-31
2.175213784467629311e-32 2.339998417586783788e-32 3.559263339575861573e-32 3.532941781595369951e-32 3.850605698776331194e-32 5.479567113045720695e-32 9.420791525585183734e-01 5.792084744148110614e-02 2.401056913418058725e-30 1.483358761008296993e-30
1.525234615655606970e-32 1.638942782789832927e-32 1.824702584684653754e-32 1.622952740426607816e-32 2.286660561145980124e-32 2.299463623392781993e-32 4.546060307689631652e-01 5.453939692310377785e-01 3.460355993204438035e-31 3.289381458535209726e-31
7.461135354256614177e-32 2.480483328099795613e-31 1.126034319864523038e-31 1.323994940121778195e-31 1.830039425128099295e-31 7.225748395360192381e-32 6.532210266395652720e-01 3.467789733604343394e-01 9.436007273255543249e-31 4.414872909078275704e-30
1.317227574131574888e-32 1.024796020432472773e-32 1.433192329565813874e-32 2.121120091361254063e-32 1.927702367783305645e-32 2.503305504918619878e-32 7.645152207160914593e-01 2.354847792839091236e-01 9.827262015719064324e-31 6.139063929637424601e-31
6.749054165650958817e-32 2.963249110711960524e-31 1.229230660283062815e-31 1.330382905100170048e-31 2.144558557998381630e-31 5.324671487013743705e-32 3.874317610915745669e-01 6.125682389084257107e-01 4.142756145206080575e-31 4.923651632119692704e-30
1.441084485006504511e-31 1.332429024180113941e-31 1.365136932213036752e-31 1.961193831795841826e-31 1.505449536075322586e-31 2.539875488377835508e-31 9.179008292038284278e-01 8.209917079617107261e-02 1.240451295624238116e-29 5.305393365934775763e-30
1.648121246177857514e-31 1.616444604057100761e-31 2.331407422015163710e-31 2.535545527238704027e-31 3.500637344027393934e-31 3.903124598557912310e-31 1.157448076827371219e-01 8.842551923172636830e-01 6.719449648853696044e-30 6.453969642640324801e-30
1.908599415919350026e-30 1.601907751094945119e-30 3.044275564214438109e-30 3.991881588003510150e-30 3.526331445598054940e-30 6.305138450621067958e-30 2.276623153075013062e-01 7.723376846924971950e-01 3.924782092560759987e-28 2.205751884099272646e-28
1.248660135995182110e-31 1.599401870837300946e-31 1.063131490441429678e-31 1.865057110504512777e-31 1.645623468909808790e-31 1.790261379313432822e-31 7.971335562797672303e-01 2.028664437202322979e-01 9.761203868656389936e-30 8.432416999199756210e-30
1.038948272710954190e-30 7.257193995459627753e-31 1.409775044357841482e-30 2.144309293573574871e-30 1.741546782415556599e-30 3.241449320135098052e-30 8.217078896662743936e-01 1.782921103337263002e-01 2.005589048203772632e-28 1.073545929097490363e-28
1.599663867532826854e-31 2.137240916836408103e-31 1.429420604386760431e-31 2.729250537884351499e-31 2.337234139265757499e-31 2.956843944674765623e-31 1.514038601627664959e-01 8.485961398372384723e-01 1.279771400822821113e-29 1.493451556605423690e-29
1.000613771289527383e-29 7.431347340005302258e-30 1.457890109409701587e-29 2.076489604834254407e-29 1.771205350471552545e-29 3.217906037638531096e-29 3.419733810791584783e-01 6.580266189208416883e-01 2.001628680983783217e-27 1.096514708677077631e-27
4.888610519929882709e-30 5.703437552602548475e-30 1.179836452210965354e-29 9.844658604365779547e-30 1.772823463071215363e-29 1.281842709937372856e-29 6.720121632008172474e-01 3.279878367991825860e-01 7.975431819108619516e-28 1.097766104953713749e-27
1.575399484202385781e-29 1.651001623923859384e-29 3.351337264693616154e-29 3.199093802700339781e-29 4.765946339839005526e-29 4.482479791344219949e-29 1.161107586544122133e-01 8.838892413455876618e-01 2.782365258248003978e-27 2.961868350036766879e-27
7.839642984286757825e-29 6.952497869658758734e-29 1.400862167106066682e-28 1.621083615014093016e-28 1.853492349778201079e-28 2.411575912727461405e-28 9.669188398412241758e-01 3.308116015877609478e-02 1.496049717262015013e-26 1.151316951173812868e-26
2.237861250772884506e-03 3.167213825508731137e-03 6.628765948736838227e-03 4.407430999368748721e-03 1.042799053325988920e-02 5.162830327039204942e-03 2.457821101843388724e-26 1.718421295005224296e-26 3.206040461772158290e-01 6.473638609380972797e-01
3.403038674961442363e-03 2.002036401320153331e-03 3.843763351309862318e-03 7.192433596795680395e-03 3.826786669625909833e-03 1.176403419067311926e-02 3.678460750089231148e-27 2.153572078586448213e-26 7.302797383112118457e-01 2.376881688040972385e-01
9.557223153592136886e-31 1.321582674116095647e-30 2.687812488732717611e-30 1.459066773935213093e-30 4.603404605693492361e-30 1.077736580919624084e-30 6.187114773341153562e-01 3.812885226658838111e-01 7.179113512216475092e-29 2.875074716334644649e-28
1.872190626191325120e-31 5.384356732726974458e-30 7.213340065714175319e-31 2.924689473107899808e-30 1.285477342149056927e-30 3.514486378052564440e-32 2.750982025983437218e-01 7.249017974016567223e-01 2.960249066490786745e-30 3.146325108437756031e-28
1.007000267402043993e-02 6.858108873901388666e-03 6.165032575402649116e-03 4.827406644134815163e-03 1.531317986826593019e-03 2.284844995798280924e-03 4.170166289468286730e-28 9.183267784139516610e-28 5.798882320958831382e-01 3.883750541540333390e-01
7.139087092067339553e-03 9.789024455854444806e-03 4.944422888795908799e-03 6.048016330741527724e-03 2.218926042838826208e-03 1.597236939786038845e-03 1.772762527242235440e-28 1.536863907340871383e-28 4.051287312187621947e-01 5.631345550311520620e-01
1.042026236073314338e-31 9.103664886289100149e-32 1.004130252834135833e-31 9.756748002629920020e-32 7.737049927632452184e-32 1.073363330210491322e-31 7.780490467489407092e-01 2.219509532510635097e-01 4.274978788993750555e-30 2.529086847850489395e-30
1.830485525266425273e-30 8.582645129970495244e-31 1.388342795746946063e-30 6.004653572937294144e-31 3.806004598363376402e-31 6.495485531371006629e-31 1.380856408254395595e-01 8.619143591745608290e-01 1.159054915850140446e-28 4.691420769803858510e-29
7.220875079382025601e-32 1.666167130070698453e-31 9.202102187168179773e-32 1.022744632159816060e-31 8.877425698149381635e-32 7.659487878824407987e-32 7.230640805194588072e-01 2.769359194805416924e-01 4.319358772882903351e-30 5.739196303362941897e-30
6.920509491029962640e-32 5.446784240802484712e-32 4.845592933949196772e-32 6.452139259185815808e-32 4.179104584746995872e-32 6.018209773880451715e-32 4.880782144762207397e-01 5.119217855237794268e-01 3.092119070713073529e-30 2.042033249547425052e-30
2.041247172660788853e-31 1.880334427525830661e-31 2.407048659322847036e-31 1.346453854590918895e-31 2.078513403834710265e-31 1.485739232665405815e-31 6.967682672398791688e-01 3.032317327601200541e-01 1.046924591459563726e-29 1.154516150246022129e-29
1.420185986433616778e-31 8.526145357033665245e-32 1.335269246972990800e-31 1.517018841297106120e-31 1.510332435320063093e-31 1.795292906276850006e-31 9.864441921729694140e-02 9.013555807827031696e-01 6.114470511049710722e-30 3.564055477275752231e-30
1.956230756599753801e-31 1.729476873112586035e-31 2.247552811190824917e-31 2.091572041280788020e-31 2.417498721218938230e-31 2.317913166304300930e-31 4.099651893206510134e-01 5.900348106793472658e-01 1.480649631156946031e-30 1.476579375251000020e-30
1.771205330516223806e-31 2.007790975043204517e-31 1.824118451104779790e-31 1.238139585305780618e-31 1.096209080461007144e-31 1.212041881779749224e-31 7.505133164784927313e-01 2.494866835215071021e-01 1.134318710739112478e-29 8.603063425020297295e-30
6.438042784646248368e-32 6.716132083971242992e-32 7.390398638418523184e-32 6.958835865108074255e-32 7.771864830779821321e-32 8.925910108419650232e-32 7.802365487183506865e-01 2.197634512816470653e-01 1.675961433542812810e-30 1.198728558440599832e-30
9.427840346657725240e-32 1.761254732442023634e-31 1.403502563174245002e-31 1.409059565806527357e-31 2.004818555236843330e-31 1.713773039988711925e-31 1.461802722754071138e-01 8.538197277245925809e-01 2.956316697823112693e-30 2.252556957590102838e-30
6.265433573533042677e-32 1.010925536553805961e-31 6.786480859717281096e-32 6.591687688931679320e-32 8.242999359987114032e-32 5.451293937678369175e-32 8.446675547200608314e-01 1.553324452799396682e-01 2.019734447186179097e-30 1.868635768272931714e-30
1.255320970441113661e-31 1.053305524314353381e-31 1.926584481570913200e-31 1.671073264838385795e-31 2.712518889243614021e-31 2.673670913408590819e-31 1.577483128250797284e-01 8.422516871749189393e-01 2.861385691216540077e-30 2.635688667654122605e-30
2.424797708619631962e-31 2.691972719961805346e-31 3.114924836503486203e-31 2.400810381694849897e-31 2.479559930042594118e-31 2.459864571137956813e-31 7.363020514017413198e-01 2.636979485982575144e-01 1.033274360212803312e-29 9.565928513463280657e-30
7.542669294295431514e-32 7.312415569618084491e-32 7.077778550301266083e-32 8.138408003413161994e-32 8.644778785099884136e-32 9.397756449478071550e-32 2.848798562766204912e-01 7.151201437233793978e-01 2.522817633006824273e-30 2.255399000980992155e-30
3.053415189291479776e-31 1.591884101923129262e-31 2.343225309674321978e-31 2.118077840056167013e-31 1.331015104533304343e-31 2.870481540695922574e-31 4.931787835521596053e-01 5.068212164478408388e-01 1.663171202123016680e-29 6.229784580325922866e-30
6.337143796137819464e-32 7.124286897347813696e-32 1.054567554267689649e-31 8.419627918939964452e-32 1.476835732233065180e-31 1.334290637559341751e-31 4.193329158529539580e-01 5.806670841470460420e-01 2.674094946814355577e-30 2.621269187458377839e-30
3.104280320817703157e-31 2.966073126114532451e-31 4.140491376426754944e-31 4.028727258919379940e-31 8.174676495176871411e-31 9.370676997073729009e-31 3.571757189246236863e-01 6.428242810753765912e-01 3.260957472945574643e-30 3.354040102375380298e-30
8.243024001594350279e-31 3.874240231639635366e-31 6.048630165915865441e-31 5.407518456747742748e-31 3.174077516573816337e-31 7.557995953945817854e-31 6.891338578430715733e-01 3.108661421569277605e-01 4.784782675715642630e-29 1.602504879312848975e-29
1.493179581464918649e-29 6.769030937484251139e-30 1.061426551166857335e-29 1.008106194107919336e-29 4.836294828549498806e-30 1.321525998657429157e-29 8.783001040856549535e-01 1.216998959143451298e-01 8.905145273100223323e-28 3.249278304539277205e-28
6.534703766922653609e-30 4.430730831753186530e-30 5.510321378212335673e-30 4.872162651479644245e-30 3.265338663124669397e-30 5.776571130091264167e-30 1.322995933802406376e-01 8.677004066197596677e-01 3.849321782716810035e-28 2.121338753103383114e-28
3.946420696110268514e-29 1.428789235466556790e-29 2.658751205482016022e-29 2.593746542479071670e-29 1.035891866130366320e-29 3.543916363269193520e-29 3.739236603510514567e-01 6.260763396489495980e-01 2.362805870171228012e-27 6.795272514333569274e-28
1.434995412296673158e-31 1.393636769040319704e-31 1.442876946094733035e-31 1.365213221983228200e-31 1.525779083976890084e-31 1.515680916087696645e-31 6.204596833929305610e-01 3.795403166070732137e-01 3.515460260082598258e-30 3.501072709688580198e-30
1.354180706017460607e-02 3.289182611725104035e-03 8.109119436801542555e-03 8.151209620371385745e-03 2.053414337646700463e-03 1.209699242417822465e-02 9.396947647032795003e-27 4.184722195194189491e-26 8.145533069104731183e-01 1.382049675986306569e-01
3.232917597978041731e-03 1.359807207392164236e-02 8.151440605595595620e-03 8.108888451577299719e-03 1.215211021981674883e-02 1.998296542008154604e-03 1.055529098089583035e-27 9.804006885313539246e-28 1.344932595573847811e-01 8.182650149517174398e-01
2.243115094188449873e-28 6.217537685422826408e-29 1.390108514926532513e-28 1.374933025278585523e-28 4.050233850552172687e-29 2.011724246980239524e-28 4.033580099342839453e-01 5.966419900657166098e-01 1.349051432488436384e-26 2.697166847564877363e-27
5.806867410194706466e-31 2.271128954460497788e-30 1.443655701703346487e-30 1.674988566741325493e-30 2.471403359198386343e-30 5.387496501500967998e-31 7.539654588477116004e-01 2.460345411522887049e-01 1.854844567944003478e-29 1.453387689212824343e-28
2.778890940465299405e-30 3.452400638378720115e-31 1.607757552945117090e-30 1.521024810992282379e-30 2.979702286815633350e-31 2.649780187372449080e-30 8.225628237179992697e-01 1.774371762819988985e-01 1.628313154900284035e-28 2.352222431935678920e-30
1.967383849020749239e-28 4.290428828485740774e-29 1.143055783020208881e-28 1.166128102907682728e-28 2.575136453515068901e-29 1.754204838403671730e-28 1.965752891777729494e-01 8.034247108222279943e-01 1.181453436098464671e-26 1.719806453670757325e-27
2.185473220582943066e-29 4.308602884702270880e-30 1.284961486631799816e-29 1.261553662490276794e-29 2.477147895555510183e-30 1.977072388674260061e-29 6.797757686600282012e-01 3.202242313399722984e-01 1.319318088083718900e-27 1.541931338666812723e-28
6.180649580903599287e-31 2.371604477809332401e-31 5.096548765378720640e-31 4.461355646979815293e-31 2.405409920300304801e-31 6.057372114960344810e-31 2.126027814328496079e-01 7.873972185671495039e-01 3.279833700432019049e-29 4.897808546999428366e-30
3.153194152996127813e-31 5.825961319404687494e-31 3.861485836778940938e-31 4.509368931915115646e-31 4.872415072613395009e-31 3.979086206484976768e-31 3.627541382100383238e-01 6.372458617899594557e-01 1.089093558004724131e-29 2.080187419420681702e-29
5.981259870161046295e-31 1.291594581980378177e-30 1.085343626674940486e-30 8.508655084555887913e-31 1.265590169297665863e-30 6.087732466109115882e-31 5.661233770419196176e-01 4.338766229580803824e-01 2.653756075951037850e-29 6.763107048814685035e-29
5.050256735787183431e-31 8.657824102898338074e-31 5.548727979640895195e-31 7.197193886022296409e-31 6.559530948666050154e-31 4.401356563759868980e-31 3.021038276408342660e-01 6.978961723591644573e-01 1.618297084226867317e-29 3.217756185032479160e-29
5.257257335007091563e-31 2.296951460139964213e-30 1.071972968999420943e-30 1.610087628717818749e-30 2.130870988986019022e-30 2.559751357012427901e-31 7.312044319168949924e-01 2.687955680831051186e-01 8.627705862351746438e-30 1.331088064082529403e-28
1.579987345724422668e-30 1.314771781441686241e-30 3.735734586489579873e-30 3.900062573939068096e-30 6.191829764597149263e-30 5.263238211512544508e-30 7.092388455332769848e-01 2.907611544667226267e-01 1.667489251993144387e-28 1.973054278912711863e-28
1.665725414195498790e-30 1.679844476279916936e-30 5.472242924024085958e-30 3.931234029337489020e-30 9.217045844615940295e-30 6.029221935108222406e-30 3.134571751245792126e-01 6.865428248754199547e-01 1.753787492196843259e-28 2.672960077400976523e-28
1.805012462210085758e-30 2.071377393755038324e-30 6.732404922728197497e-30 4.406782636725811047e-30 1.090058460715866590e-29 6.283740470223663410e-30 4.233413610126179893e-01 5.766586389873794571e-01 1.918615674757681617e-28 3.335640220722815691e-28
3.427995055973928678e-31 7.400201821059279143e-31 1.061794346354422439e-30 5.500043123720217906e-31 1.771747287883823389e-30 3.863352034222530438e-31 6.455651802504523973e-01 3.544348197495476582e-01 8.457966306646617518e-30 5.672644330152200578e-29
1.730270611919029374e-30 1.554657385597695019e-30 4.277052341356861439e-30 5.089738592710318952e-30 6.822898402117436709e-30 7.887627872013200051e-30 1.342318010835239772e-01 8.657681989164752734e-01 2.405352833842927356e-28 2.005870919506586054e-28
8.599516602266417455e-31 1.463674595941357603e-30 3.485687175170954627e-30 2.467060413256897965e-30 5.282080845244221866e-30 3.945333850051781050e-30 8.385036726704664378e-01 1.614963273295328960e-01 1.169858804457533933e-28 1.644426679480265193e-28
3.526078881000080939e-29 3.744473281204921008e-29 1.370693067095397542e-28 8.627542817617209570e-29 2.277260209814194615e-28 1.201028439685119957e-28 9.315593318175818816e-01 6.844066818241761885e-02 3.667046156204061592e-27 6.979490672516506134e-27
2.891701593016675263e-29 3.221837267938579610e-29 1.208730362891888717e-28 6.615584918521948647e-29 1.976241305468707532e-28 9.340493851981250407e-29 1.011143890892089586e-01 8.988856109107885572e-01 2.850390815577919356e-27 6.039471329201501455e-27
3.170354109483381790e-03 3.203649939789161676e-03 1.011643234325823419e-02 9.640095666913066005e-03 1.589968870667724660e-02 1.498313952760447695e-02 7.220092735162840262e-27 1.266561266995516177e-26 4.575013095751169212e-01 4.854853301311562452e-01
3.233639278562495511e-03 3.140364770710057929e-03 9.211062306702887809e-03 1.054546570346843667e-02 1.415760961646545836e-02 1.672521861781631550e-02 1.508402332204977593e-27 1.329883268915976516e-26 5.106903562556811549e-01 4.322962834505935104e-01
2.872735227649491396e-30 1.426313772350743237e-29 4.541618523375589755e-30 1.073364696549573812e-29 5.806953021320988856e-30 6.340790126237015177e-30 5.769886505142513000e-01 4.230113494857488110e-01 2.205069876454227577e-28 4.882814909744429313e-28
9.943502000580790927e-31 1.162438967058416673e-30 3.393599170150419226e-30 1.978312796413956670e-30 5.230064722355224611e-30 2.839687524592451072e-30 3.836798936799657445e-01 6.163201063200349772e-01 8.416776407803985244e-29 1.529983756842599714e-28
3.362975105604758263e-30 3.710785796448097602e-30 1.362880842083304769e-29 5.743133230492524312e-30 2.244059493537476344e-29 6.725755301077565580e-30 5.224930913952312572e-01 4.775069086047692979e-01 2.187869542126712648e-28 6.978432697166850169e-28
1.317044067180475726e-29 2.022908039912105586e-30 7.872174232694419249e-30 2.942378600687390534e-30 2.173676628759859649e-30 3.421588514159983507e-30 4.700386579578573754e-01 5.299613420421427357e-01 4.096664471894810222e-28 9.151963098532947580e-29
6.105230687829527819e-30 1.324890127263955122e-30 4.294885366991746543e-30 2.320483054853662400e-30 2.004345638827060994e-30 3.271908228583325715e-30 1.070458624440685791e-01 8.929541375559331140e-01 2.326717827041983123e-28 7.659303381969800863e-29
3.396198767501080620e-30 4.728893208085442196e-30 1.928259161817751527e-29 5.144461442878141023e-30 3.181966947958262448e-29 5.693570863202531905e-30 8.709778897754913984e-01 1.290221102245085738e-01 1.699851025634469460e-28 9.837644030984069827e-28
3.468322861093391826e-31 8.763401527286085182e-31 2.739502758527926180e-31 5.307641286793560594e-31 2.342510453307110935e-31 1.843195094291191905e-31 4.970910690007467325e-01 5.029089309992528234e-01 8.929835429846830288e-30 2.378228137308485588e-29
1.948248248559006602e-29 4.298481426426811811e-29 1.232247001444181178e-29 2.409069202407649220e-29 4.660513504308505437e-30 2.858082841188202235e-30 4.448316862543458816e-01 5.551683137456536743e-01 5.412179114758478598e-28 1.195420592192176760e-27
5.459135509084314109e-30 6.136519644533626838e-30 3.257899123775395758e-30 3.609937791677475521e-30 1.127194748031328909e-30 1.263711280249412577e-30 6.599502870315858694e-01 3.400497129684143527e-01 1.472798033275394777e-28 1.666479297661459811e-28
3.633682949181197637e-29 5.140777764815645707e-29 2.348474527078162690e-29 2.820867126451637785e-29 8.294464054757341406e-30 3.784545085775148692e-30 5.455974332511875913e-01 4.544025667488132969e-01 9.773908336319507149e-28 1.490836205737734909e-27
1.956527005791160199e-29 4.159757234868907027e-29 1.286819494681189411e-29 2.252459560912629534e-29 5.429163754972530165e-30 2.244026379541077866e-30 4.058930911163366462e-01 5.941069088836622436e-01 5.296869959554695874e-28 1.163918211672525566e-27
1.186552103022873355e-29 6.236704424560167295e-31 6.472496483371345436e-30 9.637927985744605433e-31 3.932546377725457045e-31 1.512966683174738825e-30 6.263853479641577904e-01 3.736146520358435974e-01 3.249522813840430930e-28 1.428628578719151391e-29
1.061143713221208860e-28 2.555889482372780747e-28 7.096123433131214582e-29 1.376145952622929704e-28 3.060408710902743453e-29 9.873195123744475002e-30 9.356201084211882013e-02 9.064379891578813186e-01 2.842451440284032498e-27 7.195515020821470811e-27
5.020398336719912375e-29 3.914097420132223728e-29 2.831281634547356167e-29 2.284778518790180414e-29 4.178349637389068405e-30 4.815912985219778265e-30 9.138181596254479899e-01 8.618184037455253743e-02 1.373693058031214167e-27 1.071035336508110524e-27
1.168334575689537920e-02 2.283945446778403582e-02 7.176558777144420413e-03 1.238986648673550371e-02 2.164536030722833890e-03 1.093449698985756021e-03 5.723054969434259647e-27 1.665588191798856047e-26 3.163101723461859138e-01 6.263426164355468950e-01
2.217913125587757037e-02 1.234366896880184639e-02 1.208129401037608477e-02 7.485131253503853228e-03 1.156846640081481961e-03 2.101139089627109685e-03 4.511564349881702978e-27 1.260770798308907607e-27 6.079919867866546701e-01 3.346608019950782498e-01
5.503760495307363857e-30 1.175966278608581548e-30 3.090390359412979446e-30 1.592258750473735712e-30 8.103524339752393112e-31 1.714782891401370417e-30 5.450064428039975706e-01 4.549935571960027070e-01 1.741658365192292879e-28 4.479518278406559728e-29
7.108628772591255329e-31 5.147513672198649357e-31 8.775331895266552471e-31 3.794510758555126734e-31 1.029308174551185733e-30 6.227699901240531289e-31 4.361277222072453275e-01 5.638722777927538399e-01 1.555630094929391669e-29 2.278918261748825820e-29
6.808120019042361430e-30 1.532960882824931986e-30 4.946905043360056458e-30 1.327925453732600889e-30 2.977210840644709614e-30 1.082074402110964236e-30 8.415978909348793557e-01 1.584021090651212549e-01 1.807784687036495847e-28 1.046036440904918358e-28
1.025229966210124917e-30 4.004984746525168278e-31 6.709547658775093702e-31 6.343423924627786121e-31 8.472715499648650175e-31 5.312808433114902974e-31 1.540664387307397187e-01 8.459335612692600037e-01 2.318077388585368518e-29 2.188396608701525783e-29
4.035762208291434947e-31 1.395443354337145147e-31 2.693265251937397446e-31 2.195166420328757186e-31 2.146158220845568565e-31 3.229466065696275546e-31 6.988798943524301421e-01 3.011201056475715232e-01 9.127052439726132095e-30 2.752779042508965174e-30
7.308292946212841647e-31 2.628032049984228180e-30 2.545090574612765365e-30 1.533412666485328026e-30 3.522138457386903628e-30 8.586293779432870202e-31 2.504514891838408586e-01 7.495485108161595855e-01 2.232729409912986156e-29 1.262514051570778851e-28
4.432505108528795730e-30 6.645632831431601178e-30 3.706771444748802629e-30 4.268320062319318346e-30 2.432093018936225683e-30 1.558398975318515243e-30 6.501211873909751304e-01 3.498788126090249806e-01 1.273838735549366716e-28 2.011993736755272960e-28
1.072414383637015522e-30 3.708958550887968216e-31 9.291375739988829485e-31 3.192047096316529942e-31 4.739850825323386107e-31 6.032939118250178272e-31 2.230957772284356266e-01 7.769042227715649007e-01 3.023672325209415049e-29 9.446463305457651347e-30
1.419683110379850718e-30 2.523098526731810728e-30 3.540060548815246062e-30 1.460780394882151714e-30 4.423403250003278175e-30 1.066103304086295267e-30 3.978762885221409640e-01 6.021237114778584809e-01 4.765766655125533417e-29 1.448528392076833338e-28
1.322651809229670057e-30 3.721528242419825447e-30 4.955638740347780408e-30 1.882819859792908823e-30 6.610077821026345193e-30 1.431745390362741042e-30 8.013549982782250947e-01 1.986450017217744612e-01 4.757790979471176504e-29 2.092796303631901344e-28
6.061665255326047861e-31 2.247095528899812250e-31 5.825429718306950556e-31 4.654385216045499667e-31 6.628434716899528898e-31 6.393078922495008501e-31 9.894829553558286417e-01 1.051704464417254486e-02 1.488758010964299091e-29 6.219618335286412907e-30
1.671617255838059734e-30 1.237108752896142607e-30 2.436495107020816401e-30 6.764589701674709248e-31 2.075003548012137015e-30 9.594821949111817613e-31 1.057348577734554436e-02 9.894265142226545962e-01 5.455113086902732377e-29 6.411637310363360032e-29
1.836669984745428389e-29 4.174807559294655459e-29 5.305398142051782389e-29 3.198478826727269893e-29 7.687312680480709199e-29 2.410881197433258555e-29 5.089914466718686858e-01 4.910085533281319803e-01 7.959760763758214154e-28 2.526543623379793278e-27
1.531522342571630678e-28 4.184969133150894742e-28 4.981148069959204041e-28 3.018944753176870410e-28 8.190411088284120681e-28 1.340294620636869924e-28 2.889558024839635753e-01 7.110441975160364247e-01 4.491224488485014632e-27 2.707119342238749265e-26
1.374268461988313883e-28 5.271039443171494035e-29 1.018488324622185638e-28 1.668489282071737205e-28 5.596598964697509884e-29 2.652467106092565632e-28 9.939589761675298174e-01 6.041023832469724630e-03 8.758560934796060660e-27 1.808878432605121201e-27
5.640062760311781092e-29 1.856678127627351658e-28 2.327561531467222676e-28 1.088873908877815712e-28 3.412345787055327278e-28 6.223929901813093832e-29 6.025832453926604701e-03 9.939741675460722625e-01 2.110398703028679554e-27 1.124878247440403690e-26
1.396084824485708739e-02 2.815255626116574400e-03 7.560820370548498350e-03 1.608844461768722811e-02 2.571572845645180450e-04 2.802961104252045532e-02 3.242949795358511705e-26 8.795734384564082843e-27 9.221337434698799740e-01 9.154119343826440033e-03
4.392742471834223429e-03 1.238336139913940454e-02 1.488149084364878694e-02 8.767774144586919574e-03 2.409884827600636270e-02 4.187920051078579224e-03 6.817910493223467129e-26 6.063605297790207571e-26 1.383723131835636055e-01 7.929155496301415473e-01
2.164008317345433091e-28 7.969560145338669097e-28 9.040776647151876700e-28 4.924941729084609038e-28 1.640882537368050411e-27 2.823555402921939890e-29 4.864160896868949813e-01 5.135839103131043526e-01 1.354247088942670639e-27 5.400069689732864130e-26
3.060141861797135444e-28 1.027000175417219030e-28 2.133023288177212350e-28 3.669299502371199855e-28 9.134665760220008992e-29 5.994837315052722777e-28 4.404059920481228074e-01 5.595940079518804122e-01 1.971720429599157986e-26 2.990297113902397548e-27
1.899352781959281064e-30 9.597830184211038433e-31 1.418044327353064723e-30 2.013528629826440152e-30 8.292178305711763442e-31 3.272626766010962166e-30 3.216795718799442261e-01 6.783204281200578833e-01 1.036566132806364753e-28 2.438572183053292106e-29
1.893300451442524413e-29 5.760420814000638375e-29 6.644798151636508435e-29 3.937481488793568171e-29 1.179581951281251598e-28 9.620188022492777804e-30 6.915026496426346370e-01 3.084973503573637532e-01 3.337368128421683931e-28 3.851633995095584782e-27
1.565654771825560705e-29 1.104422098128363768e-29 1.192849526236785038e-29 7.516410770363596809e-30 4.033240070735370521e-30 6.695698861063047512e-30 7.845379069752312917e-01 2.154620930247688748e-01 4.686103297216587710e-28 2.830825674177310440e-28
9.452928112988138567e-30 1.626087096624867232e-30 4.660687560604368848e-30 4.686987446621155159e-30 3.576542305921249736e-30 3.786742600452979148e-30 2.170833284664421825e-01 7.829166715335574844e-01 2.474714886720876430e-28 1.158455606269512369e-28
6.503061749630495462e-29 1.787566839089701332e-28 6.413808089239206284e-29 1.106892517612328141e-28 6.754597530351419570e-29 2.402943087130391229e-29 9.101072885455249728e-02 9.089892711454494734e-01 1.665338379111196054e-27 5.155581556746649535e-27
2.640493917520136083e-28 1.858688616223440217e-29 1.504316764682575192e-28 5.276865214258785336e-29 4.609588963086254634e-30 1.016802278533004616e-28 8.713813807319196192e-01 1.286186192680800755e-01 7.739777218561851177e-27 1.887963949496711013e-28
2.988930817462550227e-03 3.046182160760096264e-02 7.331517728347770185e-03 1.634195280469986217e-02 1.152636391109910369e-02 7.015543570562070416e-04 4.237103579886587734e-27 6.578027828408384571e-27 5.192172060065780581e-02 8.787261381730758769e-01
3.054818775065646502e-02 2.902564674407065622e-03 1.637027878359798017e-02 7.303191749449607084e-03 6.675245544542707590e-04 1.156039371370101015e-02 1.131276319490247960e-26 8.958688442042655036e-27 8.813253516723902337e-01 4.932250710134282456e-02
7.621324435595950298e-30 1.035027982920648596e-28 2.638781322507689752e-29 5.191745291697426344e-29 3.874896743174620846e-29 2.509879866234744283e-30 3.949427021928774151e-01 6.050572978071231400e-01 1.503192989005662555e-28 2.943194441887926050e-27
6.204424330703109897e-30 4.096085971789540392e-30 5.146112892209472044e-30 7.645011129214539205e-30 5.300350043187634396e-30 8.268258703630834857e-30 6.102559888222740536e-01 3.897440111777259464e-01 2.938640879474153667e-28 1.896856489294444610e-28
2.215497398080829211e-30 6.249805808009346450e-30 2.405868975015085556e-30 4.032587699768140783e-30 2.732864965684195672e-30 1.150381015317560875e-30 7.703896335053831423e-01 2.296103664946169132e-01 5.363404537233102753e-29 1.798280114250401425e-28
1.442478011947043943e-30 7.037134385073262355e-31 1.197032818383706207e-30 1.695668476673189172e-30 1.313381019108404305e-30 2.235639127868311149e-30 2.279595832036310221e-01 7.720404167963691444e-01 6.316909043670078566e-29 2.734943154372093009e-29
8.811709410446625317e-31 7.857763155934518903e-31 2.008548391221514000e-30 2.498058152626473936e-30 2.902270158644041937e-30 3.987886799795252995e-30 9.702536152361104227e-01 2.974638476388993119e-02 7.778535890172611839e-29 5.644079559023194879e-29
2.903283907641169994e-30 2.787484788959987731e-30 2.996202485291830305e-30 1.951965210486290891e-30 1.213159550041099859e-30 2.757375015574274519e-30 4.210995413786355890e-02 9.578900458621383285e-01 1.254991308203880567e-28 6.358664191676417567e-29
1.130766708860329563e-30 4.404281737151685503e-31 8.710990968102341378e-31 6.930242793075246481e-31 6.292370995961363425e-31 1.003044132186975072e-30 8.624878154840660560e-01 1.375121845159323064e-01 2.537784290923657632e-29 9.562424305134671799e-30
1.266056953450881519e-30 7.088957988195857816e-31 1.056773264825944081e-30 1.774452504561405674e-30 1.042633039811238947e-30 2.493230775587474972e-30 8.465366510154097301e-02 9.153463348984596237e-01 6.767012141806024314e-29 2.692192603458891163e-29
