-6.127750489587645982e-03 2.016380915446841287e-04 1.733181777897306987e-03 9.936753027087757983e-01 9.664361032564137136e-33 4.389877421785940738e-03
-6.127750489587907058e-03 2.016380915446814995e-04 1.733181777897270341e-03 9.936753027087762424e-01 1.254275249782572949e-32 4.389877421785945942e-03
-8.048824077775481797e-03 5.884311168739242122e-04 2.700466309883652050e-03 9.932571863208040641e-01 4.863876040876401991e-32 3.453916252445860674e-03
-8.048824077775733332e-03 5.884311168739183575e-04 2.700466309883623427e-03 9.932571863208021767e-01 4.654812012755698283e-32 3.453916252445860240e-03
-1.142944957899842337e-02 9.474320630500722212e-04 3.614893043894243374e-03 9.930156898349072891e-01 4.992345813269802175e-33 2.421985058154054685e-03
-1.142944957899865929e-02 9.474320630500638728e-04 3.614893043894224292e-03 9.930156898349028483e-01 1.672520065509333008e-32 2.421985058154047746e-03
-1.639978855232038235e-02 1.151909609429457209e-03 4.184254727552064700e-03 9.930859668228507742e-01 2.250511487263793726e-32 1.577868840171578425e-03
-1.639978855232052460e-02 1.151909609429453306e-03 4.184254727552082914e-03 9.930859668228493309e-01 3.555110549343532446e-32 1.577868840171573438e-03
-2.001731430067142312e-02 9.911808160874436419e-04 1.964074135157145226e-02 9.663165144681886698e-01 1.628997813767295746e-32 1.305156336415315595e-02
-2.001731430067172496e-02 9.911808160874336672e-04 1.964074135157138634e-02 9.663165144681894470e-01 2.233525477582873143e-32 1.305156336415317850e-02
-2.085384609460250172e-02 2.270418609677726882e-03 2.047697318209971279e-02 9.669048546083479634e-01 2.589435834107274234e-32 1.034775359987529647e-02
-2.085384609460276539e-02 2.270418609677698259e-03 2.047697318209964340e-02 9.669048546083474083e-01 1.692343103622123366e-32 1.034775359987530514e-02
-2.287527676686146663e-02 3.369183586961014935e-03 2.048819205574557711e-02 9.685476340124224981e-01 4.451157016361395943e-32 7.594990344871980180e-03
-2.287527676686160194e-02 3.369183586960993251e-03 2.048819205574556324e-02 9.685476340124219430e-01 1.429294901546170369e-31 7.594990344871997527e-03
-2.302842127286143514e-02 1.217731069461232447e-03 4.363635743036313290e-03 9.934116451725392150e-01 8.791624418658166323e-32 1.006988014963688602e-03
-2.302842127286164331e-02 1.217731069461224424e-03 4.363635743036394822e-03 9.934116451725392150e-01 8.175838955106403504e-32 1.006988014963672339e-03
-2.645584656163341500e-02 4.053559719999405564e-03 1.988601835145881874e-02 9.708598268344246218e-01 2.683208717678846914e-32 5.200595094118552059e-03
-2.645584656163355031e-02 4.053559719999392554e-03 1.988601835145882568e-02 9.708598268344230675e-01 1.188990185886365639e-32 5.200595094118541650e-03
-3.127042531880996901e-02 1.355233543233558356e-03 6.770500925981443041e-03 9.910434494012270168e-01 2.043486426517877365e-31 8.308161295587567982e-04
-3.127042531881008697e-02 1.355233543233803819e-03 6.770500925983588027e-03 9.910434494012241302e-01 2.258058893152956409e-31 8.308161295590135373e-04
-4.178122368873409265e-01 1.149255816445317185e-01 2.356397520150068370e-01 6.440147542661937008e-01 2.009401237791088746e-32 5.419912074268271041e-03
-4.178122368873411485e-01 1.149255816445439171e-01 2.356397520150139702e-01 6.440147542661736058e-01 2.154899839409096300e-32 5.419912074269301466e-03
-4.178311562628962972e-01 1.516501310682544790e-01 2.658631188924316380e-01 5.777924753958842974e-01 2.671345534261816203e-32 4.694274643431209371e-03
-4.178311562628963527e-01 1.516501310682299430e-01 2.658631188924198696e-01 5.777924753959210458e-01 3.022037045152232780e-32 4.694274643430492062e-03
-4.191512543555185322e-01 3.243993036173415945e-01 3.631644772682597333e-01 3.057095651465608910e-01 6.053305924376749367e-33 6.726653967836130656e-03
-4.191512543555190873e-01 3.243993036173513644e-01 3.631644772682514066e-01 3.057095651465600028e-01 7.983220606527789339e-33 6.726653967836115910e-03
-4.192828082126260347e-01 4.208374736751450684e-01 4.114191844467829373e-01 1.597057340458612473e-01 1.102092175852230594e-32 8.037607832211229181e-03
-4.192828082126264788e-01 4.208374736751432366e-01 4.114191844467781634e-01 1.597057340458679364e-01 6.207764612663351108e-33 8.037607832211249997e-03
-4.198521297604692615e-01 4.778051331043635386e-02 1.323846631118092421e-01 8.185464545796409253e-01 3.937800993752615386e-33 1.288368998111855991e-03
-4.198521297604697056e-01 4.778051331046080652e-02 1.323846631118443251e-01 8.185464545795823055e-01 8.537666112219363439e-33 1.288368998112427583e-03
-4.203766174617711848e-01 8.420850001061820633e-02 2.297482556128889464e-01 6.834195152614968016e-01 5.678473860371077661e-33 2.623729114995885202e-03
-4.203766174617717954e-01 8.420850001065575963e-02 2.297482556130308329e-01 6.834195152613162794e-01 3.413624226611015272e-33 2.623729114995944182e-03
-4.205656890597262443e-01 1.417693750256526219e-01 4.803541051673408946e-01 3.721897933804878544e-01 5.739076424038116807e-33 5.686726426517376559e-03
-4.205656890597264108e-01 1.417693750255996643e-01 4.803541051673012596e-01 3.721897933805838332e-01 5.690638619157905927e-33 5.686726426514351201e-03
-4.209878387696917579e-01 2.283548306992571053e-01 5.132945513063573717e-01 2.524319116083431069e-01 4.400075795266041210e-33 5.918706386040079384e-03
-4.209878387696918689e-01 2.283548306992519150e-01 5.132945513063711385e-01 2.524319116083347803e-01 1.562747952351117443e-32 5.918706386040134895e-03
-4.211808096089502684e-01 1.682245549212167401e-01 5.190757585653205108e-01 3.073966445843447914e-01 6.224579850926809713e-33 5.303041929117980127e-03
-4.211808096089511566e-01 1.682245549212020297e-01 5.190757585654013351e-01 3.073966445842761797e-01 1.106439968514595092e-32 5.303041929119303721e-03
-4.215800040639579027e-01 1.316146533090997994e-01 5.095974052930368758e-01 3.558428889839760911e-01 2.130010035342998021e-33 2.945052413888330813e-03
-4.215800040639584578e-01 1.316146533090823412e-01 5.095974052929026499e-01 3.558428889841304676e-01 5.026859153561224261e-33 2.945052413887274366e-03
-4.223512030330797140e-01 1.526716261949677134e-01 5.201654583114803110e-01 3.222840472390395283e-01 9.529352272376033968e-33 4.878868254515033795e-03
-4.223512030330802136e-01 1.526716261949970788e-01 5.201654583115358221e-01 3.222840472389526534e-01 7.388839955027904835e-33 4.878868254515339974e-03
-4.231735554087919238e-01 3.452802142496176341e-01 4.250266331955160348e-01 2.218606273095747594e-01 1.729031707698283175e-32 7.832525245291002691e-03
-4.231735554087923679e-01 3.452802142496137483e-01 4.250266331955192545e-01 2.218606273095747872e-01 1.268990245625370740e-32 7.832525245291030447e-03
-4.241169637357147804e-01 3.471752992224060863e-01 3.817671746272653377e-01 2.582790710865157102e-01 4.039190463846053214e-33 1.277845506381142596e-02
-4.241169637357150579e-01 3.471752992223890999e-01 3.817671746272638389e-01 2.582790710865351391e-01 4.302073653720940494e-32 1.277845506381074768e-02
-4.245037478994198032e-01 8.323055782217045340e-02 2.927645775688130225e-01 6.206112441806882485e-01 1.144259604411927428e-32 3.393620428327340146e-03
-4.245037478994199143e-01 8.323055782215993403e-02 2.927645775687967022e-01 6.206112441807143387e-01 4.924659638954266019e-33 3.393620428327061723e-03
-4.249805573403078185e-01 3.207616456637883418e-01 4.148155787710433584e-01 2.576475829737305823e-01 1.495040657579106279e-32 6.775192591437483383e-03
-4.249805573403079295e-01 3.207616456637921720e-01 4.148155787710510189e-01 2.576475829737191470e-01 8.279785023000802136e-33 6.775192591437652519e-03
-4.265582369611977676e-01 2.138294878897602225e-01 4.298435341864569326e-01 3.511444258715595845e-01 2.237015557255451794e-33 5.182552052224692445e-03
-4.265582369611982116e-01 2.138294878897519513e-01 4.298435341864386139e-01 3.511444258715856748e-01 4.989901452674391392e-33 5.182552052225218066e-03
-4.266110640142401489e-01 1.517253616172337671e-01 3.594795749628937331e-01 4.839275945052133876e-01 3.321021489201233305e-32 4.867468914659986434e-03
-4.266110640142402044e-01 1.517253616172511421e-01 3.594795749628886261e-01 4.839275945052001204e-01 6.954505531372255196e-33 4.867468914660344655e-03
-4.269567954748883509e-01 1.253161539070690444e-01 3.674723849428697675e-01 5.044710837922165014e-01 1.143510997974693800e-32 2.740377357845428206e-03
-4.269567954748886285e-01 1.253161539070890285e-01 3.674723849428920275e-01 5.044710837921744240e-01 1.135206391539850935e-32 2.740377357845810713e-03
-4.273003055373809644e-01 5.175612762579560877e-02 4.409132524953792154e-01 5.059343383807205496e-01 2.271554535225027925e-33 1.396281498104004308e-03
-4.273003055373814640e-01 5.175612762577402187e-02 4.409132524953814358e-01 5.059343383807417549e-01 1.555413903654948421e-32 1.396281498103483024e-03
-4.280741219767171257e-01 1.376805182166822017e-01 3.658337403931417597e-01 4.937769094106716494e-01 6.817064210171772500e-33 2.708831979503042997e-03
-4.280741219767172923e-01 1.376805182166680186e-01 3.658337403931108955e-01 4.937769094107171686e-01 6.409581164316286625e-33 2.708831979502713833e-03
-4.285953047280575134e-01 6.891666829141965267e-02 1.734523884541229188e-01 7.538201489524655186e-01 1.613201493012430282e-32 3.810794301991194365e-03
-4.285953047280576800e-01 6.891666829142455153e-02 1.734523884541320504e-01 7.538201489524504195e-01 1.221096741880968776e-32 3.810794301992167111e-03
-4.289870690334794956e-01 2.362817360742308637e-01 3.389677425863041327e-01 4.163681486445921509e-01 1.746299285971138786e-32 8.382372694873862357e-03
-4.289870690334798287e-01 2.362817360742184292e-01 3.389677425862668847e-01 4.163681486446418334e-01 5.510912284691350669e-33 8.382372694873529290e-03
-4.295423388018446142e-01 1.639333337273120306e-01 2.170863057238329175e-01 6.111411201741183685e-01 4.298204266043075028e-33 7.839240374736503036e-03
-4.295423388018457800e-01 1.639333337273098101e-01 2.170863057238616722e-01 6.111411201740890586e-01 5.255689251357680887e-33 7.839240374737148354e-03
-4.305271678282062142e-01 1.246391976713459582e-01 4.308764744328618113e-01 4.415247115873320860e-01 4.362258386919037690e-33 2.959616308461500249e-03
-4.305271678282064363e-01 1.246391976713305816e-01 4.308764744328611451e-01 4.415247115873477401e-01 1.425751259618421863e-32 2.959616308461652037e-03
-4.313824816793343508e-01 3.067968519616303680e-01 3.996548357073317903e-01 2.868716835563910883e-01 2.633425170751404315e-33 6.676628774645835748e-03
-4.313824816793346284e-01 3.067968519616610101e-01 3.996548357073538282e-01 2.868716835563381307e-01 3.560562634631090347e-33 6.676628774646371778e-03
-4.324151449424820104e-01 2.486803517955052389e-01 5.801906088743089551e-01 1.652989959693630939e-01 2.656732752250025827e-32 5.830043360820690197e-03
-4.324151449424822324e-01 2.486803517952927978e-01 5.801906088746771051e-01 1.652989959692113264e-01 8.869170068570917203e-33 5.830043360817856526e-03
-4.326161461112395523e-01 2.689631299408878906e-01 5.150592237894475733e-01 2.098525034354440655e-01 4.777466389787810022e-33 6.125142834221495788e-03
-4.326161461112396633e-01 2.689631299410238929e-01 5.150592237892190894e-01 2.098525034355356034e-01 4.685867226418893748e-33 6.125142834222887904e-03
-4.326210240452706413e-01 1.841537016337002897e-01 7.909431741198587051e-01 2.099167240580368521e-02 4.503676495727720697e-33 3.911451840634958162e-03
-4.326210240452706968e-01 1.841537016336764476e-01 7.909431741199548505e-01 2.099167240573273502e-02 3.678926501822836128e-33 3.911451840634345804e-03
-4.328077607377106006e-01 2.535833329222422217e-01 4.093519262696228567e-01 3.314920893033996285e-01 5.919313858882089484e-33 5.572651504733090039e-03
-4.328077607377107117e-01 2.535833329221739429e-01 4.093519262699080175e-01 3.314920893031853000e-01 5.068309791405358172e-33 5.572651504731308478e-03
-4.346680698756411609e-01 2.216081172463911508e-01 2.926269888390120588e-01 4.788184418843685064e-01 2.289547034294552901e-33 6.946452030229538152e-03
-4.346680698756412720e-01 2.216081172464234306e-01 2.926269888390139462e-01 4.788184418843346446e-01 2.889285971738753065e-33 6.946452030230807970e-03
-4.355212735115496225e-01 2.035793735223916934e-01 4.434953066390185938e-01 3.453511360695086796e-01 3.654540757367726300e-33 7.574183769078397278e-03
-4.355212735115497336e-01 2.035793735224010748e-01 4.434953066388717668e-01 3.453511360696446819e-01 5.181459997748823436e-33 7.574183769080141543e-03
-4.358010988842135891e-01 1.891535374033710692e-01 6.871249050707560757e-01 1.188772222477791768e-01 6.351020502924573038e-33 4.844335278090692795e-03
-4.358010988842138667e-01 1.891535374033688210e-01 6.871249050709452577e-01 1.188772222475948798e-01 5.156095218321355220e-33 4.844335278088729088e-03
-4.369271104398893546e-01 3.119425474558187861e-01 3.121968804307124756e-01 3.649995034374837743e-01 6.420110285127269256e-33 1.086106867598630316e-02
-4.369271104398895211e-01 3.119425474560190148e-01 3.121968804305645939e-01 3.649995034374210467e-01 8.435369355057510390e-33 1.086106867599612863e-02
-4.371367355120595599e-01 1.394945348319054368e-01 2.591944345738755873e-01 5.970090557638754181e-01 4.317604296010891255e-33 4.301974830345408826e-03
-4.371367355120598930e-01 1.394945348318284983e-01 2.591944345739357614e-01 5.970090557638942919e-01 5.027431090408014631e-33 4.301974830341457126e-03
-4.383134117808220043e-01 1.702780162973783207e-01 2.964653951095277407e-01 5.272838284315910506e-01 7.670061514302877419e-33 5.972760161502889756e-03
-4.383134117808222818e-01 1.702780162973364653e-01 2.964653951095643780e-01 5.272838284315979340e-01 1.747327977437810474e-33 5.972760161501135950e-03
-4.386435448050261532e-01 2.074292522264636895e-01 4.117311751855319280e-01 3.734965594339875183e-01 1.969310685945914440e-33 7.343013154017387183e-03
-4.386435448050261532e-01 2.074292522264642447e-01 4.117311751855338708e-01 3.734965594339867412e-01 7.232427717409554508e-34 7.343013154017278762e-03
-4.387598380458929692e-01 1.064825395739875530e-01 3.936464897573085375e-01 4.963108274550961374e-01 1.437285811974185240e-32 3.560143213608454697e-03
-4.387598380458930247e-01 1.064825395739379399e-01 3.936464897573444532e-01 4.963108274551105148e-01 9.938672815338005784e-33 3.560143213606863088e-03
-4.392971601282674721e-01 1.231253946637922564e-01 4.473828959909466052e-01 4.280924658627602852e-01 2.330345546290187534e-33 1.399243482502646879e-03
-4.392971601282675276e-01 1.231253946644969288e-01 4.473828959905822300e-01 4.280924658624169488e-01 3.661522748400591383e-33 1.399243482507350582e-03
-4.394904238343405600e-01 4.470588523411790638e-03 4.218212240936760823e-03 9.912628915736764190e-01 3.029236728951347542e-33 4.830766197597754358e-05
-4.394904238343408376e-01 4.470588523406802441e-03 4.218212240926459168e-03 9.912628915736927393e-01 1.372122399639221850e-33 4.830766197588979774e-05
-4.396512267735008805e-01 8.350653403383576645e-01 8.847416067043949173e-02 7.066450932495396686e-02 1.650820337358547025e-33 5.795989666249940289e-03
-4.396512267735011026e-01 8.350653403383960782e-01 8.847416067042782051e-02 7.066450932492603088e-02 2.630257436704429869e-33 5.795989666250615964e-03
-4.403589137610964266e-01 7.998716965147587010e-02 4.318874932941786371e-01 4.861297600064107827e-01 9.444467105309525065e-33 1.995577047938794108e-03
-4.403589137610965376e-01 7.998716965144730962e-02 4.318874932941682565e-01 4.861297600064439228e-01 9.753912423690783670e-33 1.995577047938061187e-03
-4.409291305047755016e-01 2.065201423679319248e-01 6.112517155693133475e-01 1.775487740452581231e-01 1.365274404907508643e-33 4.679368017497298471e-03
-4.409291305047757792e-01 2.065201423679545456e-01 6.112517155693468762e-01 1.775487740452014740e-01 6.900645933453200007e-34 4.679368017497718274e-03
-4.411672460160726006e-01 3.636911557516576687e-01 3.375154866778835583e-01 2.902839562322529487e-01 8.506048863713570790e-34 8.509401338205029725e-03
-4.411672460160727116e-01 3.636911557516502302e-01 3.375154866778843354e-01 2.902839562322610534e-01 9.927827074728615613e-34 8.509401338204925641e-03
-4.414849544840632189e-01 3.185645535960636432e-02 5.007733996667499410e-01 4.660747135391327678e-01 6.349870494917515664e-33 1.295431434511900952e-03
-4.414849544840634410e-01 3.185645535947743967e-02 5.007733996666928755e-01 4.660747135393205065e-01 7.526347721209866545e-33 1.295431434509594203e-03
-4.415231184640660000e-01 1.681828794307507202e-01 5.520762849259533978e-01 2.759081792603708672e-01 1.585294760254030655e-33 3.832656382924849205e-03
-4.415231184640661666e-01 1.681828794307309027e-01 5.520762849259210903e-01 2.759081792604231587e-01 1.340557573017653819e-33 3.832656382924963696e-03
-4.423490174606254377e-01 1.396225625595380951e-02 9.865645956291704821e-03 9.759533185916322573e-01 1.082792064988838152e-32 2.187791961252807027e-04
-4.423490174606254377e-01 1.396225625595588077e-02 9.865645956291840130e-03 9.759533185916308140e-01 9.793587433269882365e-33 2.187791961253129035e-04
-4.425227571002249838e-01 4.472499993530070633e-02 2.190244636470576600e-01 7.344221400046965220e-01 9.954892551433036475e-34 1.828396412943187818e-03
-4.425227571002252613e-01 4.472499993529593931e-02 2.190244636470422557e-01 7.344221400047166171e-01 2.589892525702301355e-33 1.828396412943042535e-03
-4.434561678870755919e-01 2.808090451141607713e-01 5.280809225988273292e-01 1.828958913311407308e-01 1.702139363474800537e-34 8.214140955871116617e-03
-4.434561678870758139e-01 2.808090451141795896e-01 5.280809225988405409e-01 1.828958913311088674e-01 8.421797530550879308e-34 8.214140955871772343e-03
-4.434818137859762865e-01 3.002898002885795448e-01 4.899015804410092878e-01 2.033437210001873552e-01 6.064843306884954691e-33 6.464898270220910056e-03
-4.434818137859763976e-01 3.002898002885726614e-01 4.899015804410181696e-01 2.033437210001865503e-01 4.316024930626590024e-33 6.464898270220858015e-03
-4.445603051807030526e-01 1.671539157847194423e-01 3.226255764997341124e-01 5.072639430603236299e-01 1.482661060677080260e-33 2.956564655217483635e-03
-4.445603051807032746e-01 1.671539157846209100e-01 3.226255764997709719e-01 5.072639430603865796e-01 9.138248623710567806e-34 2.956564655216964953e-03
-4.447120491651085361e-01 8.800924615080266133e-02 3.573071179270776443e-01 5.523611122825593522e-01 3.878757081321845938e-33 2.322523639561951958e-03
-4.447120491651086471e-01 8.800924615079010194e-02 3.573071179271022357e-01 5.523611122825473618e-01 1.307466367584162387e-33 2.322523639561628432e-03
-4.449171377555700690e-01 8.187255010741905092e-01 6.407054979341351986e-02 1.101842704444572774e-01 7.093874516913874809e-33 7.019678687936013392e-03
-4.449171377555701246e-01 8.187255010744722838e-01 6.407054979332132971e-02 1.101842704442668047e-01 2.911849082769891308e-33 7.019678687937716891e-03
-4.449523006730629615e-01 5.035363512465142188e-02 4.451002083841916201e-01 5.027674888899069661e-01 1.685764013071134705e-33 1.778667601247790105e-03
-4.449523006730630170e-01 5.035363512469690633e-02 4.451002083840795986e-01 5.027674888899726913e-01 1.594561275619745351e-33 1.778667601248666141e-03
-4.470500471510081564e-01 1.575864451663035459e-01 5.302794550347947888e-01 3.090428646988687134e-01 9.042771935496675997e-34 3.091235100031495577e-03
-4.470500471510082119e-01 1.575864451662885579e-01 5.302794550348293168e-01 3.090428646988532257e-01 2.886042823034660075e-33 3.091235100031613538e-03
-4.471901139287064453e-01 7.954638515682803390e-02 3.965527567490223504e-02 8.793699894905661063e-01 2.294640368166131453e-33 1.428349677702787316e-03
-4.471901139287067228e-01 7.954638515681132505e-02 3.965527567490040317e-02 8.793699894905867565e-01 4.564868213294827488e-34 1.428349677702720529e-03
-4.472293183381932380e-01 1.772945986645179661e-01 4.869678706255205491e-01 3.323217320262970564e-01 5.329661135995553337e-34 3.415798683661234666e-03
-4.472293183381932380e-01 1.772945986645154681e-01 4.869678706255365919e-01 3.323217320262815688e-01 5.724205174056839803e-34 3.415798683661250279e-03
-4.477652112620648661e-01 1.514243468878262444e-01 2.262499244282789590e-01 6.176346735037896440e-01 1.261120998455654531e-34 4.691055180109520578e-03
-4.477652112620649216e-01 1.514243468878358201e-01 2.262499244282935584e-01 6.176346735037615554e-01 4.636219916090322381e-34 4.691055180109785991e-03
-4.479247404592480164e-01 1.660049195343567541e-01 4.225896019999492159e-01 4.085002224178428953e-01 4.462269037902502981e-33 2.905256047853732419e-03
-4.479247404592481274e-01 1.660049195343633599e-01 4.225896019999696995e-01 4.085002224178151953e-01 3.007938102215739772e-33 2.905256047853944489e-03
-4.479710479871804041e-01 1.567293595837032372e-01 4.350955597112557971e-01 4.006710923344077302e-01 9.496011944020311033e-34 7.503988370632000415e-03
-4.479710479871804596e-01 1.567293595836460607e-01 4.350955597111712536e-01 4.006710923345493391e-01 9.586777412610559654e-34 7.503988370631177289e-03
-4.485029131556307336e-01 1.390573291800816236e-01 4.435319881945131160e-01 4.150688308944696647e-01 2.512563268918953053e-34 2.341851730943662196e-03
-4.485029131556308446e-01 1.390573291800756284e-01 4.435319881945140041e-01 4.150688308944704419e-01 2.870674954607900847e-34 2.341851730943610155e-03
-4.496233433992323225e-01 8.284254519569318742e-02 4.735532255464628415e-01 4.402189237998089810e-01 1.498019391915406737e-33 3.385305458039273088e-03
-4.496233433992323780e-01 8.284254519576619846e-02 4.735532255464455220e-01 4.402189237997526927e-01 1.196217062490707397e-34 3.385305458040001672e-03
-4.498258181706917824e-01 4.279198220982159406e-01 3.861014642746349868e-01 1.794397524805163013e-01 1.308703802050236986e-35 6.538961146640212378e-03
-4.498258181706917824e-01 4.279198220982355361e-01 3.861014642746314895e-01 1.794397524805013133e-01 4.050046634318099360e-35 6.538961146640466515e-03
-4.501544494603186841e-01 3.664071452647276184e-01 3.918994612718451620e-01 2.356296525693494792e-01 1.305073108002729813e-35 6.063740894083251634e-03
-4.501544494603187396e-01 3.664071452647144067e-01 3.918994612718466053e-01 2.356296525693619415e-01 4.944674855317382488e-34 6.063740894083051274e-03
-4.505799396139590907e-01 1.343504534079565105e-01 3.107771130703205209e-01 5.524514321714641962e-01 7.759715298373054483e-34 2.421001350261328938e-03
-4.505799396139592017e-01 1.343504534079603685e-01 3.107771130703198548e-01 5.524514321714614207e-01 1.684750659282667017e-33 2.421001350261354525e-03
-4.512872018732045354e-01 1.551942088643210038e-01 3.249546977566261652e-01 5.168060190323735537e-01 3.511789717705934074e-33 3.045074346686998598e-03
-4.512872018732045909e-01 1.551942088643272766e-01 3.249546977566363237e-01 5.168060190323571224e-01 6.131262572598026671e-34 3.045074346687105284e-03
-4.518773290966155987e-01 4.779285443743697681e-01 2.849974614904307590e-01 2.236333543420157555e-01 4.771872070404849028e-34 1.344063979319125995e-02
-4.518773290966155987e-01 4.779285443743598316e-01 2.849974614904275949e-01 2.236333543420235548e-01 2.106761726090536973e-33 1.344063979319078637e-02
-4.520440364191637972e-01 2.774957478148581957e-01 2.658117040112344398e-01 4.499410712192236095e-01 9.272646667190791972e-34 6.751476954682849446e-03
-4.520440364191638527e-01 2.774957478148472045e-01 2.658117040112365492e-01 4.499410712192370987e-01 2.089236289860656595e-33 6.751476954682734954e-03
-4.525570988199267286e-01 1.803810907141709385e-01 4.013385330374958926e-01 4.152394621928819918e-01 1.439789133545526315e-33 3.040914055451569148e-03
-4.525570988199267841e-01 1.803810907141779052e-01 4.013385330375124904e-01 4.152394621928606755e-01 5.901221398692694292e-34 3.040914055451793795e-03
-4.532166014783237107e-01 2.182786887326623460e-01 1.421937387524318530e-01 6.363534157948349534e-01 3.385079327809750084e-33 3.174156720071318570e-03
-4.532166014783239327e-01 2.182786887326910730e-01 1.421937387526795160e-01 6.363534157945588410e-01 3.508461611177354989e-33 3.174156720072690303e-03
-4.532891106397534675e-01 3.135263192705669555e-01 2.908749552579553699e-01 3.908102775172335730e-01 3.311346628169803232e-33 4.788447954243726934e-03
-4.532891106397535230e-01 3.135263192705143864e-01 2.908749552579977804e-01 3.908102775172441756e-01 1.283266261905003565e-33 4.788447954243321009e-03
-4.537022115869963623e-01 4.428161746867071424e-01 3.661517171804183346e-01 1.836302678007451783e-01 8.414658122523550120e-34 7.401840332128433071e-03
-4.537022115869964178e-01 4.428161746867082527e-01 3.661517171804183901e-01 1.836302678007444844e-01 2.947250215538237063e-34 7.401840332128506797e-03
-4.542798632806988590e-01 2.365135528987030444e-01 3.782605020278163588e-01 3.812141772854203969e-01 6.827436891954965158e-34 4.011767788058534512e-03
-4.542798632806989700e-01 2.365135528987046820e-01 3.782605020278274610e-01 3.812141772854098498e-01 8.232490288462559170e-34 4.011767788058601299e-03
-4.551772921651842663e-01 5.354897548114403438e-01 1.543490084185598354e-01 3.026394160000625555e-01 7.356918186119961427e-34 7.521820769935036108e-03
-4.551772921651844328e-01 5.354897548114891936e-01 1.543490084185263900e-01 3.026394160000459022e-01 5.968950238874803906e-33 7.521820769935539178e-03
-4.556027713385973898e-01 1.144613092417365030e-01 2.401822592094531306e-01 6.422352974724512276e-01 1.572371024420587530e-34 3.121134076357567639e-03
-4.556027713385975009e-01 1.144613092417228195e-01 2.401822592094575437e-01 6.422352974724632180e-01 3.126745719330635082e-34 3.121134076357269267e-03
-4.561639326110167314e-01 1.099877116899888041e-01 3.811986014158365021e-01 5.047807081005941665e-01 2.421853039114754862e-34 4.032978793581370319e-03
-4.561639326110169534e-01 1.099877116899753426e-01 3.811986014158392777e-01 5.047807081006043806e-01 5.705173124764414181e-34 4.032978793580789187e-03
-4.572060025123930171e-01 1.725872413394988758e-01 3.547473714572264569e-01 4.693453747283417021e-01 1.357607851724023830e-33 3.320012474932272986e-03
-4.572060025123931282e-01 1.725872413395104221e-01 3.547473714572390024e-01 4.693453747283178878e-01 1.458613785520066230e-33 3.320012474932486357e-03
-4.579094353339610568e-01 2.097644435612228686e-01 7.017568916206656793e-01 8.405253590492692273e-02 3.125552413334355513e-34 4.426128913180935043e-03
-4.579094353339611678e-01 2.097644435612225355e-01 7.017568916206612384e-01 8.405253590493577676e-02 2.506171495571568876e-34 4.426128913180824020e-03
-4.589043891173206768e-01 1.403781368595932166e-01 3.747905206013379953e-01 4.820089839933491827e-01 6.890367622620578184e-33 2.822358545722531906e-03
-4.589043891173208434e-01 1.403781368595692913e-01 3.747905206013633084e-01 4.820089839933482390e-01 2.578671820578031942e-33 2.822358545722368842e-03
-4.595767473134790282e-01 2.441182643990186807e-01 3.462987551840578937e-01 4.005367564925157442e-01 6.635010091559848385e-34 9.046223924404767081e-03
-4.595767473134794168e-01 2.441182643989788792e-01 3.462987551840785994e-01 4.005367564925332857e-01 8.787367910892173920e-33 9.046223924404650854e-03
-4.597351119965716881e-01 1.649474975098518814e-01 4.351080074763304939e-01 3.970879118782881800e-01 2.936950216560563868e-33 2.856583135527887736e-03
-4.597351119965717992e-01 1.649474975099131935e-01 4.351080074763112870e-01 3.970879118782459916e-01 5.496213901403360372e-33 2.856583135528199119e-03
-4.601257540285342285e-01 2.812686066974005583e-01 4.594621217730825991e-01 2.541911615808711833e-01 9.147553712932428814e-34 5.078109948642980931e-03
-4.601257540285343395e-01 2.812686066974005028e-01 4.594621217730849860e-01 2.541911615808704061e-01 7.667094186035590058e-34 5.078109948642996543e-03
-4.608445587331877480e-01 1.878118866877114823e-01 7.978171021645331651e-01 1.078633286924499113e-02 1.445660423633990597e-32 3.584678278509655439e-03
-4.608445587331879145e-01 1.878118866877065418e-01 7.978171021645046324e-01 1.078633286927616411e-02 6.569105440782599575e-33 3.584678278509501048e-03
-4.612547768260694681e-01 2.480518813416757173e-01 4.260797703776771916e-01 3.219596334161163309e-01 8.524632080496931984e-34 3.908714864531856459e-03
-4.612547768260694681e-01 2.480518813416802137e-01 4.260797703776719736e-01 3.219596334161165530e-01 8.556213268231148797e-34 3.908714864531849520e-03
-4.620773680384354098e-01 5.005657102007473602e-01 2.438320407994929440e-01 2.422178013886086834e-01 1.644193495166631534e-33 1.338444761115094306e-02
-4.620773680384355209e-01 5.005657102007321502e-01 2.438320407994993277e-01 2.422178013886177039e-01 2.314865371280376673e-33 1.338444761115055448e-02
-4.622711184440816967e-01 1.872047152125171643e-01 1.941986189111355454e-01 6.140807862625869973e-01 1.011812456399748155e-33 4.515879613759803818e-03
-4.622711184440818633e-01 1.872047152125016489e-01 1.941986189111506167e-01 6.140807862625875524e-01 4.413597713662360158e-33 4.515879613759239165e-03
-4.626108215534919799e-01 4.255747158483095260e-01 3.466677989483659683e-01 2.199867243357342683e-01 1.523960129371371717e-32 7.770760867589827925e-03
-4.626108215534920909e-01 4.255747158483024761e-01 3.466677989483666344e-01 2.199867243357400415e-01 1.387304204805233475e-33 7.770760867589659657e-03
-4.629350073510282160e-01 6.733635096821408705e-01 1.504862512296912536e-01 1.613498761625960509e-01 1.696267942467585473e-33 1.480036292557168967e-02
-4.629350073510284380e-01 6.733635096821621868e-01 1.504862512296228083e-01 1.613498761626417921e-01 3.533736431913907122e-33 1.480036292557252581e-02
-4.637967256777928982e-01 1.857051958057783780e-01 3.859204234433481484e-01 4.243432200698221690e-01 2.713804401797416669e-33 4.031160681050284522e-03
-4.637967256777933978e-01 1.857051958057552299e-01 3.859204234433346592e-01 4.243432200698591950e-01 1.668944278893297926e-33 4.031160681049732880e-03
-4.642190817778282796e-01 3.663622596724756542e-01 5.895820738562026486e-01 3.627890521272091745e-02 5.363775442223681754e-34 7.776761258600017358e-03
-4.642190817778283352e-01 3.663622596724106506e-01 5.895820738562761454e-01 3.627890521271480428e-02 1.056647607624151586e-33 7.776761258598183756e-03
-4.645026921765795236e-01 1.394766742891616340e-01 3.320455305742052166e-01 5.249834633996367517e-01 1.445761119749826340e-32 3.494331736995646628e-03
-4.645026921765798567e-01 1.394766742891778710e-01 3.320455305741953911e-01 5.249834633996295352e-01 3.274875865313261376e-33 3.494331736996123677e-03
-4.646625140232928941e-01 9.601420229594648248e-02 4.595029799268104398e-01 4.426057757694964456e-01 3.943997292055155452e-33 1.877042007746603045e-03
-4.646625140232930606e-01 9.601420229594545552e-02 4.595029799268109949e-01 4.426057757694966122e-01 4.204233478605044404e-33 1.877042007746561846e-03
-4.655683478940847442e-01 2.926984580641482370e-01 4.738810806413196186e-01 2.270178905068366282e-01 1.799945559338503541e-32 6.402570787694737350e-03
-4.655683478940851883e-01 2.926984580641634470e-01 4.738810806413167320e-01 2.270178905068249986e-01 1.601037368427586963e-32 6.402570787695044396e-03
-4.665157636512459183e-01 7.757471669227324063e-02 1.998638825721667789e-01 7.189931178836956871e-01 7.164110125844203247e-33 3.568282851864937842e-03
-4.665157636512464734e-01 7.757471669225304844e-02 1.998638825721728296e-01 7.189931178837117853e-01 6.798040940384074585e-33 3.568282851864195814e-03
-4.674948729020763638e-01 4.608847611200925232e-01 2.890058760844367303e-01 2.415464479137658937e-01 2.108909080045694284e-32 8.562914881709030035e-03
-4.674948729020765859e-01 4.608847611201313810e-01 2.890058760844247954e-01 2.415464479137353071e-01 9.831770803345803129e-33 8.562914881709703108e-03
-4.680882454158575290e-01 7.141969419779722883e-02 2.497927979467435000e-01 6.766085646393026343e-01 2.605961119766145264e-33 2.178943216156069632e-03
-4.680882454158577510e-01 7.141969419785172690e-02 2.497927979467516879e-01 6.766085646392385744e-01 2.194047567516412407e-33 2.178943216157027199e-03
-4.681409349160554623e-01 4.614563134780621523e-01 4.655511359780488689e-01 6.276145695342298658e-02 3.112975671985842097e-33 1.023109359046611710e-02
-4.681409349160555733e-01 4.614563134780723663e-01 4.655511359780184488e-01 6.276145695344180486e-02 8.717124464700845269e-33 1.023109359046629058e-02
-4.688143078376549311e-01 4.071943800006666558e-01 3.888831961302103291e-01 1.945722028638207646e-01 3.411039197625305962e-33 9.350221005302831664e-03
-4.688143078376552086e-01 4.071943800006458947e-01 3.888831961302121609e-01 1.945722028638381951e-01 1.954271863680637627e-33 9.350221005302038896e-03
-4.691633457464498558e-01 5.388592704305157355e-01 2.214382818596574154e-01 2.293069393069946948e-01 1.694398287513031135e-33 1.039550840283266775e-02
-4.691633457464501333e-01 5.388592704307201275e-01 2.214382818595277691e-01 2.293069393069164241e-01 7.245833581187853656e-33 1.039550840283684323e-02
-4.696134471774273678e-01 4.324180968168506167e-01 3.613351929003066898e-01 1.982066569507615061e-01 1.229417493631399445e-32 8.040053332080869877e-03
-4.696134471774276453e-01 4.324180968167634642e-01 3.613351929003662533e-01 1.982066569507908160e-01 6.553602914760264255e-33 8.040053332079086582e-03
-4.700846231346172410e-01 3.985816702963368430e-01 4.324408230577846957e-01 1.597989460825478825e-01 2.750196508666036102e-33 9.178560563330339511e-03
-4.700846231346175186e-01 3.985816702964095626e-01 4.324408230577471701e-01 1.597989460825114116e-01 5.778605023672650689e-33 9.178560563332428118e-03
-4.705442773792845590e-01 1.966772498550214965e-01 3.555071178764266371e-01 4.433088943796829051e-01 9.550262469137560247e-33 4.506737888868630852e-03
-4.705442773792847810e-01 1.966772498550269921e-01 3.555071178764304118e-01 4.433088943796735237e-01 8.337769852646398113e-33 4.506737888868747946e-03
-4.708746467165296767e-01 3.982086141604187501e-01 3.844077805037899309e-01 2.075648484438739061e-01 1.898364273586910065e-32 9.818756891919112884e-03
-4.708746467165298433e-01 3.982086141604383456e-01 3.844077805038099704e-01 2.075648484438321062e-01 1.893848655214302680e-32 9.818756891919515339e-03
-4.713700604791936644e-01 1.866972890777650884e-01 3.708634826131410045e-01 4.386834528714054215e-01 2.408062496240282687e-32 3.755775437688858506e-03
-4.713700604791942195e-01 1.866972890777450766e-01 3.708634826131597118e-01 4.386834528714076975e-01 5.573426736886901502e-33 3.755775437688374085e-03
-4.723737390948116732e-01 8.108794103652346152e-02 3.603417056182951494e-01 5.558813456532301078e-01 1.741343301106302093e-32 2.689007691952242235e-03
-4.723737390948118953e-01 8.108794103650149299e-02 3.603417056183182421e-01 5.558813456532296637e-01 4.684384476274755966e-33 2.689007691951786870e-03
-4.728473917471710530e-01 1.924078237803996116e-01 3.419610390847017123e-01 4.618422295223516549e-01 1.208902957700967586e-32 3.788907612546919650e-03
-4.728473917471712751e-01 1.924078237803934499e-01 3.419610390847079850e-01 4.618422295223543195e-01 4.074661404990882983e-32 3.788907612546889292e-03
-4.731391466070840601e-01 2.020737074744723138e-01 3.844107944110630726e-01 4.095437358246294957e-01 1.033982239347311425e-32 3.971762289834108312e-03
-4.731391466070842822e-01 2.020737074744662909e-01 3.844107944110910502e-01 4.095437358246088455e-01 7.112995084696336313e-33 3.971762289833634732e-03
-4.734584828578436433e-01 6.949885302168555545e-02 4.376723966463293425e-01 4.912076588891702289e-01 2.021765031372864382e-32 1.621091442814200307e-03
-4.734584828578437543e-01 6.949885302172040258e-02 4.376723966463124671e-01 4.912076588891521323e-01 1.154573822823430852e-32 1.621091442814994159e-03
-4.737601156957382265e-01 1.505101586087129739e-01 4.130091349508903109e-01 4.331279335192270152e-01 1.766704952672805098e-32 3.352772921169019926e-03
-4.737601156957383930e-01 1.505101586086892429e-01 4.130091349508479004e-01 4.331279335192952384e-01 4.133625101187294388e-33 3.352772921168553719e-03
-4.745237248605196356e-01 1.031187185643812031e-02 5.054351143311791583e-01 4.836055896304779500e-01 3.152031706729494077e-32 6.474241819064063472e-04
-4.745237248605201352e-01 1.031187185645903413e-02 5.054351143311610617e-01 4.836055896304735091e-01 6.673633788801649563e-33 6.474241819068410038e-04
-4.747456256692945131e-01 1.005943752220859189e-01 3.617255273064996501e-01 5.354173932604775477e-01 8.120140119287953927e-33 2.262704210937498302e-03
-4.747456256692949017e-01 1.005943752220436749e-01 3.617255273065062560e-01 5.354173932605146291e-01 3.819254655099313782e-33 2.262704210936456600e-03
-4.748883976721365308e-01 3.960366726881373034e-01 3.850871229301471299e-01 2.102360131347441596e-01 1.252140131256805959e-32 8.640191246971393180e-03
-4.748883976721367528e-01 3.960366726881294763e-01 3.850871229302036403e-01 2.102360131346938665e-01 1.640568605145167868e-32 8.640191246971152053e-03
-4.749615734865402783e-01 1.183826901659550471e-02 3.751407866483409334e-03 9.840311981112626061e-01 8.995000243663516451e-33 3.791250056580541166e-04
-4.749615734865405003e-01 1.183826901658319858e-02 3.751407866479332734e-03 9.840311981112795925e-01 1.430789701840321861e-32 3.791250056576518776e-04
-4.751292765053152789e-01 1.358053961451492764e-01 3.457597069400629719e-01 5.073256256737679326e-01 2.747563383082051285e-32 1.110927124102035340e-02
-4.751292765053156675e-01 1.358053961451670955e-01 3.457597069400575318e-01 5.073256256737546099e-01 7.557959950144148211e-33 1.110927124102076974e-02
-4.766521632227498362e-01 9.414798611030377601e-03 5.040911723801435596e-01 4.858606541170034099e-01 1.479964079321934531e-32 6.333748918214204479e-04
-4.766521632227499472e-01 9.414798611034062154e-03 5.040911723801424493e-01 4.858606541170026327e-01 1.901954617643360509e-32 6.333748918215223629e-04
-4.774496879858624587e-01 1.243318132996011627e-01 3.153964641151150161e-01 5.579158061298530313e-01 1.254000760814002625e-32 2.355916455433487364e-03
-4.774496879858626808e-01 1.243318132995825387e-01 3.153964641150561743e-01 5.579158061299298588e-01 1.061399372641867694e-32 2.355916455433274860e-03
-4.774853691221020435e-01 4.471776300466273613e-01 2.400630674892824945e-01 3.039926137475752466e-01 1.075894227823602951e-32 8.766688716514790120e-03
-4.774853691221025986e-01 4.471776300467145138e-01 2.400630674892956229e-01 3.039926137474735501e-01 7.575857080170577178e-33 8.766688716515973201e-03
-4.777202524897077862e-01 1.020390712277636502e-01 1.663129827318265419e-01 7.295477696255299183e-01 2.029795269343829563e-32 2.100176414879264229e-03
-4.777202524897080083e-01 1.020390712278387430e-01 1.663129827320491694e-01 7.295477696252310462e-01 1.174807500791748870e-32 2.100176414880655044e-03
-4.781231496367874256e-01 1.954046061205367557e-01 2.185805529612038223e-01 5.810819155553942350e-01 2.638182103623547527e-33 4.932925362865817585e-03
-4.781231496367878142e-01 1.954046061204473828e-01 2.185805529611739018e-01 5.810819155555151383e-01 3.014511846785902528e-33 4.932925362863740254e-03
-4.788643965677087944e-01 9.063479946909204499e-02 3.142672318628138561e-01 5.927010734479358778e-01 5.993365568537226239e-33 2.396895220157311233e-03
-4.788643965677096270e-01 9.063479946908040152e-02 3.142672318627849348e-01 5.927010734479762899e-01 9.674573179692316350e-33 2.396895220157217558e-03
-4.800366462172740434e-01 5.493861717530861694e-02 4.749748718318295149e-01 4.684208066657141178e-01 6.025927151068207884e-33 1.665704327147301059e-03
-4.800366462172747095e-01 5.493861717528270017e-02 4.749748718318440033e-01 4.684208066657281622e-01 3.383298290619284967e-33 1.665704327146501785e-03
-4.806671363457308277e-01 3.511047384506645885e-01 2.361693449829248559e-01 4.043738516991016718e-01 1.126205085465765681e-32 8.352064867308151702e-03
-4.806671363457308832e-01 3.511047384507873792e-01 2.361693449829884717e-01 4.043738516989181520e-01 1.041039844116712596e-32 8.352064867307166379e-03
-4.807354170793159964e-01 4.453467034176432082e-01 3.542554969579272961e-01 1.948724826296462653e-01 1.345924108910855079e-32 5.525316994782280590e-03
-4.807354170793166626e-01 4.453467034176349371e-01 3.542554969579359558e-01 1.948724826296467927e-01 7.895982747781991206e-33 5.525316994782053341e-03
-4.810619140771720814e-01 4.620036805941288849e-01 3.356215115194604026e-01 1.959004372246747061e-01 3.978124660146341623e-32 6.474370661735191074e-03
-4.810619140771724700e-01 4.620036805941516445e-01 3.356215115194743914e-01 1.959004372246385683e-01 2.257938089650218091e-32 6.474370661735147706e-03
-4.818314683098177120e-01 5.814762742805477114e-01 1.929137281143231408e-01 2.083751980738499099e-01 2.833208441116567466e-32 1.723479953127779463e-02
-4.818314683098179341e-01 5.814762742805693607e-01 1.929137281142903615e-01 2.083751980738605125e-01 4.676165222647110646e-32 1.723479953127861342e-02
-4.821696154851874416e-01 3.858733690610054862e-02 3.205729998780857543e-02 9.283519618670010853e-01 3.225414586818085446e-32 1.003401239089234424e-03
-4.821696154851874416e-01 3.858733690610675893e-02 3.205729998782352874e-02 9.283519618669806572e-01 9.610871032922081310e-32 1.003401239089284514e-03
6.486554464646002716e-01 8.102739505643025403e-30 8.137491095179200160e-30 7.252035875243204538e-30 9.999999999999984457e-01 1.688965695479128971e-27
6.486554464646002716e-01 1.195809360174644140e-30 1.200875316307128913e-30 1.070093004784905106e-30 1.000000000000000666e+00 2.492564543123203643e-28
