-6.127750489587645982e-03 2.016380915446841287e-04 1.733181777897306987e-03 9.936753027087757983e-01 9.664361032564137136e-33 4.389877421785940738e-03
-6.127750489587907058e-03 2.016380915446814995e-04 1.733181777897270341e-03 9.936753027087762424e-01 1.254275249782572949e-32 4.389877421785945942e-03
-8.048824077775481797e-03 5.884311168739242122e-04 2.700466309883652050e-03 9.932571863208040641e-01 4.863876040876401991e-32 3.453916252445860674e-03
-8.048824077775733332e-03 5.884311168739183575e-04 2.700466309883623427e-03 9.932571863208021767e-01 4.654812012755698283e-32 3.453916252445860240e-03
-1.142944957899842337e-02 9.474320630500722212e-04 3.614893043894243374e-03 9.930156898349072891e-01 4.992345813269802175e-33 2.421985058154054685e-03
-1.142944957899865929e-02 9.474320630500638728e-04 3.614893043894224292e-03 9.930156898349028483e-01 1.672520065509333008e-32 2.421985058154047746e-03
-1.639978855232038235e-02 1.151909609429457209e-03 4.184254727552064700e-03 9.930859668228507742e-01 2.250511487263793726e-32 1.577868840171578425e-03
-1.639978855232052460e-02 1.151909609429453306e-03 4.184254727552082914e-03 9.930859668228493309e-01 3.555110549343532446e-32 1.577868840171573438e-03
-2.001731430067142312e-02 9.911808160874436419e-04 1.964074135157145226e-02 9.663165144681886698e-01 1.628997813767295746e-32 1.305156336415315595e-02
-2.001731430067172496e-02 9.911808160874336672e-04 1.964074135157138634e-02 9.663165144681894470e-01 2.233525477582873143e-32 1.305156336415317850e-02
-2.085384609460250172e-02 2.270418609677726882e-03 2.047697318209971279e-02 9.669048546083479634e-01 2.589435834107274234e-32 1.034775359987529647e-02
-2.085384609460276539e-02 2.270418609677698259e-03 2.047697318209964340e-02 9.669048546083474083e-01 1.692343103622123366e-32 1.034775359987530514e-02
-2.287527676686146663e-02 3.369183586961014935e-03 2.048819205574557711e-02 9.685476340124224981e-01 4.451157016361395943e-32 7.594990344871980180e-03
-2.287527676686160194e-02 3.369183586960993251e-03 2.048819205574556324e-02 9.685476340124219430e-01 1.429294901546170369e-31 7.594990344871997527e-03
-2.302842127286143514e-02 1.217731069461232447e-03 4.363635743036313290e-03 9.934116451725392150e-01 8.791624418658166323e-32 1.006988014963688602e-03
-2.302842127286164331e-02 1.217731069461224424e-03 4.363635743036394822e-03 9.934116451725392150e-01 8.175838955106403504e-32 1.006988014963672339e-03
-2.645584656163341500e-02 4.053559719999405564e-03 1.988601835145881874e-02 9.708598268344246218e-01 2.683208717678846914e-32 5.200595094118552059e-03
-2.645584656163355031e-02 4.053559719999392554e-03 1.988601835145882568e-02 9.708598268344230675e-01 1.188990185886365639e-32 5.200595094118541650e-03
-3.127042531880996901e-02 1.355233543233558356e-03 6.770500925981443041e-03 9.910434494012270168e-01 2.043486426517877365e-31 8.308161295587567982e-04
-3.127042531881008697e-02 1.355233543233803819e-03 6.770500925983588027e-03 9.910434494012241302e-01 2.258058893152956409e-31 8.308161295590135373e-04
-2.592628829599481488e-01 7.746703144563102383e-02 5.684583330626137299e-01 3.481851028924457525e-01 9.276978408650695458e-32 5.889532599315570535e-03
-2.592628829599484819e-01 7.746703144562179510e-02 5.684583330625713193e-01 3.481851028924952685e-01 5.477400199403710890e-32 5.889532599314510619e-03
-2.597616429194182786e-01 6.979754590473069217e-03 4.876402972475636366e-01 5.031574591298795252e-01 9.705012962358461518e-32 2.222489032084354939e-03
-2.597616429194191112e-01 6.979754590471346637e-03 4.876402972475736841e-01 5.031574591298713095e-01 9.953922612049632046e-32 2.222489032084511065e-03
-2.605257201298442071e-01 3.688621263501004610e-02 2.965732177108597600e-01 6.639530109674101066e-01 7.899453696134035408e-32 2.587558686720177036e-03
-2.605257201298445957e-01 3.688621263501681846e-02 2.965732177109219325e-01 6.639530109673383862e-01 8.397736244156824144e-32 2.587558686720562145e-03
-2.613097813946170245e-01 1.786346431213770014e-02 1.508088629569695194e-01 8.301352533006711720e-01 1.824293705844160699e-31 1.192419430223012932e-03
-2.613097813946176351e-01 1.786346431214577701e-02 1.508088629570944195e-01 8.301352533005366130e-01 7.078085094143650410e-32 1.192419430223394137e-03
-2.618320957390980475e-01 8.633756161493100212e-02 5.345326523636879656e-01 3.659733592849210293e-01 9.001446481490243785e-32 1.315642673646162490e-02
-2.618320957390986581e-01 8.633756161494339498e-02 5.345326523636949601e-01 3.659733592848986028e-01 3.715859071731122659e-32 1.315642673646427729e-02
-2.628413107301774132e-01 3.742396378189692674e-02 4.185352892204826647e-01 5.397124086682058008e-01 1.469320742446634617e-31 4.328338329416077900e-03
-2.628413107301780238e-01 3.742396378187725497e-02 4.185352892204462494e-01 5.397124086682622002e-01 7.951593207517669447e-32 4.328338329414681447e-03
-2.629583556089543084e-01 2.128108497560076556e-02 3.854902269431432216e-01 5.897665435922908594e-01 6.162140408921644031e-32 3.462144488967582902e-03
-2.629583556089543639e-01 2.128108497559080131e-02 3.854902269429793527e-01 5.897665435924667188e-01 8.063709983921308215e-32 3.462144488964214936e-03
-2.633709412608451483e-01 4.651116920042518144e-02 3.216327602321898960e-01 6.258897090801709417e-01 1.047298452545189373e-31 5.966361487211453360e-03
-2.633709412608459255e-01 4.651116920043237013e-02 3.216327602319378753e-01 6.258897090804202978e-01 2.089573346128047123e-32 5.966361487209731647e-03
-2.636340665759496216e-01 4.028918439045942740e-02 1.849579736596715374e-01 7.721041765256316802e-01 1.011430835415333979e-31 2.648665424235818917e-03
-2.636340665759505097e-01 4.028918439047272926e-02 1.849579736597412039e-01 7.721041765255514111e-01 4.175423777579194109e-32 2.648665424236889242e-03
-2.647014246731941300e-01 1.157874442991361497e-01 5.884573040819446321e-01 2.868736313293100970e-01 1.187204544616465970e-32 8.881620289608743030e-03
-2.647014246731946852e-01 1.157874442991147085e-01 5.884573040818565914e-01 2.868736313294195095e-01 3.107379794301225102e-32 8.881620289607343108e-03
-2.659842036913548924e-01 2.188194754066672548e-02 1.741280210619879920e-01 8.033038579699127713e-01 1.055490689256160341e-31 6.861734274314721521e-04
-2.659842036913550034e-01 2.188194754066780101e-02 1.741280210619883251e-01 8.033038579699114390e-01 1.110781622113351078e-31 6.861734274315490220e-04
-2.666208457364928619e-01 2.572419382965498297e-02 4.907818237506980097e-01 4.797786916720740424e-01 1.064208831578634292e-31 3.715290747573973644e-03
-2.666208457364939166e-01 2.572419382963535284e-02 4.907818237506631487e-01 4.797786916721281658e-01 6.269049886292203652e-32 3.715290747573183911e-03
-2.672742585169349816e-01 1.377461155741652177e-01 7.225664227431936038e-01 1.300992866980404394e-01 4.558872641761233511e-32 9.588174984601658540e-03
-2.672742585169359808e-01 1.377461155741935284e-01 7.225664227432206932e-01 1.300992866979832630e-01 1.893700960478610553e-32 9.588174984603162546e-03
-2.690062697725316143e-01 2.553742441438117128e-02 1.313038476028693391e-01 8.408038542908066182e-01 8.633532740006235670e-33 2.354873691942563959e-03
-2.690062697725318919e-01 2.553742441437488464e-02 1.313038476028539070e-01 8.408038542908300439e-01 1.766194714292379691e-32 2.354873691941636316e-03
-2.700495014474862954e-01 9.516755310826614800e-02 5.227980228084723180e-01 3.722666862750420580e-01 3.616833016086172882e-32 9.767737808218306811e-03
-2.700495014474869060e-01 9.516755310827978986e-02 5.227980228085081782e-01 3.722666862749926531e-01 3.216081559076539048e-32 9.767737808220091841e-03
-2.700724115530335201e-01 3.397454973728315092e-02 2.290135684622980894e-01 7.351016243875825307e-01 1.158336407194274407e-31 1.910257412834730868e-03
-2.700724115530336866e-01 3.397454973726915517e-02 2.290135684622249534e-01 7.351016243876706824e-01 1.484020362613392852e-31 1.910257412833792166e-03
-2.711334349078833306e-01 7.448494586691006836e-02 5.558497187576569853e-01 3.616880070440321449e-01 7.005111198215436732e-33 7.977328331400740727e-03
-2.711334349078837747e-01 7.448494586703692522e-02 5.558497187582485122e-01 3.616880070433111660e-01 7.941183783844281190e-32 7.977328331401595946e-03
-2.713248609442212578e-01 1.201383994051124227e-01 7.226305640058585666e-01 1.492758226736554117e-01 4.628603002246414151e-32 7.955213915374176673e-03
-2.713248609442215908e-01 1.201383994050473220e-01 7.226305640056136514e-01 1.492758226739641925e-01 1.163583010746035385e-31 7.955213915374369227e-03
-2.714835295873760379e-01 7.998069116659600741e-02 4.576701800710117896e-01 4.551109944961660436e-01 2.814322659630951354e-32 7.238134266225604296e-03
-2.714835295873764265e-01 7.998069116656426891e-02 4.576701800709416235e-01 4.551109944962709597e-01 9.881502235148137623e-33 7.238134266221963979e-03
-2.718305167703053971e-01 3.181796915673860970e-02 1.375667053055453781e-01 8.294355000091095942e-01 5.239977417837264168e-32 1.179825528608204532e-03
-2.718305167703055081e-01 3.181796915672657766e-02 1.375667053054718258e-01 8.294355000091955255e-01 1.446475362740792525e-31 1.179825528607435616e-03
-2.723809746394861842e-01 3.762216481033713728e-02 4.221524700310729794e-01 5.364757551923238221e-01 2.300425686755438117e-32 3.749609966265616233e-03
-2.723809746394862952e-01 3.762216481034058591e-02 4.221524700310990141e-01 5.364757551922930690e-01 1.673326078254115508e-32 3.749609966265820063e-03
-2.748931694256415703e-01 1.679727777977543246e-01 5.926125057492047654e-01 2.209120797066352893e-01 1.774604256140887972e-32 1.850263674640574910e-02
-2.748931694256418479e-01 1.679727777977617631e-01 5.926125057492128700e-01 2.209120797066179420e-01 2.972702877971320906e-32 1.850263674640644646e-02
-2.760436074788419902e-01 1.466704072938821157e-01 8.059816557726161568e-01 3.879085594893187661e-02 4.009139703571378191e-32 8.557080984568938425e-03
-2.760436074788421568e-01 1.466704072938806724e-01 8.059816557726120489e-01 3.879085594893520728e-02 1.210377497322403392e-31 8.557080984568744136e-03
-2.761172217927995720e-01 4.959777212520752321e-02 3.243612812011531510e-01 6.227892320226141587e-01 1.196830171791523627e-32 3.251714651023287529e-03
-2.761172217927998496e-01 4.959777212521540579e-02 3.243612812011719138e-01 6.227892320225866252e-01 2.527811920234395234e-32 3.251714651024136243e-03
-2.771013289034544580e-01 1.256195414441960145e-01 4.537838920911543283e-01 4.074952616640010739e-01 2.539702880448132475e-33 1.310130480064824673e-02
-2.771013289034547911e-01 1.256195414441701741e-01 4.537838920910622909e-01 4.074952616641230319e-01 1.735154874530706111e-32 1.310130480064546771e-02
-2.775124347678037395e-01 8.243033364812610286e-02 3.327013026134290063e-01 5.772297154555734444e-01 4.642557339325700823e-32 7.638648282871472392e-03
-2.775124347678039616e-01 8.243033364818459774e-02 3.327013026136110829e-01 5.772297154553254206e-01 4.931328349309032391e-32 7.638648282880101774e-03
-2.784918755504798282e-01 6.575552858854176452e-02 2.674271031919704944e-01 6.582797146683481149e-01 9.693612674216162563e-33 8.537653551141831040e-03
-2.784918755504799948e-01 6.575552858852169724e-02 2.674271031918915020e-01 6.582797146684494782e-01 1.749616430554911802e-32 8.537653551138325164e-03
-2.788338813947474071e-01 1.275917788311875523e-01 5.399527688351093424e-01 3.238495051801512092e-01 2.569845402894353827e-32 8.605947153550664447e-03
-2.788338813947474626e-01 1.275917788311876355e-01 5.399527688350775900e-01 3.238495051801811853e-01 1.459894032359889861e-32 8.605947153552666318e-03
-2.793019312537949883e-01 1.199928074380363086e-01 4.259085748906086266e-01 4.333347370787796748e-01 1.243740165862750621e-32 2.076388059257372465e-02
-2.793019312537953769e-01 1.199928074380411935e-01 4.259085748906270563e-01 4.333347370787570263e-01 5.552544901054263197e-33 2.076388059257458507e-02
-2.796221358030675508e-01 1.841139458800359341e-01 6.063320187684075879e-01 1.878640099398642960e-01 2.018608807166969225e-32 2.169002541169168935e-02
-2.796221358030677728e-01 1.841139458800338247e-01 6.063320187683982621e-01 1.878640099398760366e-01 1.744795095289121603e-32 2.169002541169112383e-02
-2.807684782138772928e-01 3.181028334276679061e-03 1.192785543478232409e-02 9.845936296632693541e-01 2.144033403210914289e-32 2.974865676721441185e-04
-2.807684782138776258e-01 3.181028334276472195e-03 1.192785543478403279e-02 9.845936296632684659e-01 1.128084801063481975e-32 2.974865676718533355e-04
-2.816252212818832201e-01 1.467303850297040635e-01 6.148425793834378927e-01 2.236254079498771752e-01 8.549888899910844789e-33 1.480162763698287046e-02
-2.816252212818836642e-01 1.467303850297062562e-01 6.148425793834462194e-01 2.236254079498656844e-01 8.687882092764302845e-33 1.480162763698313413e-02
-2.820471532670617565e-01 1.035407318718282871e-01 5.055953128057173451e-01 3.811503955980353742e-01 1.191438891890445685e-32 9.713559724419406488e-03
-2.820471532670619785e-01 1.035407318718347680e-01 5.055953128057257828e-01 3.811503955980195535e-01 3.825218047027096272e-32 9.713559724420370994e-03
-2.829229982796003795e-01 2.414260606363229089e-02 2.258186524516922755e-01 7.488293867383312152e-01 8.685960967121682511e-33 1.209354746344822257e-03
-2.829229982796004350e-01 2.414260606362976166e-02 2.258186524517044047e-01 7.488293867383191138e-01 2.037083584199093372e-32 1.209354746344778672e-03
-2.832454462121760663e-01 3.293398385297983261e-02 3.494164374629999958e-01 6.144656939441267562e-01 7.975662239298947901e-33 3.183884739895096253e-03
-2.832454462121761218e-01 3.293398385297861136e-02 3.494164374629663561e-01 6.144656939441626164e-01 1.423002963265165721e-32 3.183884739894825636e-03
-2.838269172888446823e-01 1.444983425682774547e-01 7.110645299202924541e-01 1.345842818066229352e-01 1.072978764016709340e-32 9.852845704811048766e-03
-2.838269172888447378e-01 1.444983425682799805e-01 7.110645299202988934e-01 1.345842818066138036e-01 1.073690066875087615e-32 9.852845704811648980e-03
-2.839316199676700792e-01 4.471230964292173538e-03 2.108986520013662880e-02 9.741301302733145207e-01 2.928691834771373455e-33 3.087735622558725364e-04
-2.839316199676706898e-01 4.471230964291077192e-03 2.108986520012664373e-02 9.741301302733291756e-01 1.422105857341072429e-32 3.087735622558034727e-04
-2.843729685936767781e-01 4.399885448114900302e-03 4.920442907970512536e-01 5.018067127500271951e-01 3.055931069252155132e-32 1.749111004807285454e-03
-2.843729685936768337e-01 4.399885448114490907e-03 4.920442907970483670e-01 5.018067127500276392e-01 3.871935136927417184e-33 1.749111004807328389e-03
-2.849095644288635598e-01 5.917404455370045557e-02 4.032375080922383503e-01 5.323087896095859417e-01 7.313776888939817099e-33 5.279657744477096390e-03
-2.849095644288636153e-01 5.917404455370107313e-02 4.032375080922325772e-01 5.323087896095914928e-01 9.197949474005716545e-33 5.279657744478421719e-03
-2.857824618274142914e-01 2.981297866651397288e-02 2.054878340412517601e-01 7.621814915065440177e-01 2.578633047686556919e-32 2.517695785691429801e-03
-2.857824618274143469e-01 2.981297866651419493e-02 2.054878340412543691e-01 7.621814915065409091e-01 2.820893594488997810e-32 2.517695785691368218e-03
-2.858310367955649856e-01 6.424729839396163544e-02 5.077443340495590984e-01 4.136518286634635055e-01 8.736154918403757384e-33 1.435653889301699918e-02
-2.858310367955652076e-01 6.424729839395287856e-02 5.077443340495482182e-01 4.136518286634833785e-01 1.749346623778848424e-33 1.435653889301491751e-02
-2.868269131012964879e-01 7.481880190040504641e-02 5.129956291030927096e-01 3.990310801225802617e-01 4.080481117336010134e-33 1.315448887392209332e-02
-2.868269131012967654e-01 7.481880190041076406e-02 5.129956291031001481e-01 3.990310801225651627e-01 1.712156860625910813e-32 1.315448887392423050e-02
-2.878365573702406088e-01 1.616277696215595028e-01 5.957055668173962815e-01 2.153957955708177274e-01 1.606521146006974650e-33 2.727086799022529831e-02
-2.878365573702407754e-01 1.616277696215648318e-01 5.957055668174000562e-01 2.153957955708073191e-01 1.226906349080705209e-33 2.727086799022640506e-02
-2.887447341338005846e-01 3.455323135208443475e-02 1.366375878583201697e-01 8.209140790043871760e-01 4.467082261808365969e-34 7.895101785207433651e-03
-2.887447341338008622e-01 3.455323135207578888e-02 1.366375878582783143e-01 8.209140790044417990e-01 1.801121907486613718e-33 7.895101785204418701e-03
-2.893920971077957871e-01 4.171072379472504782e-02 2.789857825686877790e-01 6.770438675729071321e-01 6.554360028804781722e-34 2.259626063680305209e-03
-2.893920971077961202e-01 4.171072379471764402e-02 2.789857825686121728e-01 6.770438675729885114e-01 2.114057566149815528e-33 2.259626063679424403e-03
-2.894745660543295851e-01 2.316923881244855807e-02 1.251852487514000800e-01 8.484569817608682563e-01 1.338952546199202920e-33 3.188530675283001142e-03
-2.894745660543297516e-01 2.316923881244528638e-02 1.251852487514159840e-01 8.484569817608569320e-01 4.348531269427345372e-34 3.188530675282439525e-03
-2.896545744978047954e-01 2.424977369341639252e-02 4.479434831903998382e-01 5.237120527996126373e-01 2.573661195421540948e-33 4.094690316572962077e-03
-2.896545744978048509e-01 2.424977369341482086e-02 4.479434831903696401e-01 5.237120527996443897e-01 2.108129375385685482e-33 4.094690316572164972e-03
-2.899041496779387050e-01 8.017292209317103402e-02 4.498736451346857512e-01 4.636368599721292783e-01 4.173528031853157202e-33 6.316572800013199249e-03
-2.899041496779388161e-01 8.017292209317575247e-02 4.498736451347029042e-01 4.636368599721074069e-01 2.363321506773310591e-33 6.316572800013044858e-03
-2.905221472243780245e-01 1.461222588914329323e-01 8.061551710381791302e-01 4.036377549215121319e-02 7.332057868690754436e-33 7.358794578238242109e-03
-2.905221472243783021e-01 1.461222588914272147e-01 8.061551710381441582e-01 4.036377549219197225e-02 1.616944671268435459e-33 7.358794578237896900e-03
-2.926062125824830384e-01 7.238215161520830665e-02 3.163863955555272223e-01 6.071813630857092470e-01 1.995962165656909076e-34 4.050089743556426272e-03
-2.926062125824832050e-01 7.238215161519087615e-02 3.163863955554929719e-01 6.071813630857612054e-01 6.243317931181662356e-34 4.050089743554188479e-03
-2.930765698214122805e-01 8.468650902041129080e-02 3.987829973430201402e-01 5.105473093336453383e-01 1.764465772426204629e-32 5.983184302922325143e-03
-2.930765698214123915e-01 8.468650902041049977e-02 3.987829973430170316e-01 5.105473093336481138e-01 6.907783875344925226e-33 5.983184302922189834e-03
-2.936791740992039657e-01 1.496581810373326209e-02 4.792357185826136567e-01 5.031629244818186519e-01 6.680339505485149288e-33 2.635538831834205887e-03
-2.936791740992040212e-01 1.496581810372996785e-02 4.792357185826074950e-01 5.031629244818291991e-01 4.615154300566786142e-33 2.635538831833696746e-03
-2.938004199534785532e-01 1.132376690204825176e-01 4.564777267878268319e-01 4.113777094137322510e-01 4.059049024856225722e-34 1.890689477795967285e-02
-2.938004199534786642e-01 1.132376690204812963e-01 4.564777267878178946e-01 4.113777094137427426e-01 2.597646270217683064e-34 1.890689477795950285e-02
-2.942140105945829087e-01 1.480246333206561293e-01 6.067949163645647292e-01 2.072156876376786139e-01 2.389066459521171194e-33 3.796476267710252595e-02
-2.942140105945830753e-01 1.480246333206474696e-01 6.067949163645451893e-01 2.072156876377223567e-01 6.597046718519466146e-34 3.796476267708753793e-02
-2.948955747371120317e-01 1.369204439105784488e-01 7.428538700023925578e-01 1.136090525892967801e-01 2.579545575779876353e-33 6.616633497731689434e-03
-2.948955747371121427e-01 1.369204439105737026e-01 7.428538700023772368e-01 1.136090525893188874e-01 3.313487563556530793e-33 6.616633497731465655e-03
-2.949098489348691565e-01 6.349755495458309085e-02 2.802853283106674365e-01 6.505082972199864866e-01 8.686106592916533956e-34 5.708819514761865471e-03
-2.949098489348691565e-01 6.349755495458947463e-02 2.802853283106964133e-01 6.505082972199469626e-01 4.911277531839607808e-34 5.708819514764890829e-03
-2.954490329987954356e-01 4.545720152337617836e-02 4.326288700778329055e-01 5.180029011388015414e-01 2.780131971560643019e-33 3.911027259985258228e-03
-2.954490329987954911e-01 4.545720152339130515e-02 4.326288700778859742e-01 5.180029011387350391e-01 7.918181633386515044e-34 3.911027259986109110e-03
-2.969420206376462423e-01 5.705748479931629230e-02 2.839342843935689364e-01 6.539986929363644785e-01 9.017076444540364953e-34 5.009537870753488081e-03
-2.969420206376462423e-01 5.705748479932002543e-02 2.839342843935842575e-01 6.539986929363477142e-01 7.205247374205542965e-34 5.009537870753879261e-03
-2.984301390101201101e-01 1.520349933284733668e-01 5.781976104544572781e-01 2.419314047946009294e-01 9.612395602774065004e-34 2.783599142247209987e-02
-2.984301390101201101e-01 1.520349933284725341e-01 5.781976104544566120e-01 2.419314047946013735e-01 8.359873415492403236e-34 2.783599142247219008e-02
-2.984956879364867310e-01 5.007989934196656334e-02 4.732358231217189681e-01 4.724966095255612730e-01 2.053910079717811606e-33 4.187668010755103698e-03
-2.984956879364867866e-01 5.007989934196568210e-02 4.732358231217195232e-01 4.724966095255605514e-01 1.428637548022642869e-33 4.187668010755169617e-03
-2.993183131449975165e-01 5.373408300138232674e-02 4.402369340500221218e-01 5.015723114612347100e-01 2.425163802824904034e-34 4.456671487362623071e-03
-2.993183131449975720e-01 5.373408300138192428e-02 4.402369340500216777e-01 5.015723114612343769e-01 1.576944541223243563e-34 4.456671487362597918e-03
-3.002651885929576436e-01 5.608958536017422808e-02 3.510453674633342569e-01 5.898051090034331922e-01 9.245687265153799457e-36 3.059938173059516264e-03
-3.002651885929576991e-01 5.608958536017481789e-02 3.510453674633352006e-01 5.898051090034316379e-01 2.608087911602882607e-34 3.059938173059502820e-03
-3.021056039775294466e-01 8.556290305160468845e-02 4.078425082799783663e-01 5.001148098726411195e-01 3.639297786182946124e-33 6.479778795782035160e-03
-3.021056039775294466e-01 8.556290305160031695e-02 4.078425082799553847e-01 5.001148098726686531e-01 3.085826889394097119e-33 6.479778795782023884e-03
-3.024601583215126288e-01 1.871326556928397389e-01 5.417155685682166766e-01 2.581227189863670723e-01 2.335031422675114519e-33 1.302905675258286648e-02
-3.024601583215126288e-01 1.871326556928380458e-01 5.417155685682149002e-01 2.581227189863698479e-01 2.673802642846167337e-33 1.302905675258277975e-02
-3.027232891291603001e-01 9.236171122133987610e-02 4.377503110520299390e-01 4.644806288214389789e-01 1.682350163294389400e-33 5.407348905194783902e-03
-3.027232891291604111e-01 9.236171122133811362e-02 4.377503110520156726e-01 4.644806288214506917e-01 1.954990537485178969e-33 5.407348905194903597e-03
-3.035489321835972421e-01 2.715798415008020827e-02 1.856301544557198424e-01 7.861836376810932281e-01 1.029150375481222357e-32 1.028223713108171239e-03
-3.035489321835972421e-01 2.715798415007951092e-02 1.856301544557205085e-01 7.861836376810935612e-01 1.173010340535577419e-32 1.028223713108097296e-03
-3.045205826821738015e-01 2.110642397221554889e-01 5.658937534041295070e-01 2.051396831989109049e-01 5.230296386233035511e-33 1.790232367480088654e-02
-3.045205826821738571e-01 2.110642397221551003e-01 5.658937534041291739e-01 2.051396831989106828e-01 8.256229843562846075e-33 1.790232367480081022e-02
-3.046823229487795048e-01 4.440120194972888013e-02 1.872356389580703273e-01 7.663363400600294861e-01 4.910121182654050337e-33 2.026819032174481845e-03
-3.046823229487797269e-01 4.440120194973382062e-02 1.872356389580938640e-01 7.663363400599980668e-01 1.860796743304115729e-33 2.026819032174582459e-03
-3.059123757171546831e-01 4.944758060859159171e-02 2.722082545945830878e-01 6.758961350412059366e-01 5.060452284635611785e-34 2.448029755617408924e-03
-3.059123757171547942e-01 4.944758060858609611e-02 2.722082545945611054e-01 6.758961350412331370e-01 8.604794260292975962e-33 2.448029755617140910e-03
-3.060234513709397808e-01 1.612826901357384268e-01 5.312801130824806872e-01 2.858097379431777663e-01 1.697003216747808462e-32 2.162745883860308499e-02
-3.060234513709399473e-01 1.612826901357501952e-01 5.312801130824834628e-01 2.858097379431655538e-01 1.303219396198454890e-33 2.162745883860270682e-02
-3.078867887807905657e-01 1.008745569728070890e-01 4.734267938897336880e-01 4.204965202555857040e-01 2.774071941813014883e-33 5.202128881872202307e-03
-3.078867887807905657e-01 1.008745569728116409e-01 4.734267938897388506e-01 4.204965202555774328e-01 7.148727682007168801e-34 5.202128881872495475e-03
-3.088424691005032252e-01 1.154176805218932178e-01 4.833348928165283609e-01 3.928863290838044420e-01 5.110047215645810778e-33 8.361097577774532705e-03
-3.088424691005033362e-01 1.154176805218811580e-01 4.833348928165323022e-01 3.928863290838136013e-01 6.900714745836049551e-33 8.361097577772895126e-03
-3.089373694751909039e-01 1.632652245539154556e-01 4.770295735034922879e-01 3.474474906289516940e-01 1.328151768319775275e-32 1.225771131363967772e-02
-3.089373694751910704e-01 1.632652245539166769e-01 4.770295735034978390e-01 3.474474906289432563e-01 3.515457199246690241e-33 1.225771131363965864e-02
-3.090621250699518985e-01 1.710482681819388007e-01 5.186058227153405031e-01 2.990564301125619995e-01 1.893328555253287107e-33 1.128947899015870886e-02
-3.090621250699520095e-01 1.710482681819822104e-01 5.186058227153378386e-01 2.990564301125170354e-01 3.192689574067947283e-33 1.128947899016399803e-02
-3.099097609003055309e-01 5.014517945282819661e-02 1.804420784972979308e-01 7.656758321330321415e-01 2.515729669805355963e-33 3.736909916845266872e-03
-3.099097609003056975e-01 5.014517945292934487e-02 1.804420784976429881e-01 7.656758321325777272e-01 1.642933917857388190e-33 3.736909916852787766e-03
-3.099670824341703157e-01 1.024719651167142059e-01 5.078635086035437896e-01 3.841542015135248622e-01 1.153002059695420138e-32 5.510324766216561157e-03
-3.099670824341703157e-01 1.024719651167828316e-01 5.078635086036490387e-01 3.841542015133441734e-01 5.416185363465203876e-33 5.510324766221689000e-03
-3.099819181778301624e-01 7.551987108643423707e-02 2.740811364791844174e-01 6.448384285611448163e-01 1.203738628746194264e-32 5.560563873233857757e-03
-3.099819181778303290e-01 7.551987108641257385e-02 2.740811364791138072e-01 6.448384285612425160e-01 4.083074371007556918e-33 5.560563873232365895e-03
-3.102023363883298357e-01 1.362399321419722753e-01 4.063853843927224263e-01 4.472517123426681951e-01 3.193323235190606237e-33 1.012297112263857782e-02
-3.102023363883298912e-01 1.362399321419552334e-01 4.063853843927291987e-01 4.472517123426784647e-01 1.602150381804378207e-33 1.012297112263740688e-02
-3.107901614400666035e-01 1.487211098429800926e-01 7.902235943053483869e-01 5.466551337726312243e-02 1.245314267697844169e-32 6.389782474407581896e-03
-3.107901614400666590e-01 1.487211098429783718e-01 7.902235943053337319e-01 5.466551337727972026e-02 8.635460857945979025e-33 6.389782474407515976e-03
-3.124353009574667994e-01 2.184087595440948465e-02 4.552885276494363920e-01 5.212349698026914613e-01 8.975861219892977328e-33 1.635626593459054085e-03
-3.124353009574669104e-01 2.184087595449237668e-02 4.552885276488184974e-01 5.212349698032270329e-01 2.031969134758320140e-33 1.635626593460316530e-03
-3.125070686135757447e-01 3.308775895825812052e-02 2.051877667499260038e-01 7.604138946956088274e-01 1.276545697179125160e-32 1.310579596206295789e-03
-3.125070686135758002e-01 3.308775895822797103e-02 2.051877667501240399e-01 7.604138946954401845e-01 1.214739898705691715e-32 1.310579596205774938e-03
-3.129331593707829762e-01 1.135000670218623553e-01 5.020089164902123979e-01 3.792878153274361619e-01 1.424402224588035783e-32 5.203201160490665209e-03
-3.129331593707830317e-01 1.135000670218538760e-01 5.020089164901977430e-01 3.792878153274565900e-01 5.347003214996540597e-33 5.203201160490222854e-03
-3.131179191171287735e-01 1.372035116763224531e-02 6.182749614462305227e-02 9.238054481297879317e-01 2.253560793687245221e-33 6.467045579554782679e-04
-3.131179191171289955e-01 1.372035116762989823e-02 6.182749614460111842e-02 9.238054481298140219e-01 4.717616062536426073e-33 6.467045579552578496e-04
-3.144480606261098043e-01 7.643931870003608728e-03 4.956283203713994778e-01 4.952569947591901056e-01 1.773168260137495452e-33 1.470752999408715157e-03
-3.144480606261099154e-01 7.643931869992134399e-03 4.956283203713812147e-01 4.952569947592203592e-01 2.571184301338653657e-33 1.470752999408335036e-03
-3.147465677881718937e-01 1.459150267568137815e-01 7.459436953635593115e-01 1.020481585886909293e-01 1.316125642588749070e-33 6.093119290937770542e-03
-3.147465677881718937e-01 1.459150267568034565e-01 7.459436953635594225e-01 1.020481585887011433e-01 2.362838565264739299e-33 6.093119290937377627e-03
-3.163752701226679731e-01 5.808926645975880099e-02 1.976637869094958200e-01 7.397908176979091088e-01 9.103902266772332170e-33 4.456128932836514803e-03
-3.163752701226680841e-01 5.808926645975726055e-02 1.976637869090368538e-01 7.397908176983636341e-01 5.029469259381339266e-33 4.456128932841850812e-03
-3.163854775194504532e-01 4.707635835967140248e-02 4.327615710373277080e-01 5.173897410304797440e-01 8.000336463106337333e-32 2.772329572520089956e-03
-3.163854775194506197e-01 4.707635835966447746e-02 4.327615710363958978e-01 5.173897410314062251e-01 5.117178218641977474e-32 2.772329572530634906e-03
-3.164307136759412220e-01 1.921380535980159454e-01 5.352747180020732687e-01 2.511180113988402685e-01 1.567675040368293857e-32 2.146921700107336239e-02
-3.164307136759414441e-01 1.921380535980130033e-01 5.352747180020507312e-01 2.511180113988690232e-01 1.344708099852514203e-32 2.146921700107000397e-02
-3.165859095674531387e-01 7.712145441517212485e-02 3.613306577677005138e-01 5.567227513785986126e-01 2.872405335108616230e-33 4.825136438528858027e-03
-3.165859095674532497e-01 7.712145441518486466e-02 3.613306577677146691e-01 5.567227513785708570e-01 7.130354472497788175e-33 4.825136438529345484e-03
-3.171536248543175840e-01 1.002267382162844722e-01 3.676089826400576466e-01 5.250096766530677472e-01 8.319632205958524988e-33 7.154602490591899060e-03
-3.171536248543176950e-01 1.002267382163019582e-01 3.676089826400781302e-01 5.250096766530298886e-01 1.004496069192770476e-32 7.154602490593411739e-03
-3.178013611687313666e-01 2.073098903056584674e-02 4.798173127164832019e-01 4.967440700673679821e-01 6.605793372455237076e-33 2.707628185583336143e-03
-3.178013611687314222e-01 2.073098903056770637e-02 4.798173127164505614e-01 4.967440700673990683e-01 6.978507219318305558e-33 2.707628185582700367e-03
-3.183983489213067508e-01 8.447194285235959388e-02 2.274953742161542891e-01 6.806821276420618183e-01 3.363900039810557982e-32 7.350555289425167796e-03
-3.183983489213067508e-01 8.447194285232140221e-02 2.274953742160773507e-01 6.806821276421793909e-01 5.638984621175490023e-32 7.350555289421464161e-03
-3.184993771284769792e-01 1.746746947863266897e-01 4.218212841509729749e-01 3.879037041000316099e-01 9.969007172247021188e-33 1.560031696266772974e-02
-3.184993771284770903e-01 1.746746947865088773e-01 4.218212841513726552e-01 3.879037040994334218e-01 1.994828462720484411e-32 1.560031696268503361e-02
-3.189282343189407398e-01 9.540768665812258964e-02 2.637953259487675339e-01 6.332954629156846149e-01 1.329720907827566033e-32 7.501524477424851255e-03
-3.189282343189409064e-01 9.540768665813065263e-02 2.637953259487855195e-01 6.332954629156578585e-01 1.764122913483683070e-32 7.501524477425428918e-03
-3.209810176590267572e-01 6.738627195907426204e-02 4.394535153995309806e-01 4.891830055189599902e-01 3.137482737176447382e-32 3.977207122433049774e-03
-3.209810176590268682e-01 6.738627195908075684e-02 4.394535153995426935e-01 4.891830055189419491e-01 2.042803652715097650e-32 3.977207122433304778e-03
-3.212630663203411840e-01 1.462308868555286245e-01 6.941238613954561210e-01 1.537555614915715740e-01 6.693067486820466994e-33 5.889690257444919058e-03
-3.212630663203415171e-01 1.462308868555282637e-01 6.941238613954602288e-01 1.537555614915656621e-01 1.208359544552136208e-32 5.889690257444796760e-03
-3.221014416801262215e-01 1.816131337293830361e-02 4.837289115789906169e-01 4.963670319130368824e-01 8.610371019262875518e-33 1.742743135033540496e-03
-3.221014416801262215e-01 1.816131337293486539e-02 4.837289115789857874e-01 4.963670319130443209e-01 2.110235215097345121e-32 1.742743135033420800e-03
-3.244170904489297458e-01 1.139943055079275791e-01 4.693046646521931153e-01 4.120502319776535582e-01 2.242718837576697283e-32 4.650797862225223428e-03
-3.244170904489299678e-01 1.139943055079228190e-01 4.693046646521785714e-01 4.120502319776732092e-01 2.462315016822305191e-32 4.650797862225148835e-03
-3.246652123261448142e-01 3.092428778568107398e-02 2.866417289447719119e-01 6.809534570499642392e-01 2.594293089370396406e-32 1.480526219582774076e-03
-3.246652123261449252e-01 3.092428778568004702e-02 2.866417289447615868e-01 6.809534570499766737e-01 6.441823276902566945e-33 1.480526219582627492e-03
-3.251654459667585595e-01 7.910438923099917530e-02 3.481664739617913451e-01 5.697150436839821808e-01 1.597282241123668783e-32 3.014093123227575520e-03
-3.251654459667590036e-01 7.910438923098034314e-02 3.481664739617395532e-01 5.697150436840534571e-01 1.407909656089500190e-31 3.014093123226867753e-03
-3.258407403599802299e-01 4.094287822457652604e-02 4.261263482562266947e-01 5.309736592706456593e-01 1.103640048903282540e-32 1.957114248551013354e-03
-3.258407403599807850e-01 4.094287822457360476e-02 4.261263482562100968e-01 5.309736592706623126e-01 7.486646538549489707e-33 1.957114248551601425e-03
-3.263540334434800183e-01 4.545188884787833977e-02 1.981226745877732176e-01 7.530106522068402697e-01 6.945025544819500726e-32 3.414784357508237993e-03
-3.263540334434801293e-01 4.545188884788065042e-02 1.981226745877808781e-01 7.530106522068287234e-01 3.971265992538824706e-32 3.414784357508653893e-03
-3.265009212064114985e-01 1.075621189485091722e-01 4.118718446718892534e-01 4.742511308516882407e-01 7.185504195441893777e-32 6.314905527913594781e-03
-3.265009212064114985e-01 1.075621189485092555e-01 4.118718446718933057e-01 4.742511308516826896e-01 8.883248833034968019e-32 6.314905527914764852e-03
-3.274069663769259009e-01 4.437938677240210739e-02 4.749208539231340453e-01 4.773705663374373520e-01 4.055303780789075739e-32 3.329192967024533281e-03
-3.274069663769262339e-01 4.437938677238697366e-02 4.749208539231311033e-01 4.773705663374570585e-01 1.495861496436061170e-32 3.329192967021989309e-03
-3.276253804670397618e-01 8.875598199783882314e-02 2.221607070621861579e-01 6.783928502560818696e-01 5.431395430309797869e-32 1.069046068389712702e-02
-3.276253804670402614e-01 8.875598199783513165e-02 2.221607070622204638e-01 6.783928502560485629e-01 3.911309176641742742e-32 1.069046068389558138e-02
-3.276747768056368360e-01 2.327893519797764044e-01 5.244245507593299216e-01 2.137138477444771589e-01 2.715382037187371115e-32 2.907224951641590796e-02
-3.276747768056370580e-01 2.327893519797731847e-01 5.244245507593253697e-01 2.137138477444850415e-01 9.118196632164063820e-33 2.907224951641573102e-02
-3.288755088684717776e-01 9.361426072872744419e-02 3.449405754091122711e-01 5.557015231903172925e-01 2.601838522479143580e-32 5.743640671843375581e-03
-3.288755088684721661e-01 9.361426072872064408e-02 3.449405754091000031e-01 5.557015231903349450e-01 4.979818284207988196e-32 5.743640671842600159e-03
-3.299408430202788178e-01 1.308461738093723847e-01 5.681120065078838488e-01 2.960619142596314091e-01 1.604684935327089936e-31 4.979905423111891626e-03
-3.299408430202788733e-01 1.308461738093718019e-01 5.681120065078887338e-01 2.960619142596273012e-01 1.538996489048614518e-31 4.979905423111842186e-03
-3.307788936973253269e-01 2.240518491553389890e-01 5.077080571228562711e-01 2.574910438738446938e-01 5.840738051434788735e-32 1.074904984795898438e-02
-3.307788936973260485e-01 2.240518491553327718e-01 5.077080571228528294e-01 2.574910438738563512e-01 2.704586668243866482e-32 1.074904984795837203e-02
-3.316835325009326318e-01 1.787242059454270393e-01 4.517111334867762173e-01 3.495530760185389663e-01 2.309670300897390071e-32 2.001158454925799912e-02
-3.316835325009329649e-01 1.787242059454240417e-01 4.517111334867740524e-01 3.495530760185471264e-01 4.612422957612352085e-32 2.001158454925731217e-02
-3.321624549369668333e-01 6.309032047038698465e-02 2.629339711446689876e-01 6.714989763158938363e-01 1.450538682457737868e-31 2.476732069050659440e-03
-3.321624549369671109e-01 6.309032047037917146e-02 2.629339711446646577e-01 6.714989763159067149e-01 1.614103593163917291e-31 2.476732069050357164e-03
-3.324516879099976840e-01 2.800068360321914529e-01 5.266454827715730813e-01 1.810296577305346155e-01 8.979544498882191893e-32 1.231802346570093007e-02
-3.324516879099981836e-01 2.800068360321980587e-01 5.266454827715786324e-01 1.810296577305207655e-01 2.154646756346218763e-31 1.231802346570102721e-02
-3.325969196326158395e-01 1.598329139580554892e-01 8.168755077732223757e-01 1.745264192721932006e-02 2.294688219109377414e-32 5.838936341502588660e-03
-3.325969196326163391e-01 1.598329139580417224e-01 8.168755077731539860e-01 1.745264192730038022e-02 1.577678927115559296e-31 5.838936341502024008e-03
-3.347595482476393713e-01 6.988336362877443919e-02 4.150540081738974818e-01 5.117310511656054661e-01 6.136449493612640377e-32 3.331577031722321013e-03
-3.347595482476398154e-01 6.988336362877099750e-02 4.150540081739002574e-01 5.117310511656074645e-01 4.680888589919872601e-32 3.331577031721634063e-03
-3.348018021283798440e-01 3.867344040500138302e-02 2.027528298809803675e-01 7.568975500360053399e-01 8.650899124160842685e-32 1.676179678013600856e-03
-3.348018021283803436e-01 3.867344040500075159e-02 2.027528298809797846e-01 7.568975500360060060e-01 4.712860911732686189e-32 1.676179678013554886e-03
-3.358677910034407743e-01 5.988527506913450538e-02 2.764077293918900669e-01 6.603159022822810975e-01 3.141012403119999126e-32 3.391093256693824155e-03
-3.358677910034410519e-01 5.988527506906712872e-02 2.764077293917480693e-01 6.603159022824987012e-01 1.188776783030709047e-32 3.391093256688283882e-03
-3.361137798256932929e-01 9.996968140745324249e-02 2.589876491484511267e-01 6.357720105115373110e-01 1.103606564875873025e-31 5.270658932560881929e-03
-3.361137798256936260e-01 9.996968140747695963e-02 2.589876491485010312e-01 6.357720105114574860e-01 6.215827179178832933e-32 5.270658932564698321e-03
-3.363428779233127996e-01 1.630918157161464488e-01 7.993163157158529319e-01 3.183246612637831430e-02 5.777679670556391814e-32 5.759402441623252128e-03
-3.363428779233131882e-01 1.630918157161517501e-01 7.993163157158722498e-01 3.183246612635495104e-02 1.793795761999045963e-31 5.759402441623452489e-03
-3.363771458344267384e-01 1.320494112384855701e-01 4.233072942450751830e-01 4.389027730891064683e-01 2.508901756951221730e-32 5.740521427334081481e-03
-3.363771458344269605e-01 1.320494112384840435e-01 4.233072942450707421e-01 4.389027730891135182e-01 4.605535435416078213e-32 5.740521427334138727e-03
-3.369342168991079078e-01 6.213636947366678320e-02 3.781735285041506467e-01 5.570911347233327149e-01 1.010345756725108917e-31 2.598967298851237798e-03
-3.369342168991080744e-01 6.213636947367044694e-02 3.781735285041836203e-01 5.570911347232945232e-01 1.651911080085903868e-32 2.598967298851308054e-03
-3.382075790075597110e-01 3.020027069086156923e-01 5.064498706356773683e-01 1.758455029797009739e-01 1.708338594592551889e-31 1.570191947600798471e-02
-3.382075790075598221e-01 3.020027069086118066e-01 5.064498706356777014e-01 1.758455029797028613e-01 6.815654345692105501e-32 1.570191947600736021e-02
-3.386859283801856302e-01 2.392367680060238921e-01 5.305383085807804378e-01 1.876926406040335393e-01 3.490331373098239207e-32 4.253228280916236670e-02
-3.386859283801861298e-01 2.392367680060195623e-01 5.305383085807944266e-01 1.876926406040292372e-01 2.021908136153946913e-32 4.253228280915958420e-02
-3.391396786950761078e-01 2.084835327946771288e-01 4.678940559200994720e-01 3.115134662485522510e-01 4.026793880579016385e-32 1.210894503667237637e-02
-3.391396786950762743e-01 2.084835327946750194e-01 4.678940559200964189e-01 3.115134662485575801e-01 3.757355152579422951e-32 1.210894503667217167e-02
-3.405284755681475817e-01 5.248638791467384601e-03 1.966823912424923992e-02 9.748693637634726628e-01 9.974838426260022900e-32 2.137583208097640981e-04
-3.405284755681479147e-01 5.248638791468031653e-03 1.966823912425074566e-02 9.748693637634695541e-01 1.447209028069135984e-31 2.137583208099094897e-04
-3.408040533241621373e-01 7.395029580575535055e-02 4.470951686452472318e-01 4.761841183170070213e-01 1.086469291109347626e-31 2.770417231988998169e-03
-3.408040533241625258e-01 7.395029580575822326e-02 4.470951686452781515e-01 4.761841183169734926e-01 1.330348720102511857e-31 2.770417231989188555e-03
6.486554464646002716e-01 8.102739505643025403e-30 8.137491095179200160e-30 7.252035875243204538e-30 9.999999999999984457e-01 1.688965695479128971e-27
6.486554464646002716e-01 1.195809360174644140e-30 1.200875316307128913e-30 1.070093004784905106e-30 1.000000000000000666e+00 2.492564543123203643e-28
