-6.127750489587645982e-03 2.016380915446841287e-04 1.733181777897306987e-03 9.936753027087757983e-01 9.664361032564137136e-33 4.389877421785940738e-03
-6.127750489587907058e-03 2.016380915446814995e-04 1.733181777897270341e-03 9.936753027087762424e-01 1.254275249782572949e-32 4.389877421785945942e-03
-8.048824077775481797e-03 5.884311168739242122e-04 2.700466309883652050e-03 9.932571863208040641e-01 4.863876040876401991e-32 3.453916252445860674e-03
-8.048824077775733332e-03 5.884311168739183575e-04 2.700466309883623427e-03 9.932571863208021767e-01 4.654812012755698283e-32 3.453916252445860240e-03
-1.142944957899842337e-02 9.474320630500722212e-04 3.614893043894243374e-03 9.930156898349072891e-01 4.992345813269802175e-33 2.421985058154054685e-03
-1.142944957899865929e-02 9.474320630500638728e-04 3.614893043894224292e-03 9.930156898349028483e-01 1.672520065509333008e-32 2.421985058154047746e-03
-1.639978855232038235e-02 1.151909609429457209e-03 4.184254727552064700e-03 9.930859668228507742e-01 2.250511487263793726e-32 1.577868840171578425e-03
-1.639978855232052460e-02 1.151909609429453306e-03 4.184254727552082914e-03 9.930859668228493309e-01 3.555110549343532446e-32 1.577868840171573438e-03
-2.001731430067142312e-02 9.911808160874436419e-04 1.964074135157145226e-02 9.663165144681886698e-01 1.628997813767295746e-32 1.305156336415315595e-02
-2.001731430067172496e-02 9.911808160874336672e-04 1.964074135157138634e-02 9.663165144681894470e-01 2.233525477582873143e-32 1.305156336415317850e-02
-2.085384609460250172e-02 2.270418609677726882e-03 2.047697318209971279e-02 9.669048546083479634e-01 2.589435834107274234e-32 1.034775359987529647e-02
-2.085384609460276539e-02 2.270418609677698259e-03 2.047697318209964340e-02 9.669048546083474083e-01 1.692343103622123366e-32 1.034775359987530514e-02
-2.287527676686146663e-02 3.369183586961014935e-03 2.048819205574557711e-02 9.685476340124224981e-01 4.451157016361395943e-32 7.594990344871980180e-03
-2.287527676686160194e-02 3.369183586960993251e-03 2.048819205574556324e-02 9.685476340124219430e-01 1.429294901546170369e-31 7.594990344871997527e-03
-2.302842127286143514e-02 1.217731069461232447e-03 4.363635743036313290e-03 9.934116451725392150e-01 8.791624418658166323e-32 1.006988014963688602e-03
-2.302842127286164331e-02 1.217731069461224424e-03 4.363635743036394822e-03 9.934116451725392150e-01 8.175838955106403504e-32 1.006988014963672339e-03
-2.645584656163341500e-02 4.053559719999405564e-03 1.988601835145881874e-02 9.708598268344246218e-01 2.683208717678846914e-32 5.200595094118552059e-03
-2.645584656163355031e-02 4.053559719999392554e-03 1.988601835145882568e-02 9.708598268344230675e-01 1.188990185886365639e-32 5.200595094118541650e-03
-3.127042531880996901e-02 1.355233543233558356e-03 6.770500925981443041e-03 9.910434494012270168e-01 2.043486426517877365e-31 8.308161295587567982e-04
-3.127042531881008697e-02 1.355233543233803819e-03 6.770500925983588027e-03 9.910434494012241302e-01 2.258058893152956409e-31 8.308161295590135373e-04
-5.186832923301942788e-01 1.784448819917133500e-01 3.618336105789671242e-01 4.526573616107205100e-01 3.811688677370500060e-32 7.064145818602769744e-03
-5.186832923301946119e-01 1.784448819921510276e-01 3.618336105786972845e-01 4.526573616105272757e-01 4.239041747119439399e-32 7.064145818625822484e-03
-5.190820051498873378e-01 2.558565116963393837e-01 3.556174977875285470e-01 3.837175448438814307e-01 9.463932511126477455e-32 4.808445672249452019e-03
-5.190820051498877818e-01 2.558565116963136266e-01 3.556174977875335985e-01 3.837175448439011927e-01 5.896078323876522950e-32 4.808445672252429672e-03
-5.197323472236551334e-01 2.744654371575359630e-01 3.789262006347408063e-01 3.421274321838004839e-01 5.498458509149659224e-32 4.480930023920984273e-03
-5.197323472236555775e-01 2.744654371575059315e-01 3.789262006347779432e-01 3.421274321837947108e-01 6.728760010577586563e-32 4.480930023921351167e-03
-5.200262388251086776e-01 2.138719624438361611e-01 3.119134622524081246e-01 4.685270039766838424e-01 3.771004937966072125e-32 5.687571327070737454e-03
-5.200262388251088996e-01 2.138719624437861178e-01 3.119134622524265543e-01 4.685270039767129857e-01 9.293804157295707417e-32 5.687571327071032357e-03
-5.213220572360961480e-01 1.850739247476589355e-01 8.016165161500926617e-01 1.011181736923945709e-02 5.260050494571052705e-32 3.197741733009758398e-03
-5.213220572360964811e-01 1.850739247476581584e-01 8.016165161500909964e-01 1.011181736924159774e-02 7.756863947319219242e-32 3.197741733009713296e-03
-5.215032710286292561e-01 1.893338707904480001e-01 3.129577550414420761e-01 4.934223475602023123e-01 4.313770450751145597e-32 4.286026607905437866e-03
-5.215032710286294781e-01 1.893338707904996254e-01 3.129577550414817111e-01 4.934223475601073883e-01 4.451720895966356392e-32 4.286026607909109408e-03
-5.221452066580047902e-01 4.351895513876096189e-01 3.271762717729221892e-01 2.172659286146228497e-01 3.916597698146784623e-32 2.036824822484352426e-02
-5.221452066580050122e-01 4.351895513876216093e-01 3.271762717729330139e-01 2.172659286146008673e-01 1.148468187799733901e-32 2.036824822484298303e-02
-5.232202821307079255e-01 2.638978658091669094e-01 3.454240704220377656e-01 3.846551140855203332e-01 3.150352832756348294e-32 6.022949683273822602e-03
-5.232202821307080365e-01 2.638978658091593044e-01 3.454240704221118730e-01 3.846551140854550521e-01 5.071827987399864485e-32 6.022949683271791241e-03
-5.233058935884200569e-01 2.070044068200812548e-01 3.453860363486463414e-01 4.441779356491795672e-01 1.523887970138900244e-32 3.431621182092977999e-03
-5.233058935884200569e-01 2.070044068200447007e-01 3.453860363486131457e-01 4.441779356492491782e-01 1.265423630465609412e-32 3.431621182093325811e-03
-5.234637256598141386e-01 1.949853758730724640e-01 3.521520938989393668e-01 4.388432451567124137e-01 2.797453358081827807e-32 1.401928507127521428e-02
-5.234637256598142496e-01 1.949853758731300846e-01 3.521520938989082250e-01 4.388432451566809389e-01 2.680888461619542739e-32 1.401928507127973150e-02
-5.240948228867929881e-01 1.741594300269165840e-01 7.017600204440570533e-01 1.209066077025500174e-01 3.771508977000613427e-32 3.173941826475212488e-03
-5.240948228867932102e-01 1.741594300268902717e-01 7.017600204439418121e-01 1.209066077026919872e-01 8.485208146769146494e-32 3.173941826475087588e-03
-5.246090767386801801e-01 1.563925945960225328e-01 3.353448992165177778e-01 5.045182437846613688e-01 2.477962478885824323e-32 3.744262402797503188e-03
-5.246090767386802911e-01 1.563925945960302488e-01 3.353448992166290776e-01 5.045182437845425749e-01 2.676588645178676736e-32 3.744262402797731738e-03
-5.249438863125834853e-01 1.500087305357392653e-01 2.105110120236025339e-01 6.328950860418824931e-01 9.212914314123641429e-32 6.585171398773773457e-03
-5.249438863125835963e-01 1.500087305357808432e-01 2.105110120236853288e-01 6.328950860417571489e-01 3.478343813999900351e-32 6.585171398775976556e-03
-5.255684740859165593e-01 1.690175722481201404e-01 3.603115881289152833e-01 4.656663308082701347e-01 4.849725391107688862e-32 5.004508814694002758e-03
-5.255684740859170034e-01 1.690175722481179199e-01 3.603115881288912470e-01 4.656663308082988895e-01 3.224260640241893034e-32 5.004508814694583890e-03
-5.259801682488286501e-01 2.314085145166969171e-01 4.247492567286936804e-01 3.367092366114775581e-01 2.337454120104791925e-32 7.132992143131709067e-03
-5.259801682488289831e-01 2.314085145167045221e-01 4.247492567286913490e-01 3.367092366114723401e-01 6.311565464695699530e-33 7.132992143132167034e-03
-5.263414507581065660e-01 3.429245055397914244e-01 3.363957637187841021e-01 3.148746047280505111e-01 9.846495067373605718e-33 5.805126013374637198e-03
-5.263414507581066770e-01 3.429245055397324160e-01 3.363957637187322547e-01 3.148746047281594240e-01 1.865263739033735469e-32 5.805126013376240082e-03
-5.271630978146768509e-01 2.736884218270247415e-01 2.687317840559509952e-01 4.466196443120973303e-01 7.562450318977058471e-33 1.096014980492743263e-02
-5.271630978146770730e-01 2.736884218270047020e-01 2.687317840559625415e-01 4.466196443121069892e-01 1.657083449085699143e-32 1.096014980492541341e-02
-5.276569972414303367e-01 1.888698027831335891e-01 5.234592911434531315e-01 2.814900369183171436e-01 1.520688266162394600e-32 6.180869155095742098e-03
-5.276569972414303367e-01 1.888698027831416104e-01 5.234592911434463591e-01 2.814900369183154782e-01 1.860163567983781634e-32 6.180869155095993633e-03
-5.286326114202269943e-01 2.251306343521757014e-01 2.625817946470352382e-01 5.039570725712589905e-01 2.229554999315650677e-32 8.330498429529875626e-03
-5.286326114202272164e-01 2.251306343521775888e-01 2.625817946470247466e-01 5.039570725712668731e-01 5.631775359543601455e-33 8.330498429530557372e-03
-5.289916305987504286e-01 1.992711092299223052e-01 4.780729378828427745e-01 3.192974133790690838e-01 4.593855878821647658e-32 3.358539508165133899e-03
-5.289916305987506506e-01 1.992711092299321585e-01 4.780729378828112441e-01 3.192974133790903446e-01 3.307113759563481629e-32 3.358539508165272244e-03
-5.291354072395941799e-01 1.178325837539704879e-01 4.928373924876983114e-01 3.870913357208775052e-01 4.671722915977574272e-33 2.238688037455224215e-03
-5.291354072395942909e-01 1.178325837537926302e-01 4.928373924877026968e-01 3.870913357210537531e-01 6.202223738442119901e-33 2.238688037451238688e-03
-5.296600935588128278e-01 2.056562225234188079e-01 6.004277263444757207e-01 1.898330593295488034e-01 1.122838508457145068e-32 4.082991802556360135e-03
-5.296600935588129389e-01 2.056562225234340457e-01 6.004277263444499635e-01 1.898330593295585733e-01 1.667343452660046515e-32 4.082991802556848460e-03
-5.298985361377561709e-01 9.987301909343007655e-02 4.019165145527969774e-01 4.960473791634044671e-01 1.526693360387233498e-32 2.163087190367409506e-03
-5.298985361377563930e-01 9.987301909342363726e-02 4.019165145528236227e-01 4.960473791633858154e-01 1.233240380410012746e-32 2.163087190367036540e-03
-5.305567445653166514e-01 1.053292298991545667e-01 3.036868865255918370e-01 5.881915574944056591e-01 1.226133785186145674e-33 2.792326080848915593e-03
-5.305567445653169845e-01 1.053292298991608672e-01 3.036868865256336925e-01 5.881915574943580305e-01 4.065681198486485053e-32 2.792326080848422931e-03
-5.308063935741612616e-01 1.010184920220033172e-01 2.678355119245214300e-01 6.280790274494580938e-01 4.081589255309585537e-33 3.066968604016504559e-03
-5.308063935741615946e-01 1.010184920219704963e-01 2.678355119244684168e-01 6.280790274495428038e-01 5.803467144339851182e-33 3.066968604016899209e-03
-5.309238502657852576e-01 4.022899204132502349e-01 3.084564847091725293e-01 2.778310206772340862e-01 1.643600652218129091e-32 1.142257420034320514e-02
-5.309238502657852576e-01 4.022899204132591167e-01 3.084564847091790796e-01 2.778310206772203195e-01 2.789301098084161863e-32 1.142257420034326586e-02
-5.322392126912034449e-01 1.316257018383167610e-01 1.697560567498459516e-01 6.930608863121184848e-01 3.993406491591649951e-33 5.557355099720752423e-03
-5.322392126912034449e-01 1.316257018383408250e-01 1.697560567498588580e-01 6.930608863120799601e-01 5.391299694211713838e-33 5.557355099721302330e-03
-5.328435910811872844e-01 3.932409374860926787e-01 3.924064959389302887e-01 2.063151319178555820e-01 1.431956022711640092e-32 8.037434657121242387e-03
-5.328435910811877285e-01 3.932409374861347562e-01 3.924064959388895435e-01 2.063151319178536947e-01 3.556380294819094604e-33 8.037434657123230380e-03
-5.332868261587913050e-01 2.579793285232636069e-01 3.098492442282317905e-01 4.246301735097579577e-01 3.127728804920271335e-32 7.541253738746389948e-03
-5.332868261587914160e-01 2.579793285232766520e-01 3.098492442282090309e-01 4.246301735097672836e-01 1.954221213949697203e-32 7.541253738747408231e-03
-5.337922811970734482e-01 5.182421340331161419e-01 2.931739875543670770e-01 1.779896170734145966e-01 9.327588245471351347e-33 1.059426133910509882e-02
-5.337922811970736703e-01 5.182421340330748416e-01 2.931739875543847296e-01 1.779896170734363570e-01 2.918793100080843252e-32 1.059426133910271878e-02
-5.343132990176713282e-01 2.456889813354352081e-01 2.844260246052366936e-01 4.623232322907703251e-01 7.579821672107234793e-33 7.561761768556765281e-03
-5.343132990176714392e-01 2.456889813354645735e-01 2.844260246052314756e-01 4.623232322907447900e-01 8.797490747669362096e-33 7.561761768557894586e-03
-5.354802953888996297e-01 2.340097507452625902e-01 4.461684770904650321e-01 3.160475558871002622e-01 4.196238918390774472e-33 3.774216277174477323e-03
-5.354802953889001849e-01 2.340097507452612302e-01 4.461684770904619235e-01 3.160475558871029822e-01 2.318418174336679282e-33 3.774216277174330305e-03
-5.360686716769218485e-01 8.157125258045226646e-02 4.840717412775537021e-01 4.321866887648460609e-01 1.205905849855605625e-32 2.170317377149765144e-03
-5.360686716769224036e-01 8.157125258048444905e-02 4.840717412775526474e-01 4.321866887648136979e-01 3.464507633449001408e-32 2.170317377150725313e-03
-5.369953544834529247e-01 2.153401093890549012e-01 4.655583597136305762e-01 3.125531976976305693e-01 4.419762312438661848e-33 6.548333199683644551e-03
-5.369953544834530357e-01 2.153401093891090801e-01 4.655583597135959373e-01 3.125531976976065884e-01 6.449308829461177598e-33 6.548333199686892821e-03
-5.370453474029974750e-01 2.984830947609333762e-01 4.726294341893342299e-01 2.231539700984733199e-01 5.909497337759917498e-34 5.733500951258779094e-03
-5.370453474029976970e-01 2.984830947609402596e-01 4.726294341893361173e-01 2.231539700984658259e-01 7.874921119275310207e-34 5.733500951258928280e-03
-5.376156188984176909e-01 2.104513427038002815e-01 3.421156657941247792e-01 4.390888038906212154e-01 1.214049755790268741e-32 8.344187611451196404e-03
-5.376156188984181350e-01 2.104513427038091633e-01 3.421156657941208934e-01 4.390888038906198831e-01 2.334438836077646403e-33 8.344187611451465286e-03
-5.380519279090248963e-01 1.321529842969761948e-01 3.984818516650012743e-01 4.657420203625789457e-01 1.842367521261763192e-32 3.623143675443433933e-03
-5.380519279090250073e-01 1.321529842969715873e-01 3.984818516650027176e-01 4.657420203625832200e-01 5.137408124623201814e-32 3.623143675443049258e-03
-5.382397519725210522e-01 1.963597470062211081e-01 4.116407524089836789e-01 3.877120735838255894e-01 1.729189757880246057e-32 4.287427000969479610e-03
-5.382397519725212742e-01 1.963597470062120598e-01 4.116407524089847891e-01 3.877120735838346377e-01 3.480215072099112453e-32 4.287427000969035520e-03
-5.386471981140926735e-01 1.714689674917303508e-01 3.219891436611556634e-01 5.021810101829246031e-01 1.627828601742416499e-33 4.360878664191577929e-03
-5.386471981140926735e-01 1.714689674917179163e-01 3.219891436611497237e-01 5.021810101829433659e-01 1.711147373469535731e-33 4.360878664191445223e-03
-5.388620318339217841e-01 4.118808286839817923e-01 1.882929949553431292e-01 3.786571449000195599e-01 2.379239122849950001e-32 2.116903146065595570e-02
-5.388620318339218951e-01 4.118808286841073030e-01 1.882929949554076332e-01 3.786571448998263811e-01 9.808668630475499718e-33 2.116903146065990393e-02
-5.398095328503429435e-01 3.340981439831461342e-01 3.519722378534981821e-01 3.052320743206061171e-01 3.128450516365907837e-33 8.697543842750451309e-03
-5.398095328503429435e-01 3.340981439831446353e-01 3.519722378534956286e-01 3.052320743206108355e-01 4.130328642676386683e-33 8.697543842749667214e-03
-5.399255363982650158e-01 7.048286087843393943e-01 1.593353742853144406e-01 1.264671511099234313e-01 2.961404187142721560e-32 9.368865820421531584e-03
-5.399255363982651268e-01 7.048286087843473879e-01 1.593353742853117483e-01 1.264671511099192958e-01 3.329900175267921588e-32 9.368865820421724139e-03
-5.418885920230939179e-01 1.503675235281837219e-01 4.311548669368738818e-01 4.164192427076478520e-01 1.025048073248042076e-32 2.058366827293855658e-03
-5.418885920230939179e-01 1.503675235281869416e-01 4.311548669368715503e-01 4.164192427076443548e-01 9.847007634417758396e-34 2.058366827293918976e-03
-5.438400252910842170e-01 2.964096947667931303e-01 3.970348175467998120e-01 2.968546868616961376e-01 1.069465502749678921e-33 9.700800824709395268e-03
-5.438400252910843280e-01 2.964096947667828053e-01 3.970348175468063623e-01 2.968546868617030210e-01 4.168821072333692461e-33 9.700800824706954512e-03
-5.442581401423975951e-01 2.204669003061298926e-01 3.558602747244395959e-01 4.173751859290442123e-01 4.447906629903909383e-33 6.297639040386344284e-03
-5.442581401423977061e-01 2.204669003061303090e-01 3.558602747244454800e-01 4.173751859290395494e-01 3.563040299923188911e-33 6.297639040386635717e-03
-5.443787697007441695e-01 2.495505278434423935e-01 3.891340629876050006e-01 3.528088404485906215e-01 1.457890776551546817e-32 8.506568720362036456e-03
-5.443787697007443915e-01 2.495505278434392293e-01 3.891340629876202106e-01 3.528088404485821283e-01 3.439676883737143143e-34 8.506568720360100505e-03
-5.449550950373619473e-01 2.775840849351238759e-01 2.699739806230042616e-01 4.449813652518564977e-01 4.647437622410195308e-33 7.460569190016780317e-03
-5.449550950373621694e-01 2.775840849351166595e-01 2.699739806229921601e-01 4.449813652518764817e-01 2.253252239634527798e-32 7.460569190017066546e-03
-5.451976649582074286e-01 1.187165978684722456e-01 4.387174646062755312e-01 4.408619081570365195e-01 1.366162503355904240e-32 1.704029368218222974e-03
-5.451976649582074286e-01 1.187165978685179313e-01 4.387174646062471650e-01 4.408619081570176457e-01 6.787096244491839763e-33 1.704029368219061279e-03
-5.453856157658627524e-01 3.528287399785868250e-01 3.628076998097274353e-01 2.784731079843680290e-01 5.831092940686456843e-34 5.890452227316380143e-03
-5.453856157658628634e-01 3.528287399785260403e-01 3.628076998097219952e-01 2.784731079844360302e-01 6.638254434432861320e-34 5.890452227315716612e-03
-5.455996146629664700e-01 5.679318944035706140e-01 2.796087010274423412e-01 1.462488156002610673e-01 7.134804722328941563e-34 6.210588968725914982e-03
-5.455996146629664700e-01 5.679318944035653960e-01 2.796087010274448947e-01 1.462488156002638706e-01 1.842788840965137494e-34 6.210588968725609671e-03
-5.459272378070400000e-01 4.836416439228192754e-01 3.177195403946643237e-01 1.920422050400321379e-01 7.817600677939786750e-34 6.596610642484125944e-03
-5.459272378070400000e-01 4.836416439228595765e-01 3.177195403946526664e-01 1.920422050400026892e-01 4.790110698613702881e-33 6.596610642484375744e-03
-5.467649638410868596e-01 1.210432496289938487e-01 3.659754618717184771e-01 5.080140914675280728e-01 5.275765398468225482e-34 4.967197031758253598e-03
-5.467649638410869706e-01 1.210432496289861326e-01 3.659754618717274699e-01 5.080140914675270736e-01 1.147296366772069366e-33 4.967197031758055839e-03
-5.468337291312364012e-01 1.531271749776437208e-01 2.463609677144585897e-01 5.969478062398008156e-01 5.707144456680192719e-33 3.564051068098329431e-03
-5.468337291312365123e-01 1.531271749776467739e-01 2.463609677144584231e-01 5.969478062397984841e-01 9.656878235876834540e-34 3.564051068098379738e-03
-5.475699930826213313e-01 4.896758127876396638e-01 3.302516816173852732e-01 1.606137370983337642e-01 2.336955075279082459e-34 1.945876849664119820e-02
-5.475699930826214423e-01 4.896758127876776334e-01 3.302516816173703962e-01 1.606137370983125034e-01 1.010094482849725052e-32 1.945876849664038288e-02
-5.477842503341529001e-01 4.027301769932706277e-01 3.331468721565564173e-01 2.571646639563143211e-01 4.025017315096214309e-33 6.958286893856763938e-03
-5.477842503341529001e-01 4.027301769933149256e-01 3.331468721565462587e-01 2.571646639562849002e-01 2.983776821433709104e-33 6.958286893856129030e-03
-5.478878390554666744e-01 5.200000522895488198e-01 2.781674057186181992e-01 1.947126630977658313e-01 1.564244811816620173e-33 7.119878894064979660e-03
-5.478878390554666744e-01 5.200000522895596999e-01 2.781674057186140914e-01 1.947126630977601414e-01 6.195422270405177925e-34 7.119878894065145326e-03
-5.482638425054551234e-01 1.936543177798565329e-01 3.515037763445693075e-01 4.488649004949371579e-01 2.172358783024843194e-33 5.977005380639693020e-03
-5.482638425054552345e-01 1.936543177798455417e-01 3.515037763445790220e-01 4.488649004949361587e-01 1.853614669077769563e-34 5.977005380639752868e-03
-5.489106686769539278e-01 7.545653867693860595e-02 7.016768339746186356e-02 8.515135441223042889e-01 9.443883045924106261e-35 2.862233803295885157e-03
-5.489106686769540389e-01 7.545653867694032679e-02 7.016768339746284888e-02 8.515135441223009583e-01 5.620892286527835986e-35 2.862233803295925923e-03
-5.489817460553315653e-01 1.007929127155679332e-02 5.106939198760045429e-01 4.785694626559093834e-01 3.952884417843171913e-34 6.573261965322115810e-04
-5.489817460553316764e-01 1.007929127155570044e-02 5.106939198760082066e-01 4.785694626559112708e-01 7.268052778870202611e-34 6.573261965321679961e-04
-5.494370954453963174e-01 2.103014332145005660e-01 2.146126859392101238e-01 5.689551553468334966e-01 9.984495204460642626e-34 6.130725499456310575e-03
-5.494370954453963174e-01 2.103014332144890197e-01 2.146126859392055719e-01 5.689551553468532585e-01 9.247224631528067297e-36 6.130725499455905517e-03
-5.497528655384170682e-01 3.209048578598227008e-01 4.086876230421229161e-01 2.619799273085049451e-01 8.872221733755050226e-35 8.427591789554546645e-03
-5.497528655384171792e-01 3.209048578598305834e-01 4.086876230421164768e-01 2.619799273085044455e-01 4.738058202064752606e-34 8.427591789553993268e-03
-5.503259582776542924e-01 4.415511772778558108e-01 3.409646741583751695e-01 2.088320722216051029e-01 7.862391801214511133e-35 8.652076342173142115e-03
-5.503259582776542924e-01 4.415511772778567545e-01 3.409646741583751139e-01 2.088320722216039649e-01 7.746730826700535993e-35 8.652076342173097012e-03
-5.508906551301588905e-01 2.879357573982631591e-01 3.108115397326692841e-01 3.950924853332464792e-01 2.876140371234204617e-33 6.160217535826202802e-03
-5.508906551301588905e-01 2.879357573982629370e-01 3.108115397326705054e-01 3.950924853332449249e-01 2.676227498853373854e-33 6.160217535826245303e-03
-5.510508333342295506e-01 1.728515628059876519e-01 1.731968209249647173e-01 6.429587174517628068e-01 1.905589313855447591e-33 1.099289881728207456e-02
-5.510508333342296616e-01 1.728515628060015852e-01 1.731968209249808155e-01 6.429587174517321646e-01 2.196081108825342597e-33 1.099289881728287600e-02
-5.512300868796496944e-01 7.558345448086112306e-02 4.754717389742649791e-01 4.469761635164635205e-01 1.217160065206319408e-34 1.968643028416783639e-03
-5.512300868796496944e-01 7.558345448085246332e-02 4.754717389742718070e-01 4.469761635164662961e-01 7.075749596853286015e-34 1.968643028416567665e-03
-5.516523737236167513e-01 2.461501846828359485e-01 4.483150604232468694e-01 3.000567795094102319e-01 5.447582446175711038e-33 5.477975384507002138e-03
-5.516523737236167513e-01 2.461501846828313966e-01 4.483150604232469805e-01 3.000567795094156165e-01 7.377155757448969338e-33 5.477975384506864227e-03
-5.519297175287060098e-01 2.309002298123544739e-01 3.595214004771539740e-01 4.039779940293936056e-01 5.032833662943391321e-33 5.600375681102456871e-03
-5.519297175287061208e-01 2.309002298123523922e-01 3.595214004771509764e-01 4.039779940293981575e-01 3.187800074848427729e-33 5.600375681102512382e-03
-5.528424928951350958e-01 2.335975782964784808e-01 4.172206529752857662e-01 3.371976404930503990e-01 1.279311562752652306e-33 1.198412823519060671e-02
-5.528424928951350958e-01 2.335975782964772596e-01 4.172206529752858772e-01 3.371976404930511761e-01 8.392019159620235766e-34 1.198412823519060151e-02
-5.529837273699230726e-01 1.966979427784485979e-01 4.741727699635259197e-01 3.212941798686936856e-01 4.983034458306866991e-33 7.835107389332237465e-03
-5.529837273699230726e-01 1.966979427784484313e-01 4.741727699635163717e-01 3.212941798687017902e-01 3.301135034282332989e-33 7.835107389332632982e-03
-5.539469861106628423e-01 8.143288915069563094e-02 2.388457546135570597e-01 6.760299765076073220e-01 2.941041678721830078e-33 3.691379728141023012e-03
-5.539469861106630644e-01 8.143288915069732403e-02 2.388457546135565601e-01 6.760299765076078771e-01 1.442155046606563730e-33 3.691379728141396845e-03
-5.541516320421744357e-01 1.622722227514775128e-01 4.736720131827633073e-01 3.605621005078966657e-01 8.520602653298852047e-33 3.493663557862590908e-03
-5.541516320421744357e-01 1.622722227514702964e-01 4.736720131827681923e-01 3.605621005078998853e-01 1.017549252431622000e-32 3.493663557862454732e-03
-5.548907433821451685e-01 1.335006850730325878e-01 3.767250367714344850e-01 4.849455143050748762e-01 2.981881198482106325e-33 4.828763850458554080e-03
-5.548907433821451685e-01 1.335006850730358630e-01 3.767250367714330972e-01 4.849455143050709349e-01 3.129027644377533202e-33 4.828763850458738828e-03
-5.553808611835648890e-01 7.687011118150643973e-02 4.622497902554712490e-01 4.585931721249642545e-01 2.071899331901237456e-32 2.286926438059107107e-03
-5.553808611835650000e-01 7.687011118150445521e-02 4.622497902554748572e-01 4.585931721249633664e-01 1.555637310377371185e-32 2.286926438058442708e-03
-5.556412786649105318e-01 6.591632431167391282e-01 2.540045743881835794e-01 3.736425958175422501e-02 4.954879177210918869e-33 4.946792291332254704e-02
-5.556412786649105318e-01 6.591632431168269468e-01 2.540045743881517160e-01 3.736425958169253825e-02 6.813462967441953827e-33 4.946792291333043656e-02
-5.558195443377762501e-01 2.235267627087428322e-01 4.594229885741835107e-01 3.128223253866325715e-01 1.013045340216804930e-33 4.227923330442697261e-03
-5.558195443377763612e-01 2.235267627087594855e-01 4.594229885741749619e-01 3.128223253866203590e-01 4.388189329375517898e-34 4.227923330444817961e-03
-5.560768846195581760e-01 4.107341828725821209e-01 3.218519364022936480e-01 2.606270523799404382e-01 1.498076614111328893e-32 6.786828345185210234e-03
-5.560768846195583981e-01 4.107341828725566968e-01 3.218519364022893181e-01 2.606270523799714134e-01 5.548561036212962491e-33 6.786828345184792166e-03
-5.566712555151162034e-01 2.350974035931296113e-01 3.990963972565182427e-01 3.609096755869248829e-01 3.309381767043489063e-32 4.896523563424962783e-03
-5.566712555151163144e-01 2.350974035931263639e-01 3.990963972565193529e-01 3.609096755869276585e-01 3.639377806213530819e-32 4.896523563424557725e-03
-5.567902814042414716e-01 1.382561840766632077e-01 3.503474317366332413e-01 5.075845847972256797e-01 2.372807262420391427e-33 3.811799389476917127e-03
-5.567902814042416937e-01 1.382561840766964034e-01 3.503474317366376267e-01 5.075845847971851565e-01 2.208696398764076729e-33 3.811799389477812244e-03
-5.575468502492403333e-01 1.043879822416586278e-01 3.362858076105454952e-01 5.562805357025805142e-01 3.436856214981086093e-33 3.045674445215633408e-03
-5.575468502492404443e-01 1.043879822416561159e-01 3.362858076105458283e-01 5.562805357025821795e-01 2.897369238027283211e-33 3.045674445215378404e-03
-5.585740526778482096e-01 2.296808518270084254e-01 3.646114135364093012e-01 3.989151244314455003e-01 5.566284447693790871e-33 6.792610205137656135e-03
-5.585740526778483206e-01 2.296808518270154753e-01 3.646114135364039166e-01 3.989151244314452227e-01 2.126168402103205904e-33 6.792610205137414141e-03
-5.586834621054762584e-01 1.214943363246048513e-01 2.918361547034589165e-01 5.826965922093882977e-01 2.083978942011479791e-33 3.972916762548862543e-03
-5.586834621054763694e-01 1.214943363246113323e-01 2.918361547034676873e-01 5.826965922093723105e-01 1.448035970003609665e-33 3.972916762548968361e-03
-5.588324492423952794e-01 1.664010652050509076e-01 3.946022819226435718e-01 4.354451466829979411e-01 4.396938327643103609e-33 3.551506189307605463e-03
-5.588324492423955014e-01 1.664010652050538774e-01 3.946022819226407408e-01 4.354451466830001061e-01 8.702000272438824997e-33 3.551506189307705209e-03
-5.595760071830578886e-01 3.140020711236411466e-01 3.025254128920830121e-01 3.701237935609977825e-01 2.501673334247975935e-33 1.334872242327814901e-02
-5.595760071830579996e-01 3.140020711236269357e-01 3.025254128920865648e-01 3.701237935610106611e-01 1.185318699902539064e-32 1.334872242327784717e-02
-5.597888019830935535e-01 1.731130706481192327e-01 4.102861848727499261e-01 4.124033538928611464e-01 4.160566289939067973e-33 4.197390586270971502e-03
-5.597888019830935535e-01 1.731130706481188164e-01 4.102861848727606953e-01 4.124033538928507658e-01 6.249375814872072775e-33 4.197390586270721702e-03
-5.602688179806781799e-01 2.455444017696853110e-01 4.505005873018460005e-01 2.988912005102428715e-01 2.010645609630470089e-33 5.063810418224378058e-03
-5.602688179806782909e-01 2.455444017697228365e-01 4.505005873018267382e-01 2.988912005102251634e-01 9.169023978000403162e-33 5.063810418224803933e-03
-5.602764718622726958e-01 8.402260922131596366e-02 4.622762832210102202e-01 4.496288373414095707e-01 1.631075265009912839e-32 4.072270216264548166e-03
-5.602764718622728068e-01 8.402260922131335463e-02 4.622762832210119965e-01 4.496288373414107364e-01 1.495034381119896043e-32 4.072270216264372092e-03
-5.611062187407629409e-01 5.115316993694882797e-01 3.359390211159869466e-01 1.411398931658893185e-01 1.247569610684843574e-32 1.138938634863541875e-02
-5.611062187407630519e-01 5.115316993694907222e-01 3.359390211159879458e-01 1.411398931658851552e-01 5.514499911215409666e-33 1.138938634863524008e-02
-5.613337151762038957e-01 1.924961887274150851e-01 2.444392357859545006e-01 5.568681075845680617e-01 9.036042791207471683e-33 6.196467902061865082e-03
-5.613337151762040067e-01 1.924961887273847760e-01 2.444392357859587472e-01 5.568681075845942630e-01 3.724985757963748584e-33 6.196467902061206755e-03
-5.619135658934825139e-01 3.894141762362460790e-01 3.186589282846615800e-01 2.807718555889436862e-01 8.619503525980788983e-33 1.115503989015048485e-02
-5.619135658934826250e-01 3.894141762362823278e-01 3.186589282846715721e-01 2.807718555888971679e-01 8.587092031421906774e-33 1.115503989015148578e-02
-5.626061673324711521e-01 1.421949492705568419e-01 3.357631414549155924e-01 5.186127589532730786e-01 1.296100706112209777e-32 3.429150321254078194e-03
-5.626061673324711521e-01 1.421949492705639750e-01 3.357631414549213655e-01 5.186127589532598670e-01 1.345800739120219958e-32 3.429150321254262508e-03
-5.631612969648492895e-01 1.013085481750745087e-01 2.527125102765464537e-01 6.435081471622512428e-01 2.854758542285940161e-32 2.470794386125502347e-03
-5.631612969648492895e-01 1.013085481750443384e-01 2.527125102765239717e-01 6.435081471623054217e-01 9.440615203958743756e-33 2.470794386125150632e-03
-5.636035584116265706e-01 2.474807437764474094e-01 4.251104564090973925e-01 3.232194556945846564e-01 3.595565856908350329e-33 4.189344119869398489e-03
-5.636035584116266817e-01 2.474807437764605933e-01 4.251104564091034432e-01 3.232194556945683361e-01 2.025326805861697061e-33 4.189344119869462674e-03
-5.637119564377168768e-01 1.393767247193451464e-01 3.124621180839233237e-01 5.426520735007401841e-01 4.693540306408803438e-33 5.509083695990315416e-03
-5.637119564377168768e-01 1.393767247193417602e-01 3.124621180839249335e-01 5.426520735007400731e-01 2.103847264117423839e-33 5.509083695990193985e-03
-5.648680059180617441e-01 2.085627539341938230e-01 3.127435007105130449e-01 4.756034478421906631e-01 5.806155756313562115e-33 3.090297513102292955e-03
-5.648680059180620772e-01 2.085627539343060388e-01 3.127435007105577869e-01 4.756034478420318456e-01 4.716866184863323704e-33 3.090297513102698880e-03
-5.650048457507030886e-01 7.281038003840987205e-01 1.236402231284745579e-01 9.207023712982038977e-02 1.286432787844430677e-33 5.618573935760713678e-02
-5.650048457507033106e-01 7.281038003840931694e-01 1.236402231284872422e-01 9.207023712981367292e-02 7.077589790018797553e-33 5.618573935760534654e-02
-5.650377980320099303e-01 2.411996561818849083e-01 3.337703798042729875e-01 4.217698044060036455e-01 3.094616224847160715e-33 3.260159607840052050e-03
-5.650377980320102633e-01 2.411996561818621765e-01 3.337703798042593872e-01 4.217698044060383955e-01 2.193329403573419672e-32 3.260159607839912405e-03
-5.658635965294089853e-01 5.021205178722363272e-01 2.727907847874204705e-01 2.093908200789987295e-01 1.412558206627094436e-32 1.569787726134424730e-02
-5.658635965294093184e-01 5.021205178722962792e-01 2.727907847873939362e-01 2.093908200789626195e-01 5.151554933372027718e-33 1.569787726134780695e-02
-5.668052124839381145e-01 8.309966449752818896e-02 4.507084333493711070e-01 4.644523767692110283e-01 3.624347114054548926e-33 1.739525383891097308e-03
-5.668052124839384476e-01 8.309966449756363283e-02 4.507084333493622808e-01 4.644523767691841054e-01 8.709640792221027424e-33 1.739525383891377683e-03
-5.668537596908816978e-01 6.034761925274510774e-02 4.762614970038206441e-01 4.622891831902805060e-01 3.587852391734654467e-32 1.101700553153249496e-03
-5.668537596908821419e-01 6.034761925275766714e-02 4.762614970038125950e-01 4.622891831902751769e-01 3.870002001261895298e-33 1.101700553153937313e-03
-5.675908709892804049e-01 3.286868844723136451e-01 3.910209857353890150e-01 2.715025356677537305e-01 2.404083024459167480e-32 8.789594124543479228e-03
-5.675908709892807380e-01 3.286868844723041527e-01 3.910209857354052243e-01 2.715025356677464585e-01 1.351302357842420471e-32 8.789594124542790543e-03
-5.676846484477943156e-01 2.410874438754438964e-01 3.357317101157132333e-01 4.066529024724435670e-01 9.066699501893743466e-33 1.652794353639828323e-02
-5.676846484477947596e-01 2.410874438754058158e-01 3.357317101157464290e-01 4.066529024724535035e-01 2.073561035557521036e-32 1.652794353639489705e-02
-5.680485962333395866e-01 3.932544130466297250e-01 4.402444914695349265e-01 1.505354378809939109e-01 7.528148962926028895e-33 1.596565760284177418e-02
-5.680485962333395866e-01 3.932544130467586774e-01 4.402444914694457201e-01 1.505354378809456994e-01 6.688589956799889691e-33 1.596565760284992391e-02
-5.682803668672826714e-01 4.947775607530521813e-01 2.958313389462446930e-01 1.926060221007101503e-01 1.232724352669405539e-32 1.678507819999289913e-02
-5.682803668672827824e-01 4.947775607529746877e-01 2.958313389462483567e-01 1.926060221007916406e-01 1.083075260542431015e-32 1.678507819998521777e-02
-5.700406868193724774e-01 2.484272612450796336e-01 1.842011319328171748e-01 5.540455007597847592e-01 2.219923391760917933e-33 1.332610606231772465e-02
-5.700406868193729215e-01 2.484272612450897366e-01 1.842011319328320240e-01 5.540455007597608894e-01 2.443413339927033004e-32 1.332610606231771251e-02
-5.703400011697085104e-01 5.750727108370931040e-01 2.777249460318030883e-01 1.198457320267511672e-01 2.650088403009542448e-32 2.735661110435248095e-02
-5.703400011697088434e-01 5.750727108370438101e-01 2.777249460318304553e-01 1.198457320267772713e-01 9.562045706205929602e-33 2.735661110434798454e-02
-5.706505825802199450e-01 3.888173495881026565e-01 3.413111573057797110e-01 2.595721169182644283e-01 3.994970846577190997e-33 1.029937618785410798e-02
-5.706505825802202780e-01 3.888173495882596975e-01 3.413111573056977210e-01 2.595721169181774424e-01 4.875520747404315741e-33 1.029937618786552767e-02
-5.716362831927660482e-01 1.966091904383720501e-01 3.107971216573524043e-01 4.842855233999612263e-01 1.449808640613854537e-33 8.308164504313757248e-03
-5.716362831927663812e-01 1.966091904383832079e-01 3.107971216573495177e-01 4.842855233999522890e-01 8.906001518675772861e-33 8.308164504314791143e-03
-5.721524977655094713e-01 1.194254389600988148e-01 2.700090439002321152e-01 6.058560975651319236e-01 2.642449810310357693e-32 4.709419574537285214e-03
-5.721524977655094713e-01 1.194254389601577260e-01 2.700090439002711395e-01 6.058560975650328917e-01 1.803603381309713017e-32 4.709419574538833454e-03
-5.735430007646962203e-01 2.642195781742892602e-01 5.340759135653931899e-01 1.941968807177774092e-01 1.093263924713476853e-32 7.507627542539724308e-03
-5.735430007646962203e-01 2.642195781742832095e-01 5.340759135653778689e-01 1.941968807177997525e-01 1.195312064297293804e-32 7.507627542539582061e-03
-5.739133076044380388e-01 3.359787481684828325e-01 3.276274366406829452e-01 3.097174434650598052e-01 6.686813859786909141e-32 2.667637172577462523e-02
-5.739133076044384829e-01 3.359787481684925470e-01 3.276274366406969341e-01 3.097174434650338815e-01 7.744183194268543390e-33 2.667637172577602342e-02
-5.742463845167257164e-01 3.596971317031145698e-01 3.806013399279252196e-01 2.427968587082245111e-01 1.275941997691836530e-31 1.690466966073610189e-02
-5.742463845167259384e-01 3.596971317031115167e-01 3.806013399279192799e-01 2.427968587082348917e-01 1.371722963551327222e-32 1.690466966073563698e-02
-5.742748491334561667e-01 4.789268491680964690e-02 4.751740348719514229e-01 4.755885800104553418e-01 2.373952482046212717e-32 1.344700200784767173e-03
-5.742748491334562777e-01 4.789268491679524176e-02 4.751740348719630802e-01 4.755885800104592276e-01 2.111374950295863314e-32 1.344700200783237581e-03
-5.754781922045505427e-01 3.011722955361640919e-01 4.952890610994705733e-01 1.976064846322980462e-01 4.756494572203709728e-32 5.932158732069146498e-03
-5.754781922045507647e-01 3.011722955361494369e-01 4.952890610994764575e-01 1.976064846323053459e-01 1.450785668323371703e-32 5.932158732067897497e-03
-5.763534691362462992e-01 3.503569423782926240e-01 4.699515128511904116e-01 1.674941295042310929e-01 3.084875903540905279e-32 1.219741526628478900e-02
-5.763534691362467433e-01 3.503569423782882941e-01 4.699515128511765893e-01 1.674941295042499667e-01 2.589483319437881692e-32 1.219741526628381756e-02
-5.767970556270665128e-01 1.684996698077599608e-01 3.993704630102231090e-01 4.290138292111559393e-01 3.951364697838453321e-32 3.116037970858709719e-03
-5.767970556270669569e-01 1.684996698077381172e-01 3.993704630102434261e-01 4.290138292111571050e-01 4.217194221375281378e-33 3.116037970860455284e-03
-5.769930037405199830e-01 1.687079846306410447e-01 3.670369465218318306e-01 4.512561036273872173e-01 2.705963650348830866e-32 1.299896522013844861e-02
-5.769930037405202050e-01 1.687079846306472342e-01 3.670369465218271121e-01 4.512561036273838866e-01 1.647224196724224337e-32 1.299896522013951547e-02
-5.777929951984426271e-01 3.284609172591332338e-01 3.556795260775548195e-01 3.115125234793154618e-01 2.630274855224198955e-32 4.347033183995656531e-03
-5.777929951984427381e-01 3.284609172591591020e-01 3.556795260775634238e-01 3.115125234792796571e-01 1.505535807789968427e-32 4.347033183995570663e-03
-5.778704086366505122e-01 2.037364199664255804e-01 3.904699561958944187e-01 4.025051958911111671e-01 6.490489028117044689e-32 3.288427946569766162e-03
-5.778704086366511783e-01 2.037364199662557440e-01 3.904699561959452114e-01 4.025051958912296834e-01 4.007614007978865117e-32 3.288427946567559594e-03
-5.780724179455050127e-01 5.903344335276623500e-01 2.442887918662930424e-01 1.564739897117652379e-01 1.498369520219043554e-32 8.902784894278561317e-03
-5.780724179455051237e-01 5.903344335278525312e-01 2.442887918662393631e-01 1.564739897116271261e-01 4.441633367722320626e-32 8.902784894280903194e-03
-5.784321788671195064e-01 4.899644199282575663e-01 2.610999966762364566e-01 2.429380378758267400e-01 7.408651287415726151e-32 5.997545519679269195e-03
-5.784321788671199505e-01 4.899644199282894297e-01 2.610999966762265756e-01 2.429380378758044245e-01 2.419625971315931071e-32 5.997545519679708947e-03
-5.789240966576614245e-01 1.797214248189747954e-01 2.710843292059518239e-01 5.457940292779105418e-01 2.684214356287031950e-32 3.400216697161662777e-03
-5.789240966576617575e-01 1.797214248191331409e-01 2.710843292059637033e-01 5.457940292777382352e-01 4.164782145959148066e-32 3.400216697163029739e-03
-5.794820546222431146e-01 5.681555056585656516e-01 2.667654091604955147e-01 1.580876473045825237e-01 4.622648637712093699e-32 6.991437876355437522e-03
-5.794820546222433366e-01 5.681555056585768648e-01 2.667654091604899635e-01 1.580876473045785269e-01 2.241271944711916168e-32 6.991437876355576300e-03
-5.801317595714535758e-01 1.291163778900566439e-01 2.542834232570148068e-01 6.126229770910187611e-01 3.176745763043206196e-32 3.977221761909906228e-03
-5.801317595714537978e-01 1.291163778900661363e-01 2.542834232570251318e-01 6.126229770909983330e-01 1.696544404994944324e-32 3.977221761909612192e-03
-5.806898459157201486e-01 1.366806335708155851e-01 3.379730756764289246e-01 5.229836534963352435e-01 2.625814008835871377e-32 2.362637256420496712e-03
-5.806898459157203707e-01 1.366806335708123932e-01 3.379730756764260935e-01 5.229836534963406836e-01 7.638197475410760259e-32 2.362637256420418649e-03
-5.813930242412277405e-01 2.733286813256683434e-01 3.943889874758973457e-01 3.241227339872452262e-01 3.858727651055329307e-32 8.159597211189745583e-03
-5.813930242412280736e-01 2.733286813256091685e-01 3.943889874758989555e-01 3.241227339873044566e-01 6.758531170667274944e-32 8.159597211187492177e-03
6.486554464646002716e-01 8.102739505643025403e-30 8.137491095179200160e-30 7.252035875243204538e-30 9.999999999999984457e-01 1.688965695479128971e-27
6.486554464646002716e-01 1.195809360174644140e-30 1.200875316307128913e-30 1.070093004784905106e-30 1.000000000000000666e+00 2.492564543123203643e-28
