-6.127750489587645982e-03 2.016380915446841287e-04 1.733181777897306987e-03 9.936753027087757983e-01 9.664361032564137136e-33 4.389877421785940738e-03
-6.127750489587907058e-03 2.016380915446814995e-04 1.733181777897270341e-03 9.936753027087762424e-01 1.254275249782572949e-32 4.389877421785945942e-03
-8.048824077775481797e-03 5.884311168739242122e-04 2.700466309883652050e-03 9.932571863208040641e-01 4.863876040876401991e-32 3.453916252445860674e-03
-8.048824077775733332e-03 5.884311168739183575e-04 2.700466309883623427e-03 9.932571863208021767e-01 4.654812012755698283e-32 3.453916252445860240e-03
-1.142944957899842337e-02 9.474320630500722212e-04 3.614893043894243374e-03 9.930156898349072891e-01 4.992345813269802175e-33 2.421985058154054685e-03
-1.142944957899865929e-02 9.474320630500638728e-04 3.614893043894224292e-03 9.930156898349028483e-01 1.672520065509333008e-32 2.421985058154047746e-03
-1.639978855232038235e-02 1.151909609429457209e-03 4.184254727552064700e-03 9.930859668228507742e-01 2.250511487263793726e-32 1.577868840171578425e-03
-1.639978855232052460e-02 1.151909609429453306e-03 4.184254727552082914e-03 9.930859668228493309e-01 3.555110549343532446e-32 1.577868840171573438e-03
-2.001731430067142312e-02 9.911808160874436419e-04 1.964074135157145226e-02 9.663165144681886698e-01 1.628997813767295746e-32 1.305156336415315595e-02
-2.001731430067172496e-02 9.911808160874336672e-04 1.964074135157138634e-02 9.663165144681894470e-01 2.233525477582873143e-32 1.305156336415317850e-02
-2.085384609460250172e-02 2.270418609677726882e-03 2.047697318209971279e-02 9.669048546083479634e-01 2.589435834107274234e-32 1.034775359987529647e-02
-2.085384609460276539e-02 2.270418609677698259e-03 2.047697318209964340e-02 9.669048546083474083e-01 1.692343103622123366e-32 1.034775359987530514e-02
-2.287527676686146663e-02 3.369183586961014935e-03 2.048819205574557711e-02 9.685476340124224981e-01 4.451157016361395943e-32 7.594990344871980180e-03
-2.287527676686160194e-02 3.369183586960993251e-03 2.048819205574556324e-02 9.685476340124219430e-01 1.429294901546170369e-31 7.594990344871997527e-03
-2.302842127286143514e-02 1.217731069461232447e-03 4.363635743036313290e-03 9.934116451725392150e-01 8.791624418658166323e-32 1.006988014963688602e-03
-2.302842127286164331e-02 1.217731069461224424e-03 4.363635743036394822e-03 9.934116451725392150e-01 8.175838955106403504e-32 1.006988014963672339e-03
-2.645584656163341500e-02 4.053559719999405564e-03 1.988601835145881874e-02 9.708598268344246218e-01 2.683208717678846914e-32 5.200595094118552059e-03
-2.645584656163355031e-02 4.053559719999392554e-03 1.988601835145882568e-02 9.708598268344230675e-01 1.188990185886365639e-32 5.200595094118541650e-03
-3.127042531880996901e-02 1.355233543233558356e-03 6.770500925981443041e-03 9.910434494012270168e-01 2.043486426517877365e-31 8.308161295587567982e-04
-3.127042531881008697e-02 1.355233543233803819e-03 6.770500925983588027e-03 9.910434494012241302e-01 2.258058893152956409e-31 8.308161295590135373e-04
-9.958521070223839977e-02 5.299145782329216930e-03 3.437443737322128934e-01 6.439363319094268956e-01 6.095905050347574280e-35 7.020148576030670572e-03
-9.958521070223844140e-02 5.299145782329220400e-03 3.437443737322126158e-01 6.439363319094274507e-01 3.607474709195854183e-34 7.020148576030681847e-03
3.023923322891721166e-01 3.807002867028869870e-33 6.861571702048980942e-33 1.037817199868592046e-32 1.000000000000003775e+00 3.561934911958471753e-33
3.023923322891721166e-01 2.952552266113839693e-33 6.809566977445460374e-33 3.178245281606701725e-32 1.000000000000005329e+00 1.365834586062179416e-33
3.036454475450423574e-01 1.595251660156122405e-33 2.738262596299099059e-33 3.406108561454416446e-33 1.000000000000009992e+00 3.275162638907079531e-34
3.036454475450423574e-01 1.815672500355391303e-32 6.815148948761671572e-32 1.607289185802055149e-31 1.000000000000007772e+00 2.333344621732690304e-32
3.057326259190640827e-01 3.518913833006556799e-34 8.910830284096912548e-34 4.210335960553478699e-33 1.000000000000011768e+00 4.123204819109366651e-34
3.057326259190640827e-01 2.210218979076296231e-32 5.263233113184364640e-32 2.337128559084828161e-31 1.000000000000007550e+00 7.718132924106051680e-33
3.086518482009585895e-01 1.220515876791298137e-32 3.932423615212803453e-32 8.808842822182089834e-32 1.000000000000012879e+00 6.446719617117122439e-33
3.086518482009587006e-01 2.024618456383392367e-32 3.281728379163158544e-32 1.102930293221043547e-31 1.000000000000002220e+00 1.546205879120569170e-32
3.124002902317034036e-01 1.612322925251061925e-33 3.639513628288662204e-33 1.124681777968314597e-32 1.000000000000010436e+00 3.658997112262813824e-33
3.124002902317034036e-01 5.168408680335250069e-32 1.551807755240704643e-31 4.267570692147615189e-31 1.000000000000010658e+00 6.428760158277271709e-32
3.143119646030096415e-01 9.116956632133462636e-33 1.820602543668435525e-32 6.787504556738124088e-32 1.000000000000017764e+00 1.853683198752854507e-32
3.143119646030098080e-01 4.509025704439567614e-33 1.143605337427241251e-32 9.649151652410200865e-32 1.000000000000007994e+00 4.163750579312313683e-33
3.155650798588799377e-01 1.857628184774857979e-32 2.974906091816856236e-32 1.048981743109146747e-31 1.000000000000012657e+00 7.013424318574557591e-33
3.155650798588799932e-01 5.573241426687333329e-34 1.605397381227236574e-33 4.147086289024591934e-32 1.000000000000016431e+00 2.532331103097368784e-33
3.169743256357227534e-01 1.280849558892858047e-32 2.988303866064035569e-32 7.115625029432061398e-32 1.000000000000011990e+00 1.274018877187710078e-32
3.169743256357228089e-01 1.707295496762874264e-33 1.566835676895657081e-32 2.105081676023811125e-31 1.000000000000009104e+00 3.505126837386278823e-33
3.176522582329016631e-01 9.163534776763627807e-33 2.557804840194969220e-32 6.607007922911234753e-32 1.000000000000017764e+00 1.162112638850708545e-32
3.176522582329017741e-01 2.898784538768833235e-33 9.690923432616733467e-33 4.808622380597002932e-32 1.000000000000011102e+00 1.782662567397731731e-33
3.205714805147963364e-01 1.648802744099251912e-32 5.450314322694598724e-32 1.873260973001393085e-31 1.000000000000007772e+00 7.152935380262198645e-33
3.205714805147963364e-01 4.984326715126414699e-33 1.115135564002831416e-32 6.691219367215075918e-32 1.000000000000016875e+00 5.916448826752713256e-33
3.223695293291727881e-01 1.288861996404050969e-32 2.899902252946544925e-32 5.309185390673112918e-32 1.000000000000007994e+00 2.823928496809760754e-32
3.223695293291728436e-01 4.068619782586516419e-32 1.289775746101281009e-31 4.000610353914468506e-31 1.000000000000005995e+00 3.866555903735717929e-32
3.243199225455410395e-01 8.512788643903931115e-33 3.739800943631197147e-32 1.146125908418002430e-31 1.000000000000010880e+00 5.344012326033922004e-33
3.243199225455412060e-01 5.126737748553894721e-33 1.770094073583898357e-32 4.523678247159668195e-32 1.000000000000002887e+00 2.392613347670917977e-33
3.285806818009237573e-01 3.664902979757625348e-32 6.568189299362832663e-32 1.017385283801425999e-31 1.000000000000005773e+00 2.183029201581198959e-32
3.285806818009239239e-01 2.323432310821569520e-32 4.100218902083452678e-32 1.994403230849903229e-31 9.999999999999978906e-01 2.504471929381917846e-32
3.288939579495603893e-01 2.309380681623347366e-32 5.239988690637454860e-32 2.246539716217810909e-31 1.000000000000001110e+00 2.909139691189030113e-32
3.288939579495606669e-01 8.052787591655244301e-33 3.894078944377759540e-32 8.497711705716619460e-32 1.000000000000002442e+00 1.293726190821930792e-32
3.341652052967045705e-01 9.878376208018574040e-33 3.732670233677879984e-32 1.535172367660505839e-31 1.000000000000001998e+00 1.074800911642199441e-32
3.341652052967046260e-01 7.801360506393970630e-33 5.274295716703178866e-32 1.858678551063649232e-31 1.000000000000005551e+00 7.434934045393903741e-33
3.342891616430103685e-01 3.270870194215588079e-32 6.564901015838865390e-32 1.497432053766947812e-31 9.999999999999964473e-01 4.632693816541922694e-32
3.342891616430104795e-01 1.858692533583703688e-32 5.455713839267319801e-32 2.012064571015768463e-31 1.000000000000000222e+00 2.054748566286941561e-32
3.354183205525747002e-01 4.418737793855834025e-32 8.700804192326288104e-32 3.717370291789286502e-31 1.000000000000004885e+00 4.175417427827922021e-32
3.354183205525747558e-01 5.541544752620785925e-32 1.429695386690053789e-31 6.417391751918404141e-31 9.999999999999967804e-01 3.047891098685359557e-32
3.356017741621000194e-01 3.141845755838891387e-32 1.284065875513200739e-31 2.128076512754860604e-31 1.000000000000002220e+00 1.186438236926689207e-32
3.356017741621008521e-01 1.839431956656082074e-32 5.421499113268959358e-32 1.598507026893326538e-31 1.000000000000001776e+00 8.318704521190102778e-33
3.375054989265950933e-01 1.619884555188446274e-32 3.987904228736669183e-32 1.016329190255637617e-31 1.000000000000013323e+00 1.353103117622842478e-32
3.375054989265963146e-01 4.031566876455263495e-32 1.155803836952972621e-31 6.466889616575323476e-31 1.000000000000000000e+00 2.945560916209532030e-32
3.404247212084904883e-01 3.914958022414558654e-32 8.729526485420437070e-32 4.610300252964699124e-31 1.000000000000002220e+00 3.661348174472872249e-32
3.404247212084907104e-01 9.244653060107594888e-33 1.681870743357024692e-32 1.006132721521319450e-31 1.000000000000010214e+00 1.086464786486838558e-32
3.405003141147615042e-01 4.924241521170708829e-33 1.627989933684564036e-32 1.328264685112280459e-31 1.000000000000005329e+00 1.332157772947734512e-32
3.405003141147615042e-01 5.313463244390580390e-32 1.661785324503401337e-31 9.169558877332470267e-31 9.999999999999988898e-01 3.787296521253099992e-32
3.434260139592925087e-01 1.870232124905957893e-32 3.638612492683229822e-32 2.642491427568091185e-31 1.000000000000006439e+00 5.040684479356306596e-33
3.434260139592927308e-01 1.484164578527505276e-32 5.698036844124930515e-32 4.143561734750168474e-31 1.000000000000003775e+00 1.998753962523656127e-32
3.441731632392349138e-01 2.787215601312911717e-32 1.114227275352482621e-31 2.532402003897372677e-31 9.999999999999995559e-01 1.780389421111050281e-32
3.441731632392355800e-01 5.301974478161128446e-32 1.563516027263336020e-31 9.200731312514333228e-31 1.000000000000000222e+00 7.566524189675009899e-32
3.475214064759375443e-01 3.122223751213221426e-32 1.155684680829712356e-31 5.273515725992775482e-31 1.000000000000004885e+00 7.083020743848812101e-32
3.475214064759380994e-01 3.631426264812722103e-32 7.430408429133845553e-32 5.011326358751349195e-31 1.000000000000000888e+00 1.623117194335675851e-32
3.487471986432544302e-01 6.243223607617403913e-32 1.098598454991072559e-31 3.368958642391646171e-31 1.000000000000001776e+00 2.318248595411031192e-32
3.487471986432553739e-01 1.778121189330909268e-31 3.259334770966913596e-31 7.288282276457536644e-31 9.999999999999964473e-01 8.210322952845792382e-32
3.520458317458180497e-01 4.474152897293421335e-32 1.129048537325581924e-31 2.326241490639261065e-31 1.000000000000001776e+00 2.557631633346543989e-32
3.520458317458186048e-01 1.555576222323797567e-32 3.275526925140526122e-32 1.656068111648109765e-31 1.000000000000002665e+00 2.497176282171082837e-32
3.541424023367046869e-01 2.330687759322101819e-32 4.627724688512329320e-32 1.484938479179461038e-31 1.000000000000004441e+00 2.670996210803942849e-32
3.541424023367056861e-01 1.007907154506192853e-32 2.140564285653304562e-32 1.154722245537010506e-31 9.999999999999946709e-01 1.857135842171950937e-32
3.553456462731305887e-01 2.213425675706778962e-32 3.881387564668442946e-32 1.220983545576536376e-31 1.000000000000003553e+00 1.265735395848435621e-32
3.553456462731309773e-01 7.948219589462331983e-32 2.032815701146854557e-31 5.184625542961447205e-31 9.999999999999987788e-01 4.293495584697908745e-32
3.603535548084543239e-01 2.494775752973249268e-32 6.660352982140907011e-32 2.161011923120470900e-31 1.000000000000004885e+00 1.456500229358857313e-32
3.603535548084556561e-01 2.925503253440591005e-32 5.643894723966835465e-32 2.701100160280959244e-31 1.000000000000000000e+00 3.776961750352445986e-32
3.614528884046701585e-01 2.012344352156041124e-32 4.261110696521275833e-32 2.154143466889747042e-31 1.000000000000000444e+00 3.144245080869872010e-32
3.614528884046703805e-01 5.945077321419880808e-32 9.465135496829290683e-32 2.295271126738584643e-31 1.000000000000001110e+00 2.791117527498860725e-32
3.619328476420843876e-01 2.160498456447457784e-32 4.854912790836955860e-32 3.081332637139399139e-31 9.999999999999973355e-01 5.562146461622468853e-32
3.619328476420852758e-01 4.146749510705828984e-32 9.822443746345421507e-32 4.271316310998030533e-31 1.000000000000000222e+00 5.170214315918122092e-32
3.631859628979556831e-01 4.696721357931885776e-32 9.926186840461313700e-32 4.390586826596745582e-31 1.000000000000000444e+00 6.431464563832013831e-32
3.631859628979561272e-01 4.566758583589694507e-32 1.455787583746874695e-31 4.004915876300823308e-31 9.999999999999970024e-01 2.644647015356154668e-32
3.639654640596550750e-01 3.628146769994438840e-32 1.042343352043495921e-31 4.385512162847884889e-31 9.999999999999991118e-01 3.365272034925124934e-32
3.639654640596562962e-01 4.210250242258972104e-32 8.881478491331647307e-32 2.222562648180527720e-31 9.999999999999960032e-01 7.591054943356790347e-32
3.652731412719766313e-01 7.072614447278762535e-32 2.402720818895902441e-31 6.290136856579023098e-31 9.999999999999948930e-01 4.735489888340218518e-32
3.652731412719768533e-01 3.533715552299823535e-32 1.023234206053149166e-31 5.384111842475509180e-31 1.000000000000001332e+00 2.535923819918569552e-32
3.673746471696314186e-01 1.794771471920091241e-32 4.067519971154477586e-32 1.418238373812703313e-31 1.000000000000001332e+00 1.439920395104158299e-32
3.673746471696330285e-01 5.225797902256998857e-32 9.436146229414584827e-32 4.138542588094318296e-31 9.999999999999988898e-01 3.145648400100970783e-32
3.681923635538715822e-01 3.374769500198239001e-32 6.762014604717096758e-32 2.288746854115181006e-31 9.999999999999998890e-01 4.632218544642429686e-32
3.681923635538719708e-01 3.896965407494842494e-32 9.517999539819828048e-32 2.691456836210627028e-31 9.999999999999988898e-01 4.057320526936655082e-32
3.716380832160757208e-01 1.500597142634101905e-32 2.587937993159987522e-32 2.106822451225621599e-31 1.000000000000000444e+00 5.964048457668295969e-32
3.716380832160767200e-01 8.599069894982327603e-32 1.845753366894114443e-31 4.855755342910944456e-31 9.999999999999974465e-01 6.486889579724485870e-32
3.719408055846156191e-01 5.469172533587931690e-32 1.493459017235718562e-31 4.261963493969151403e-31 1.000000000000000888e+00 3.082339510901384000e-32
3.719408055846159522e-01 4.637317142772924465e-32 1.560726598185609213e-31 4.340446578199312548e-31 9.999999999999981126e-01 3.911155965485798137e-32
3.733725207185074613e-01 3.349037538702606671e-32 8.096126483228954276e-32 4.041243965215891126e-31 1.000000000000003775e+00 4.686963876399328573e-32
3.733725207185079054e-01 5.600986909973003531e-32 1.286504416813288930e-31 5.926728000394239948e-31 9.999999999999971134e-01 4.430131539931636864e-32
3.751988869668232973e-01 1.392845976645105600e-32 4.754868089522614386e-32 1.830375049645667003e-31 1.000000000000000444e+00 1.932785586939324385e-32
3.751988869668246296e-01 3.122296024575864593e-32 1.011880799332327981e-31 2.979749689384211324e-31 1.000000000000001998e+00 2.093910749084419960e-32
3.765148409886354686e-01 6.118810504407080967e-32 1.129906678726579150e-31 3.892261324189892022e-31 1.000000000000002665e+00 1.396333044669818951e-32
3.765148409886364678e-01 6.114697098876916883e-32 1.379612013894001460e-31 3.175051722141339510e-31 9.999999999999984457e-01 3.482042838334038940e-32
3.819100446820859474e-01 4.111617799516970689e-32 1.201063425396476246e-31 3.971678986025589401e-31 1.000000000000000888e+00 6.492142757492285050e-32
3.819100446820868910e-01 3.312359928876107330e-32 1.106918198007153555e-31 5.818604795834454186e-31 9.999999999999980016e-01 1.598548203974544665e-32
3.825915626618568988e-01 4.417231734810748439e-32 1.481422043855903093e-31 5.736925877237812335e-31 1.000000000000002665e+00 8.473293407268534784e-32
3.825915626618572873e-01 4.100248511526999954e-32 6.544205523239643210e-32 1.682034051714339410e-31 1.000000000000000000e+00 4.046214527555046047e-32
3.835577155299141339e-01 5.411899779434912374e-32 1.526432335486258539e-31 3.550489394428553088e-31 9.999999999999993339e-01 4.854251975501079959e-32
3.835577155299143559e-01 1.132654142468507792e-31 2.084240505980882904e-31 5.108986798674758542e-31 1.000000000000000000e+00 1.270765437655577425e-31
3.838187047533508367e-01 7.096649206002322438e-32 1.576559305368222400e-31 6.030667271153024293e-31 9.999999999999995559e-01 6.202758625705436599e-32
3.838187047533509477e-01 3.478380834158633263e-32 1.126374126039630727e-31 3.530657486979066322e-31 9.999999999999991118e-01 5.060799950925880850e-32
3.881211971538368610e-01 5.554497360800486202e-32 1.640497685949573609e-31 5.261999835656928476e-31 9.999999999999997780e-01 6.089944282948893382e-32
3.881211971538371941e-01 4.020361923844284074e-32 1.199115699047954906e-31 8.277866234994253918e-31 9.999999999999993339e-01 8.822572274020297856e-32
3.932257614122015577e-01 4.614365032018041007e-32 2.150814548910712106e-31 7.120122005199353663e-31 9.999999999999968914e-01 4.396279253157423022e-32
3.932257614122037226e-01 4.590145444746002346e-32 1.980633281195143011e-31 9.456988362823024709e-31 9.999999999999997780e-01 5.840819284031962705e-32
3.943027299580671441e-01 3.513903679933729844e-32 1.109384646575019569e-31 3.833708417772239537e-31 9.999999999999985567e-01 4.988364414673447306e-32
3.943027299580693645e-01 5.847607469306203195e-32 1.377974903173097933e-31 8.544972033242107397e-31 1.000000000000001776e+00 1.001731722358605480e-31
3.945111949756948122e-01 7.591106952839023168e-32 1.712679393780102314e-31 5.877065587644163608e-31 9.999999999999984457e-01 8.308591251370083076e-32
3.945111949756950898e-01 6.852711600321503118e-32 1.442687184959232694e-31 3.328952749088394857e-31 9.999999999999988898e-01 5.728984722626291959e-32
3.951422895150130676e-01 6.958061199063175079e-32 1.582073207009867974e-31 7.828039146243541212e-31 1.000000000000000444e+00 9.905918509282230423e-32
3.951422895150133452e-01 4.217537224704634268e-32 1.835198589346650996e-31 4.934247941916663236e-31 9.999999999999995559e-01 4.318610264450909582e-32
3.975880282385292341e-01 5.683273966430785503e-32 2.109211698056845525e-31 7.315589919216486644e-31 9.999999999999987788e-01 8.341874240379483797e-32
3.975880282385299558e-01 3.775477344997461353e-32 7.852098592123488988e-32 3.099708708256577275e-31 9.999999999999980016e-01 5.586632690689997592e-32
3.988411434943991418e-01 4.048516390877000237e-32 1.198506317265897091e-31 8.067569835303471178e-31 1.000000000000003997e+00 1.240023626997987689e-31
3.988411434943999190e-01 4.088243876665565289e-32 9.557566804042581893e-32 3.699188358568490893e-31 1.000000000000000444e+00 2.797893234098225074e-32
4.009283218684214778e-01 7.686365722478657444e-32 1.676909366775928556e-31 6.271050079542340211e-31 1.000000000000000000e+00 5.610070760088556243e-32
4.009283218684231986e-01 4.122075245964972171e-32 1.506819883496274198e-31 1.100405299792422965e-30 9.999999999999982236e-01 8.802222748858851676e-32
4.029665293122072778e-01 7.968192890545547381e-32 2.501116649499548718e-31 8.032747458906444362e-31 1.000000000000003109e+00 6.650466000048064670e-32
4.029665293122084435e-01 3.578802395114574233e-32 9.683476353681774642e-32 5.927837284590802264e-31 9.999999999999981126e-01 2.992282315562398135e-32
4.034109562236083413e-01 9.454516906886367289e-32 1.614008233761970809e-31 6.905531720936523783e-31 1.000000000000002220e+00 1.469199223203646353e-31
4.034109562236097846e-01 5.679841367741037649e-32 1.116321349726972470e-31 3.960326398856422846e-31 9.999999999999984457e-01 3.647463961932354600e-32
4.038475441503155405e-01 7.470508932577578764e-32 2.325449505852400036e-31 1.132559102675341170e-30 1.000000000000003553e+00 1.272360950767479960e-31
4.038475441503157626e-01 2.548042356555176783e-32 7.632276011137810854e-32 3.589824819932051743e-31 9.999999999999986677e-01 3.879423770667784311e-32
4.062223622719051130e-01 4.095310386759292998e-32 9.751522136764517950e-32 5.303712551811258573e-31 9.999999999999973355e-01 6.685990132321642520e-32
4.062223622719066674e-01 9.848873075930994909e-32 2.144371668840578519e-31 1.223121677264921208e-30 1.000000000000000444e+00 1.537905439347823681e-31
4.067602553067029003e-01 5.605912078378148361e-32 1.059467690186057376e-31 4.328104803026804718e-31 9.999999999999993339e-01 7.249812618360141493e-32
4.067602553067029003e-01 7.269023381234517872e-32 2.158473620851864964e-31 1.039177717447195019e-30 1.000000000000000000e+00 1.348529638987202371e-31
4.075959861810605767e-01 5.339490784018896120e-32 1.293458346538863452e-31 5.418006859259431209e-31 9.999999999999972244e-01 3.854181565120226870e-32
4.075959861810609652e-01 7.868966895435595801e-32 1.623289839563027253e-31 7.218870151670614708e-31 1.000000000000000222e+00 1.260057963543821021e-31
4.115863470987329298e-01 1.391187432931028334e-31 3.235864589641564941e-31 1.214247038917578824e-30 9.999999999999994449e-01 9.249220978236909759e-32
4.115863470987336514e-01 3.751371145527223204e-32 1.051932437241121206e-31 6.720644872830927195e-31 9.999999999999988898e-01 5.102291860668175997e-32
4.121700215850794269e-01 4.509927766913849951e-32 1.377212007019664452e-31 7.162577305148600848e-31 9.999999999999982236e-01 4.022731243508846574e-32
4.121700215850808147e-01 8.508624062409929321e-32 2.765366201281264644e-31 1.266487799159364080e-30 9.999999999999991118e-01 1.179993927482902002e-31
4.143644356693879094e-01 7.050158476886939256e-32 1.702445942755348682e-31 1.034021697464077711e-30 1.000000000000000000e+00 1.625939321588066243e-31
4.143644356693905184e-01 3.584796901580708831e-32 1.112856840662053575e-31 4.253007757219356848e-31 9.999999999999974465e-01 4.647827704464337763e-32
4.175652252785302943e-01 4.187135070948385114e-32 8.761735393741776418e-32 3.370819160144065349e-31 9.999999999999996669e-01 5.548332082405862076e-32
4.175652252785305163e-01 9.472952637517673015e-32 2.326675382176067673e-31 8.364126313768523076e-31 9.999999999999994449e-01 1.530909420156503653e-31
4.186798876205390929e-01 8.894427878663838034e-32 2.521759514575803884e-31 9.837852685757221521e-31 9.999999999999982236e-01 2.054984459395311403e-31
4.186798876205407027e-01 3.365007148544421996e-32 1.263989672312926221e-31 6.547657665747711626e-31 9.999999999999981126e-01 7.953653413676932115e-32
4.199520868565448373e-01 5.185500739632631607e-32 1.346947988395436399e-31 7.182996853887126409e-31 1.000000000000000666e+00 7.106429226647038392e-32
4.199520868565458365e-01 1.155990423980446705e-31 2.565865632012007698e-31 1.183063697657343623e-30 9.999999999999991118e-01 2.078640520532719093e-31
4.209934037575829846e-01 5.593870793091842860e-32 1.326785294274630275e-31 5.823104728551872605e-31 9.999999999999995559e-01 6.274960485861768531e-32
4.209934037575831511e-01 5.612599549513435701e-32 1.928933563079268788e-31 9.573957416351569172e-31 1.000000000000000000e+00 1.817462555711466409e-31
4.237763777502812079e-01 4.648727248713923259e-32 1.683244213343317314e-31 9.570862877945235298e-31 9.999999999999982236e-01 6.962149132557351309e-32
4.237763777502819851e-01 7.439187054670748956e-32 1.857577141273890084e-31 8.501437649509238855e-31 1.000000000000000666e+00 1.907962340408003754e-31
4.260756029656000976e-01 8.689742874010829127e-32 2.080498019127489061e-31 6.543859032874807098e-31 9.999999999999990008e-01 5.647999941868415942e-32
4.260756029656003196e-01 5.466607456731598064e-32 1.287338894440856985e-31 5.783928882594286587e-31 9.999999999999980016e-01 8.976655013169585017e-32
4.307974701114581917e-01 6.924255126907278430e-32 1.925356183574425446e-31 7.620137122763572073e-31 1.000000000000000444e+00 1.629140245518373797e-31
4.307974701114585248e-01 6.628108976661550874e-32 1.624380201413320929e-31 9.753892249740872860e-31 1.000000000000000666e+00 7.703779065499169623e-32
4.311785985689906009e-01 7.407418273742582799e-32 1.949808755922376536e-31 9.117673884921498986e-31 1.000000000000001554e+00 1.226468093056276672e-31
4.311785985689919887e-01 1.359792609856596703e-31 3.733324030130138064e-31 1.243976447711968369e-30 1.000000000000000000e+00 3.536499901607372296e-31
4.318717191703808078e-01 6.758657215965344967e-32 1.537665364937631174e-31 7.066203132497595993e-31 1.000000000000000444e+00 7.295247543277283444e-32
4.318717191703839720e-01 9.772966656616070567e-32 2.610956550087808392e-31 1.011942030677306238e-30 9.999999999999986677e-01 5.707762343152617286e-31
4.338654623625481932e-01 7.500451975781322066e-32 1.937848253838034146e-31 8.148031303499931875e-31 1.000000000000000666e+00 6.568644546450410271e-32
4.338654623625490814e-01 8.754769794584328014e-32 1.672536574742385818e-31 5.812952847027286347e-31 1.000000000000000888e+00 2.170666414710090557e-31
4.385331283142353542e-01 5.010896434146255935e-32 2.065005735760371383e-31 8.002943498296139098e-31 1.000000000000000888e+00 8.395983320937221378e-32
4.385331283142372971e-01 8.377964211060195750e-32 2.500579899561289437e-31 1.787972392257877424e-30 9.999999999999996669e-01 1.916306681989891063e-31
4.386217099086506255e-01 6.296079325025630319e-32 2.265071810181899159e-31 8.932225040662689663e-31 1.000000000000000888e+00 9.917411225231337106e-32
4.386217099086521243e-01 6.718834187405917603e-32 1.627832070747779051e-31 2.064502674211623765e-30 1.000000000000000888e+00 2.363285229096538673e-31
4.410962530015605232e-01 6.941512645200231691e-32 2.123702018319408290e-31 1.085449390407152802e-30 9.999999999999991118e-01 7.912551534053122109e-32
4.410962530015635208e-01 2.187093492904652382e-31 3.965361921927925646e-31 2.055954274335494785e-30 1.000000000000001776e+00 1.843470007262908755e-31
4.421320780147690588e-01 7.070879574343692175e-32 1.765539490700161666e-31 1.283014153165546496e-30 1.000000000000002220e+00 1.302611991859502605e-31
4.421320780147717788e-01 1.098484346214824968e-31 2.724729165121465141e-31 1.987330314525063900e-30 1.000000000000000444e+00 5.807399929017404841e-31
4.423493682574318187e-01 8.290783985742376137e-32 2.361383536361325018e-31 1.691364469397172821e-30 9.999999999999997780e-01 2.241332465455406881e-31
4.423493682574322627e-01 6.465111786052325608e-32 1.732171651324027895e-31 1.050215680337676709e-30 1.000000000000000444e+00 9.560869398190808058e-32
4.444365466314538216e-01 1.836918896512455714e-31 3.202930244736014343e-31 1.471789593681692458e-30 9.999999999999996669e-01 2.434284935493499643e-31
4.444365466314540991e-01 7.460913995317055253e-32 2.340275235005727425e-31 9.235899456064133904e-31 1.000000000000001110e+00 8.970881685680411093e-32
4.457850946763873279e-01 2.028161788976741533e-31 4.260833277125955511e-31 1.792100362511051825e-30 1.000000000000000000e+00 1.718721766155403870e-31
4.457850946763877165e-01 6.511500690556168716e-32 1.411387719622875308e-31 9.402892572052747505e-31 1.000000000000001554e+00 7.244611752310704822e-32
4.472415276951767771e-01 1.943033985957061165e-31 5.158743382839570313e-31 3.852210434127265683e-30 9.999999999999986677e-01 4.436414261986257614e-31
4.472415276951772212e-01 7.351000102110910064e-32 1.803765498578905425e-31 1.436151108678238230e-30 9.999999999999994449e-01 9.925628157217523444e-32
4.473557689133483839e-01 1.220689870299704467e-31 3.598359690271059339e-31 2.645294546315306409e-30 9.999999999999986677e-01 4.895933105978117880e-31
4.473557689133490500e-01 6.545693066593379575e-32 1.711392117616599778e-31 8.363682536681257896e-31 9.999999999999994449e-01 9.689076420074893928e-32
4.484869215324954750e-01 9.687282289847637592e-32 2.219389597217507698e-31 1.208983874399917326e-30 9.999999999999995559e-01 5.373020270083908988e-32
4.484869215324961411e-01 1.974212699324542444e-31 5.453802395079581120e-31 1.672987110802807813e-30 1.000000000000000222e+00 3.300763944112865977e-31
4.511042109440938086e-01 2.480614716414443258e-31 5.365217769507122805e-31 2.654705685434317935e-30 9.999999999999992228e-01 3.474578507242110131e-31
4.511042109440951409e-01 6.851887659805039259e-32 1.672024926367318077e-31 9.375983637163998095e-31 1.000000000000000444e+00 1.495398226019729681e-31
4.517249598640757924e-01 2.487627937130703451e-31 4.968905741240156018e-31 2.646271425959130252e-30 9.999999999999987788e-01 4.035045448876221441e-31
4.517249598640776242e-01 9.218343757488306084e-32 2.071287859563109119e-31 7.632612837918554188e-31 1.000000000000000444e+00 8.592448071072054679e-32
4.538432453109813025e-01 2.160646369452974982e-31 3.925439033071042813e-31 2.908105428448587211e-30 9.999999999999983347e-01 3.654705414006634351e-31
4.538432453109826348e-01 6.608717727414943715e-32 1.700770095480067377e-31 1.028881652934304118e-30 1.000000000000000888e+00 2.257481744131124653e-31
4.556782463481129919e-01 1.410728478890904499e-31 4.840048709859309612e-31 3.058348155841097622e-30 1.000000000000001110e+00 3.707841048732714363e-31
4.556782463481132694e-01 6.111992819616494579e-32 1.690293730386536510e-31 1.299830818868229839e-30 1.000000000000000888e+00 1.083090428408147487e-31
4.566485843540282197e-01 6.758317595590403424e-32 2.968426724796440727e-31 1.204563428258389887e-30 1.000000000000000888e+00 1.361029098428599392e-31
4.566485843540289413e-01 1.479556938634282906e-31 4.613581298757547190e-31 8.143002943720262545e-30 1.000000000000000000e+00 2.380742583562560246e-31
4.604065538463331109e-01 8.240181229898957126e-32 2.442822172401135979e-31 9.962464691368547760e-31 1.000000000000000444e+00 9.864839827728155540e-32
4.604065538463345542e-01 1.988555641449802040e-31 5.304642178713569038e-31 4.196002328844553280e-30 9.999999999999965583e-01 4.736780713710763773e-31
4.610734500415636372e-01 8.761272533369145280e-32 2.820602358491441176e-31 1.926552542142230836e-30 1.000000000000001110e+00 1.933952219270299543e-31
4.610734500415639703e-01 2.397479444273358262e-31 4.821467867726982541e-31 3.068058355938305758e-30 9.999999999999984457e-01 3.523168998407140817e-31
4.638023190489475311e-01 1.708517483609369764e-31 6.171386595775847226e-31 3.709005131655314793e-30 9.999999999999990008e-01 5.629608052185653889e-31
4.638023190489479197e-01 1.214188598141945926e-31 2.867339505524274545e-31 1.477231754913066726e-30 1.000000000000000222e+00 1.554029691557793746e-31
4.656383353700815908e-01 1.016371488269253323e-31 2.702606714427532394e-31 1.018789612695821340e-30 9.999999999999998890e-01 1.408751018990419603e-31
4.656383353700820349e-01 1.355414981880432356e-31 3.802949216184552550e-31 2.884765373662742192e-30 9.999999999999997780e-01 9.869187876489772807e-31
4.663007706596168922e-01 3.064463102023739421e-31 6.937366463466308654e-31 3.885030037502827265e-30 9.999999999999974465e-01 1.150780062988912820e-30
4.663007706596173918e-01 1.399195776817937204e-31 3.288232943632771233e-31 1.321814196539582463e-30 9.999999999999991118e-01 1.879183343021659543e-31
4.668337791654351698e-01 1.477647122710049222e-31 3.877697795078635990e-31 1.940518677597185188e-30 1.000000000000000000e+00 1.299579446689124063e-31
4.668337791654353364e-01 1.916649072323342754e-31 4.716850306111022542e-31 3.221662403177073481e-30 9.999999999999981126e-01 2.256187835889951577e-31
4.672846025133141068e-01 1.229094716383928519e-31 3.097819248955471523e-31 1.466360606192746950e-30 1.000000000000000444e+00 1.203562565291823915e-31
4.672846025133146064e-01 2.267020284917881219e-31 4.142118073714888738e-31 2.375447926639218951e-30 9.999999999999994449e-01 5.421060908818922606e-31
4.743056948744908130e-01 2.149114791766357908e-31 4.093172298583206131e-31 1.671377938882132191e-30 1.000000000000000666e+00 4.009411158620179135e-31
4.743056948744911461e-01 9.927582334936410362e-32 4.157928755549971567e-31 2.116980101910381635e-30 1.000000000000000888e+00 1.310764518231445947e-31
4.757219513627842788e-01 1.047362065087673409e-31 3.030593325616688190e-31 1.675161000325423220e-30 1.000000000000000666e+00 9.919199438241130044e-32
4.757219513627848895e-01 2.010521690377235059e-31 5.821646794131442829e-31 2.470772867249104285e-30 9.999999999999996669e-01 3.198579280611966459e-31
4.777872586112134057e-01 3.869926711518268739e-31 6.444105451014686302e-31 4.379663267679621121e-30 9.999999999999993339e-01 5.697706837760382105e-31
4.777872586112142939e-01 1.676082849402133769e-31 4.094226058687370194e-31 1.613500791898232527e-30 9.999999999999995559e-01 1.878173673109115054e-31
4.794926022094596618e-01 1.489482422914698767e-31 3.484224823430590409e-31 1.848389494582951599e-30 1.000000000000000444e+00 2.664587829155047352e-31
4.794926022094611606e-01 2.664156842973220868e-31 7.310530285497434113e-31 3.443415863414645863e-30 9.999999999999972244e-01 7.804049639650485099e-31
4.797968382539411492e-01 9.852525159185855823e-32 2.641602317831317601e-31 2.672487674793821225e-30 1.000000000000001332e+00 4.046365726289503878e-31
4.797968382539414822e-01 6.500040721374961523e-32 2.060792231257988688e-31 2.262978410264381097e-30 9.999999999999994449e-01 5.285312577098647262e-31
4.802597945400279844e-01 1.427081610625183234e-31 3.379018293802259235e-31 1.820505539215854361e-30 1.000000000000000888e+00 5.117111756770220016e-31
4.802597945400291501e-01 7.639110582444500961e-32 2.902910770408833114e-31 2.411637807918236914e-30 9.999999999999998890e-01 4.252446473636739041e-31
4.821299346716818590e-01 1.176629635808381855e-31 2.823872732956207255e-31 2.168560006266594569e-30 9.999999999999992228e-01 2.471192900227238170e-31
4.821299346716844125e-01 2.927784733181444646e-31 6.596740611452276766e-31 6.960343213586120084e-30 9.999999999999978906e-01 5.571501729552242150e-31
4.894984259074255384e-01 1.920330700959687866e-31 6.893523083522814703e-31 3.595173213498179506e-30 1.000000000000000222e+00 3.053143121012914604e-31
4.894984259074259270e-01 8.703995121321590839e-32 2.817718651584276779e-31 2.305719473634313332e-30 1.000000000000001110e+00 1.268499858320823171e-31
4.907497524582080106e-01 5.870507019599925153e-32 3.007501652749582440e-31 3.510865338610875766e-30 1.000000000000000000e+00 1.951556453993896002e-31
4.907497524582100645e-01 9.252545754558631404e-32 2.203477638515546773e-31 2.302694449450587096e-30 9.999999999999994449e-01 1.897364802305783616e-31
4.917164705677778969e-01 1.233555659910690413e-31 3.704033587718009348e-31 3.517312921517364898e-30 9.999999999999994449e-01 9.702348823201250606e-31
4.917164705677786740e-01 1.069617654591105899e-31 2.818654169342696501e-31 2.505012926463780102e-30 9.999999999999997780e-01 2.707917060518825886e-31
4.924154305336594373e-01 9.844715112409738505e-32 3.204120382544659288e-31 2.389521448519502474e-30 9.999999999999996669e-01 3.666508144899202679e-31
4.924154305336608806e-01 6.230377536042378509e-32 2.945729193265219075e-31 3.682592848025093314e-30 9.999999999999997780e-01 1.836947603735418188e-31
4.934059777154631288e-01 1.085865471156718538e-31 4.355774200991780734e-31 3.148348428314410837e-30 1.000000000000000000e+00 7.333734821382589903e-31
4.934059777154643500e-01 1.296882143613452055e-31 3.006087742616052803e-31 3.012184415934385444e-30 1.000000000000000000e+00 2.901556063823748910e-31
4.936685457895301221e-01 5.414698116834162254e-32 2.567514322069079597e-31 3.185414092744170607e-30 9.999999999999990008e-01 6.362276698640152118e-31
4.936685457895321205e-01 1.101707443141659671e-31 2.857006817814481221e-31 2.873728353921536468e-30 9.999999999999995559e-01 4.823643688232311099e-31
4.955751920564794855e-01 1.172771476113528251e-31 2.912639844432180992e-31 2.039853281278768689e-30 1.000000000000000000e+00 2.686415500227068984e-31
4.955751920564803736e-01 1.197689172772352822e-31 3.336197828751641749e-31 3.139139054444571676e-30 1.000000000000000888e+00 4.828114013191490735e-31
4.957557241635511813e-01 1.035155325709901372e-31 4.122895287538127498e-31 2.808319997426418854e-30 1.000000000000000666e+00 1.084866543381203095e-30
4.957557241635529577e-01 1.261928315123568430e-31 2.906373402503860541e-31 2.307129816337813639e-30 9.999999999999998890e-01 3.264920319902243790e-31
4.964550054831299297e-01 8.312292513364647398e-32 2.930510816536553862e-31 3.635884634687613365e-30 1.000000000000000888e+00 1.095682338079372580e-30
4.964550054831310955e-01 1.703545755223155743e-31 4.714718310267062091e-31 2.328396210385384661e-30 1.000000000000000444e+00 3.664953495458891582e-31
4.986749464454469649e-01 1.140815324062349990e-31 2.863418728890273276e-31 3.447171167027572571e-30 1.000000000000000222e+00 2.979543101548393225e-31
4.986749464454469649e-01 8.933546702629468848e-32 2.269615415320925211e-31 3.070382425731469453e-30 1.000000000000000222e+00 1.773228445406864149e-30
5.001568091170613961e-01 1.387912623809087928e-31 3.759325026427808441e-31 3.402152516259439020e-30 1.000000000000000222e+00 8.212376669076438096e-31
5.001568091170619512e-01 9.224197697895041676e-32 3.197670460786092266e-31 3.266292108127883252e-30 9.999999999999998890e-01 2.880335739050239098e-30
5.019559512560602954e-01 1.691235157636981717e-31 4.271700007873965208e-31 2.975927397346815011e-30 9.999999999999996669e-01 1.035248654696272567e-30
5.019559512560612946e-01 8.151975597737361608e-32 4.050520035333345179e-31 5.896342172245897723e-30 9.999999999999988898e-01 4.084365723304327235e-31
5.024233884761909463e-01 1.636202986715936889e-31 4.700647628475128134e-31 4.368295961901468118e-30 1.000000000000000444e+00 2.266588735306292957e-31
5.024233884761925006e-01 1.058266721865278878e-31 3.360750697577523977e-31 3.968911653949466398e-30 9.999999999999995559e-01 2.751904072921613807e-31
5.069974238802110733e-01 1.151006336151074735e-31 2.966512836371326709e-31 3.246911695062316910e-30 9.999999999999996669e-01 4.944635740724260033e-31
5.069974238802121835e-01 1.049886759235602914e-31 3.323305976648181581e-31 3.413339928529548430e-30 1.000000000000000222e+00 7.665176675163980777e-31
5.080274368854081901e-01 1.208205189002528868e-31 4.383675232442186114e-31 3.990875274091000713e-30 9.999999999999995559e-01 1.515935396296658666e-30
5.080274368854094114e-01 1.271403721031060603e-31 4.231159534836389049e-31 3.131392745820918693e-30 9.999999999999995559e-01 6.420084435723165601e-31
5.083746377969686758e-01 1.216611854536443675e-31 5.051340496409566984e-31 3.330363750775021609e-30 1.000000000000000000e+00 3.393950478218148083e-30
5.083746377969707853e-01 1.244527114226586957e-31 3.236362269529111859e-31 3.167107452950995698e-30 9.999999999999995559e-01 2.993206953863406370e-31
5.103420039284661813e-01 1.064330825325389727e-31 4.401636926917297771e-31 3.821328133996202423e-30 1.000000000000000444e+00 1.406774854987109267e-30
5.103420039284680687e-01 1.800529910078396360e-31 4.377789316367693853e-31 4.925260080589710268e-30 1.000000000000000666e+00 2.625294730206869548e-31
5.115697112614731035e-01 2.068399899947770525e-31 7.297338591923862761e-31 3.863429503320981911e-30 1.000000000000000222e+00 4.967861487562046865e-30
5.115697112614733255e-01 1.674405179545386633e-31 5.186346927432263551e-31 3.754830340576507598e-30 9.999999999999996669e-01 1.311179651840762983e-30
5.123926275736604419e-01 9.690033395288317745e-32 4.745459390312163352e-31 3.430803703413520900e-30 1.000000000000000888e+00 2.192516387187134714e-30
5.123926275736611080e-01 1.578951767471688280e-31 4.230509521105485874e-31 4.377040606204503103e-30 9.999999999999995559e-01 4.775552982183453539e-31
5.137607050355749161e-01 2.498893222170283522e-31 5.936955654511685483e-31 3.659253262243362592e-30 9.999999999999988898e-01 9.969627695232228701e-31
5.137607050355752492e-01 1.415129997044891873e-31 4.021118229506075882e-31 4.108104412392062287e-30 1.000000000000000444e+00 5.691138145099864202e-31
5.151477828059014552e-01 1.339238681149308854e-31 4.988693856523741906e-31 3.995758969247341038e-30 1.000000000000000222e+00 4.072902312810905472e-31
5.151477828059042308e-01 1.662459466327021262e-31 4.624270955056816954e-31 5.102030821466375108e-30 1.000000000000000888e+00 7.053476439789456399e-31
5.186037800454108559e-01 1.663092697106351646e-31 3.574828561142467908e-31 3.298375515634242983e-30 1.000000000000001554e+00 1.929788860556106428e-31
5.186037800454117441e-01 7.430015029744941671e-32 2.499889139730840294e-31 2.626767174237783429e-30 1.000000000000000444e+00 4.623131512427491897e-31
5.212954833742464711e-01 1.492977548064049478e-31 5.650815702585735601e-31 3.241587550009833359e-30 1.000000000000002220e+00 3.075713623214430780e-31
5.212954833742471372e-01 1.416286509275990596e-31 3.351275545301236623e-31 3.691433280963959828e-30 9.999999999999998890e-01 6.997736931193148126e-31
5.233428344018616896e-01 1.882121539405874514e-31 4.155180659437441680e-31 3.531322497128724024e-30 1.000000000000000888e+00 5.966744808713325314e-31
5.233428344018650202e-01 1.451729266883493411e-31 4.731975225358634935e-31 3.909782863228416526e-30 9.999999999999997780e-01 1.991082339698109491e-30
