-5.298985361377567260e-01
-5.298985361377562819e-01
-5.296600935588127168e-01
-5.296600935588127168e-01
-5.291354072395944019e-01
-5.291354072395939578e-01
-5.289916305987505396e-01
-5.289916305987503176e-01
-5.286326114202271054e-01
-5.286326114202271054e-01
-5.276569972414302256e-01
-5.276569972414300036e-01
-5.271630978146767399e-01
-5.271630978146766289e-01
-5.263414507581065660e-01
-5.263414507581065660e-01
-5.259801682488289831e-01
-5.259801682488287611e-01
-5.255684740859167814e-01
-5.255684740859163373e-01
-5.249438863125834853e-01
-5.249438863125832633e-01
-5.246090767386802911e-01
-5.246090767386801801e-01
-5.240948228867934322e-01
-5.240948228867929881e-01
-5.234637256598144717e-01
-5.234637256598143606e-01
-5.233058935884199458e-01
-5.233058935884197238e-01
-5.232202821307082585e-01
-5.232202821307082585e-01
-5.221452066580047902e-01
-5.221452066580046791e-01
-5.215032710286293671e-01
-5.215032710286292561e-01
-5.213220572360961480e-01
-5.213220572360960370e-01
-5.200262388251086776e-01
-5.200262388251084555e-01
-5.197323472236554665e-01
-5.197323472236550224e-01
-5.190820051498876708e-01
-5.190820051498873378e-01
-5.186832923301946119e-01
-5.186832923301940568e-01
-5.184491469529186602e-01
-5.184491469529184382e-01
-5.183805614852760035e-01
-5.183805614852756705e-01
-5.176048263021167939e-01
-5.176048263021165718e-01
-5.170495686752097919e-01
-5.170495686752095699e-01
-5.170365254170312674e-01
-5.170365254170311564e-01
-5.163445338790925154e-01
-5.163445338790922934e-01
-5.162907530522516941e-01
-5.162907530522516941e-01
-5.160207121766750005e-01
-5.160207121766748894e-01
-5.157935832995327319e-01
-5.157935832995326209e-01
-5.149655747571572073e-01
-5.149655747571570963e-01
-5.145702964933777102e-01
-5.145702964933775991e-01
-5.141071381610597957e-01
-5.141071381610594626e-01
-5.139471863776851057e-01
-5.139471863776846616e-01
-5.137166072452837851e-01
-5.137166072452836740e-01
-5.135780726666111518e-01
-5.135780726666111518e-01
-5.131864652839666086e-01
-5.131864652839663865e-01
-5.131721215875630904e-01
-5.131721215875628683e-01
-5.129131121608787591e-01
-5.129131121608783150e-01
-5.126965274504970971e-01
-5.126965274504969861e-01
-5.117261143336517826e-01
-5.117261143336514495e-01
-5.110831889641735959e-01
-5.110831889641735959e-01
-5.104403170950541080e-01
-5.104403170950541080e-01
-5.100369155604089766e-01
-5.100369155604088656e-01
-5.100212948551313685e-01
-5.100212948551312575e-01
-5.090178113656292913e-01
-5.090178113656290693e-01
-5.085227978989045328e-01
-5.085227978989045328e-01
-5.072123630958527141e-01
-5.072123630958527141e-01
-5.070513879520035516e-01
-5.070513879520034406e-01
-5.068474598435787071e-01
-5.068474598435785961e-01
-5.062040144559836197e-01
-5.062040144559835086e-01
-5.061305933519468780e-01
-5.061305933519467670e-01
-5.060079816876019709e-01
-5.060079816876017489e-01
-5.049605411983120185e-01
-5.049605411983119074e-01
-5.035973416566925653e-01
-5.035973416566925653e-01
-5.035137656127167682e-01
-5.035137656127167682e-01
-5.026318428360914137e-01
-5.026318428360913027e-01
-5.020118909782954608e-01
-5.020118909782953498e-01
-5.014372551051941018e-01
-5.014372551051941018e-01
-5.002601988813319966e-01
-5.002601988813319966e-01
-4.997779889951348142e-01
-4.997779889951347587e-01
-4.993199540701123706e-01
-4.993199540701123706e-01
-4.989342776536428437e-01
-4.989342776536427881e-01
-4.984019988688171421e-01
-4.984019988688170866e-01
-4.983418508014177406e-01
-4.983418508014176851e-01
-4.981805985179930674e-01
-4.981805985179930119e-01
-4.973454516872086173e-01
-4.973454516872086173e-01
-4.966455287587712708e-01
-4.966455287587712153e-01
-4.962907136390144469e-01
-4.962907136390143359e-01
-4.955748248495799868e-01
-4.955748248495798203e-01
-4.946675193114105640e-01
-4.946675193114105085e-01
-4.944980908967230304e-01
-4.944980908967229194e-01
-4.941928496284357930e-01
-4.941928496284357930e-01
-4.939413840019880042e-01
-4.939413840019877822e-01
-4.932450916580861655e-01
-4.932450916580861100e-01
-4.924924979468134900e-01
-4.924924979468133235e-01
-4.911234181422438061e-01
-4.911234181422434730e-01
-4.910029208930428157e-01
-4.910029208930427047e-01
-4.905892987790627657e-01
-4.905892987790626547e-01
-4.904607416768076988e-01
-4.904607416768075323e-01
-4.899841715431886846e-01
-4.899841715431886291e-01
-4.899489817736739083e-01
-4.899489817736738528e-01
-4.892289605663875385e-01
-4.892289605663874275e-01
-4.881269234662626300e-01
-4.881269234662626300e-01
-4.878741561249403946e-01
-4.878741561249402281e-01
-4.878511350346411146e-01
-4.878511350346406705e-01
-4.865672372323579520e-01
-4.865672372323577854e-01
-4.862064213875205154e-01
-4.862064213875202934e-01
-4.857391424673356828e-01
-4.857391424673355718e-01
-4.852448842505578397e-01
-4.852448842505576732e-01
-4.850987271413639279e-01
-4.850987271413638169e-01
-4.849014624447718358e-01
-4.849014624447717248e-01
-4.842029218478338670e-01
-4.842029218478337560e-01
-4.841343725680266052e-01
-4.841343725680262722e-01
-4.837276650592461924e-01
-4.837276650592458593e-01
-4.834048221330517481e-01
-4.834048221330514705e-01
-4.829373398389019134e-01
-4.829373398389017469e-01
-4.821696154851880523e-01
-4.821696154851878302e-01
-4.818314683098180451e-01
-4.818314683098178230e-01
-4.810619140771728031e-01
-4.810619140771724700e-01
-4.807354170793166626e-01
-4.807354170793163295e-01
-4.806671363457309387e-01
-4.806671363457309387e-01
-4.800366462172748205e-01
-4.800366462172744320e-01
-4.788643965677092385e-01
-4.788643965677090164e-01
-4.781231496367877587e-01
-4.781231496367875922e-01
-4.777202524897081193e-01
-4.777202524897080638e-01
-4.774853691221025431e-01
-4.774853691221024321e-01
-4.774496879858627918e-01
-4.774496879858625698e-01
-4.766521632227503913e-01
-4.766521632227500582e-01
-4.751292765053158895e-01
-4.751292765053157785e-01
-4.749615734865409999e-01
-4.749615734865406114e-01
-4.748883976721369748e-01
-4.748883976721367528e-01
-4.747456256692954568e-01
-4.747456256692949572e-01
-4.745237248605206348e-01
-4.745237248605203018e-01
-4.737601156957385040e-01
-4.737601156957385040e-01
-4.734584828578439764e-01
-4.734584828578436433e-01
-4.731391466070842267e-01
-4.731391466070841156e-01
-4.728473917471714416e-01
-4.728473917471711641e-01
-4.723737390948127279e-01
-4.723737390948125614e-01
-4.713700604791942750e-01
-4.713700604791938864e-01
-4.708746467165301763e-01
-4.708746467165297878e-01
-4.705442773792850031e-01
-4.705442773792847255e-01
-4.700846231346178516e-01
-4.700846231346175741e-01
-3.127042531881008697e-02
-3.127042531880996901e-02
-2.645584656163355031e-02
-2.645584656163341500e-02
-2.302842127286164331e-02
-2.302842127286143514e-02
-2.287527676686160194e-02
-2.287527676686146663e-02
-2.085384609460276539e-02
-2.085384609460250172e-02
-2.001731430067172496e-02
-2.001731430067142312e-02
-1.639978855232052460e-02
-1.639978855232038235e-02
-1.142944957899865929e-02
-1.142944957899842337e-02
-8.048824077775733332e-03
-8.048824077775481797e-03
-6.127750489587907058e-03
-6.127750489587645982e-03
