-5.813930242412280736e-01
-5.813930242412277405e-01
-5.806898459157203707e-01
-5.806898459157201486e-01
-5.801317595714537978e-01
-5.801317595714535758e-01
-5.794820546222433366e-01
-5.794820546222431146e-01
-5.789240966576617575e-01
-5.789240966576614245e-01
-5.784321788671199505e-01
-5.784321788671195064e-01
-5.780724179455051237e-01
-5.780724179455050127e-01
-5.778704086366511783e-01
-5.778704086366505122e-01
-5.777929951984427381e-01
-5.777929951984426271e-01
-5.769930037405202050e-01
-5.769930037405199830e-01
-5.767970556270669569e-01
-5.767970556270665128e-01
-5.763534691362467433e-01
-5.763534691362462992e-01
-5.754781922045507647e-01
-5.754781922045505427e-01
-5.742748491334562777e-01
-5.742748491334561667e-01
-5.742463845167259384e-01
-5.742463845167257164e-01
-5.739133076044384829e-01
-5.739133076044380388e-01
-5.735430007646962203e-01
-5.735430007646962203e-01
-5.721524977655094713e-01
-5.721524977655094713e-01
-5.716362831927663812e-01
-5.716362831927660482e-01
-5.706505825802202780e-01
-5.706505825802199450e-01
-5.703400011697088434e-01
-5.703400011697085104e-01
-5.700406868193729215e-01
-5.700406868193724774e-01
-5.682803668672827824e-01
-5.682803668672826714e-01
-5.680485962333395866e-01
-5.680485962333395866e-01
-5.676846484477947596e-01
-5.676846484477943156e-01
-5.675908709892807380e-01
-5.675908709892804049e-01
-5.668537596908821419e-01
-5.668537596908816978e-01
-5.668052124839384476e-01
-5.668052124839381145e-01
-5.658635965294093184e-01
-5.658635965294089853e-01
-5.650377980320102633e-01
-5.650377980320099303e-01
-5.650048457507033106e-01
-5.650048457507030886e-01
-5.648680059180620772e-01
-5.648680059180617441e-01
-5.637119564377168768e-01
-5.637119564377168768e-01
-5.636035584116266817e-01
-5.636035584116265706e-01
-5.631612969648492895e-01
-5.631612969648492895e-01
-5.626061673324711521e-01
-5.626061673324711521e-01
-5.619135658934826250e-01
-5.619135658934825139e-01
-5.613337151762040067e-01
-5.613337151762038957e-01
-5.611062187407630519e-01
-5.611062187407629409e-01
-5.602764718622728068e-01
-5.602764718622726958e-01
-5.602688179806782909e-01
-5.602688179806781799e-01
-5.597888019830935535e-01
-5.597888019830935535e-01
-5.595760071830579996e-01
-5.595760071830578886e-01
-5.588324492423955014e-01
-5.588324492423952794e-01
-5.586834621054763694e-01
-5.586834621054762584e-01
-5.585740526778483206e-01
-5.585740526778482096e-01
-5.575468502492404443e-01
-5.575468502492403333e-01
-5.567902814042416937e-01
-5.567902814042414716e-01
-5.566712555151163144e-01
-5.566712555151162034e-01
-5.560768846195583981e-01
-5.560768846195581760e-01
-5.558195443377763612e-01
-5.558195443377762501e-01
-5.556412786649105318e-01
-5.556412786649105318e-01
-5.553808611835650000e-01
-5.553808611835648890e-01
-5.548907433821451685e-01
-5.548907433821451685e-01
-5.541516320421744357e-01
-5.541516320421744357e-01
-5.539469861106630644e-01
-5.539469861106628423e-01
-5.529837273699230726e-01
-5.529837273699230726e-01
-5.528424928951350958e-01
-5.528424928951350958e-01
-5.519297175287061208e-01
-5.519297175287060098e-01
-5.516523737236167513e-01
-5.516523737236167513e-01
-5.512300868796496944e-01
-5.512300868796496944e-01
-5.510508333342296616e-01
-5.510508333342295506e-01
-5.508906551301588905e-01
-5.508906551301588905e-01
-5.503259582776542924e-01
-5.503259582776542924e-01
-5.497528655384171792e-01
-5.497528655384170682e-01
-5.494370954453963174e-01
-5.494370954453963174e-01
-5.489817460553316764e-01
-5.489817460553315653e-01
-5.489106686769540389e-01
-5.489106686769539278e-01
-5.482638425054552345e-01
-5.482638425054551234e-01
-5.478878390554666744e-01
-5.478878390554666744e-01
-5.477842503341529001e-01
-5.477842503341529001e-01
-5.475699930826214423e-01
-5.475699930826213313e-01
-5.468337291312365123e-01
-5.468337291312364012e-01
-5.467649638410869706e-01
-5.467649638410868596e-01
-5.459272378070400000e-01
-5.459272378070400000e-01
-5.455996146629664700e-01
-5.455996146629664700e-01
-5.453856157658628634e-01
-5.453856157658627524e-01
-5.451976649582074286e-01
-5.451976649582074286e-01
-5.449550950373621694e-01
-5.449550950373619473e-01
-5.443787697007443915e-01
-5.443787697007441695e-01
-5.442581401423977061e-01
-5.442581401423975951e-01
-5.438400252910843280e-01
-5.438400252910842170e-01
-5.418885920230939179e-01
-5.418885920230939179e-01
-5.399255363982651268e-01
-5.399255363982650158e-01
-5.398095328503429435e-01
-5.398095328503429435e-01
-5.388620318339218951e-01
-5.388620318339217841e-01
-5.386471981140926735e-01
-5.386471981140926735e-01
-5.382397519725212742e-01
-5.382397519725210522e-01
-5.380519279090250073e-01
-5.380519279090248963e-01
-5.376156188984181350e-01
-5.376156188984176909e-01
-5.370453474029976970e-01
-5.370453474029974750e-01
-5.369953544834530357e-01
-5.369953544834529247e-01
-5.360686716769224036e-01
-5.360686716769218485e-01
-5.354802953889001849e-01
-5.354802953888996297e-01
-5.343132990176714392e-01
-5.343132990176713282e-01
-5.337922811970736703e-01
-5.337922811970734482e-01
-5.332868261587914160e-01
-5.332868261587913050e-01
-5.328435910811877285e-01
-5.328435910811872844e-01
-5.322392126912034449e-01
-5.322392126912034449e-01
-5.309238502657852576e-01
-5.309238502657852576e-01
-5.308063935741615946e-01
-5.308063935741612616e-01
-5.305567445653169845e-01
-5.305567445653166514e-01
-5.298985361377563930e-01
-5.298985361377561709e-01
-5.296600935588129389e-01
-5.296600935588128278e-01
-5.291354072395942909e-01
-5.291354072395941799e-01
-5.289916305987506506e-01
-5.289916305987504286e-01
-5.286326114202272164e-01
-5.286326114202269943e-01
-5.276569972414303367e-01
-5.276569972414303367e-01
-5.271630978146770730e-01
-5.271630978146768509e-01
-5.263414507581066770e-01
-5.263414507581065660e-01
-5.259801682488289831e-01
-5.259801682488286501e-01
-5.255684740859170034e-01
-5.255684740859165593e-01
-5.249438863125835963e-01
-5.249438863125834853e-01
-5.246090767386802911e-01
-5.246090767386801801e-01
-5.240948228867932102e-01
-5.240948228867929881e-01
-5.234637256598142496e-01
-5.234637256598141386e-01
-5.233058935884200569e-01
-5.233058935884200569e-01
-5.232202821307080365e-01
-5.232202821307079255e-01
-5.221452066580050122e-01
-5.221452066580047902e-01
-5.215032710286294781e-01
-5.215032710286292561e-01
-5.213220572360964811e-01
-5.213220572360961480e-01
-5.200262388251088996e-01
-5.200262388251086776e-01
-5.197323472236555775e-01
-5.197323472236551334e-01
-5.190820051498877818e-01
-5.190820051498873378e-01
-5.186832923301946119e-01
-5.186832923301942788e-01
-3.127042531881008697e-02
-3.127042531880996901e-02
-2.645584656163355031e-02
-2.645584656163341500e-02
-2.302842127286164331e-02
-2.302842127286143514e-02
-2.287527676686160194e-02
-2.287527676686146663e-02
-2.085384609460276539e-02
-2.085384609460250172e-02
-2.001731430067172496e-02
-2.001731430067142312e-02
-1.639978855232052460e-02
-1.639978855232038235e-02
-1.142944957899865929e-02
-1.142944957899842337e-02
-8.048824077775733332e-03
-8.048824077775481797e-03
-6.127750489587907058e-03
-6.127750489587645982e-03
