3.023923322891721166e-01
3.023923322891721166e-01
3.036454475450423574e-01
3.036454475450423574e-01
3.057326259190640827e-01
3.057326259190640827e-01
3.086518482009585895e-01
3.086518482009587006e-01
3.124002902317034036e-01
3.124002902317034036e-01
3.143119646030096415e-01
3.143119646030098080e-01
3.155650798588799377e-01
3.155650798588799932e-01
3.169743256357227534e-01
3.169743256357228089e-01
3.176522582329016631e-01
3.176522582329017741e-01
3.205714805147963364e-01
3.205714805147963364e-01
3.223695293291727881e-01
3.223695293291728436e-01
3.243199225455410395e-01
3.243199225455412060e-01
3.285806818009237573e-01
3.285806818009239239e-01
3.288939579495603893e-01
3.288939579495606669e-01
3.341652052967045705e-01
3.341652052967046260e-01
3.342891616430103685e-01
3.342891616430104795e-01
3.354183205525747002e-01
3.354183205525747558e-01
3.356017741621000194e-01
3.356017741621008521e-01
3.375054989265950933e-01
3.375054989265963146e-01
3.404247212084904883e-01
3.404247212084907104e-01
3.405003141147615042e-01
3.405003141147615042e-01
3.434260139592925087e-01
3.434260139592927308e-01
3.441731632392349138e-01
3.441731632392355800e-01
3.475214064759375443e-01
3.475214064759380994e-01
3.487471986432544302e-01
3.487471986432553739e-01
3.520458317458180497e-01
3.520458317458186048e-01
3.541424023367046869e-01
3.541424023367056861e-01
3.553456462731305887e-01
3.553456462731309773e-01
3.603535548084543239e-01
3.603535548084556561e-01
3.614528884046701585e-01
3.614528884046703805e-01
3.619328476420843876e-01
3.619328476420852758e-01
3.631859628979556831e-01
3.631859628979561272e-01
3.639654640596550750e-01
3.639654640596562962e-01
3.652731412719766313e-01
3.652731412719768533e-01
3.673746471696314186e-01
3.673746471696330285e-01
3.681923635538715822e-01
3.681923635538719708e-01
3.716380832160757208e-01
3.716380832160767200e-01
3.719408055846156191e-01
3.719408055846159522e-01
3.733725207185074613e-01
3.733725207185079054e-01
3.751988869668232973e-01
3.751988869668246296e-01
3.765148409886354686e-01
3.765148409886364678e-01
3.819100446820859474e-01
3.819100446820868910e-01
3.825915626618568988e-01
3.825915626618572873e-01
3.835577155299141339e-01
3.835577155299143559e-01
3.838187047533508367e-01
3.838187047533509477e-01
3.881211971538368610e-01
3.881211971538371941e-01
3.932257614122015577e-01
3.932257614122037226e-01
3.943027299580671441e-01
3.943027299580693645e-01
3.945111949756948122e-01
3.945111949756950898e-01
3.951422895150130676e-01
3.951422895150133452e-01
3.975880282385292341e-01
3.975880282385299558e-01
3.988411434943991418e-01
3.988411434943999190e-01
4.009283218684214778e-01
4.009283218684231986e-01
4.029665293122072778e-01
4.029665293122084435e-01
4.034109562236083413e-01
4.034109562236097846e-01
4.038475441503155405e-01
4.038475441503157626e-01
4.062223622719051130e-01
4.062223622719066674e-01
4.067602553067029003e-01
4.067602553067029003e-01
4.075959861810605767e-01
4.075959861810609652e-01
4.115863470987329298e-01
4.115863470987336514e-01
4.121700215850794269e-01
4.121700215850808147e-01
4.143644356693879094e-01
4.143644356693905184e-01
4.175652252785302943e-01
4.175652252785305163e-01
4.186798876205390929e-01
4.186798876205407027e-01
4.199520868565448373e-01
4.199520868565458365e-01
4.209934037575829846e-01
4.209934037575831511e-01
4.237763777502812079e-01
4.237763777502819851e-01
4.260756029656000976e-01
4.260756029656003196e-01
4.307974701114581917e-01
4.307974701114585248e-01
4.311785985689906009e-01
4.311785985689919887e-01
4.318717191703808078e-01
4.318717191703839720e-01
4.338654623625481932e-01
4.338654623625490814e-01
4.385331283142353542e-01
4.385331283142372971e-01
4.386217099086506255e-01
4.386217099086521243e-01
4.410962530015605232e-01
4.410962530015635208e-01
4.421320780147690588e-01
4.421320780147717788e-01
4.423493682574318187e-01
4.423493682574322627e-01
4.444365466314538216e-01
4.444365466314540991e-01
4.457850946763873279e-01
4.457850946763877165e-01
4.472415276951767771e-01
4.472415276951772212e-01
4.473557689133483839e-01
4.473557689133490500e-01
4.484869215324954750e-01
4.484869215324961411e-01
4.511042109440938086e-01
4.511042109440951409e-01
4.517249598640757924e-01
4.517249598640776242e-01
4.538432453109813025e-01
4.538432453109826348e-01
4.556782463481129919e-01
4.556782463481132694e-01
4.566485843540282197e-01
4.566485843540289413e-01
4.604065538463331109e-01
4.604065538463345542e-01
4.610734500415636372e-01
4.610734500415639703e-01
4.638023190489475311e-01
4.638023190489479197e-01
4.656383353700815908e-01
4.656383353700820349e-01
4.663007706596168922e-01
4.663007706596173918e-01
4.668337791654351698e-01
4.668337791654353364e-01
4.672846025133141068e-01
4.672846025133146064e-01
4.743056948744908130e-01
4.743056948744911461e-01
4.757219513627842788e-01
4.757219513627848895e-01
4.777872586112134057e-01
4.777872586112142939e-01
4.794926022094596618e-01
4.794926022094611606e-01
4.797968382539411492e-01
4.797968382539414822e-01
4.802597945400279844e-01
4.802597945400291501e-01
4.821299346716818590e-01
4.821299346716844125e-01
4.894984259074255384e-01
4.894984259074259270e-01
4.907497524582080106e-01
4.907497524582100645e-01
4.917164705677778969e-01
4.917164705677786740e-01
4.924154305336594373e-01
4.924154305336608806e-01
4.934059777154631288e-01
4.934059777154643500e-01
4.936685457895301221e-01
4.936685457895321205e-01
4.955751920564794855e-01
4.955751920564803736e-01
4.957557241635511813e-01
4.957557241635529577e-01
4.964550054831299297e-01
4.964550054831310955e-01
4.986749464454469649e-01
4.986749464454469649e-01
5.001568091170613961e-01
5.001568091170619512e-01
5.019559512560602954e-01
5.019559512560612946e-01
5.024233884761909463e-01
5.024233884761925006e-01
5.069974238802110733e-01
5.069974238802121835e-01
5.080274368854081901e-01
5.080274368854094114e-01
5.083746377969686758e-01
5.083746377969707853e-01
5.103420039284661813e-01
5.103420039284680687e-01
5.115697112614731035e-01
5.115697112614733255e-01
5.123926275736604419e-01
5.123926275736611080e-01
5.137607050355749161e-01
5.137607050355752492e-01
5.151477828059014552e-01
5.151477828059042308e-01
5.186037800454108559e-01
5.186037800454117441e-01
5.212954833742464711e-01
5.212954833742471372e-01
5.233428344018616896e-01
5.233428344018650202e-01
