-9.958521070223844140e-02
-9.958521070223839977e-02
-3.127042531881008697e-02
-3.127042531880996901e-02
-2.645584656163355031e-02
-2.645584656163341500e-02
-2.302842127286164331e-02
-2.302842127286143514e-02
-2.287527676686160194e-02
-2.287527676686146663e-02
-2.085384609460276539e-02
-2.085384609460250172e-02
-2.001731430067172496e-02
-2.001731430067142312e-02
-1.639978855232052460e-02
-1.639978855232038235e-02
-1.142944957899865929e-02
-1.142944957899842337e-02
-8.048824077775733332e-03
-8.048824077775481797e-03
-6.127750489587907058e-03
-6.127750489587645982e-03
