-3.868925337810553144e-01
-3.868925337810549814e-01
-3.859059071091766047e-01
-3.859059071091763826e-01
-3.851158322956417246e-01
-3.851158322956414470e-01
-3.850019863713867174e-01
-3.850019863713864954e-01
-3.840951557679639361e-01
-3.840951557679638251e-01
-3.839618041984196872e-01
-3.839618041984194097e-01
-3.837213326183709916e-01
-3.837213326183707696e-01
-3.833478187385250258e-01
-3.833478187385245262e-01
-3.825681846884672610e-01
-3.825681846884670945e-01
-3.809347031026811825e-01
-3.809347031026811270e-01
-3.804039659842158860e-01
-3.804039659842156640e-01
-3.803853350585339466e-01
-3.803853350585337245e-01
-3.801707337404037212e-01
-3.801707337404035547e-01
-3.795223875380383527e-01
-3.795223875380380196e-01
-3.787124174564855950e-01
-3.787124174564853729e-01
-3.784854492290911643e-01
-3.784854492290907202e-01
-3.780434888757813749e-01
-3.780434888757810974e-01
-3.769092389440934499e-01
-3.769092389440932278e-01
-3.763034258102720964e-01
-3.763034258102715968e-01
-3.753947410199801049e-01
-3.753947410199795498e-01
-3.753746795062392061e-01
-3.753746795062389841e-01
-3.752265470760658972e-01
-3.752265470760657307e-01
-3.748273319015426042e-01
-3.748273319015423266e-01
-3.743598757619793771e-01
-3.743598757619789885e-01
-3.736346915165761340e-01
-3.736346915165758009e-01
-3.733111259839098639e-01
-3.733111259839095863e-01
-3.730670486603137048e-01
-3.730670486603132607e-01
-3.727552492371188908e-01
-3.727552492371188353e-01
-3.722968210432930358e-01
-3.722968210432928693e-01
-3.721306686306720124e-01
-3.721306686306719014e-01
-3.714151283829864592e-01
-3.714151283829863481e-01
-3.707757287558987591e-01
-3.707757287558986481e-01
-3.697753250167007399e-01
-3.697753250167002959e-01
-3.684398951603229944e-01
-3.684398951603227168e-01
-3.672254022284944797e-01
-3.672254022284943131e-01
-3.670650265170986581e-01
-3.670650265170984361e-01
-3.656279887187339761e-01
-3.656279887187338096e-01
-3.654869564125320935e-01
-3.654869564125320380e-01
-3.653819578090564124e-01
-3.653819578090560793e-01
-3.648254950435527721e-01
-3.648254950435527166e-01
-3.640948920337055972e-01
-3.640948920337052641e-01
-3.639221294587704492e-01
-3.639221294587703381e-01
-3.616191587163172239e-01
-3.616191587163170018e-01
-3.616087692499820316e-01
-3.616087692499820316e-01
-3.605683149418983935e-01
-3.605683149418982825e-01
-3.599116993228215766e-01
-3.599116993228212991e-01
-3.596888581839922661e-01
-3.596888581839920995e-01
-3.592468114890579045e-01
-3.592468114890577935e-01
-3.590642293783986028e-01
-3.590642293783984917e-01
-3.588696993921381972e-01
-3.588696993921380862e-01
-3.576311587755321431e-01
-3.576311587755317545e-01
-3.571400834344704567e-01
-3.571400834344704012e-01
-3.560326898584838529e-01
-3.560326898584836308e-01
-3.556646167200694930e-01
-3.556646167200693265e-01
-3.556253522082921115e-01
-3.556253522082921115e-01
-3.551737284092507108e-01
-3.551737284092507108e-01
-3.551487740125382486e-01
-3.551487740125382486e-01
-3.542735221415189706e-01
-3.542735221415188596e-01
-3.539887621973080711e-01
-3.539887621973079046e-01
-3.519767771265807643e-01
-3.519767771265807088e-01
-3.517346265114314474e-01
-3.517346265114313919e-01
-3.501672471829842537e-01
-3.501672471829841982e-01
-3.497720156761875421e-01
-3.497720156761874866e-01
-3.496323405322251388e-01
-3.496323405322251388e-01
-3.480514474788971024e-01
-3.480514474788969359e-01
-3.475184740595626542e-01
-3.475184740595624322e-01
-3.471410074355499309e-01
-3.471410074355499309e-01
-3.470271794724160697e-01
-3.470271794724159586e-01
-3.466547242035503684e-01
-3.466547242035503129e-01
-3.450185471531375114e-01
-3.450185471531374004e-01
-3.446060380729557560e-01
-3.446060380729555339e-01
-3.444832499609615239e-01
-3.444832499609614129e-01
-3.441236187468644792e-01
-3.441236187468641461e-01
-3.439853739181674697e-01
-3.439853739181670811e-01
-3.437253922079405166e-01
-3.437253922079404611e-01
-3.426444430776945937e-01
-3.426444430776945937e-01
-3.419987067101141198e-01
-3.419987067101139533e-01
-3.419883397108649525e-01
-3.419883397108647305e-01
-3.412538516543874856e-01
-3.412538516543873746e-01
-3.408040533241620262e-01
-3.408040533241618042e-01
-3.405284755681479703e-01
-3.405284755681479147e-01
-3.391396786950762743e-01
-3.391396786950762188e-01
-3.386859283801858522e-01
-3.386859283801857967e-01
-3.382075790075602661e-01
-3.382075790075600441e-01
-3.369342168991081854e-01
-3.369342168991080189e-01
-3.363771458344274601e-01
-3.363771458344272935e-01
-3.363428779233134103e-01
-3.363428779233132992e-01
-3.361137798256937370e-01
-3.361137798256936260e-01
-3.358677910034414960e-01
-3.358677910034412739e-01
-3.348018021283804546e-01
-3.348018021283804546e-01
-3.347595482476397599e-01
-3.347595482476397044e-01
-3.325969196326164501e-01
-3.325969196326163946e-01
-3.324516879099985722e-01
-3.324516879099983502e-01
-3.321624549369678325e-01
-3.321624549369673329e-01
-3.316835325009332980e-01
-3.316835325009327984e-01
-3.307788936973258820e-01
-3.307788936973253824e-01
-3.299408430202793174e-01
-3.299408430202792064e-01
-3.288755088684723327e-01
-3.288755088684719441e-01
-3.276747768056369470e-01
-3.276747768056367249e-01
-3.276253804670402059e-01
-3.276253804670399838e-01
-3.274069663769261784e-01
-3.274069663769255123e-01
-3.265009212064119426e-01
-3.265009212064117761e-01
-3.263540334434805734e-01
-3.263540334434801293e-01
-3.258407403599802299e-01
-3.258407403599801744e-01
-3.251654459667590591e-01
-3.251654459667586705e-01
-3.246652123261456468e-01
-3.246652123261452028e-01
-3.244170904489301899e-01
-3.244170904489299678e-01
-3.221014416801261659e-01
-3.221014416801258884e-01
-3.212630663203416836e-01
-3.212630663203413506e-01
-3.209810176590274233e-01
-3.209810176590268682e-01
-3.189282343189409064e-01
-3.189282343189407953e-01
-3.184993771284771458e-01
-3.184993771284767572e-01
-3.183983489213072504e-01
-3.183983489213068618e-01
-3.178013611687316997e-01
-3.178013611687312556e-01
-3.171536248543177505e-01
-3.171536248543175840e-01
-3.165859095674535828e-01
-3.165859095674530277e-01
-3.164307136759413885e-01
-3.164307136759413330e-01
-3.163854775194508417e-01
-3.163854775194505642e-01
-3.163752701226681951e-01
-3.163752701226676955e-01
-3.147465677881721713e-01
-3.147465677881721158e-01
-3.144480606261099154e-01
-3.144480606261095268e-01
-3.131179191171290510e-01
-3.131179191171287179e-01
-3.129331593707829207e-01
-3.129331593707829207e-01
-3.125070686135763554e-01
-3.125070686135759668e-01
-3.124353009574668549e-01
-3.124353009574660778e-01
-3.127042531881008697e-02
-3.127042531880996901e-02
-2.645584656163355031e-02
-2.645584656163341500e-02
-2.302842127286164331e-02
-2.302842127286143514e-02
-2.287527676686160194e-02
-2.287527676686146663e-02
-2.085384609460276539e-02
-2.085384609460250172e-02
-2.001731430067172496e-02
-2.001731430067142312e-02
-1.639978855232052460e-02
-1.639978855232038235e-02
-1.142944957899865929e-02
-1.142944957899842337e-02
-8.048824077775733332e-03
-8.048824077775481797e-03
-6.127750489587907058e-03
-6.127750489587645982e-03
