3.576529787995523513e-02 6.410772121351918096e-02 1.005612654269385925e-01 3.013552491258071342e-01 6.010185750214824818e-02 4.359455216612649342e-01 1.945249054049057334e-31 1.747664903834177959e-31 1.410723301812839272e-03 7.523638885547703770e-04
6.020253709445808066e-02 3.967048199897822702e-02 2.736886848694969343e-01 1.282278296832987941e-01 3.841595931525578766e-01 1.118877860108403732e-01 9.369111310429499660e-32 8.063645463349385071e-32 8.430764820056297487e-04 1.320010708361696707e-03
8.986640407738868963e-02 1.157898184460508656e-01 2.203954043402319984e-01 3.800323220042403638e-01 1.152516445346456198e-01 7.458141479488471226e-02 2.262416127450407434e-31 1.913645546675823083e-31 1.756919308490866114e-03 2.326072494066308907e-03
1.460066015023219199e-01 5.964962102110994702e-02 5.661078921518862828e-01 3.431983419256574158e-02 2.717548703336472582e-02 1.626575722961950965e-01 2.561156231479708763e-31 2.358190148028917246e-31 2.989487354844788843e-03 1.093504447711960738e-03
6.434083834498507959e-02 5.349174540884370221e-02 2.834574987488567843e-01 2.093798937388535175e-01 2.129464900117733206e-01 1.741448457092359958e-01 6.052591232605855985e-32 5.582284819393096624e-32 1.178093105514436880e-03 1.060594931937548606e-03
5.928490145387121241e-02 5.854768229999574025e-02 2.489355623822476216e-01 2.439018301054766691e-01 1.948639953719699114e-01 1.922273403489861976e-01 6.241454456454150456e-32 5.913212952868273372e-32 1.123336145285129799e-03 1.115351892167677945e-03
8.035568478987091534e-02 1.189154244403032717e-01 1.402753834513121300e-01 3.377975544316054179e-01 1.619683792380902654e-01 1.573290341406469728e-01 4.932366122434874876e-32 4.490592354170865897e-32 1.367065466538951342e-03 1.991474041631604869e-03
1.001170583006405213e-01 9.915405092935514197e-02 2.415029703801383210e-01 2.365699675027107540e-01 1.595907741985930217e-01 1.597066391803943497e-01 1.875327629281979419e-31 1.726948192591409300e-31 1.687066877015085857e-03 1.671472631151594982e-03
1.128108530264334691e-01 1.123197813257411914e-01 1.214238540499958385e-01 1.411579405970473378e-01 2.654744303130782135e-01 2.384826422581733107e-01 6.224294294950347739e-32 5.905300216697370230e-32 5.335373621488811828e-03 2.995124808041576409e-03
1.126800388152490451e-01 1.124505955369158039e-01 1.266807217564682453e-01 1.359010728905753196e-01 2.582842186644287441e-01 2.456728539068335493e-01 1.017390274735579259e-31 8.660336449388686792e-32 4.711966078242078339e-03 3.618532351288198008e-03
7.998473598590501166e-02 1.088850667972210001e-01 1.193641354997685283e-01 4.040951556436750414e-01 2.067211195271088375e-01 7.476891739122949743e-02 1.935425830021851604e-31 1.650552841551203468e-31 2.784439014955048149e-03 3.396430140140499227e-03
9.864151506522254864e-02 9.022828771790486480e-02 3.031739255860950166e-01 2.202853655573526193e-01 1.215385968649531356e-01 1.599514400533779412e-01 1.883319023378998842e-31 1.791687294873720463e-31 3.179513496822931884e-03 3.001355658272454596e-03
1.157297548135471088e-01 1.579586670134549842e-01 1.320645922251245108e-01 1.366671918308052236e-01 2.365489987889134449e-01 2.100706455232269065e-01 3.780028676020569302e-32 3.274147547054746284e-32 6.588536195291914456e-03 4.371613609635484343e-03
9.357825341098081895e-02 1.801101684160108518e-01 1.296502631243055537e-01 1.390815209316233758e-01 2.504384230943816347e-01 1.961812212177708181e-01 3.499685629118385320e-32 3.033581661096679686e-32 7.751440026037600094e-03 3.208709778889240992e-03
2.159535211647067576e-01 1.269709843750840561e-01 1.372811562610890546e-01 1.991146074577008207e-01 1.204893110901914394e-01 1.943852936378538121e-01 1.940907052173734125e-31 1.742180841140077297e-31 3.454184146744793300e-03 2.350941866629333021e-03
1.448197692046218621e-01 1.981047363351658708e-01 1.867115899051141892e-01 1.496841738136761579e-01 1.795626830465441581e-01 1.353119216815039105e-01 2.284231029197595847e-31 2.035016234440320910e-31 2.572238480358968443e-03 3.232887533014962723e-03
1.108225293377077258e-01 1.205859851789460591e-01 2.354486659312783892e-01 1.893005907974279478e-01 1.680180718150115216e-01 1.686911647964984828e-01 1.347914540510520431e-31 1.242018484201348355e-31 3.101808883243927818e-03 4.031183259885808001e-03
1.166626278043641218e-01 1.147458867123231641e-01 2.078447818957410154e-01 2.169044748329620464e-01 1.684206884041375141e-01 1.682885482073412098e-01 1.479855957141572620e-31 1.192093521420861176e-31 3.657722481894382441e-03 3.475269661236740724e-03
7.954248146771464301e-02 8.947509078044219022e-02 1.832011220870359280e-01 1.771104660418845178e-01 1.991447802746629248e-01 2.665215505335645219e-01 1.052306455472115932e-31 8.953565489796807837e-32 2.393228069037630495e-03 2.611280745657904891e-03
7.978779940699767814e-02 8.922977284111328899e-02 1.830506936202445090e-01 1.772608945086657228e-01 2.008088677180543125e-01 2.648574630902313931e-01 1.025418149205093653e-31 9.986446430009527888e-32 2.398613585732695813e-03 2.605895228961184647e-03
9.620419614494608862e-02 5.380453439081656075e-02 1.153522642288971334e-01 9.515874779468710964e-02 1.164624823154339767e-01 5.164326037264433955e-01 3.595328560140797658e-31 3.260350283650166871e-31 3.964910341838557770e-03 2.620261056936587854e-03
7.004747770801601769e-02 7.996125282773175469e-02 1.028947091030238958e-01 1.076163029205841615e-01 3.632075131978279581e-01 2.696875728440424891e-01 1.018912624683623724e-31 9.598836430150897610e-32 3.135384555865399891e-03 3.449786842908682347e-03
7.384492238388556951e-02 8.254767221215485173e-02 1.717610132159939629e-01 1.635838860005956463e-01 3.068238977853783300e-01 1.976943459991944985e-01 7.807247783203701554e-32 7.085765214594946097e-32 1.531555818531772509e-03 2.212706584265729595e-03
7.462227142014507542e-02 8.177032317586091503e-02 1.710306139644254264e-01 1.643142852521091712e-01 2.970762026793433708e-01 2.074420411053197744e-01 1.256762299275071265e-31 1.214414637134172004e-31 1.592397725026726109e-03 2.151864677770078636e-03
8.838830115120849262e-02 8.577112887570745303e-02 3.565855442050412383e-01 3.451744762389823418e-01 6.108763577611085738e-02 5.981897192647434719e-02 4.562259104938732784e-32 4.084396872598047426e-32 1.605291039641327556e-03 1.568650786833984461e-03
9.553665455728108102e-02 7.862277546963271357e-02 3.877529027032337594e-01 3.140071177407897651e-01 6.455277165412580398e-02 5.635383604846216921e-02 3.844020352000439975e-32 3.587072600097412829e-32 1.705367552909809467e-03 1.468574273565511441e-03
8.374916314248724569e-02 1.112362127306328607e-01 1.907016394525079539e-01 1.614504544463984947e-01 2.781932538766181962e-01 1.606499912800763430e-01 6.273005518341542417e-32 5.703905417717036093e-32 5.256416729397653254e-03 8.762868341880791084e-03
1.000867875968763504e-01 9.489858827623115500e-02 1.733154564086392402e-01 1.788366374903146705e-01 2.083284371639478327e-01 2.305148079927120119e-01 3.661370615756664649e-32 3.385695864564924438e-32 7.340565100016262917e-03 6.678719971261793710e-03
2.843881874203813692e-02 1.785655880780048776e-01 1.412956132994061531e-01 2.040904230491792926e-01 1.507834265847011745e-01 2.933945090645770359e-01 2.987393572425705130e-31 2.560710481978848162e-31 1.778072794998552348e-03 1.653548387094719904e-03
1.377196571566940142e-01 6.928474966334897955e-02 1.870054456490926054e-01 1.583805906995172375e-01 2.545934181641724137e-01 1.895845174850809833e-01 5.293166539392399508e-31 4.445572549507733155e-31 1.687428523100738438e-03 1.744192658992478086e-03
1.749267737626640784e-01 8.897109204650210934e-02 1.941258130805764148e-01 1.512982573415131149e-01 2.407706123514311569e-01 1.438845017340406041e-01 5.550807857329721405e-32 5.298570511410096734e-32 3.731716049670387534e-03 2.291233633602235507e-03
5.374131052399093444e-02 2.101565552851492047e-01 1.337449624143662308e-01 2.116791080077810028e-01 1.041747764258788289e-01 2.804803376595633169e-01 5.928834280844570710e-32 5.761901189651242301e-32 1.700837748282886790e-03 4.322111934987972470e-03
2.867022202461747549e-01 1.484873311414102171e-01 2.088360972788638192e-01 1.183401744940719147e-01 1.272387742004672251e-01 9.002715441417018238e-02 7.021277542847398105e-32 6.799221645219032290e-32 7.016977528351979985e-03 1.335127069648912868e-02
1.201098458480516495e-01 3.150797055395189172e-01 9.976007263553350601e-02 2.274161991374005209e-01 8.238707887623132609e-02 1.348788497384227347e-01 1.530540626171697268e-31 1.369461473433583080e-31 1.465179130166257421e-02 5.716456923177650612e-03
1.150032691507063831e-01 7.433060163978690016e-02 1.312364384233900005e-01 1.817213166180825512e-01 2.777806041943327031e-01 2.156417433657918381e-01 5.483421488635762525e-32 5.089620078401268779e-32 2.118758432661345652e-03 2.167268175247432423e-03
6.033981756532659502e-02 1.289940532251704908e-01 1.990873531500406690e-01 1.138704018914285243e-01 1.942669126087334108e-01 2.991554349513906863e-01 2.292306194719570055e-32 2.067263027952253078e-32 2.183954794924479210e-03 2.102071812984222104e-03
4.102202469543526561e-03 1.809717222781147827e-01 8.828020064146348614e-03 7.927884960859378216e-01 8.617277931187966589e-03 1.494539438059234960e-03 2.536603140744256463e-31 2.014411751808578065e-31 1.382569639917547333e-04 3.059484769017984176e-03
1.198417095622155287e-01 6.523221518544321251e-02 5.218344395597315222e-01 2.797820765903524243e-01 3.956315187370522055e-03 6.155502181877308548e-03 1.115394032050542151e-31 9.403608450590876842e-32 2.049843915915881744e-03 1.147897817093921973e-03
1.091250421561762024e-01 1.047469202875632721e-01 1.519537811117895043e-01 1.599596811406368557e-01 2.684065803570206965e-01 2.001204236197422215e-01 7.195503347764819332e-32 6.549150268695386664e-32 2.598723048254161783e-03 3.088848278816327605e-03
1.063316009534910622e-01 1.075403614902280119e-01 1.570619100483859054e-01 1.548515522040449788e-01 2.248369015023795325e-01 2.436901024744007604e-01 4.694968561214060688e-32 4.085965710470906590e-32 2.911445273584372957e-03 2.776126053485992833e-03
1.259302984085610699e-01 1.485351387488539343e-01 1.849425065314328764e-01 1.939836941033615814e-01 1.619034236938589610e-01 1.802240084900124661e-01 5.744202659302574957e-32 4.923022955193768926e-32 2.143242109765988463e-03 2.337687914154058192e-03
1.217024133540793029e-01 1.527630238034479726e-01 1.832514925169925479e-01 1.956747081177542813e-01 1.584768422412974609e-01 1.836505899425065202e-01 5.795448078182654351e-32 5.016078818951829119e-32 2.106874035588429672e-03 2.374055988332860780e-03
1.439168000108392298e-01 1.119397116854901897e-01 1.560964376228784478e-01 1.995210601646678350e-01 1.935218741039958501e-01 1.901956707398800017e-01 6.723877552313314375e-32 6.192892678097837903e-32 2.423852831052989223e-03 2.384592841196475806e-03
9.591804776589508974e-02 1.599384639304788913e-01 2.212783477926804632e-01 1.343391499948549672e-01 1.885291239960614207e-01 1.951884208477787097e-01 4.041103371536365581e-32 3.752482481604704078e-32 2.364922183364101885e-03 2.443523488885426028e-03
7.611959487820299519e-02 1.023252871134929104e-01 2.192965233127922020e-01 1.425370872661655686e-01 2.525366870690672338e-01 2.001206745416755639e-01 4.384194492271407595e-32 3.528692439592008869e-32 2.958315789886646098e-03 4.105830028714185093e-03
1.192553197499546247e-01 5.918956224169665686e-02 9.294710712897615024e-02 2.688865034499693385e-01 1.662576193399778746e-01 2.863997422708249863e-01 4.186138819216029143e-32 3.642908157676886037e-32 4.847174822803402769e-03 2.216970995795502879e-03
5.024702851434888207e-02 5.546807310788195305e-02 4.026744062122807055e-02 5.172455643340443526e-02 6.434913397992755302e-01 1.553925940152715568e-01 3.680126482217924062e-32 3.311341211285248755e-32 1.771002439037054361e-03 1.637965069552192038e-03
5.673983460587735117e-02 4.897526701637690272e-02 5.451532339718521275e-02 3.747667365745473156e-02 3.649968264691041964e-02 7.623842511676051092e-01 2.917472477586725716e-32 2.608996809013491199e-32 1.605559331337818620e-03 1.803408177251803130e-03
1.807014434174267214e-01 2.919390485695631532e-01 1.331098160734247027e-01 1.175522939986716892e-01 1.368323045742155242e-01 1.231354565134400864e-01 2.118845380395728890e-32 1.997755992556195209e-32 6.277632816642614647e-03 1.045200403661490987e-02
3.627541586114368388e-01 1.098863333756168459e-01 1.076482005385601681e-01 1.430139095334954646e-01 1.144158890495272501e-01 1.455518720381014652e-01 8.652260173100330410e-32 8.567028847533373754e-32 1.310945568611552800e-02 3.620181167145801633e-03
4.140260661970850825e-02 3.957216907354762364e-02 1.075941011278318815e-01 1.096020150827935608e-01 3.623382600250441010e-01 3.369425016682845442e-01 4.321374188625528492e-32 3.536631646617390869e-32 1.256296494878689739e-03 1.292049907911226861e-03
4.702173873206293153e-02 3.395303696119195830e-02 1.014301466095210713e-01 1.157659696010998052e-01 4.402989211792106561e-01 2.589818405141241509e-01 4.093418312578891716e-32 3.526634708712130360e-32 1.146539594557458193e-03 1.401806808232341746e-03
1.077543292912839790e-01 7.317506900567699590e-02 1.890130360356185868e-01 1.525947729300617117e-01 3.244897589619150646e-01 1.489522815040421055e-01 2.770382283462408204e-32 2.422732319491326307e-32 1.859712941497402520e-03 2.161039329903770116e-03
7.102583140492024771e-02 1.099035668920461672e-01 1.503312340407419179e-01 1.912765749249263625e-01 1.380419339782935906e-01 3.354001064876688254e-01 3.779412249436210695e-32 3.478626027052058168e-32 2.179767955059990717e-03 1.840984316341050296e-03
4.172255432622893889e-01 1.070348592576715052e-01 1.810009933654257996e-01 1.504745615271514125e-01 6.055047498288940871e-02 6.767962963052298608e-02 9.698305584288434143e-32 9.307903224957319196e-32 7.576521406308661319e-03 8.457416567739786326e-03
9.516162603350969418e-02 4.290987764864261367e-01 1.493060949567605045e-01 1.821694599358197331e-01 6.795251376338937166e-02 6.027759085004683048e-02 1.296021061594269380e-31 1.166143961650465808e-31 8.491134774754856632e-03 7.542803199291393985e-03
9.734648529301839770e-02 7.351303108511231255e-02 2.739924393453068707e-01 1.388613834296868743e-01 2.738600043959775743e-01 1.389513545633555003e-01 1.126758744278746287e-31 1.116217216471210881e-31 2.034395737937632915e-03 1.440906149604419826e-03
7.201683094302284427e-02 9.884268543509686089e-02 1.303782192479608637e-01 2.824756035270346577e-01 1.304821524372926367e-01 2.823292065220495695e-01 1.357485024782531998e-31 1.200061045945742487e-31 1.403648469763258853e-03 2.071653417779397571e-03
2.088084805783042008e-01 1.623610418523208088e-01 2.402835019832207653e-01 2.465664400290163427e-01 7.165753251945421176e-02 6.142142894533930697e-02 1.307556130530298585e-31 1.144732860596301389e-31 4.178539159340143722e-03 4.723034933004010075e-03
2.623658190662066514e-01 1.088037033644031065e-01 2.330388088667230684e-01 2.538111331455233932e-01 8.346051840960408419e-02 4.961844305519671344e-02 1.011448623625648706e-31 8.656357739148981031e-32 3.550695186555516674e-03 5.350878905787384218e-03
5.439899450611267173e-02 4.773205271807371974e-01 2.264658155543703977e-01 6.616933641610421579e-02 7.457533882538230907e-02 9.349677149647633856e-02 2.862716065320776168e-32 2.818824953784863531e-32 4.287226853516838687e-03 3.285989167300963892e-03
4.323222725868952621e-01 9.939724909996223989e-02 8.322465571646214810e-02 2.094104962540082882e-01 9.148355774680047570e-02 7.658855257505325920e-02 3.817825471183187467e-32 3.677498620722527576e-32 3.392519444982717864e-03 4.180696575835897433e-03
1.986697983607162710e-01 2.247294039453768266e-01 1.747884626108287265e-01 1.604130227697659339e-01 1.158673943794156086e-01 1.201366431564301618e-01 1.020873123938890275e-31 8.860093493622668318e-32 2.754199443889532480e-03 2.641075333578381604e-03
3.387875424135999847e-01 8.461165989247480812e-02 9.749434571570710084e-02 2.377071396648849921e-01 1.388223660305477891e-01 9.718167150531931142e-02 1.142802882951688511e-31 9.660975774695187511e-32 2.145951744846878728e-03 3.249323032620832826e-03
5.001474707296671429e-02 9.243628648027310546e-02 1.332680183098494953e-01 2.319810323100145177e-01 1.534285538764715295e-01 3.364785854174899837e-01 7.230490438116512088e-32 6.036941112367042644e-32 1.361337021358028200e-03 1.031439511576625126e-03
9.251406090589692210e-02 4.993697264734059393e-02 2.321620098999974124e-01 1.330870407198666283e-01 3.368141840605485826e-01 1.530929552334152899e-01 8.361429180930317551e-32 6.941090998480463237e-32 1.030834687006464741e-03 1.361941845928190320e-03
2.206652949930711372e-01 9.567594468530840612e-02 1.665131399918752531e-01 9.442684087308272911e-02 2.089509075657038639e-01 2.075107576132410037e-01 1.099734630275292809e-32 1.065556707708484199e-32 2.310747086526116715e-03 3.946367191191630340e-03
7.103141777353902397e-02 2.453098219047861739e-01 8.021336801135879602e-02 1.807266128536179073e-01 2.072267989066254867e-01 2.092348662723549912e-01 1.238113668422121496e-32 1.207784463887790771e-32 4.268867336904650853e-03 1.988246940812473003e-03
1.655753810413025384e-01 1.782888397531981473e-01 2.349879136860130724e-01 1.722076259909651186e-01 1.401403408625888081e-01 9.960812170278589284e-02 1.433221949257873787e-32 1.378936903114138185e-32 4.965504503333753074e-03 4.226272459813699804e-03
1.823698411140340092e-01 1.614943796804430010e-01 1.520552469003499663e-01 2.551402927766287521e-01 8.659733956266819910e-02 1.531511230027294279e-01 1.038905395061728209e-31 9.072980550582295830e-32 3.988980071964965714e-03 5.202796891182090780e-03
4.208961794745857965e-02 8.017414585800776428e-02 1.996478383040723587e-02 5.290423673770500851e-02 6.828051459734610917e-01 1.183918833843108642e-01 1.951494845417065147e-32 1.877159955481306035e-32 1.337399572344438086e-03 2.332786696305213028e-03
8.565615749374752563e-02 3.660760631184636904e-02 5.764564943254641555e-02 1.522337113564909555e-02 3.714839048617264716e-02 7.640486388713889632e-01 2.396732614006411122e-32 2.373892714194500196e-32 2.476065977810025173e-03 1.194120290840197315e-03
2.236154257594635264e-01 1.253489621264508858e-01 1.721748846797595545e-01 1.053708311105321094e-01 1.534172346638114082e-01 2.142351695787199084e-01 1.418574964046754691e-31 1.208738857308426802e-31 2.413178697728464179e-03 3.424313383534135884e-03
2.407686330675829212e-01 1.081957548183273693e-01 1.838360734264624097e-01 9.370964236383570733e-02 1.428009714233062499e-01 2.248514328192216249e-01 3.048309555395798460e-31 2.621000515966574453e-31 2.236676946867860536e-03 3.600815134394711771e-03
1.645404770946872486e-01 1.648328576332280249e-01 2.074565534032338510e-01 2.053137703010682047e-01 1.231074126147196218e-01 1.241617367185741533e-01 1.008592152656819223e-31 9.588753481497086199e-32 5.315143431694256335e-03 5.272048802794760021e-03
1.545705658801653781e-01 1.748027688477517827e-01 2.805235139804214684e-01 1.322468097238772566e-01 8.715591679999183661e-02 1.601132325333030904e-01 6.747901834611321199e-32 6.487463816463377448e-32 6.784631196267936967e-03 3.802561038221049464e-03
7.165767304000442151e-02 5.291877053629281263e-02 2.688069273018383054e-01 1.938945700964270769e-01 2.460817370799031067e-01 1.644751343487927675e-01 3.982227417423755186e-32 3.611009282563287947e-32 9.523899157859503197e-04 1.212797680955764483e-03
9.876125320196763036e-02 2.581519037435871244e-02 3.771586879366806699e-01 8.554280946157408194e-02 3.641159228297352612e-01 4.644094859894182248e-02 9.468942971106874743e-33 8.500086808904546215e-33 5.757412440354932586e-04 1.589446352706961295e-03
1.780575384926095239e-01 2.616685430928744616e-01 1.569854537629719049e-01 1.794435271809027288e-01 1.179370767218266836e-01 9.963303293411003569e-02 2.641053539747445166e-32 2.548939402375904498e-32 3.443710925453941345e-03 2.831116889250981719e-03
2.110286409061759849e-01 2.286974406792878778e-01 1.658415540121472853e-01 1.705874269317215475e-01 1.107190734794020748e-01 1.068510361765617894e-01 4.100513651099194264e-32 4.002485503462722886e-32 3.202141041176520021e-03 3.072686773527794155e-03
1.130457915271144975e-01 3.287641029605099519e-01 2.036751007272898095e-01 1.447399061557111677e-01 7.961646155573171013e-02 1.244135869492938862e-01 9.696819928724644999e-33 8.823736836935544076e-33 3.501832748408735020e-03 2.243217375940321882e-03
2.278006832426456851e-01 2.140092112451154605e-01 1.723235579379448490e-01 1.760914489450075282e-01 1.034470267010175609e-01 1.005830218039186486e-01 6.546329931254811398e-33 6.027040110980405176e-33 2.832291670421164566e-03 2.912758453928906283e-03
3.347129230720867210e-01 1.090332861132606718e-01 1.593946815943201867e-01 1.981671481998670548e-01 8.094044566318923939e-02 1.122958089581104213e-01 1.561983528853866273e-32 1.520782988242646814e-32 2.088642290439957170e-03 3.367064108726761443e-03
1.561454950881972503e-01 2.876007140971655884e-01 1.900731235292895116e-01 1.674887062648875435e-01 1.057501566877349780e-01 8.748609793355777153e-02 1.837095468210266636e-32 1.610088424524653366e-32 3.100184576869777827e-03 2.355521822296951194e-03
2.939504993142428441e-02 1.025984861740679710e-01 1.634386898609430788e-02 4.795412073984619411e-03 7.442460538877647691e-01 9.626296041679735516e-02 5.200679834408656681e-32 4.866460824841204000e-32 9.909765879156063554e-04 5.367191941949968001e-03
7.483645636506400245e-02 5.715707974043972295e-02 9.175105453126837507e-03 1.196417560696716106e-02 3.420072434727482458e-01 4.985017708317897034e-01 3.409281868373326687e-32 3.266627211587699592e-32 3.707534590529810992e-03 2.650633939336177313e-03
1.142219867874927179e-03 7.237933080607623221e-03 5.314121903403352942e-02 4.557224886026326471e-01 5.021048663387000371e-02 4.320263712297236491e-01 3.060372936142703523e-32 3.060044250757261401e-32 4.417549451392484804e-04 7.752660611847427517e-05
4.969240615283634574e-03 3.410912333197047529e-03 3.058904572920720377e-01 2.029732503445952907e-01 2.899227665663991482e-01 1.923140912971950667e-01 8.636017975712320088e-32 8.657521221577771632e-32 2.130845071475720334e-04 3.061970441101125582e-04
1.769874974296727355e-01 1.569951732088199770e-01 1.593004410248455571e-01 1.323629034577102903e-01 1.705005639039653964e-01 1.953676804147840285e-01 5.123292317053386661e-32 4.718603298711010064e-32 4.158910405735456554e-03 4.326830154466165812e-03
1.374902927936664521e-01 1.964923778448288139e-01 1.060821447464292550e-01 1.855811997361247190e-01 2.196284981394054925e-01 1.462397461793417675e-01 4.946687350964793151e-32 4.481571847253445394e-32 4.490655759841164461e-03 3.995084800360442293e-03
1.016475452951055153e-01 1.746389900302627585e-01 1.845956998418151751e-01 2.025365057293075088e-01 2.064387758044835819e-01 1.233882139885739554e-01 7.310884854307448762e-33 6.552231827958093055e-33 2.654784199380128169e-03 4.099485111070855572e-03
1.227964292322846485e-01 1.534901060929536598e-01 1.897939531831268067e-01 1.973382523880831130e-01 1.823753160499136938e-01 1.474516737431945113e-01 2.028351982957572021e-32 1.940402064904152067e-32 3.073378625261529058e-03 3.680890685181892157e-03
4.198023990394637028e-01 1.887692167443934532e-01 5.444717185653176472e-02 6.839512381205430092e-02 6.913923851781708652e-02 1.722766426175724175e-01 3.171863970773803352e-32 2.779622665432788392e-32 2.013314188050231365e-02 7.037065531663730736e-03
2.624040683074160829e-01 3.461675474797665242e-01 6.394963523834147623e-02 5.889266042797326739e-02 1.394047089580917609e-01 1.020111721760550705e-01 2.861232581804512470e-32 2.506470044484126533e-32 1.121104447453124923e-02 1.595916293782460166e-02
3.615857716526139909e-02 3.938685403167168503e-02 1.270643516224827796e-01 1.652727248911921576e-01 3.623777675035205759e-01 2.676220693320215949e-01 1.173070243886915217e-32 1.027163638614492605e-32 9.804794944052348804e-04 1.137175959446251432e-03
3.940045493076953925e-02 3.614497626616272608e-02 1.654336987639172807e-01 1.269033777497472482e-01 2.672228586252419769e-01 3.627769782103104634e-01 9.121609769052242744e-33 9.101094947925752561e-33 1.137836129839807451e-03 9.798193240115437696e-04
1.713582438836966024e-02 2.655937556342054598e-02 1.431836127487324251e-01 3.199075455513789579e-01 1.417790933275730192e-01 3.504784363253319324e-01 1.523514392869024369e-32 1.497856042143804636e-32 4.342973955680019035e-04 5.218146996259465879e-04
2.828310596951949182e-02 1.541209398227459670e-02 3.522334077235622085e-01 1.108577505765470650e-01 3.886531537514338330e-01 1.036043759014688287e-01 3.077715980968159532e-32 3.026229837748174425e-32 5.378231273686800464e-04 4.182889678254363879e-04
5.850374937205469333e-02 9.757076339888073879e-02 1.044399976857920825e-01 1.997874579421209940e-01 3.074765108646463352e-01 2.288346720706438409e-01 2.149380959869572536e-32 2.048390530377453964e-32 1.745887734697814742e-03 1.640960931164827871e-03
1.013503188336952882e-01 5.472419393721951464e-02 2.090118898723851426e-01 9.521556575553860591e-02 2.212264328278856773e-01 3.150847501074137136e-01 5.949683843232642410e-33 5.490099393137781405e-33 1.630809741460679304e-03 1.756038924401501873e-03
1.048713603064463651e-01 5.109642532381694635e-02 2.363813462602083471e-01 1.217174796091631261e-01 2.845715127901876640e-01 1.973329192262806564e-01 4.096830359576806467e-32 4.041157001289517786e-32 2.082398067689998633e-03 1.946558416205584029e-03
5.943811633141669881e-02 9.652966929883383118e-02 1.395044010744921625e-01 2.185944247948943819e-01 2.108655695527611174e-01 2.710388624637057320e-01 5.931571558126689161e-32 5.548413927765154901e-32 1.967630173886306122e-03 2.061326310008769133e-03
4.904064011968897741e-02 6.170767721610674605e-02 1.629239231671531507e-01 2.079729911217981786e-01 2.502123798633285046e-01 2.656198542963041365e-01 4.208713672223997081e-32 4.184811318615806465e-32 1.273918424901047909e-03 1.248615790719431566e-03
6.177432417308970081e-02 4.897399316271745101e-02 2.082100144502755379e-01 1.626868998387368814e-01 2.657009199218165474e-01 2.501313142377454279e-01 1.058312296709530523e-32 9.412578692551146450e-33 1.248482662225451536e-03 1.274051553395267331e-03
9.791221098064205319e-02 1.079377477597943669e-01 2.415953453665213857e-01 3.151584682905299584e-01 1.168906173683804811e-01 1.157637273415829671e-01 1.161619541264144136e-32 1.143816080997376892e-32 2.203305472922073051e-03 2.538577419627463180e-03
9.256145100047975804e-02 1.132885077399504725e-01 2.023337454314687311e-01 3.544200682255772006e-01 1.174920533004700507e-01 1.151622914095047495e-01 2.048497087030496659e-33 1.996198627544337160e-33 2.024366454052232110e-03 2.717516438497112434e-03
1.495566992234719506e-01 1.461215505400092207e-01 2.636927594248610340e-01 2.658662035568270521e-01 1.005079562917670088e-01 6.834117574518983051e-02 1.315262863159799581e-32 1.290263610495019108e-32 2.938817642359470555e-03 2.974837575514411442e-03
1.467238197083644002e-01 1.489544300551097489e-01 2.654851433726707066e-01 2.640738196090091638e-01 7.398083270166647130e-02 9.486829933530556425e-02 2.074977853589839922e-32 1.995505766917272443e-32 2.968522362641683524e-03 2.945132855232126048e-03
7.151818902702465619e-02 5.704516558864792392e-02 2.076731899001122983e-01 1.262572850685244885e-01 3.527555887604033047e-01 1.814037515558871994e-01 8.376725113247412131e-33 8.248724873348656309e-33 1.752608797764775798e-03 1.594221301635287327e-03
5.905868712401907833e-02 6.950466749162537150e-02 1.375840599056360747e-01 1.963464150630588601e-01 2.052426277797307907e-01 3.289167125365314859e-01 1.415958550966228978e-32 1.237519868816618413e-32 1.616256547811262875e-03 1.730573551588006831e-03
8.688707070768443563e-02 1.077977079443968589e-01 1.603446933109790029e-01 1.390383284449796253e-01 2.464094900865081428e-01 2.539462607963151042e-01 2.004400345884672366e-32 1.997110571700293952e-32 2.960312386515940447e-03 2.616136322621488795e-03
9.704971749864066410e-02 9.763506115344512681e-02 1.499897214332077955e-01 1.493933003227509160e-01 2.500723884382403117e-01 2.502833624445776617e-01 1.070415269210857520e-33 1.024978505376446678e-33 2.793041550545423933e-03 2.783407158591941991e-03
1.219137590410412086e-01 1.287019113989261165e-01 1.600433632410693252e-01 1.739814103862704631e-01 1.746097231492950153e-01 2.343268211695143377e-01 1.851195094378638141e-33 1.860893382693157359e-33 3.035774934664167875e-03 3.387236679219744317e-03
1.169562207457318509e-01 1.336594496942424826e-01 1.498640981272048311e-01 1.841606755001358731e-01 1.309970013493175767e-01 2.779395429694838660e-01 1.752671591195854306e-33 1.726350903000069269e-33 2.779094623718379644e-03 3.643916990165689106e-03
2.500825478798469614e-01 2.312683893059455653e-01 1.202797171386696118e-01 1.836542688046415850e-01 9.496833656729955497e-02 1.080994090127397472e-01 2.306009002007892853e-32 2.269945457582224538e-32 6.935035313080348957e-03 4.712295977776630521e-03
2.315798613129259054e-01 2.497710758728656222e-01 1.826050909356988494e-01 1.213288950076114037e-01 1.078820215876198224e-01 9.518572399242186677e-02 5.114809795580082893e-33 4.965385961690791658e-33 4.749093854175347879e-03 6.898237436681681906e-03
1.378328164278540546e-01 1.927062258749743795e-01 2.424008116425487303e-01 1.766654811658612267e-01 1.115725721081395616e-01 1.295109913974512583e-01 1.654841144274490974e-33 1.669969392791788063e-33 4.757857258140675387e-03 4.553244125030082336e-03
1.725319097242558608e-01 1.580071325785585845e-01 2.008332037963676819e-01 2.182330890120465772e-01 1.229158965121047303e-01 1.181676669934958457e-01 2.471508110248554415e-33 2.438126929855065352e-33 4.628470543026389460e-03 4.682630840144283262e-03
8.559436021836224207e-01 2.408371796056485090e-02 2.035536771372930751e-02 2.421097414536533404e-02 1.343485406260098644e-02 2.051820124155549763e-02 2.099097613458927979e-33 2.083509475909693856e-33 4.011557800223179704e-02 1.337704690329556863e-03
1.792141220010515928e-02 8.621059079440815953e-01 2.423953595749095760e-02 2.032680590160831913e-02 2.057067372153727203e-02 1.338238158261598892e-02 1.508715796345260981e-33 1.459069057818771393e-33 1.050443438019554301e-03 4.040283925454166841e-02
8.205233890254820528e-02 4.803232278907684782e-02 1.757347531373211202e-01 1.210200504108126934e-01 2.485240617544645647e-01 3.202726552629983625e-01 2.161842214718356215e-33 1.943193670955571118e-33 2.387648057696110503e-03 1.976169685082137563e-03
8.079214105483667474e-02 4.929252063678848939e-02 1.737079654255186401e-01 1.230468381226170610e-01 2.511818330739787331e-01 3.176148839434823068e-01 5.106978780768941293e-33 5.014288044437440102e-33 2.372405732183437317e-03 1.991412010594811183e-03
1.030304970823464894e-01 1.006603188907882335e-01 1.449157972582552911e-01 1.647856769627783491e-01 2.637482763546699638e-01 2.167411984925992907e-01 7.104774555609550348e-33 7.014866883069178579e-33 3.145894193972640241e-03 2.972340764589587354e-03
1.030540343135198378e-01 1.006367816596163978e-01 1.447184779370219165e-01 1.649829962840131670e-01 2.642150836446434670e-01 2.162743912026233728e-01 4.896918182888453708e-33 4.785212353143117463e-33 3.147617679237398221e-03 2.970617279324860166e-03
3.656940145390609465e-02 1.846802543970012256e-02 3.284637607573820950e-01 1.400169439170599328e-01 3.490874762380354324e-01 1.263761709345121720e-01 4.927066256731693553e-33 4.893632821471156942e-33 4.567515569248102830e-04 5.614697024793083259e-04
3.354468111424012411e-02 2.149274577935934502e-02 2.969745016317740793e-01 1.715062030426736106e-01 3.118726581769353245e-01 1.635909889956138619e-01 2.915035371167028525e-33 2.848589615709883316e-33 4.742498457035903203e-04 5.439714137004353182e-04
1.356674937015611149e-01 2.104508457473125982e-01 2.005515861803815747e-01 2.232673575515855824e-01 1.202009461160879478e-01 9.957776976217283527e-02 2.419453701261597773e-32 2.425483354564186561e-32 4.468460145563433322e-03 5.815540795334983755e-03
2.156309558840588947e-01 1.304873835648032165e-01 2.248408387385988638e-01 1.989781049933820045e-01 9.814923891993794502e-02 1.216294769583206870e-01 2.135159010662454549e-34 2.023090855692340105e-34 5.908850682335423619e-03 4.375150258562780087e-03
1.351131967770493048e-01 2.019922869557491674e-01 8.924321976797373879e-02 1.577456969895828232e-01 3.207092392934784986e-01 8.444840797522314146e-02 2.440950807663572090e-33 2.422785432212673416e-33 2.782132915294512152e-03 7.965819325649008478e-03
1.907020431294758900e-01 1.464034406033410673e-01 1.461813998606966147e-01 1.008075168968673996e-01 1.243329576163307026e-01 2.808246896523439173e-01 1.381792519912005287e-32 1.379837629941786033e-32 7.090731411990156691e-03 3.657220828953755554e-03
1.438964055336761638e-01 5.761473753161246159e-02 5.932556180808598034e-01 1.179710544045720344e-01 1.991706363835506893e-02 6.306472556681040620e-02 8.722064298128039299e-33 8.759565179708753429e-33 2.554610938300836027e-03 1.725784305812956077e-03
5.278368698579846696e-02 1.487274560794904499e-01 9.135910074240113921e-02 6.198675717430157661e-01 6.548063314646557220e-02 1.750115605871451277e-02 3.947229185209872155e-33 3.958098327650995107e-33 1.679376958250379439e-03 2.601018285863549492e-03
4.860446363979024215e-02 3.394481911242788058e-02 1.211634468188895752e-01 1.048465702350605405e-01 4.885155670354497937e-01 2.009413471812957486e-01 6.089484592919710686e-33 6.055896170163067895e-33 8.607507597396198184e-04 1.123035217346502867e-03
4.040783210143304022e-02 4.214145065078226532e-02 1.120402088737407487e-01 1.139698081802065499e-01 3.277244976698099332e-01 3.617324165469416597e-01 2.516753074305679661e-32 2.528830304625663223e-32 1.007401591090172251e-03 9.763843859959741786e-04
1.992544274042040431e-01 1.014800157377532819e-01 3.533190115391529051e-01 1.228953170008318385e-01 1.213893583753275635e-01 9.511888676120242025e-02 4.495588087662767895e-33 4.520010466222508478e-33 4.067938905117346633e-03 2.475044276410506491e-03
1.199015281709875924e-01 1.808329149709685946e-01 1.663090576872464366e-01 3.099052708527844646e-01 1.000684621277767028e-01 1.164397830087081920e-01 2.598681316039077121e-32 2.608526694996410260e-32 2.775158873956370606e-03 3.767824307571070522e-03
1.356647348202983938e-01 1.420296315664825726e-01 1.489646916965641221e-01 1.623741690708094820e-01 2.142594326762413126e-01 1.923418282120362421e-01 1.830838788506906135e-33 1.855992706283520637e-33 2.037813095963444520e-03 2.327698861603910187e-03
1.320871168071998392e-01 1.456072495795704413e-01 1.414274150189919199e-01 1.699114457483844876e-01 2.265790066869265151e-01 1.800222542013586446e-01 1.292092698107024601e-33 1.294943110927217043e-33 1.874872426499382336e-03 2.490639531067854844e-03
4.761638853860238746e-02 5.137654961450719565e-02 1.367770644803774360e-01 1.308392419340214108e-01 3.742822443365253493e-01 2.542924245454362686e-01 5.838143481178016146e-33 5.796101755162084718e-33 2.397207685705456982e-03 2.418878864825325242e-03
4.896279770689348360e-02 5.003014044621383050e-02 1.346508952672150761e-01 1.329654111471808287e-01 3.313172249644331657e-01 2.972574439175330596e-01 4.687242906908112922e-33 4.667731377727068578e-33 2.404967532601775225e-03 2.411119017928908988e-03
1.086413577109900386e-01 8.194346073514829909e-02 1.710603570442946475e-01 8.832688573852172376e-02 1.862926544003523643e-01 3.595187010860516064e-01 8.123500250109188253e-33 7.950697227582733857e-33 2.692650385827344024e-03 1.523932898813574544e-03
9.473024651574904476e-02 9.585457193038128543e-02 1.279515488882057850e-01 1.314356938946231179e-01 2.765532018710592510e-01 2.692581536153402233e-01 2.149362312712098070e-33 2.132743884921712766e-33 2.083682610860633239e-03 2.132900673780218758e-03
8.319641000286831511e-02 1.580606397213831227e-01 1.031744041049980631e-01 1.218564014501930387e-01 3.601230357028249451e-01 1.669863110540271145e-01 1.646351262759010076e-32 1.651651659871212615e-32 1.807228328216245114e-03 4.795569635488633464e-03
1.573588102919143972e-01 8.389823943237058324e-02 1.216812633957747858e-01 1.033495421594188557e-01 1.687969092232896595e-01 3.583124375335263734e-01 1.692266856276173134e-32 1.559063689391166433e-32 4.767554842808076170e-03 1.835243120897546822e-03
9.361838888981499629e-02 7.036900231782307336e-02 1.295205807128270714e-01 2.214092045838944589e-01 1.761125442809719499e-01 3.045493809151702536e-01 8.397094696982760109e-33 7.971398786721445786e-33 2.652973089262176086e-03 1.767925210236233639e-03
8.476114261806401429e-02 7.922624858961332950e-02 1.645271030864341455e-01 1.864026822102387015e-01 2.250427252524717647e-01 2.556191999436780438e-01 5.529678969735049357e-33 5.355125879793302769e-33 2.315799159853447649e-03 2.105099139646097236e-03
9.733078319827802305e-02 6.123606177791111188e-02 1.038779629235800084e-01 1.907227201526413007e-01 2.048863714349373477e-01 3.376909992806126359e-01 2.435384608756483333e-32 2.371698512598577706e-32 2.718709257010988155e-03 1.536391975028314396e-03
7.040920682457847690e-02 8.815763815161084538e-02 1.686519152467380600e-01 1.259487678294994584e-01 3.039399114163867099e-01 2.386374592991467314e-01 7.363619221889036386e-33 7.356495808432493784e-33 1.836867155110820729e-03 2.418234076928502639e-03
8.206015611509066832e-02 9.098622181497842409e-02 1.742414186518716490e-01 1.786496151998603066e-01 2.189975416350211646e-01 2.515805569191962299e-01 9.362072959892017375e-33 8.738840061241360294e-33 1.748247144542490906e-03 1.736242519438714518e-03
9.351488475868162398e-02 7.953149317145137565e-02 1.798984121092978006e-01 1.729926217424521684e-01 2.608109912573942091e-01 2.097671072967413897e-01 2.737445030204771130e-32 2.746454950992725875e-32 1.732841732163509663e-03 1.751647931818224200e-03
1.414432624661349225e-01 3.810215105480847103e-02 2.266313602028154628e-01 1.378643592120378791e-01 3.915675314576084753e-01 6.068756415790273195e-02 9.760876693459760673e-33 9.678926065569225989e-33 1.845854315750239828e-03 1.857917132941205732e-03
5.516868960564461077e-02 1.243767239153728832e-01 1.525240181199064848e-01 2.119717012949620949e-01 1.153316031128875790e-01 3.369234925025312299e-01 5.833290267993637853e-32 5.799599917205937323e-32 1.855924987397300756e-03 1.847846461294689289e-03
5.672376148665835005e-02 1.484454899231138492e-01 1.672365740684700341e-01 5.976422499250340081e-01 1.824631342065403256e-02 7.771848208766980737e-03 9.894044813494236065e-33 9.693615083911172164e-33 1.256117573064778094e-03 2.677645394237946307e-03
8.579877414479676612e-02 1.193704772649908097e-01 3.036715354127790811e-01 4.612072885807096956e-01 1.492599648142843051e-02 1.109216514799223063e-02 7.076448805830528700e-32 6.864224156830877498e-32 1.706729877249041133e-03 2.227033090054089844e-03
9.214995084302902983e-02 3.518906639134456449e-01 1.045754498723017595e-01 2.013573759904486726e-01 1.142475249239639223e-01 1.243013497627966091e-01 3.405981482805962665e-33 3.399821765204109078e-33 4.501314970999099885e-03 6.976369723015357280e-03
1.781801380730350104e-01 2.658604766834370414e-01 1.366311377388869930e-01 1.693016881238640914e-01 1.175775089801395779e-01 1.209713657066222997e-01 4.604497794131969380e-33 4.246351627122222549e-33 5.321091821549246183e-03 6.156592872465393128e-03
2.207836761152078831e-01 2.131567607518847773e-01 2.218165027462873085e-01 1.620418607657411192e-01 6.779697178027196958e-02 1.048441620272728969e-01 4.520064249033263005e-32 4.395341015839128226e-32 4.826099512651119833e-03 4.733966300682871872e-03
2.092981897051501561e-01 2.246422471619369254e-01 1.318009715079687116e-01 2.520573920040659610e-01 1.235868920620948330e-01 4.905424174545272575e-02 3.508694871100646894e-32 3.290126552284257430e-32 4.687354724805969063e-03 4.872711088527457123e-03
1.931398881068492335e-01 1.479342997164479756e-01 1.929840298366528040e-01 1.752433354591854398e-01 1.368194437789617413e-01 1.448450595771083038e-01 3.699116891675395247e-32 3.562552632299404902e-32 4.299355025062430793e-03 4.734588499732791250e-03
1.336357641390513440e-01 2.074384236842482243e-01 1.696319506999520443e-01 1.985954145958673533e-01 1.473835632689375896e-01 1.342809400871488590e-01 1.036698626004353767e-32 1.002394230490421287e-32 4.872252924500513130e-03 4.161690600295086216e-03
1.386428761710744861e-01 2.225204226711479105e-01 2.523599479274973301e-01 1.571358470991280898e-01 1.012523225243355529e-01 1.230855364413456776e-01 2.784001625724924684e-33 2.662213257079980516e-33 2.860207633217724810e-03 2.142839532252772787e-03
2.618771871231230230e-01 9.928611171913151456e-02 1.124550873149955665e-01 2.970407077116058447e-01 1.333300499400749684e-01 9.100780902559764407e-02 2.112105258424272163e-32 2.033338333591754445e-32 1.806238277768367276e-03 3.196808887702848496e-03
4.015259368831308046e-02 1.433828523040963088e-01 1.387278470271080810e-01 6.345340329699048487e-01 3.077227338887192701e-02 9.069664370396867542e-03 4.704743269077738243e-32 4.218121947226582229e-32 7.311448573816340920e-04 2.629591393926511336e-03
1.160623753094586902e-01 6.747307068296135024e-02 5.033160966934359104e-01 2.699457833036001397e-01 1.481338368644964654e-02 2.502855407278568173e-02 4.682730430103591075e-32 4.141707181035686659e-32 2.127156685124127408e-03 1.233579566184251665e-03
2.884436983791174303e-01 2.288638557739296475e-01 1.852410204341501665e-01 1.423049036593638794e-01 6.796361511711540571e-02 7.460575105496475290e-02 8.814339092405008009e-33 8.678047034014987499e-33 5.996550855350819484e-03 6.580604726007964131e-03
2.674092533390388660e-01 2.498983008140498452e-01 1.700825817903935111e-01 1.574633423030882828e-01 7.030859686302268208e-02 7.226076930904637430e-02 1.809796323374706911e-32 1.816429917744244333e-32 6.202748933520460702e-03 6.374406647839865950e-03
1.388136582373368511e-01 7.180507749086477431e-02 2.465520118649503212e-01 1.590600981174639661e-01 2.855924035845348041e-01 9.503898443479760760e-02 5.282902059637341817e-32 4.724783115791478706e-32 1.618193810347411110e-03 1.519572459704621441e-03
9.158768640604003641e-02 1.190310493221629629e-01 1.848898992209108416e-01 2.207222107614849327e-01 1.512951194923348730e-01 2.293362685270142476e-01 3.565111092348592105e-32 3.423876586095533225e-32 1.548687948925858444e-03 1.589078321126171506e-03
9.241621431700561273e-02 9.223240330501919493e-02 5.665747547519144750e-02 5.649174257989370007e-02 3.553986734989529328e-01 3.417692578819226945e-01 5.863154024956729914e-32 5.343104006646470894e-32 2.482147222585219005e-03 2.552085719429176766e-03
9.357366992679314044e-02 9.107494769522501976e-02 5.770109341361276400e-02 5.544812464148372866e-02 4.412229306632423631e-01 2.559450007176276576e-01 4.337277670787596772e-32 3.874922944814626088e-32 2.041745395571300734e-03 2.992487546442979245e-03
2.598389143259005607e-01 1.528530898217136391e-01 2.587804422300742369e-01 1.794361551373996611e-01 6.738299885682609569e-02 7.257623897318447870e-02 2.074984896873703223e-32 2.060698558150251072e-32 4.153318109980344737e-03 4.978842544920917233e-03
2.074610505704781449e-01 2.052309535771222881e-01 2.199352561657568206e-01 2.182813412017196586e-01 6.992549291643430920e-02 7.003374491358584086e-02 2.165556855073662923e-32 2.088968399342238890e-32 4.557476385905681951e-03 4.574684268995154145e-03
2.281749381228058149e-01 1.767203101129382337e-01 1.097631486107722987e-01 8.544802721845030924e-02 2.160556025847876760e-01 1.761532375269955486e-01 5.933968431379225153e-32 5.473292453024647796e-32 3.230224388635546777e-03 4.454511434615048351e-03
2.579615178885893978e-01 1.469337303471514311e-01 1.238389340333823502e-01 7.137224179584295003e-02 2.391546905697994885e-01 1.530541495419839582e-01 3.680782238667796727e-32 3.269313871729155579e-32 2.521496618913939870e-03 5.163239204336580665e-03
7.180052445419188301e-02 4.883231180313359066e-02 1.590178369384457058e-01 2.582916315024102460e-01 5.607354866425999507e-02 4.032301880549865603e-01 6.874153331724049655e-33 6.162712085922672550e-33 1.182875607533849082e-03 1.571082975037945469e-03
6.107804843325317923e-02 5.955478782409370786e-02 2.053627962913134875e-01 2.119466721495625594e-01 2.181400880999763703e-01 2.411636486192292039e-01 5.239056816486926597e-33 5.020664930715665235e-33 1.364106261066316481e-03 1.389852321505895705e-03
7.894650250058518615e-02 1.335913062590448341e-01 1.079956779092794278e-01 1.497724012452245901e-01 3.695028345100943024e-01 1.555890108932156679e-01 1.745966401691348514e-32 1.740756907601181195e-32 3.028344942062222590e-03 1.573921740493689197e-03
9.906354717245310915e-02 1.134742615871598692e-01 1.233754423477947670e-01 1.343926368067168697e-01 2.907521821213532309e-01 2.343396632819662595e-01 2.349805167773709591e-32 2.355584975019123333e-32 2.492910746944680244e-03 2.109355935611104474e-03
1.713342477393467178e-01 1.067900901200717623e-01 1.911539637129429092e-01 1.864622871730056142e-01 1.990385455362695399e-01 1.402311576353037215e-01 1.127783315485461239e-31 9.945076162699758698e-32 2.344304384724967341e-03 2.645403698334885308e-03
1.187723933604942633e-01 1.593519444989386080e-01 1.873332736895368944e-01 1.902829771963894245e-01 1.511484579859235233e-01 1.881212451856574264e-01 9.390710624229667729e-32 8.009440961964130740e-32 2.589506101802206521e-03 2.400201981257966619e-03
5.732796217764067614e-02 5.406079344489585908e-02 1.436031707152695125e-01 1.356520980078176897e-01 2.737637297744632270e-01 3.329484472174360499e-01 1.376590035579436043e-31 1.171080540048578072e-31 1.326137149580026552e-03 1.317661512897169750e-03
6.471463575863282969e-02 4.667411986390716111e-02 1.615795850092768826e-01 1.176756837138220047e-01 1.399542376750231021e-01 4.667579393168614921e-01 8.896103077669760784e-32 7.769723065234659032e-32 1.345299539614658833e-03 1.298499122862526627e-03
1.091080509713124314e-01 1.142374569872329632e-01 2.507123917434924132e-01 3.560276837782640480e-01 9.128443933221334905e-02 7.419954653537078060e-02 7.602636727397323963e-32 6.865632578486963778e-32 1.991277355135859153e-03 2.439153296978102594e-03
1.122096919778957369e-01 1.111358159806570683e-01 3.143942736963963314e-01 2.923458018253838331e-01 8.095357374520373295e-02 8.453041212235087865e-02 1.113636127771110417e-31 1.007589688401174108e-31 2.262098261643226329e-03 2.168332390470877231e-03
1.584806808992219873e-01 1.352965916997667106e-01 2.163207753259654420e-01 2.242008828053866365e-01 1.407225158998252901e-01 1.206033554408825481e-01 5.895478864723490172e-32 5.091052161624482931e-32 2.087029480690206183e-03 2.288168448261303656e-03
8.481759202729260982e-02 2.089596805716986416e-01 2.413583367565373117e-01 1.991633213748156550e-01 7.679766242952823507e-02 1.845282089111782708e-01 8.575435467291619448e-32 7.961736827719852667e-32 2.726110771146251794e-03 1.649087157805169575e-03
1.098983091673389756e-01 9.318694872641072879e-02 2.236627367631626173e-01 1.888295588110923684e-01 2.130259111603888256e-01 1.675414574332559359e-01 2.593720906270422592e-32 2.339500083161740171e-32 1.895229169847387034e-03 1.959848768503744294e-03
1.226140125144468684e-01 8.047124537934607913e-02 2.501673627054623039e-01 1.623249328688431414e-01 2.476351114429586886e-01 1.329322571505916761e-01 3.405902906009064422e-32 2.893212816236693846e-32 1.846060004366972991e-03 2.009017933984255048e-03
1.280120993880574654e-01 1.340353245259362225e-01 2.041355240975617769e-01 2.074587230017077011e-01 1.579542098864465949e-01 1.643574426556263790e-01 1.159896627918872527e-31 1.033778058396561881e-31 2.035546020758587614e-03 2.011130423903973417e-03
1.901843073040994370e-01 7.186311660985639227e-02 2.384378469371638276e-01 1.731564001621188342e-01 2.240488867327332101e-01 9.826276580936563199e-02 9.058663441491034767e-32 8.536495673346198976e-32 1.783526292241779509e-03 2.263150152420301871e-03
2.617456836832195988e-01 5.672165132550818778e-02 1.150665505323125726e-01 2.454837075283341497e-01 1.119648167317968401e-01 2.045932756204178471e-01 2.349393050317136924e-32 2.286048795686678100e-32 1.487281209862229827e-03 2.937033368547520978e-03
2.173414293648414097e-01 1.011259056438700010e-01 1.433123934226878671e-01 2.172378646379298783e-01 1.320263558514063740e-01 1.845317365008542765e-01 5.364014035258975288e-32 5.084010111639176644e-32 1.801269588749212667e-03 2.623044989660517322e-03
5.894957574860534844e-02 4.685057207081656794e-02 2.105272837970251776e-01 1.250845947956720217e-01 4.330838983245206553e-01 1.233923244651237150e-01 1.417496741436694670e-31 1.313359125868590753e-31 9.902157718339032327e-04 1.121535026403127407e-03
4.911249439584271237e-02 5.668765342358487308e-02 1.410582014585883837e-01 1.945536771340866666e-01 1.812895119889169626e-01 3.751867108007424512e-01 2.698742195763457726e-32 2.568835298624138663e-32 1.096984744286942908e-03 1.014766053950125245e-03
1.274828157965023356e-01 1.278334153966474984e-01 2.534405428586803399e-01 3.047955420408758331e-01 1.044020947552706524e-01 7.508916246647170945e-02 5.496050377442335832e-32 5.035774383497530603e-32 3.351656410408368481e-03 3.604770275143560042e-03
1.272666489781747456e-01 1.280495822149741447e-01 2.217769392109875670e-01 3.364591456885673293e-01 1.224753706685329513e-01 5.701588655321010446e-02 8.380372585938468611e-32 7.625300734187493856e-32 3.195595710995574774e-03 3.760830974556282191e-03
1.167638506405480892e-01 6.845096596086504281e-02 1.328179088275528996e-01 2.488630177030302648e-01 1.344544306360144492e-01 2.950687069516566563e-01 9.167875538704041035e-32 7.925459662363976038e-32 1.545426822849893609e-03 2.035692457482515816e-03
8.639657209447949848e-02 9.881824450690999961e-02 2.057585781437068773e-01 1.759223483868644355e-01 2.354092483764999022e-01 1.941138892112053427e-01 1.940885985773240296e-31 1.845014813246577140e-31 1.853585468046922442e-03 1.727533812285209644e-03
9.085369102051505524e-03 2.950196780407836686e-02 1.257155597538872627e-02 1.948574401244989457e-02 7.745383755931929404e-01 1.538135862737490256e-01 5.548602006731349972e-32 5.258221314502032284e-32 4.229621026734586907e-04 5.804391364162470902e-04
3.401229608721421938e-02 4.575040818890362473e-03 2.101319029838577546e-02 1.104410968942849680e-02 1.668630987564989621e-02 9.116656519913417522e-01 1.289262396012954525e-32 1.239996910502246262e-32 6.152281396975475825e-04 3.881730993917191508e-04
4.450898969404110117e-01 1.363863773401185198e-01 7.440681109019484096e-02 1.185069170241342396e-01 7.906867225547210831e-02 1.293065258183919708e-01 1.232169706674159660e-31 9.989137225384400813e-32 1.303765762586339000e-02 4.197141905413718545e-03
2.034297292190278827e-01 3.780465450615103640e-01 1.089293815173821428e-01 8.398434659693482240e-02 1.183960117483845303e-01 8.997918632548354556e-02 3.879205412140115180e-32 3.381204963083538859e-32 6.117099951258012439e-03 1.111769958001929473e-02
2.655380036544155997e-01 1.964656769397911673e-01 1.459895212062909675e-01 1.896319903132234197e-01 9.539140763776417231e-02 1.005090295867791528e-01 9.197507705740057998e-32 8.601451304943298577e-32 2.978589119267358379e-03 3.495781542467141841e-03
2.278399753204086442e-01 2.341637052737854385e-01 1.698085398381145861e-01 1.658129716813919741e-01 9.818448362654080830e-02 9.771595359802290326e-02 8.806897187910042156e-32 8.034578791403558607e-32 3.260860407224115513e-03 3.213510254510552975e-03
2.795465536805389339e-01 1.658001497370894806e-01 1.345313800162298012e-01 2.197241169417081252e-01 9.515399961257081651e-02 9.971848301708013951e-02 7.473249588402434545e-32 6.483879690068599006e-32 2.292411945331241947e-03 3.232905049450913310e-03
2.314781540689687389e-01 2.138685493486393030e-01 1.705332084746745691e-01 1.837222884832691583e-01 9.708291696470108811e-02 9.778956566496505021e-02 1.461402428463380826e-31 1.478846930760136340e-31 2.689857462669948719e-03 2.835459532111818393e-03
1.851660897173118547e-01 1.659386487334658100e-01 1.182647053051011365e-01 1.179046396778928585e-01 1.879668575596013247e-01 2.164069941393172158e-01 5.109641723722814443e-32 4.849890398663261651e-32 4.019139834651792691e-03 4.332925032655426598e-03
1.990841818781390049e-01 1.520205565726132635e-01 1.185253445958860119e-01 1.176440003871075807e-01 1.673800076344710286e-01 2.369938440644750177e-01 4.511198806071065626e-32 4.193064814256043298e-32 3.792001376228361538e-03 4.560063491078200290e-03
2.004554419772738155e-02 3.489307297760570192e-02 4.460190236858215806e-01 2.895584814599821283e-02 4.407721152004334675e-01 2.764869146526675869e-02 2.866390572487756738e-31 2.770871731894243604e-31 3.558458849801742993e-04 1.309858442167548568e-03
3.010258106403219600e-02 2.483603611129414634e-02 1.635195051349439266e-01 3.114553666968751799e-01 1.609412043169321238e-01 3.074796023487756380e-01 3.049282172538208242e-31 2.949182020315787319e-31 1.002050354478112217e-03 6.636539726691250904e-04
4.553416262408742365e-02 4.510063684498575448e-02 1.614362401794482149e-01 1.528309916832940318e-01 3.045966422220895975e-01 2.881044312259377072e-01 6.205726714479559985e-32 5.056266999982901076e-32 1.211360410392931311e-03 1.185534809764183031e-03
4.443919426565601932e-02 4.619560520343318072e-02 1.397017199408527033e-01 1.745655119219561568e-01 2.629417970616393929e-01 3.297592763863066434e-01 8.767205793378635004e-32 8.463781178644021532e-32 1.146131958269683759e-03 1.250763261887643954e-03
9.017824432772787724e-02 1.052263617927304135e-01 1.103763427113345630e-01 1.082042102498307207e-01 3.312737882912357712e-01 2.498081272642764250e-01 3.563272426477580439e-32 3.091967993579855544e-32 2.202211065244373631e-03 2.730714297620171968e-03
7.355572348375707947e-02 1.218488826367178923e-01 1.127757336784324660e-01 1.058048192827552303e-01 4.212627621039172210e-01 1.598191534515578660e-01 7.811826530564909251e-32 6.588571384947978202e-32 1.618413389773455668e-03 3.314511973090774211e-03
4.627898658398664489e-02 5.576008464375240004e-02 7.923372668666987806e-02 8.707925604515263929e-02 2.303882883965580053e-01 4.991594812290034433e-01 1.926687137266717139e-32 1.757582118010642877e-32 1.264598449766138420e-03 8.355779651128915136e-04
4.566606552609339675e-02 5.637300570164587021e-02 7.872653963682785250e-02 8.758644309499925840e-02 2.130131359827166226e-01 5.165346336428400242e-01 3.162875645012501905e-32 2.885626441779499279e-32 1.292333179187866261e-03 8.078432356912856448e-04
2.162643178342981698e-01 2.309133122124459037e-01 7.438455741200163118e-02 1.656785100772958375e-01 1.803101096799509806e-01 1.236825040674915943e-01 4.923318343292901555e-32 4.753506401069334458e-32 5.681455878254537857e-03 3.085232838261797901e-03
2.240328821943952942e-01 2.231447478523091443e-01 1.227990033912181866e-01 1.172640640980722460e-01 1.502797070868400475e-01 1.537129066606494621e-01 4.150914848631336951e-32 4.084535128381127777e-32 4.304642886264255577e-03 4.462045830251844258e-03
7.363693671705766330e-02 5.069487658265212082e-02 2.304697383864888760e-01 8.492672572895047789e-02 4.057672215165460394e-01 1.521485846128697861e-01 5.607442989092279718e-32 5.181755250995861913e-32 1.244368492902953949e-03 1.111547962532042407e-03
4.597279896365515789e-02 7.835901433603763289e-02 5.497015693580662582e-02 2.604263071795420159e-01 9.994721812406598405e-02 4.579685880054573111e-01 6.336393712416338285e-32 5.890331172008604617e-32 1.084210014234112968e-03 1.271706441200869944e-03
3.468488441230869156e-03 5.946310169807627818e-03 1.227426799400862384e-01 3.813484924400526443e-01 1.180257538450894261e-01 3.678349002719096261e-01 4.087215087528710993e-32 4.030392369865844908e-32 4.159826438959260148e-04 2.173922479255065490e-04
3.833201055173524226e-03 5.581597555863529458e-03 1.608070817364896654e-01 3.432840906436483985e-01 1.547953671421960498e-01 3.310652869748038629e-01 2.131576566937003228e-32 1.819312669407313246e-32 3.867519605170270376e-04 2.466229313044809054e-04
7.090037990363448617e-02 6.490501624151318039e-02 1.709249639978695778e-01 1.748347429421769628e-01 2.475416131896432392e-01 2.597840124841421794e-01 7.319665558620074886e-32 6.798551272744186974e-32 5.483989384977417877e-03 5.625281856042761187e-03
7.814026800279158524e-02 5.766512814236289530e-02 1.662035886744607782e-01 1.795561182655968369e-01 2.327579226659870493e-01 2.745677030077807723e-01 5.681889280390503905e-32 4.926400076098839866e-32 5.313367261380701201e-03 5.795903979639452711e-03
2.049576774569542188e-03 9.788692242015485656e-03 9.132744107861905970e-04 2.838133455697959030e-03 8.925182774881208481e-01 9.151292062315206921e-02 2.060377266069002118e-32 1.872907666182441770e-32 6.485863438786754946e-05 3.142663712698508575e-04
9.684541367867371617e-03 2.153727648719185820e-03 2.812229235370770908e-03 9.391786311075071142e-04 1.022926290363368185e-01 8.817385690749414140e-01 1.043440853747537182e-32 9.542457167880126758e-33 3.109099109708286118e-04 6.821509468687874983e-05
1.755962555673921122e-01 2.204404171207477725e-01 2.075445047813791466e-01 1.775426181488573840e-01 1.123935338937877282e-01 9.784247924086647563e-02 1.334473092178566803e-31 1.316341514062746651e-31 3.843865611943887185e-03 4.796325635027264001e-03
2.548115644733848217e-01 1.412251082147878978e-01 1.545474448512769994e-01 2.305396780789109867e-01 8.668971316634276059e-02 1.235462999683268337e-01 1.799815439177256658e-31 1.474504443840822011e-31 5.526345835358452765e-03 3.113845411613511572e-03
4.131788024740788712e-02 5.927649497457945782e-02 2.006487634157198552e-01 1.610767638908028598e-01 4.060442364448064723e-01 1.293731568157487355e-01 3.126971954304853765e-31 2.681309329638122956e-31 1.044959686416512641e-03 1.217744524518597164e-03
6.383788800134193586e-02 3.675648722068741714e-02 1.510256855960770972e-01 2.106998417104387622e-01 5.910016791894182747e-02 4.763172253415773882e-01 1.158475295017441588e-31 9.277928175732378801e-32 1.261630958279317139e-03 1.001073252656626850e-03
5.132670216228023968e-03 5.179201640176552858e-03 2.789070394569415079e-01 2.265280748742571348e-01 2.667628534329928303e-01 2.168427361974978318e-01 5.795925633183230498e-32 5.397843529125164999e-32 2.983235338317329110e-04 3.491006480739787879e-04
5.358832697700989869e-03 4.953039158699412345e-03 2.432302711263407621e-02 4.811120872185637443e-01 2.412988342752206417e-02 4.594757062029741768e-01 6.066571105022969138e-32 5.210409747953663229e-32 5.451218732417146976e-04 1.023023086639408396e-04
7.645115102430426191e-02 7.405900758440239762e-02 2.126702636632275822e-01 2.003388712876795763e-01 2.132095723403076848e-01 2.199183611789100323e-01 1.301012066629835756e-31 1.231081687885598254e-31 1.679231923016645967e-03 1.673540998152138470e-03
8.476072561034347919e-02 6.574943299836413790e-02 2.555057487703986108e-01 1.575033861805216207e-01 1.899052920423194846e-01 2.432226414768839662e-01 7.296188522469094659e-32 6.839662174269005644e-32 1.699000455217738060e-03 1.653772465950915623e-03
4.042335133120281837e-02 2.907550169046899807e-02 2.522423998783125954e-01 1.854299967680365369e-01 2.819474358462010777e-01 2.092602230429639332e-01 5.680592162920395194e-32 5.021361704704740443e-32 7.921975032821172800e-04 8.288939395318323591e-04
3.726623432672161729e-02 3.223261869494649379e-02 2.336543342405029144e-01 2.040180624058468006e-01 2.617249229636186003e-01 2.294827359255505739e-01 3.619072276871744635e-32 3.310702893371657545e-32 8.024069215025171706e-04 8.186845213112900043e-04
1.326941063404183108e-01 6.937960113398881912e-02 1.196388972807195805e-01 2.647718971303884006e-01 8.831942140344042902e-02 3.212243144212126311e-01 5.604688351357933832e-32 5.094878205485718750e-32 1.490926953134669121e-03 2.480835336697647005e-03
8.550275913717871046e-02 1.165709483373020688e-01 2.278135053617110217e-01 1.565972890493509684e-01 2.619146447396019650e-01 1.476290910850215077e-01 8.180416047522290430e-32 6.847149662884357751e-32 2.228753302340081340e-03 1.743008987493833550e-03
8.925717438404212611e-02 1.031506493963484788e-01 1.704460393925760764e-01 1.715149996921369879e-01 2.807545905165456657e-01 1.810876390058038798e-01 4.457263327603720062e-32 3.857111488832324142e-32 2.379322434763246358e-03 1.409585177783651607e-03
8.927287337635085585e-02 1.031349504040529191e-01 1.704472472689018414e-01 1.715137918158193553e-01 2.806419714126676679e-01 1.812002581096605613e-01 8.197018655893726519e-32 6.958374511080795162e-32 2.378226675946507745e-03 1.410680936600491268e-03
3.169650790750424413e-02 4.939143312902716243e-02 1.480411198294413477e-01 2.123005857888608239e-01 3.276335503083198653e-01 2.282477953448942831e-01 1.340658245575602016e-31 1.202014259617697831e-31 1.387948662709028672e-03 1.301059029243651580e-03
5.070418956467502569e-02 3.038375147184097652e-02 2.170678863812736670e-01 1.432738192370326402e-01 2.208745350567243859e-01 3.350068105965017251e-01 1.884941863685910792e-31 1.488555704060389509e-31 1.294612834975933987e-03 1.394394856976073627e-03
9.239346441191642612e-02 9.430382466582247492e-02 1.744032533126499418e-01 1.964602293004971412e-01 2.581499449525444523e-01 1.805335079188813419e-01 8.151515041182799500e-32 7.216760624007710536e-32 1.832077952273374619e-03 1.923697485414948508e-03
9.332825442971204311e-02 9.336903464804452435e-02 1.851963175703618958e-01 1.856671650427945963e-01 2.201701605604898249e-01 2.185132923109091851e-01 1.060401334512027853e-31 1.024664426712761343e-31 1.876909823560239709e-03 1.878865614128454216e-03
2.791991403506184355e-01 1.190094738098566307e-01 1.890194738627551663e-01 1.953883066410173619e-01 1.332259913427992770e-01 7.433885710103234346e-02 9.110000149217772218e-32 8.492356527251992700e-32 7.275596928098817043e-03 2.543159963821750406e-03
1.279098597991011887e-01 2.702987543613346588e-01 1.950344444272499034e-01 1.893733360765707530e-01 7.761071748920543578e-02 1.299541309546187462e-01 8.067575498680923150e-32 7.419066767022689251e-32 2.806101491583275469e-03 7.012655400336159639e-03
7.884001151357297732e-02 1.178372383414375835e-01 2.220757566520541737e-01 1.334313612243676894e-01 3.066969827029276674e-01 1.366119116767712804e-01 8.552543437818012392e-32 7.910010690421657584e-32 2.799102140721387161e-03 1.707635748147051137e-03
1.140202862435279740e-01 8.265696361147539806e-02 1.421076553768760575e-01 2.133994624995571299e-01 1.532594177041842198e-01 2.900494766755108422e-01 1.013556749456470375e-31 8.833392510651207598e-32 1.814465778786079160e-03 2.692272110081900954e-03
2.897633193117535866e-01 1.088183509845190300e-01 2.627208995607317465e-01 1.697199234970903636e-01 1.053239714853428793e-01 5.447497459723310564e-02 7.026918107869693951e-32 6.321248713605050279e-32 6.851380213005224366e-03 2.327180350323271134e-03
2.086007018056528772e-01 1.899809684908121410e-01 2.210054392318603345e-01 2.114353838258881402e-01 8.251572363423578804e-02 7.728322244821510256e-02 1.002931005541728971e-31 9.432281389096171203e-32 4.822056566315586351e-03 4.356503997018259036e-03
4.764165361412284324e-04 8.788170070925754949e-04 1.670417924579842804e-03 5.100083001403745223e-03 8.467190284794238186e-01 1.443244209218003671e-01 1.273184568021957317e-31 9.848743251309989821e-32 3.413233694299007176e-04 4.894927601291128739e-04
8.857142758736170386e-04 4.695192673599412085e-04 5.158868523714228715e-03 1.611632402267213892e-03 1.322851596676342112e-01 8.587582897335928056e-01 1.142291432715485266e-31 9.011949938023923176e-32 4.920324294052644872e-04 3.387837001534923652e-04
9.759321278867198702e-04 3.077627592112672575e-03 7.046296190350890068e-03 1.283972216110793735e-02 7.751366415737261928e-01 1.957231852606968192e-01 5.475407455130136604e-33 6.414494403733519105e-33 1.059150312251223598e-03 4.141444781867317619e-03
3.052245228958668302e-03 1.001314491040737479e-03 1.276975444009468760e-02 7.116263911364130272e-03 2.027208131353313847e-01 7.681390136990932094e-01 1.402007567673168473e-32 1.281201150005678167e-32 4.104219637260464980e-03 1.096375456858087512e-03
5.353774734036361100e-05 1.164193322120860800e-03 3.292850952166997752e-04 4.034350647819695372e-03 9.689939074442281974e-01 2.441773772831097936e-02 4.292712151497640110e-32 3.883126803608763395e-32 4.575051482212947397e-05 9.612375001415429665e-04
1.164194540228251579e-03 5.353652923298081413e-05 4.034354711336479715e-03 3.292810316998334664e-04 2.441670176790096403e-02 9.689949434046382093e-01 4.576163902451141497e-32 4.215460516207024278e-32 9.612385041985077073e-04 4.574951076518100294e-05
3.368425125987486155e-04 3.032341074362244690e-03 8.380109709787638556e-03 1.210808234595792642e-02 9.571367651973112789e-01 1.141086881511070919e-02 8.387203518159013243e-32 5.905745497302691547e-32 1.158329899940598457e-04 7.479157354877937966e-03
3.041012702730509689e-03 3.281708842305053548e-04 1.212007552366774210e-02 8.368116532077833278e-03 8.368395104315043409e-03 9.601792389081074131e-01 2.236277372889817496e-32 2.214879643471578446e-32 7.502845741639792287e-03 9.214460323218770271e-05
3.457292954173206206e-04 1.924689314260377530e-03 1.242764341114243470e-02 8.049329770957210431e-03 9.534563895330692151e-01 1.344846507527817404e-02 8.619479507900119497e-33 8.303951528321115529e-33 1.513100992915041227e-04 1.019644350058380132e-02
1.922669035266152959e-03 3.477495744115737604e-04 8.054931822289721974e-03 1.242204135980999082e-02 1.465120500633724197e-02 9.522536496020107544e-01 1.341875350501646226e-32 1.247560483605628007e-32 1.018359075462260503e-02 1.641628452526915473e-04
3.367512946762301826e-04 6.544295214112033762e-04 1.681006338402865272e-02 2.830677967542734059e-03 9.645514773326607783e-01 1.765037135528633571e-03 1.118929336640726197e-32 1.114596140942146809e-32 3.450992855024373896e-05 1.301705343560293458e-02
6.543865957016426014e-04 3.367942203858011489e-04 2.832566907318305027e-03 1.680817444425314680e-02 1.895131953583027197e-03 9.644213825146056296e-01 8.265937113113213220e-33 8.024041024559742870e-33 1.301529919233055353e-02 3.626417182260160141e-05
3.141993290847163643e-05 1.120489676520981717e-03 3.740207715168039756e-04 3.810233956035279264e-03 9.829720266398260797e-01 1.011394018302320778e-02 1.809124387166141136e-32 1.745986162177391310e-32 2.144924118225281654e-05 1.556419598989320675e-03
1.119083974134216100e-03 3.282563529524112851e-05 3.805798709253987999e-03 3.784560182980768630e-04 1.136964390828103418e-02 9.817163229145697834e-01 1.390788898670390949e-32 8.597225885934029143e-33 1.554438356274390632e-03 2.343048389718782690e-05
2.757216579365956926e-05 9.198598972564043510e-04 5.820152084815889432e-04 3.032877835412635566e-03 9.887233098415699750e-01 4.292379993332876703e-03 7.648315870421628518e-33 9.076884784671701559e-33 1.358634980800224812e-05 2.408398708346045410e-03
9.202668061132888468e-04 2.716525693678340154e-05 3.033995499227483839e-03 5.808975446667597516e-04 3.843451189076076743e-03 9.891722386458312588e-01 2.327386949530254523e-33 2.664958863739547994e-33 2.409490811627187142e-03 1.249424652686750420e-05
4.745802891765047902e-05 5.409730879562678514e-04 9.096101503674250410e-04 1.790856159516198386e-03 9.544091478280610774e-01 3.884803849274112014e-02 2.960470834639126964e-32 1.694341178116571319e-32 1.375234956448330556e-04 3.316392756801027266e-03
5.398235808332067657e-04 4.860753604071748046e-05 1.788803540156090046e-03 9.116627697275621117e-04 4.098058540799408983e-02 9.522766009128099673e-01 2.920982354310500998e-32 1.942893686565900993e-32 3.308988458204516550e-03 1.449277942413442865e-04
2.773891035736979072e-05 1.738991811873117190e-04 1.170706909303271658e-03 5.624748685939987914e-04 9.934116821825116350e-01 2.636205262646326209e-04 7.177286836597848327e-33 5.365465661227881851e-33 2.236167414144933725e-06 4.387641254371800817e-03
1.738903132614561670e-04 2.774777828322797532e-05 5.625117716225086408e-04 1.170670006274798346e-03 3.238774163624777284e-04 9.933514252924132704e-01 5.819811808318000050e-33 3.844549224246137086e-33 4.387375180376827839e-03 2.502241409112726659e-06
