1.335339900954412296e-01 1.397946912301679667e-01 1.348072552183719464e-01 2.595817322575270092e-01 1.716289165185937993e-01 1.524938174687106573e-01 3.580748948138614588e-32 3.177782222528660903e-32 5.013417855090601671e-03 3.146179356096891373e-03
1.327527197453756413e-01 1.405759615802926743e-01 1.192366989403180755e-01 2.751522885355792702e-01 1.740167777518433767e-01 1.501059562354018218e-01 2.015709298363830646e-32 1.843018352691498661e-32 5.246429788486304396e-03 2.913167422703441187e-03
7.423461280383528149e-02 6.244602076697712556e-02 2.218892041145992255e-01 1.160838715618268818e-01 2.491046205143652992e-01 2.738790329819753566e-01 3.888965354795439354e-32 3.749232120615320905e-32 1.365482901375806787e-03 9.971543550446118620e-04
6.795475346603635503e-02 6.872588010477923004e-02 1.655260181172326373e-01 1.724470575591962873e-01 2.623021105103422457e-01 2.606815429859929978e-01 1.329654145508454989e-32 1.296159863327416388e-32 1.169271898923310510e-03 1.193365357497186202e-03
7.131718961150083913e-02 5.779918827856531105e-02 1.188236055285659676e-01 1.354598177284591920e-01 3.669235276923352718e-01 2.456994493986631167e-01 8.594735087913880372e-33 8.370708962035562863e-33 1.803000937746815011e-03 2.174220824162797182e-03
5.561062289417769561e-02 7.350575499587894135e-02 1.381532216756021503e-01 1.161302015814126565e-01 2.260732624372909505e-01 3.865497146537277828e-01 1.671008562690401140e-32 1.505737200352805329e-32 2.234321350371574685e-03 1.742900411538331109e-03
4.377025718959394740e-01 1.304529337626374186e-01 7.612391965484946454e-02 1.906414895056404712e-01 7.930907197885146698e-02 7.877857532572707377e-02 1.190267981248863187e-32 1.051003963463052981e-32 3.738396512490409218e-03 3.253041363865167082e-03
1.820650035126383237e-01 3.860905021459273279e-01 1.714047254246527374e-01 9.536068373584274949e-02 7.886768862926418766e-02 7.921995867531833602e-02 2.412885090838439671e-32 2.209763546873653754e-32 3.334571756989247911e-03 3.656866119366189612e-03
4.639466667496797841e-02 1.333267581441651695e-01 1.392577299217638842e-01 1.318265992841998469e-01 2.802791267480454485e-01 2.655149025296927867e-01 2.185990835368135584e-32 1.978791310591012756e-32 1.717700840472621794e-03 1.682515856690407728e-03
1.240004182315931763e-01 5.572100658738161905e-02 1.326238336436697807e-01 1.384604955622820710e-01 2.670988535342650461e-01 2.786951757436454957e-01 1.395196837697404574e-32 1.289017518589627650e-32 1.686290609062830563e-03 1.713926088098832214e-03
1.105367456525906261e-01 3.794276742756987897e-01 1.693792507176025697e-01 9.172074595862399204e-02 1.194146009429405686e-01 1.235234369328638421e-01 1.232816698155456501e-32 1.186809273160474570e-32 3.077458866004640324e-03 2.920086653675069057e-03
4.677908311908618444e-01 2.217358873739570801e-02 6.620054460059272838e-02 1.948994520756437143e-01 1.248736859769097179e-01 1.180643518989170221e-01 3.894398642533871157e-32 3.514252644881854993e-32 2.868370868529496014e-03 3.129174651149773181e-03
1.124715951624968568e-01 4.778628383653557021e-01 1.898663489608570232e-01 5.442244290538233303e-02 1.074119021698079629e-01 4.906208754181914933e-02 2.420828448212238302e-32 2.020804919510082051e-32 3.406914705355950333e-03 5.495870188924953728e-03
3.434994744103870290e-01 2.468349591172753765e-01 1.042285047181502611e-01 1.400602871481427814e-01 7.051875221404790839e-02 8.595523749771732946e-02 7.902450859218728299e-33 7.081244342971707244e-33 4.727709782385755219e-03 4.175075111892806966e-03
8.816754917421391891e-02 1.155688707920418390e-01 1.685093415078333101e-01 2.219606146881119013e-01 1.116093420658304247e-01 2.908958538253992865e-01 2.073197500209862370e-32 1.934416507769002747e-32 1.758177941627750256e-03 1.530250004939809122e-03
1.099519486959216613e-01 9.378447127050391907e-02 2.110037841534385394e-01 1.794661720424558793e-01 2.541444013411560121e-01 1.483607945499551550e-01 3.425642514700925576e-32 3.064846513416119112e-32 1.576972330300348973e-03 1.711455616269417189e-03
7.171695767644832575e-02 2.567439595827107901e-01 1.633206596405723243e-01 1.923588664369910994e-01 9.268292428809542238e-02 2.188295991911842209e-01 7.844295671083647011e-33 7.211062406816037255e-33 2.234107634972611316e-03 2.112925549022958913e-03
1.551232732069160458e-01 1.733376440522171880e-01 1.764104779565408287e-01 1.792690481210139630e-01 1.495472157790347922e-01 1.619653077002806418e-01 1.369889236578685032e-32 1.260385618645514196e-32 2.179481276693868812e-03 2.167551907301787720e-03
1.012470744129162492e-01 6.746091021773099883e-02 2.447772446247535871e-01 1.222597018970735250e-01 7.190849049212297284e-02 3.793476131352608860e-01 8.376180371638833458e-33 8.096061595603411282e-33 6.450060308273670127e-03 6.548904911865844475e-03
7.247376131758312412e-02 9.623422331305792055e-02 1.404376221624678567e-01 2.265993243593639739e-01 3.337328894520680822e-01 1.175232141753191212e-01 1.381678821439350633e-32 1.324284828909480507e-32 6.534239344120526191e-03 6.464725876017922424e-03
4.989634602085886439e-02 1.186033237868792667e-01 1.660321449952892325e-01 2.333383180149541936e-01 1.045809379531298239e-01 3.244328912580272672e-01 2.176564466875031948e-33 2.040629754500249088e-33 1.703228760296043778e-03 1.412809210564411506e-03
1.296842180288642621e-01 3.881545177889569875e-02 2.441932938749032389e-01 1.551771691353198701e-01 3.598900794895004696e-01 6.912374972165549747e-02 2.125801321516958478e-32 1.825563376321494843e-32 1.365971052037616732e-03 1.750066918821093203e-03
2.121721661861901420e-01 1.381847761920981799e-01 3.694279582272910201e-01 1.005235546238855693e-01 8.047123958997109971e-02 8.702288991427886700e-02 1.353196342030412232e-32 1.236286977407469460e-32 7.843408236073295958e-03 4.354007030210522468e-03
1.419132216822360237e-01 2.084437206960566003e-01 1.140744504045798358e-01 3.558770624466106036e-01 8.669273269280179661e-02 8.080139681142931019e-02 1.563170944832227357e-32 1.521704958708678195e-32 4.529848375476879137e-03 7.667566890807910734e-03
1.764981356129251000e-01 1.246741599232243508e-01 2.591989827233135979e-01 2.360900783761628596e-01 7.422108628192997104e-02 1.233853983503753748e-01 7.780093724760699863e-33 6.727762958473018531e-33 2.819738177883024735e-03 3.112420554184872762e-03
1.590048555253179563e-01 1.421674400108461078e-01 2.513985287657993783e-01 2.438905323336711950e-01 9.081659193123517437e-02 1.067898927010628718e-01 2.489377867242560741e-32 2.267116704961148987e-32 2.918533662352343610e-03 3.013625069716802454e-03
8.989010092971125993e-03 3.890367482382411229e-02 3.613251970812873803e-02 4.390415151638343283e-01 2.039431460331131776e-02 4.551942654071479133e-01 1.108333378624364586e-32 1.003041571671498728e-32 8.299790524498962090e-04 5.147211483333413717e-04
2.734262378827606588e-02 2.055006112853358449e-02 2.833302109905376787e-01 1.918438238814137442e-01 2.871581377511346345e-01 1.884304422593207351e-01 1.223529764801877010e-32 1.150422717244335708e-32 6.365581387080022913e-04 7.081420620767649903e-04
2.189213358833325129e-01 1.407757958197790038e-01 2.026918357577837393e-01 1.779095041701355406e-01 9.767511854286753392e-02 1.451217401653673578e-01 7.585044049358481005e-33 6.132185586154789845e-33 8.742226167703604986e-03 8.162443493032031996e-03
2.159121004808065569e-01 1.437850312223080129e-01 2.017375155302985335e-01 1.788638243976267139e-01 9.950219726546483123e-02 1.432946614427596799e-01 6.655761994990305258e-32 6.103657981928061133e-32 8.719899844935439029e-03 8.184769815800662859e-03
1.531089674226506492e-01 1.828697807458418978e-01 1.743336647660054251e-01 1.532937718746915090e-01 1.789768652412843664e-01 1.307405782237495151e-01 3.921845432859162717e-33 3.822337761409380673e-33 1.561118802575415035e-02 1.106518370002187307e-02
1.777141969072907335e-01 1.582645512611920713e-01 1.569385960458996032e-01 1.706888405947833698e-01 1.390967417156007135e-01 1.706207017494590639e-01 3.489559043713430975e-32 3.197254816073477618e-32 1.185270607641561794e-02 1.482366564935900903e-02
1.208209095712699799e-01 1.433986686030132296e-01 3.158940102551939244e-01 2.181819033101838889e-01 9.166671252600658293e-02 1.025301681917931695e-01 6.518208635160734850e-33 5.434912007812203878e-33 3.962923451587791607e-03 3.544704090951790454e-03
1.488647306086127997e-01 1.153548475656764605e-01 1.945258604537265790e-01 3.395500531116666387e-01 1.051602043340203185e-01 8.903667638375709070e-02 5.801928502176619134e-33 5.130710744958149398e-33 3.443453432993194650e-03 4.064174109546530092e-03
4.854472340293240762e-02 7.088071555722531836e-02 1.086619378894019550e-01 1.613471060108691846e-01 3.161851168030123671e-01 2.896709807620204691e-01 9.498405501178687973e-33 8.537628311918443562e-33 2.268358441708919274e-03 2.441061132829914181e-03
5.783676739569866554e-02 6.158867156440014923e-02 1.305796076562137920e-01 1.394294362440183233e-01 3.051549142124623248e-01 3.007011833526695987e-01 1.430072642137862477e-32 1.212377168172495080e-32 2.340204858580537204e-03 2.369214715956748443e-03
9.792838685171878499e-02 9.868080358666440899e-02 1.556774628645987701e-01 1.551196587927507198e-01 2.435328329492568722e-01 2.407526904506954168e-01 4.663231260612555282e-33 4.242770258063217578e-33 4.114547160775328463e-03 4.193617343539462680e-03
1.128817118687278354e-01 8.372747856964420088e-02 1.445918168467334730e-01 1.662053048106189035e-01 1.882810390384833110e-01 2.960044843614779153e-01 7.507997980077743360e-34 6.990088426060802860e-34 5.685966411675028032e-03 2.622198092638730084e-03
1.182845107215488717e-01 2.705328388667108119e-01 1.833989794376589821e-01 1.579121778680387111e-01 9.955878174907284439e-02 1.600133351691045980e-01 2.600298652287664586e-33 2.275222095116651155e-33 3.083069483938572289e-03 7.216306703926954509e-03
3.015812651948692746e-01 8.723608439323335406e-02 1.527145833163438549e-01 1.885965739894358562e-01 1.723420009150521959e-01 8.723011600321223247e-02 2.119168907815149662e-33 1.875801938762041677e-33 8.059209301834353856e-03 2.240166886019754559e-03
3.564706367053069869e-01 2.186020741317367955e-01 1.516759546158578664e-01 1.260489914159725888e-01 4.685134738292381917e-02 7.299438464385345215e-02 5.030531087371409891e-33 4.531514618834519710e-33 1.741692904247509749e-02 9.939682061872887053e-03
1.855195750911374508e-01 3.895531357459556254e-01 1.198996273430649601e-01 1.578253186887381143e-01 7.926758419679919010e-02 4.057814782995197711e-02 1.349786627043443856e-32 1.300301775966098591e-32 8.145465806588642402e-03 1.921114529776384028e-02
1.240900752580245126e-01 1.243371859870652379e-01 9.199769944011358669e-02 9.220343249271843733e-02 2.755138956136963801e-01 2.785316051460645648e-01 1.263752558900756805e-32 1.179660781026276062e-32 6.644737084475405356e-03 6.681368977842307155e-03
1.266642992115412369e-01 1.217629620335384105e-01 9.414088016772796663e-02 9.006025176508922203e-02 3.069502488358338277e-01 2.470952519239509315e-01 1.127804735647623583e-33 1.092118656113294350e-33 7.026342115284074478e-03 6.299763947033649308e-03
3.381745526684153957e-01 1.566030080845592920e-01 1.562473723962975458e-01 1.395839665499508109e-01 1.084490709999752223e-01 8.415695110081641839e-02 5.714564850783382198e-33 5.116187754640927947e-33 4.603017813110593659e-03 1.218206038687462411e-02
3.252079580871510833e-01 1.695696026659010980e-01 1.550573862205503195e-01 1.407739527256944012e-01 1.067142943807605909e-01 8.589172771994954547e-02 6.506634074130247312e-33 5.820609452563809442e-33 5.144261060196492555e-03 1.164081713979640831e-02
2.601970119134344173e-01 1.330574011333242601e-01 1.667793724102521469e-01 2.734651190591935732e-01 9.851919563537081537e-02 5.201624224557488407e-02 3.481652142517386825e-33 3.206937814282503550e-33 5.491200888660162718e-03 1.047445671418975946e-02
1.923778392219969435e-01 2.008765738246327814e-01 2.236879867382716158e-01 2.165565047312633384e-01 7.371345801159058519e-02 7.682197986940332568e-02 3.857811099366223323e-33 3.670337863559805572e-33 8.149383380511864700e-03 7.816274222329909482e-03
1.065344163325785826e-01 1.345530275428272471e-01 1.987727547154973240e-01 1.369589554002490772e-01 2.114271471674356029e-01 1.952257553050179006e-01 1.034894490484202443e-32 1.038666545073318593e-32 1.310816821661749815e-02 3.419775319777398036e-03
1.347471859939763372e-01 1.063402578814675592e-01 1.365306089900349962e-01 1.992011011256782649e-01 1.951134857451112259e-01 2.115394167273323134e-01 4.879682162573085734e-33 4.187017339320658417e-33 3.352638396238298915e-03 1.317530514015998605e-02
2.183570297085364598e-01 1.103298547637677068e-01 2.379133353575174081e-01 1.531076503778878162e-01 1.004554614629746684e-01 1.710470742047717763e-01 7.337852253256624492e-33 6.175171325167578850e-33 6.388297689555131123e-03 2.401296434987658553e-03
1.550767959245722138e-01 1.736100885477414035e-01 1.882358021399368475e-01 2.027851835954521675e-01 1.418066655444532587e-01 1.296958701233004996e-01 1.303295252535648715e-32 1.100787771923518765e-32 4.052789317565303265e-03 4.736804806978175963e-03
3.964534251586530195e-02 2.070227673689236866e-02 3.785855224132782526e-01 9.767597459053437015e-02 3.800569816561973902e-01 8.223220153407778676e-02 2.006580356191793102e-33 1.863421645070102196e-33 5.071087620439865447e-04 5.945917911099507687e-04
3.268942079706998322e-02 2.765819845567512453e-02 2.754351217593629664e-01 2.008263752444576777e-01 2.706952827307969600e-01 1.915939004594835460e-01 1.858859147140710650e-32 1.728993244593943818e-32 5.392326594637087420e-04 5.624678936895408619e-04
2.069496438213824785e-02 6.240470011542538498e-02 8.241035552725761715e-02 3.682980778221046636e-01 3.484453305586764083e-02 4.296078437133164507e-01 4.561197363671555355e-33 4.148443428549472068e-33 1.073237183842004226e-03 6.662882000493734573e-04
6.224129511075486565e-02 2.085836938677332678e-02 3.671780639029342264e-01 8.353036944643689454e-02 4.280612911045878488e-01 3.639108566462315175e-02 1.879863135788536104e-33 1.744483978266012822e-33 6.678824921113433880e-04 1.071642891779753812e-03
1.505605886959336392e-01 3.515599291763626399e-01 7.831984846044426352e-02 1.944709363269496727e-01 1.034540133748800828e-01 1.059368067040825367e-01 2.753525533942861650e-33 2.398029399429166068e-33 1.201002341522908017e-02 3.687853846118727651e-03
3.149260635011765230e-01 1.871944543710598596e-01 1.733013974580494831e-01 9.948938732937098739e-02 1.054842961779348248e-01 1.039065239010639047e-01 7.565310994271341015e-33 6.560271071999601981e-33 5.204641122094666277e-03 1.049323613924958189e-02
1.065373876480118776e-01 1.346622685338502989e-01 1.694853899431373045e-01 1.642849898611220549e-01 1.861546637005651872e-01 2.356151407054731806e-01 1.132028899270931664e-32 1.061300504302488144e-32 1.692430690961387041e-03 1.567728916878525581e-03
7.453469265966869428e-02 1.666649635222162140e-01 1.754028129650496148e-01 1.583675668392233726e-01 1.298746543383560437e-01 2.918951500676476019e-01 1.565191945413787735e-33 1.529424279433373151e-33 1.834326148463331311e-03 1.425833459376720739e-03
1.875030251205474507e-01 5.406007752635457742e-01 6.638477499292980144e-02 5.725544813555744073e-02 5.441536582060844951e-02 3.765487130920522341e-02 3.605861700870469734e-33 3.471728089148327820e-33 1.191568263259759272e-02 4.427005672500775729e-02
6.194477134349655190e-01 1.086560869491331738e-01 5.521686400415252299e-02 6.842335912432204181e-02 3.391224288994039437e-02 5.815799423987999539e-02 6.587590771908887872e-34 6.276737106535419758e-34 5.149480775388576986e-02 4.690931603721365181e-03
1.172087014293921314e-01 9.135405250491390738e-02 1.436041534377843487e-01 1.691393472727734382e-01 3.067212130694023098e-01 1.688822347726295359e-01 2.574203493318580219e-33 2.142662691544743485e-33 1.315555179915094911e-03 1.774742333187604186e-03
8.311099940532937214e-02 1.254517545288644509e-01 1.772805507872381447e-01 1.354629499232749001e-01 1.249360175715139853e-01 3.506674302706767055e-01 2.979210786289134315e-33 2.826944970024428142e-33 1.921141694406204321e-03 1.169155818696088634e-03
8.040126558090721076e-02 5.897545913843454946e-02 1.666848866437225518e-01 1.457772314402023817e-01 3.274162005529017150e-01 2.152358729478383026e-01 1.098586130563109929e-33 1.005261133554313910e-33 2.399036787611226896e-03 3.110046908378966656e-03
5.902644919661243633e-02 8.035027552273271700e-02 1.458269883797422839e-01 1.666351297041810398e-01 2.155028445293624972e-01 3.271492289713776591e-01 2.368012505262084254e-33 2.325527801146719526e-33 3.108354815830813734e-03 2.400728880159501682e-03
1.353829086957287764e-01 1.120978350807318169e-01 2.040306414801366930e-01 2.210798149289667502e-01 1.870120236470715069e-01 1.362074320474968570e-01 1.065353946318861715e-33 9.599728595428351747e-34 1.860371642533616143e-03 2.328972477335846530e-03
1.411858876605437685e-01 1.062948561159036548e-01 1.997817395214119829e-01 2.253287168876854096e-01 1.996732666925213617e-01 1.235461890020632669e-01 1.838931924487626872e-33 1.756633932420723457e-33 1.743589499937781961e-03 2.445754619931616962e-03
5.739788039458852686e-02 4.391066778045581848e-02 1.554495410097045949e-01 9.726296926681937682e-02 2.357820363609275938e-01 4.077261108013777724e-01 4.986834185443771087e-33 4.453781018514971984e-33 1.358351348671730640e-03 1.112443037453419992e-03
5.062172880817406018e-02 5.068681936690045547e-02 1.262158481997430748e-01 1.264966620768033789e-01 3.221689827322745669e-01 3.213391644299766203e-01 1.509293380357614212e-32 1.345465161928325676e-32 1.234803804724129810e-03 1.235990581401372320e-03
7.881273269690232397e-02 6.338221657366163719e-02 1.632154265096206480e-01 1.725477149453007453e-01 2.041089392273547354e-01 3.145038197259051316e-01 6.880005529288620354e-33 6.578001861913580592e-33 1.745278321571798333e-03 1.683871999682464392e-03
7.531866157335111167e-02 6.687628769720573019e-02 1.653286208628840237e-01 1.704345205920315409e-01 2.291066490289258850e-01 2.895061099243472214e-01 6.540747203007118947e-33 6.420259858114978818e-33 1.731373533526662980e-03 1.697776787727415214e-03
2.245198302572429250e-01 1.648943459790394028e-01 1.443011979366393693e-01 1.743577303480322027e-01 1.528613835061268800e-01 1.279104720827702879e-01 4.618272012373818035e-33 3.968820019048088739e-33 5.940743442191921166e-03 5.214296447959565484e-03
2.186429074451543553e-01 1.707712687910916960e-01 1.472636882731168662e-01 1.713952400115447416e-01 1.504021233038133065e-01 1.303697322851303797e-01 4.639601994726415185e-33 3.979901531254373798e-33 5.869141962323105345e-03 5.285897927827379501e-03
6.061939442021737484e-02 1.318767943071673943e-01 1.040456801693546707e-01 1.403935556166040766e-01 2.489022829540282200e-01 3.079658246305660985e-01 1.882521743429428373e-33 1.842464014534320211e-33 2.591598109233976543e-03 3.604869792827230211e-03
1.075284592158490815e-01 8.496772951156600362e-02 1.279736490152945383e-01 1.164655867706599623e-01 2.877840763952462244e-01 2.690840311893218928e-01 4.752611099556628220e-33 4.283431691650843463e-33 3.258639386865054121e-03 2.937828515196810528e-03
2.653795093860351617e-01 2.461521899834555327e-01 1.761873027012903770e-01 1.597517184146975688e-01 7.043987052253167236e-02 7.070002264335348285e-02 2.851197344265734461e-33 2.663302566949674863e-33 5.441912764290549390e-03 5.947473584344691554e-03
1.827830590866975080e-01 3.287486402827907717e-01 1.055835491439196389e-01 2.303554719720672939e-01 7.155742837177840598e-02 6.958246479411089869e-02 6.420383898919111667e-33 6.055312207929324078e-33 7.613693878058851693e-03 3.775692470576566626e-03
3.302180959298798429e-02 5.100079962832537728e-02 8.676771886268788703e-02 3.755085643583240818e-01 9.067365970691293464e-02 3.589551776344978018e-01 7.708844185594877280e-33 7.241499625604083153e-33 1.001177929199436592e-03 3.071092287064935283e-03
3.591159527507428034e-02 4.811101394624169025e-02 1.331773981332960155e-01 3.290988850877141769e-01 1.337948855240541080e-01 3.158339518173554628e-01 8.385347613912320239e-33 7.925405036186806779e-33 1.333877867447672309e-03 2.738392348816876074e-03
8.462818280316664055e-02 1.609162189665561959e-01 1.490565242453012473e-01 3.014440630565254908e-01 1.929380260396102997e-01 1.059531744706148637e-01 4.616948415276655825e-33 4.552075562723747337e-33 2.378590036881260503e-03 2.685220381343543863e-03
1.639367325769676142e-01 8.160766919271769670e-02 3.074776255676590075e-01 1.430229617341869930e-01 1.025091360436086729e-01 1.963820644666341708e-01 1.031300499250545421e-33 9.793451103799246686e-34 2.697360962952553409e-03 2.366449455271824650e-03
8.540474005849500727e-02 8.770833058962379525e-02 1.688035204767743824e-01 2.414826643959863406e-01 2.278593907532555640e-01 1.845439631395951741e-01 3.204630487077633988e-33 3.044745327794439471e-33 1.687082716898093745e-03 2.510307869372627957e-03
8.525645206936915965e-02 8.785661857875007308e-02 1.641249788881755933e-01 2.461612059845743328e-01 2.306477151416385096e-01 1.817556387512226368e-01 2.131466731616803819e-33 2.029099558322264154e-33 1.634089617297150923e-03 2.563300968973820579e-03
2.528186829226826138e-01 6.118338820094431502e-02 1.155005471399181138e-01 1.870248657521684787e-01 2.226221166513801808e-01 1.475016769096304803e-01 5.983126324983169375e-33 5.870060674042221270e-33 7.066364216593336474e-03 6.282358206684509824e-03
1.014239980600300517e-01 2.125780730636110949e-01 1.720058046502240812e-01 1.305196082418589310e-01 1.632758708673372194e-01 2.068479226936605353e-01 1.298123149575476843e-33 1.203550184672498921e-33 6.446988005269999565e-03 6.901734418008150310e-03
8.600949193776186164e-02 8.039157326729200193e-02 1.691921599280627742e-01 2.254101219945779666e-01 2.166935336320204297e-01 2.187516130509796763e-01 4.551884992003308973e-33 4.150115280435516025e-33 1.820760127507715801e-03 1.730746061799989409e-03
7.836678273094470348e-02 8.803428247410620411e-02 2.456720026378605981e-01 1.489302792847829460e-01 2.194933788142829634e-01 2.159517678687150055e-01 2.304164593399862687e-33 2.092773734243240580e-33 1.698303508058209618e-03 1.853202681249395628e-03
6.171598245757554252e-02 5.977835386703578974e-02 1.478401039209153445e-01 1.439960507825523151e-01 2.861804524938266758e-01 2.965161397155456902e-01 7.596880878616709991e-34 6.883478821419386662e-34 2.045997723781939684e-03 1.926919038767028244e-03
5.311284887969912327e-02 6.838148744490572806e-02 1.307723837235528208e-01 1.610637709799061235e-01 3.320712378701277667e-01 2.506253543392605310e-01 1.076503790012182692e-33 1.007475151999297098e-33 1.517284512973332685e-03 2.455632249575529641e-03
1.231597649280052748e-01 1.065210868990102144e-01 1.971309459214860560e-01 1.674804676149178606e-01 1.852690533481451962e-01 2.136460710833000265e-01 1.082960227207824058e-33 1.043208174895381845e-33 3.855644032634725736e-03 2.936966172502688405e-03
1.001684473427175703e-01 1.295124044842908551e-01 1.561599287460342378e-01 2.084514847903750634e-01 2.244804032964821672e-01 1.744347211349633053e-01 2.870407121700560851e-33 2.695877325993229678e-33 2.586215391486362206e-03 4.206394813651294362e-03
5.853269879114927216e-02 4.585528345050684379e-02 1.925244611224922742e-01 1.437613464880535541e-01 2.345014837063595925e-01 3.217790519962225315e-01 1.490350463728096175e-33 1.407018774299187208e-33 1.667969503035511732e-03 1.377704942179866889e-03
6.515021494482954589e-02 3.923776729682908193e-02 2.179784428787178152e-01 1.183073647318276661e-01 1.889432447047949548e-01 3.673372909977855594e-01 1.799396974690531113e-33 1.637459240290554980e-33 1.819485436582387239e-03 1.226189008633246386e-03
5.211219906974319527e-02 8.614398500695320815e-02 1.099046492472946779e-01 2.404427824893429766e-01 4.089727669294951351e-01 9.861181786769004920e-02 1.101051725689936070e-33 1.107644673074140830e-33 1.078215941025597929e-03 2.733583448452214099e-03
7.349861843921051685e-02 6.475756563745269090e-02 1.919380537349011651e-01 1.584093780017320763e-01 2.139342395718452083e-01 2.936503452253804713e-01 1.192499920752935699e-33 1.180307341667455728e-33 2.118489989226859591e-03 1.693309400250057320e-03
1.297133790604982351e-01 1.053840245326281427e-01 2.034170770439294174e-01 1.956793202125899633e-01 2.133792054345345912e-01 1.475304701523930395e-01 1.833844768175549717e-32 1.805533038037981102e-32 2.418488291939906165e-03 2.478035271484651560e-03
9.931349246325887892e-02 1.357839111298707324e-01 1.937486359876668396e-01 2.053477612688513754e-01 1.311002414424560780e-01 2.298094341444688327e-01 1.676255677180017079e-32 1.633126089863471984e-32 2.492893119379695297e-03 2.403630444045267919e-03
1.289153740810257687e-01 2.818188087915309281e-01 1.967797768550278159e-01 1.250721595472615022e-01 1.421172105083853554e-01 1.185098418715860857e-01 2.894329938111658630e-33 2.654231098101304203e-33 3.592800213170491835e-03 3.194028132014299897e-03
3.408140923811802114e-01 6.992009049140188170e-02 9.740495098115513339e-02 2.244469854211385007e-01 1.094013257014405938e-01 1.512257266784998166e-01 7.569157792498123352e-33 7.411608348615165574e-33 3.040168461955634113e-03 3.746659883229575688e-03
1.232590580673608716e-01 1.002677046413986139e-01 2.316869308508658076e-01 2.277360577233091266e-01 1.099617642307718079e-01 2.028605611558485233e-01 2.285504141665218169e-34 2.102685187710299729e-34 1.946245264850579278e-03 2.281678065594238466e-03
1.069478468682003719e-01 1.165789158405424464e-01 2.288839846819104296e-01 2.305390038922730533e-01 1.758687975715071961e-01 1.369535278151253477e-01 5.087419996472397298e-34 5.043033405695651150e-34 2.184217999847772734e-03 2.043705330594924527e-03
4.660211862416653306e-01 1.931420568751616440e-01 1.737051566286838267e-01 8.029941775946786153e-02 1.683074347801506027e-02 2.053351610367747451e-02 3.457117038935525929e-33 3.356345928506427214e-33 3.495642929873313959e-02 1.451149361459729697e-02
3.001642145272276699e-02 6.291468216640163647e-01 2.446198328614186679e-02 2.295425911020417264e-01 2.274701311530280545e-02 1.461724646645141956e-02 2.501214636761577420e-33 2.453664540449341449e-33 2.289624055029748206e-03 4.717829885829279840e-02
2.175394564783808549e-02 5.511616553366636972e-02 8.066747903912252493e-02 3.815823112163523323e-01 5.261273392202597821e-02 4.059804382029373881e-01 7.901281415911932312e-33 7.655091687861779536e-33 7.065918871326829723e-04 1.580334550925759952e-03
4.477558874012479984e-02 3.209452244138163990e-02 2.883141491726687322e-01 1.739356410828025168e-01 2.964545764652012916e-01 1.621385956597629630e-01 1.053750431574566144e-32 1.018148900326671175e-32 1.309519145247384306e-03 9.774072928117228005e-04
3.856498953793612017e-02 9.493569553509972891e-02 9.934917480129741574e-02 2.773758619701356953e-01 3.598597305846772954e-01 1.250857837203936673e-01 1.575009121955763424e-33 1.554018522421769779e-33 1.297790800058070413e-03 3.530973050400668199e-03
4.214155274974397403e-02 9.135913232328862765e-02 1.106444688513896213e-01 2.660805679200448637e-01 3.449639820466129381e-01 1.399815322584619381e-01 1.512993923044971858e-33 1.468887275437134467e-33 1.439479951196992067e-03 3.389283899261561796e-03
8.133892764948895404e-02 8.093329510198132848e-02 2.479371636921904043e-01 2.257348494905777880e-01 1.900693936067105183e-01 1.704927069011893670e-01 5.113818926240279260e-33 5.061673598075940736e-33 1.764644875246335152e-03 1.729018682616119580e-03
8.106771871148525654e-02 8.120450403999224243e-02 2.330925312953518458e-01 2.405794818874114616e-01 1.769802752809123692e-01 1.835818252269842965e-01 4.396142375303263283e-33 4.124460277995589449e-33 1.740824937897025425e-03 1.752838619965565482e-03
3.233715549545063128e-02 4.909573365524669275e-02 1.087972781091900848e-01 1.300484765043664614e-01 3.600139614999978144e-01 3.160160150076100627e-01 7.245734887283997398e-34 7.175815578781639048e-34 1.667410449344295959e-03 2.023969278797100885e-03
4.905306250040093047e-02 3.237982665029469354e-02 1.299943661157254293e-01 1.088513884978316165e-01 3.161280437948631450e-01 3.599019327127441770e-01 1.473250710820737035e-33 1.467790967901092871e-33 2.023061398851660510e-03 1.668318329289362285e-03
9.359527633812987635e-02 1.031026664403185689e-01 2.426193999177973237e-01 2.315533700457190480e-01 1.500439835178235815e-01 1.712501963508782088e-01 1.647334331571978775e-33 1.653800702710354215e-33 3.738652499899394743e-03 4.096454889433239106e-03
1.081097793814244923e-01 8.858816339702410558e-02 2.257253919375446782e-01 2.484473780259812414e-01 1.824185508171817793e-01 1.388756290515118785e-01 2.497135222711864583e-33 2.485899235595002408e-33 4.284893246935210682e-03 3.550214142397026783e-03
8.192558623453775890e-02 1.516719920619395146e-01 1.737453956441211422e-01 2.434752573311647073e-01 2.092401376005634250e-01 1.279575028924877511e-01 4.310595244317630179e-34 4.081423915302605587e-34 4.076228541782730974e-03 7.907899693407870537e-03
7.914154263878121764e-02 1.544560356576972493e-01 1.709620124352236592e-01 2.462586405400621070e-01 2.124846689268827804e-01 1.247129715661676186e-01 6.576474077537631274e-34 6.216641549988891781e-34 3.923281025646331230e-03 8.060847209544275485e-03
1.416605345352314194e-01 8.923969527712097283e-02 1.895079892577604952e-01 1.700134112193904534e-01 2.030226357992747366e-01 2.009553582301234487e-01 1.591504859343134898e-33 1.596295215505292489e-33 2.633098352158145042e-03 2.967277328944367340e-03
8.511194172775128630e-02 1.457882880846031737e-01 1.684783573204056695e-01 1.910430431567482767e-01 2.007925754047304168e-01 2.031854186246631888e-01 2.515585787795809237e-33 2.517247875147582426e-33 2.993591452813269826e-03 2.606784228289187044e-03
1.056519147294842503e-01 1.404982699533471602e-01 2.495866635795268018e-01 1.987283968437201787e-01 7.032537626403072284e-02 2.297314032453848798e-01 3.698892076319090581e-33 3.678263681129878758e-33 3.675692371743567721e-03 1.802283012763296506e-03
1.016669545420263165e-01 1.444832301408096320e-01 2.554027142638350956e-01 1.929123461594117739e-01 5.209601864309210129e-02 2.479607608663181584e-01 2.730704945075874564e-33 2.716877501099836474e-33 3.889931756677627792e-03 1.588043627829374780e-03
2.057195695448404277e-02 5.501149752636842055e-02 4.110529771552857287e-02 4.343664412587432411e-01 2.769778086298030698e-02 4.192783826534859926e-01 3.540319322459069202e-34 3.535430274394216813e-34 7.608627423625951777e-04 1.207780286053972488e-03
5.393580194721721982e-02 2.164765253364391018e-02 4.220831974483207905e-01 5.338854152594420255e-02 4.070476294194196321e-01 3.992853409704386070e-02 6.111723582894438382e-35 6.059877069168755698e-35 1.193821121151986088e-03 7.748219072647973341e-04
1.307887552137442511e-01 4.206280759225734106e-02 1.312901915156899080e-01 4.190662940929091446e-02 1.509978013289189069e-01 4.919609161228132299e-01 1.103820686586156053e-33 1.092260422239186372e-33 8.390674931726767663e-03 2.602223885556108774e-03
7.585889183388439157e-03 1.652656736225992240e-01 7.174176722698533820e-03 1.660226442022661730e-01 6.244515550432044870e-01 1.850716240855828157e-02 9.532353216811334645e-34 9.523539921743141262e-34 3.529612991036268463e-04 1.063993751817844842e-02
1.447570005400534709e-01 1.431787568582094383e-01 1.555405403374544859e-01 1.552709993952159917e-01 1.980980360983493893e-01 1.969944492348955078e-01 1.339615183171484143e-33 1.336612315681889540e-33 3.082280037489207661e-03 3.077937498337037642e-03
1.538522846955663881e-01 1.340834727026967710e-01 1.570938818709016471e-01 1.537176578617676370e-01 2.044579133648090352e-01 1.906345719684374440e-01 1.439763746377435446e-33 1.436376624856769170e-33 3.107305721419287466e-03 3.052911814406915336e-03
2.760939586805337131e-01 1.654572185973230414e-01 1.614952551303714401e-01 1.794694190280036739e-01 9.852991086772106000e-02 1.103021613538829049e-01 3.876254905227496785e-35 3.870475921473039743e-35 5.001281622091577686e-03 3.650794720081519326e-03
2.725627337787344673e-01 1.689884434991213435e-01 1.620689417293856571e-01 1.788957324289895401e-01 9.890564919872825433e-02 1.099264230228768624e-01 3.931909696519029785e-35 3.930482104695481348e-35 4.958177740195414754e-03 3.693898601977727361e-03
1.104700269375323562e-01 2.104348309222982549e-01 2.044333837485231287e-01 2.042542392935933482e-01 1.296262019498227724e-01 1.323537253586816731e-01 2.377247883929542932e-34 2.360810318135209247e-34 4.261814213622021168e-03 4.165777575931971233e-03
2.066523142633309718e-01 1.142525435964917013e-01 2.042610178482388850e-01 2.044266051938840034e-01 1.322505200071907028e-01 1.297294073013142701e-01 4.434730883413749481e-35 4.437490850341301279e-35 4.169411456732949675e-03 4.258180332821596970e-03
1.034088289828054841e-01 1.068926042316835356e-01 1.061526559173149031e-01 1.084600300218906688e-01 3.141845373490244064e-01 2.547706179978288521e-01 4.692137563782338526e-36 4.555087067745728771e-36 2.929824233185253802e-03 3.200901266270651715e-03
1.086827747964347196e-01 1.016186584180658603e-01 1.096456958323380193e-01 1.049669901068721045e-01 2.242402186579998680e-01 3.447149366888336841e-01 5.012864680261190121e-34 4.971630524199452506e-34 3.340196740502267281e-03 2.790528758954043294e-03
4.704550631534808874e-03 5.374740640020891566e-03 1.001903161240500287e-02 5.006748882636031794e-01 9.262947006068104894e-03 4.693065156498431589e-01 3.633091233675479375e-34 3.634961545194723235e-34 4.801072846174732692e-04 1.772189119146946998e-04
5.378684702705553364e-03 4.700606568851239953e-03 5.035623939411086880e-01 7.131525934895823621e-03 4.720138682644143824e-01 6.555594391495007944e-03 2.033260507300514601e-34 1.919623910542657313e-34 1.754364163346074470e-04 4.818897801976041069e-04
4.762827687489101791e-02 2.782826180204930541e-02 4.233628348535399544e-02 2.783139991210886038e-02 4.278930822483199142e-02 8.087242358974690015e-01 2.976019634769695040e-35 2.644872651758140946e-35 1.761620975957515090e-03 1.100612827338410616e-03
4.301296489700413145e-02 3.244357377993447450e-02 3.895524752920778017e-02 3.121243586825407992e-02 2.213259726144894968e-01 6.301875715078147921e-01 4.982463997350047741e-35 4.461419048574058520e-35 1.607542364674619060e-03 1.254691438621265880e-03
1.471003374414768250e-01 4.655398033836871674e-02 1.314464076289993399e-01 2.200573687155796820e-01 9.664499587422231697e-02 3.522199046207138418e-01 9.494971405348234099e-35 9.041175285429462601e-35 2.767799955858829195e-03 3.209205424780924108e-03
6.014798274590898997e-02 1.335063350339475430e-01 2.080770478660569078e-01 1.434267284785123997e-01 3.176658339919171126e-01 1.311990665030200454e-01 1.100590258712311125e-33 1.071768524312532240e-33 3.149526813042813778e-03 2.827478567596879242e-03
3.346960513267119852e-01 1.853040009628476870e-01 1.072907063998144173e-01 1.708766993187996741e-01 9.094272383700510720e-02 1.037699392607550480e-01 3.115357419856823697e-34 3.080064850548354229e-34 3.495939500995312501e-03 3.623939393069832825e-03
8.491608270786356327e-02 4.350839695816852704e-01 2.136049799988324338e-01 6.456242571978573763e-02 1.123895241065491490e-01 8.232313899121668221e-02 7.827786634813062860e-34 7.814661483353138872e-34 3.709952287804929930e-03 3.409926606260049297e-03
3.018118101316658586e-01 1.009183668616490392e-01 1.547639068095388593e-01 1.783829653470073717e-01 1.454076670234277224e-01 1.117569969328571777e-01 1.508693909794619192e-33 1.475082911639089912e-33 3.658678302426911482e-03 3.299608591429217114e-03
1.702169802554131528e-01 2.325131967378574749e-01 1.702355217088291905e-01 1.629113504477272267e-01 1.233648659557986804e-01 1.337997980005156407e-01 2.028551443655944675e-33 1.996465871440269633e-33 3.423470439177748060e-03 3.534816454679015878e-03
2.176427623413619838e-01 2.720330504463156496e-01 1.849827020998880689e-01 1.452689795174822995e-01 8.218270815302444743e-02 7.843102894528804214e-02 5.098194533913990102e-33 5.002750294583259730e-33 8.973332362109471411e-03 1.048543613453091321e-02
2.054670066923161564e-01 2.842088060953235074e-01 1.938729764287172030e-01 1.363787051886680424e-01 8.302255531874515315e-02 7.759118177958862494e-02 1.176735412441434076e-34 1.160219662837648170e-34 8.634834319711973127e-03 1.082393417692922508e-02
7.160366000526438568e-02 8.152351497238238820e-02 1.277437150171027436e-01 1.186172526973556796e-01 3.582628931672587336e-01 2.386849130725397505e-01 4.845694296851493617e-34 4.811183939025340068e-34 1.526067875941288128e-03 2.037983192157091610e-03
6.772653191870330047e-02 8.540064305894040642e-02 1.313107493647041879e-01 1.150502183497544156e-01 4.049993773899513982e-01 1.919484288498494173e-01 2.869960396807012081e-33 2.837184059873180638e-33 1.325988211769912753e-03 2.238062856328416460e-03
5.975729596496721918e-02 6.128595366401892036e-02 1.764611441933624791e-01 1.895143176783650185e-01 1.174683574759573246e-01 3.905457339915697212e-01 5.937380207516538733e-34 5.535583460204154926e-34 2.412102808548881663e-03 2.555094223209174176e-03
6.085497024792044241e-02 6.018827938107341319e-02 1.858341600452256825e-01 1.801413018264927945e-01 3.135554302332895227e-01 1.944586612342385501e-01 2.660513785655034541e-34 2.615251612813190513e-34 2.514779816391670385e-03 2.452417215366583646e-03
1.588015721123011426e-01 3.248400718105584062e-01 2.046033394902681546e-01 1.131162009043844979e-01 1.058540811671060122e-01 8.618812387289669086e-02 2.425123230130404326e-33 2.364987468483298213e-33 3.332186284824911488e-03 3.264424357659464690e-03
4.197126193375709802e-01 6.392902458524829523e-02 6.084146992705133372e-02 2.568780704676130178e-01 7.495121513515717870e-02 1.170909899048749592e-01 4.071833525046080502e-34 3.745767152893705820e-34 3.225705947970188177e-03 3.370904694513937334e-03
5.504007154632788446e-01 1.753117894028656878e-02 3.311910361531927166e-02 2.464895974121256161e-01 7.116655689142062369e-02 7.508225870884323305e-02 9.416441745835698308e-35 9.011446663815676632e-35 2.183198718073800851e-03 4.027390250651808820e-03
8.241582795986067411e-02 4.855160664437099260e-01 2.205086233608131163e-01 5.910007766662922490e-02 7.460546482089204512e-02 7.164335077936902219e-02 3.643165632424139126e-34 3.491639089904802437e-34 3.802832995799252866e-03 2.407755972926662550e-03
8.866385349471719857e-02 2.641648864838088140e-01 2.746591314331068845e-01 8.814856837661512456e-02 1.166350816333803636e-01 1.618380263510556527e-01 3.451904287164915641e-34 3.186350147267945679e-34 3.014462614374430541e-03 2.875989612941286071e-03
2.375996965233070357e-01 1.152290434552797893e-01 1.163802457227072207e-01 2.464274540870202146e-01 1.549957599965088584e-01 1.234773479878591845e-01 2.997482594322296344e-34 2.833610346364160499e-34 2.896949954455374336e-03 2.993502272861005807e-03
4.695348477715654417e-02 7.176311309136139405e-02 2.897159505596976770e-01 1.490015140465494603e-01 2.830021815184914358e-01 1.578597266385261821e-01 3.477968460607547090e-33 3.309127783884292673e-33 9.146051434572243736e-04 7.894242247618369051e-04
7.248295648373528910e-02 4.623364138473695650e-02 1.449187298927330225e-01 2.937987347135425087e-01 1.542287585273855732e-01 2.866331496296509185e-01 6.967416247126500914e-33 6.694208786432541490e-33 7.857921406351389519e-04 9.182372275830840216e-04
1.072503075740889045e-01 1.703337773610277273e-01 1.454647852109092199e-01 1.245091954120829125e-01 1.773848674770706069e-01 2.675964977748058748e-01 1.141494745632718889e-32 1.111757494001808772e-32 4.055850689682691766e-03 3.404718500334374780e-03
2.201724335253146536e-01 5.741165140980921539e-02 1.079533775689508895e-01 1.620206030540533859e-01 3.388675683042043363e-01 1.061137969476521892e-01 2.391223639276993926e-33 2.256213983133201382e-33 2.890296046844378734e-03 4.570273143172401582e-03
1.131256209572433641e-01 1.364249068861958514e-01 1.656569856832755816e-01 2.234770773043446013e-01 1.659338120929918503e-01 1.868750283555902780e-01 1.747009665472502669e-34 1.692667218264640261e-34 4.871595506293806624e-03 3.634973214066293881e-03
1.393325511854098253e-01 1.102179766580325543e-01 2.306927602353729956e-01 1.584413027522320327e-01 1.894883963476522715e-01 1.633204441009383501e-01 7.290677053957537023e-33 7.288230711557932514e-33 3.480648409038597513e-03 5.025920311323438076e-03
1.296111346871429149e-01 9.085576561898739412e-02 1.624281228597022342e-01 1.934321518647432736e-01 2.508208443210048766e-01 1.665543416080346728e-01 1.787290359851081306e-33 1.775749940072107263e-33 2.991909755402435978e-03 3.305729284984199306e-03
6.353543694495314420e-02 1.569314633611767484e-01 2.152882271132043057e-01 1.405720476112353179e-01 1.071512548697258760e-01 3.102239310593183363e-01 2.267482853315805973e-33 2.180423776588103069e-33 3.526954186169654025e-03 2.770684854216690259e-03
1.758168187194734111e-01 1.205928760473093803e-01 2.325946550681326497e-01 1.644401624786737126e-01 1.951938084017203479e-01 1.016608784599826731e-01 2.085136622836806105e-33 2.083684449496886698e-33 2.761443556189032041e-03 6.939357268517923338e-03
1.383986559741808564e-01 1.580110387926123017e-01 1.864151218414858424e-01 2.106196957053139418e-01 1.318185724939658632e-01 1.650361143677302467e-01 5.395780809377182986e-34 5.298874218119607079e-34 5.592278293068480947e-03 4.108522531640914320e-03
1.105024210931002393e-01 3.986510243508670226e-02 2.780365065510328471e-01 1.531183603858386755e-01 3.346662297896079163e-01 8.175301291803642456e-02 4.959026777599377275e-34 4.887980856818381977e-34 8.635602074399950645e-04 1.194806619853923911e-03
6.742312038737541258e-02 8.294440314080832322e-02 2.018531733712338183e-01 2.293016935656400357e-01 1.804230516926260686e-01 2.359961910150217557e-01 5.125890550606017459e-33 5.124590181874402618e-33 1.065576140082605608e-03 9.927906872112500503e-04
2.785479470370263444e-01 4.262806617473210435e-01 6.748189632450005138e-02 9.185347796081171079e-02 5.247658082868510154e-02 7.399057028123420809e-02 1.699318566874683923e-32 1.630581608393237392e-32 5.398317387673315891e-03 3.970548432748409115e-03
3.574370897077461806e-01 3.473915190765932692e-01 8.049629996954800470e-02 7.883907431576643587e-02 6.396503270386361129e-02 6.250211840605982005e-02 1.518792561767008893e-32 1.442611625375712667e-32 4.635889992990853414e-03 4.732975827430678170e-03
1.601913322932479733e-01 1.739068116898966621e-01 1.848099324300550017e-01 1.671623054234406269e-01 1.409060901440135904e-01 1.643259841765972173e-01 2.068601059128934026e-33 2.061727583547452657e-33 4.407145001545292005e-03 4.290398841204376076e-03
1.858683499199306199e-01 1.482297940632155142e-01 1.517714642429278671e-01 2.002007736105702873e-01 1.847509324931435326e-01 1.204811418274625706e-01 1.564869486289121495e-33 1.563581030076786342e-33 4.188582228038220841e-03 4.508961614712231336e-03
7.334328325410105487e-02 3.385375454300062481e-01 1.145674277474673375e-01 7.372556720794028184e-02 1.125229739477180829e-01 2.661341709521082843e-01 5.089704425279286193e-33 4.718964205196214210e-33 4.451393578458702482e-03 1.671763788220120145e-02
2.380123105712602105e-01 1.738685181127216095e-01 8.920719033622501182e-02 9.908580461911810355e-02 2.079059063997746037e-01 1.707512385002449562e-01 1.256524757724706326e-32 1.122714365125243674e-32 1.206796303874553208e-02 9.101068421910425352e-03
8.010659714532009090e-02 9.136237034639781152e-02 1.626010620324004341e-01 1.593880816287492896e-01 1.931361724797570345e-01 3.090448377031863592e-01 9.083650523599506604e-34 8.027823211095850707e-34 2.521821788402880786e-03 1.839056875788564653e-03
8.326945277132083434e-02 8.819951472040951646e-02 1.616982192898592796e-01 1.602909243712963838e-01 2.257063360183403922e-01 2.764746741645842110e-01 8.625051149218849903e-34 7.653234868205315085e-34 2.329965857532466725e-03 2.030912806659111204e-03
1.112821835487597666e-01 8.507756345745229321e-02 2.123872607858409145e-01 1.992534916231438746e-01 2.636173418582749006e-01 1.240947317255597232e-01 1.746516643012108611e-32 1.733698429087004116e-32 2.072026792966238495e-03 2.215400208002797459e-03
1.046428830008441641e-01 9.171686400537695794e-02 2.090596399123504368e-01 2.025811124966332699e-01 2.282673715601701847e-01 1.594447020236554047e-01 9.016013091729587271e-33 8.275884487072871936e-33 2.108352417596531109e-03 2.179074583372948501e-03
7.251383715924358819e-02 5.963914713772799220e-02 2.257945590779898704e-01 1.726872925870128195e-01 3.006566323623584003e-01 1.650853880002248197e-01 2.628185504207416052e-32 2.509222620415785762e-32 1.490684892326522501e-03 2.132458783116526757e-03
6.361022684025369189e-02 6.854275745672248898e-02 1.890677404009778739e-01 2.094141112640233726e-01 2.069010912001623126e-01 2.588409291624166331e-01 9.533548715320249011e-33 8.890126497297384278e-33 1.934509530198114200e-03 1.688634145245319733e-03
1.096443168697805448e-01 1.008070258340286185e-01 1.812249357894828439e-01 1.608907300046380495e-01 2.212876867686953686e-01 2.178011171219245423e-01 1.243735216269141023e-33 1.090703619808505380e-33 4.279806212846640201e-03 4.064381398604825953e-03
8.918162772989925158e-02 1.212697149739010438e-01 1.341412163332884044e-01 2.079744494608363747e-01 2.132145577347611398e-01 2.258742461558601033e-01 6.437824298154896390e-33 5.702673259747791016e-33 3.780991475505014743e-03 4.563196135946181661e-03
1.659545809585171727e-01 1.325285138024230869e-01 2.558110580658335964e-01 2.168183761235024931e-01 1.244580442408335375e-01 9.869592585763228842e-02 4.193309221952017897e-34 3.681611897323292738e-34 2.615386256488516116e-03 3.118114694770412164e-03
1.418972959210753337e-01 1.565857988398580425e-01 2.277473896874851189e-01 2.448820445018490832e-01 1.059166279797220528e-01 1.172373421187512532e-01 3.145306327236707592e-34 2.764191010523209905e-34 2.977208102884504153e-03 2.756292848374274941e-03
1.311405059555518227e-01 8.419960343355727128e-02 2.373591538022825076e-01 2.281992059113134297e-01 1.170532565908359579e-01 1.954999411067706583e-01 3.359819780900767359e-33 3.089489048560410923e-33 3.706298189442625013e-03 2.842035010244267808e-03
1.199046999843972061e-01 9.543540940465770894e-02 2.351666225197721616e-01 2.303917371938583869e-01 1.358303077113969248e-01 1.767228899862336167e-01 2.291333953679539333e-33 2.128428358759122515e-33 3.499427574098283068e-03 3.048905625585361483e-03
3.766315269690936191e-02 4.390809988357508714e-02 1.139610144014745335e-01 3.701107268760780999e-01 4.856160427667448320e-02 3.836250844881392008e-01 1.760155233765425811e-32 1.704352399683575597e-32 1.153357352934505442e-03 1.016960024216219871e-03
4.357034475238901611e-02 3.800090782806325035e-02 3.562569860593640114e-01 1.278147552181896629e-01 3.655033283980769765e-01 6.668336036676908440e-02 6.025573352675447735e-33 6.033485145880607836e-33 1.024337011766952377e-03 1.145980365382812767e-03
1.110131232365711151e-01 1.229966275086901151e-01 1.856653854435844908e-01 2.605030916468774049e-01 1.443197866607175694e-01 1.717277692263853850e-01 1.170416130745235448e-33 1.148002043591443835e-33 1.756174070145400876e-03 2.018042207028929429e-03
1.241864003110918213e-01 1.098233504341707550e-01 2.679332944834701413e-01 1.782351826069949186e-01 1.744489492322412461e-01 1.415986066548590161e-01 2.140360418158182324e-33 2.055878500232592490e-33 2.044041579166402684e-03 1.730174698008074639e-03
1.396230967918907773e-01 1.060658845435737963e-01 1.790600381674708474e-01 1.053659864377606004e-01 1.822562098557711785e-01 2.800670224349736115e-01 4.560599944911609544e-33 4.236890802757752552e-33 3.347851132910444148e-03 4.213910635647450005e-03
1.074082366344175643e-01 1.382807447010176438e-01 1.083138881791608499e-01 1.761121364260758160e-01 2.761544045511707957e-01 1.861688277395995295e-01 3.880954535397001966e-33 3.698867136710232826e-33 4.179266614095752605e-03 3.382495154461012676e-03
2.335265708726031175e-01 2.847155631604717518e-01 1.752763208768934045e-01 1.178976666774913529e-01 8.747425964307035950e-02 9.051535743036599746e-02 1.575977069072301415e-32 1.342816031008541564e-32 4.406846432913704738e-03 6.187414906189013172e-03
3.100225674505857620e-01 2.082195665825303799e-01 8.953059432299780018e-02 2.036433932313692907e-01 9.201882665898426794e-02 8.597079041443031477e-02 4.920556955230109909e-33 4.407031290241242121e-33 7.067698966846542794e-03 3.526562372258555157e-03
1.254827262940121368e-01 1.324966022292644874e-01 1.770730885950779210e-01 1.327761556331310822e-01 2.162942655014842841e-01 2.083359080082829717e-01 1.045756449914902927e-32 9.084647640347944123e-33 4.800092619108190656e-03 2.741161119639218009e-03
1.244987886653749626e-01 1.334805398578886304e-01 1.832872588451011087e-01 1.265619853831307096e-01 2.174106991926289811e-01 2.072194743171289488e-01 1.678017577094495644e-32 1.449711227825775965e-32 5.088928662943565870e-03 2.452325075802824078e-03
1.929365434846604666e-01 2.003043940014743174e-01 1.917702383145075684e-01 2.006362576243819751e-01 9.527806034554184289e-02 1.110370715723118518e-01 1.827363192901629769e-33 1.729017101917464493e-33 4.284567886593722459e-03 3.752866770529508789e-03
2.089695977892361556e-01 1.842713396968565509e-01 2.110634322706339550e-01 1.813430636682963615e-01 1.295709768765030967e-01 7.674415504135248534e-02 7.663349691228383635e-33 6.656210535888015916e-33 3.127542123350885144e-03 4.909892533770356809e-03
5.686354728305651612e-02 7.476215455528431586e-02 7.310971095062038239e-02 9.664634579923847557e-02 4.054860720679217545e-01 2.875748142441581501e-01 2.779980199065965836e-33 2.611319495145748002e-33 2.404832817906906242e-03 3.152522281814396088e-03
4.243292719858873102e-02 8.919277463972803688e-02 5.413347272151555756e-02 1.156225840283303941e-01 5.005511539178524316e-01 1.925097323942660810e-01 2.059853137381555041e-33 1.933553354210094910e-33 1.802013702951163737e-03 3.755341396769588252e-03
1.337426500603943746e-01 2.685472703528647420e-01 1.670470526053839944e-01 1.414094321037951130e-01 1.622546120124276903e-01 1.155764086647926292e-01 1.478970978331780950e-32 1.310330119752381187e-32 3.949023034008136007e-03 7.473551166335129850e-03
2.327598014180312369e-01 1.695301189952189980e-01 1.482156197943374498e-01 1.602408649148350517e-01 1.279683782323954022e-01 1.498626424448386840e-01 8.696997652257621178e-33 7.739008869923669734e-33 6.537871508086173615e-03 4.884702692257030660e-03
5.317325404907048692e-02 4.784523797290001629e-02 1.379511558988508746e-01 1.298843560256175422e-01 2.959422283604239978e-01 3.321367990891188060e-01 3.023538457130072514e-33 2.779928687209778325e-33 1.581798612572126849e-03 1.485169991444772360e-03
4.325542250095373853e-02 5.776306952104957870e-02 1.229352172959603945e-01 1.449002946285610494e-01 3.633165850274949760e-01 2.647624424219630623e-01 2.208963156056846172e-33 1.872626099252739707e-33 1.401929337898610243e-03 1.665039266117894316e-03
3.311916184376595407e-02 7.221006805539491313e-02 1.396202642930378657e-01 1.640666222325957990e-01 1.037072603662886755e-01 4.844842971280693966e-01 2.081314692953513602e-32 1.984366505532971451e-32 1.532298560505880071e-03 1.260027520342543077e-03
6.781979642484231574e-02 3.750943347431225094e-02 1.613210693116047256e-01 1.423658172139871114e-01 4.417195013208149446e-01 1.464720561735907700e-01 6.238779913117062435e-34 6.022557938744394306e-34 1.290606085521045455e-03 1.501719995327870137e-03
5.649248796965121444e-02 4.338053112377242282e-02 2.474045688389366615e-01 1.545119457138869890e-01 3.349613139205900314e-01 1.610860652427958117e-01 6.635124082062925584e-33 5.697279722037201874e-33 9.292563310683298093e-04 1.233830859298706839e-03
4.474230711020524276e-02 5.513071198322482686e-02 1.641595478967506905e-01 2.377569666560462869e-01 1.791443261925181052e-01 3.169030529708863897e-01 8.125423132479078964e-33 7.141510471393257389e-33 1.202198488669379509e-03 9.608887016980298878e-04
1.115421096317478766e-01 9.411411289168616912e-02 3.538748439573192739e-01 2.465528823871306618e-01 8.124547882938372434e-02 1.085875805001748351e-01 8.540284786418326018e-33 8.133149740182139130e-33 2.232813289523255789e-03 1.850178513033592237e-03
1.088821368520940802e-01 9.677408567132472772e-02 3.374946769942219205e-01 2.629330493502538002e-01 8.541860596884101597e-02 1.044144533607077874e-01 5.751634491735819631e-33 5.476750592835631731e-33 2.174413112773581312e-03 1.908578689782778823e-03
8.477095271159457157e-02 3.306163104219805166e-02 4.229543167106663559e-01 6.988307577703634088e-02 2.860145368403358979e-01 1.010767988807178691e-01 3.140216897243691602e-33 3.062006841198428983e-33 1.399355946400292466e-03 8.393320910509463302e-04
6.026535518779248951e-02 5.756722856617800532e-02 2.556301003363964930e-01 2.372072921513018184e-01 1.983705758075494374e-01 1.887207599133280955e-01 2.396061165636972782e-33 2.275661750340601491e-33 1.133954684891071759e-03 1.104733352564152456e-03
8.758516547732850266e-02 1.116859437526036558e-01 1.773083803911102430e-01 3.007645574917010012e-01 1.610985586405156988e-01 1.581988547385746180e-01 1.734623706543581486e-32 1.572490053019900143e-32 1.484134455480547177e-03 1.874405052684725067e-03
8.818398194827599401e-02 1.110871272816463251e-01 1.803758162823769773e-01 2.976971216004657972e-01 1.610265115703065630e-01 1.582709018087625208e-01 2.370495496369352970e-32 2.223360382452294962e-32 1.493831256931915999e-03 1.864708251233217901e-03
1.125021591623778378e-01 1.126284751897997510e-01 1.338289497241573756e-01 1.287528449228673710e-01 2.485070519426805791e-01 2.554500206285862940e-01 2.814434311591533286e-33 2.817341047952068511e-33 3.864263703988912897e-03 4.466234725541644475e-03
1.125514557195480408e-01 1.125791786326276606e-01 1.318479304054783752e-01 1.307338642415568630e-01 2.512166404232568095e-01 2.527404321480021254e-01 1.139070638870453487e-32 1.090484360445197191e-32 4.099191127607444002e-03 4.231307301922432491e-03
1.039228549291301429e-01 8.494694785401146753e-02 3.552065925127661505e-01 1.682526986306802641e-01 9.742522495168309815e-02 1.840648119666323801e-01 9.672007454581556865e-33 8.929628225256259471e-33 3.291350733112716979e-03 2.889518421983277088e-03
8.748495317914188607e-02 1.013848496039917030e-01 1.932575627644126659e-01 3.302017283790404378e-01 1.724768687741893847e-01 1.090131681441277728e-01 7.933690032244810148e-33 7.273192629379135847e-33 2.943263022513884636e-03 3.237606132581857029e-03
1.594975806248286054e-01 1.141908412021761243e-01 1.368349205932125057e-01 1.318968634627500636e-01 2.091057166125639133e-01 2.375139276995430482e-01 8.426009230326325633e-33 8.144825260530665798e-33 4.290824118152901032e-03 6.669325686772513244e-03
1.315065351742787103e-01 1.421818866527460312e-01 1.337841298424788383e-01 1.349476542134721291e-01 2.266566491633860703e-01 2.199629951487112600e-01 3.955879667601409518e-33 3.606570651375648953e-33 5.760290832373938380e-03 5.199858972553494246e-03
1.343073467230959106e-01 2.086171588166365054e-01 1.940166116084286185e-01 1.423791521103036084e-01 1.882927756721353152e-01 1.265818290560241366e-01 9.885411078065109705e-33 8.767226312272243612e-33 2.441901120171670152e-03 3.363224893204569931e-03
1.282221220726219579e-01 2.147023834671694664e-01 1.982451990934041841e-01 1.381505646253799457e-01 1.933462802224440169e-01 1.215283245056065220e-01 5.120915986471852961e-33 4.725579080901753442e-33 2.366453989074813070e-03 3.438672024299824562e-03
1.163448086291123257e-01 1.150637058875922103e-01 2.093469900705197118e-01 2.154022666581716650e-01 1.683987779392466522e-01 1.683104586722256879e-01 3.457232453218894131e-33 2.854333011476805398e-33 3.627469567077018942e-03 3.505522576055148526e-03
1.089436913472796170e-01 1.224648231694172862e-01 2.443292055841156940e-01 1.804200511445780142e-01 1.678885446593643416e-01 1.688206919521132443e-01 1.248685314258186620e-32 1.088768805846605306e-32 2.922964023948872517e-03 4.210028119182836551e-03
7.212208630543463783e-02 9.689548594268328208e-02 1.877512934699150926e-01 1.725602946589761544e-01 1.488093402774013918e-01 3.168569905308974977e-01 1.678892687431405669e-32 1.545367952810487365e-32 2.230326561913491788e-03 2.774182252781092102e-03
8.891724052875751849e-02 8.010033171936262186e-02 1.774525386937632621e-01 1.828590494351519935e-01 2.627374342894847059e-01 2.029288965187854565e-01 2.577053548669663146e-32 2.272671842438025716e-32 2.599034140893189543e-03 2.405474673800813215e-03
7.591728782263619524e-02 7.409144271314463404e-02 1.056902999665860349e-01 1.048207120570992940e-01 3.078356407094915426e-01 3.250594453322656063e-01 1.853577938931155402e-32 1.624765875068744675e-32 3.321537832722705301e-03 3.263633566053271255e-03
9.134052274582243891e-02 5.866820778991682639e-02 1.130358620536992958e-01 9.747514996990323810e-02 1.623431322890960260e-01 4.705519537527864671e-01 5.095576196804979539e-32 4.117338117318661889e-32 3.810665362336746517e-03 2.774506036437027374e-03
8.133305722503736401e-02 7.505953737099288481e-02 1.647251415191781643e-01 1.706197576974509134e-01 2.129252088587993419e-01 2.915930349257431775e-01 1.364697439853850560e-32 1.311891205324825902e-32 2.117640548257703620e-03 1.626621854540027902e-03
7.335559970400411245e-02 8.303699489201842032e-02 1.722207821259409688e-01 1.631241170905768090e-01 3.129598393886879326e-01 1.915584043959734362e-01 1.283166888853128758e-32 1.194795590032695429e-32 1.493257289368974533e-03 2.251005113428528655e-03
3.070185033121620999e-02 1.434575796956740479e-01 1.050682798700530857e-01 5.966917405738887403e-01 3.312435821341245396e-02 8.778224948927954019e-02 4.323367008328028880e-32 4.161841138441117067e-32 7.976842338571355894e-04 2.376257592617952216e-03
1.125056060729473784e-01 6.165382395396919180e-02 4.617388075940062619e-01 2.400212128500507358e-01 7.277840340012685372e-02 4.812820430242316372e-02 1.981438831307632746e-32 1.790070145692980681e-32 1.942931842899341642e-03 1.231009983575870846e-03
9.438708905512424585e-02 1.005982868180058526e-01 1.793809650398607847e-01 1.727711288590474126e-01 2.327021394148638678e-01 2.061411057418170434e-01 1.463482532880458319e-32 1.217405928739084420e-32 6.613469342491481648e-03 7.405815728788248987e-03
8.737397240313032887e-02 1.076114034699421351e-01 1.868441877476672286e-01 1.653079061512721382e-01 2.626924302825041080e-01 1.761508148742083057e-01 1.540513200222837716e-32 1.256940157858990091e-32 5.718824243751213614e-03 8.300460827523999802e-03
5.827248409338247476e-02 1.487319227266622190e-01 1.537743960518888897e-01 1.916116402967242560e-01 1.791235509270789339e-01 2.650543847221702443e-01 6.403702188778483221e-33 6.250534115877610899e-33 1.753326911702969559e-03 1.678294270390356252e-03
1.618022520221228944e-01 4.520215479795834657e-02 1.970786788875538154e-01 1.483073574610925260e-01 2.774703836638895416e-01 1.667075519852900256e-01 7.894465364690171998e-33 7.344414336698830440e-33 1.667452932606577074e-03 1.764168249486400709e-03
1.242078401514895014e-01 1.396900256576697752e-01 1.688550233795548805e-01 1.765690470425569925e-01 1.836020795198720357e-01 2.010530345655829887e-01 2.674278982587615179e-32 2.397549004812248758e-32 2.881746267918339124e-03 3.141203415353452551e-03
1.601933687515088856e-01 1.037044970576580238e-01 1.867848704954722105e-01 1.586391999265655550e-01 2.241636553805053389e-01 1.604914587050150221e-01 1.621446329632341204e-32 1.528906503124007090e-32 3.484807288971793898e-03 2.538142394302028270e-03
1.521898913335548720e-01 2.829996600540667373e-01 1.207644183901135509e-01 2.064118533828194491e-01 9.102399536956159998e-02 1.262419332450392673e-01 6.205979386255685262e-33 5.278702491741654437e-33 1.318158491313117450e-02 7.186663311711807660e-03
3.093024763766272778e-01 1.258870750109823411e-01 2.236335698734527866e-01 1.035427018994694304e-01 1.333234452778398749e-01 8.394248333678298868e-02 2.154559201599145162e-32 1.762038496547639186e-32 5.981223356480646139e-03 1.438702486836287812e-02
1.016766027929451727e-01 8.765726799755445275e-02 1.477781399882522329e-01 1.651796150532294782e-01 2.574203987593284282e-01 2.360019488007789601e-01 2.292977296426750647e-32 2.158743599539605472e-32 2.134652968086440342e-03 2.151373639822669066e-03
8.269915947626096941e-02 1.066347113141870445e-01 1.713338586789300289e-01 1.416238963625120473e-01 2.284270530728933213e-01 2.649952944873089633e-01 2.230453783015833826e-32 2.083316667735311770e-32 2.157287109058844340e-03 2.128739498846593092e-03
2.959351476394637970e-02 1.554804099837117926e-01 1.218162915445553662e-01 6.798002246055356856e-01 7.590713537747028998e-03 2.521103831494569611e-03 4.020308075892823051e-32 3.736555871426396191e-32 5.592788016809763446e-04 2.638462931328737059e-03
5.980175819004600324e-02 1.252721665576129184e-01 2.557119956870097521e-01 5.459045204630829096e-01 6.374192915687394712e-03 3.737624453552061948e-03 2.752237355168266450e-32 2.507813139402786255e-32 1.058206829149131419e-03 2.139534903860627196e-03
1.090779901880457592e-01 1.047939722557403586e-01 1.520398210542039663e-01 1.598736411982225880e-01 2.676727044692809865e-01 2.008542995074319992e-01 4.883029053044565996e-32 4.410775104251141969e-32 2.603990456846424443e-03 3.083580870224607480e-03
1.050829961192341622e-01 1.087889663246019989e-01 1.593451277793623277e-01 1.525683344730457969e-01 2.053622436519998984e-01 2.631647603246839440e-01 1.909598699599206414e-32 1.861406238366865438e-32 3.051225012627488756e-03 2.636346314443249132e-03
1.259818725279357732e-01 1.484835646295701306e-01 1.849631344713242587e-01 1.939630661634536846e-01 1.619452230612757893e-01 1.801822091225189493e-01 3.629798868723878796e-32 3.098961141853707766e-32 2.143685747986386145e-03 2.337244275934965022e-03
1.221274446743526032e-01 1.523379924831833598e-01 1.834214909701305241e-01 1.955047096646102545e-01 1.588213181246744543e-01 1.833061140591260574e-01 2.937039605797861876e-32 2.561418903351797895e-32 2.110530135596923665e-03 2.370399888324061042e-03
1.432334902604894267e-01 1.126230214358241721e-01 1.570243666352354461e-01 1.985931311522981801e-01 1.934507973641305667e-01 1.902667474797705982e-01 2.977039636045935744e-32 2.919038687830587206e-32 2.423013894952746796e-03 2.385431777299682875e-03
1.104424598286204290e-01 1.454140518677189409e-01 2.015543158530334056e-01 1.540631819344951414e-01 1.900399291003410651e-01 1.936776157435403656e-01 5.299164544518903873e-32 4.164767966607573582e-32 2.382754584625774823e-03 2.425691087623677630e-03
7.590666562222263269e-02 1.025382163699283811e-01 2.199202171829456876e-01 1.419133933957515969e-01 2.529625831853032913e-01 1.996947784252239844e-01 2.122937369262305540e-32 2.116104377857133858e-32 2.948991886100805343e-03 4.115153932525017141e-03
6.598506977488570457e-02 1.124598122168276454e-01 2.489816934102848656e-01 1.128519171686822725e-01 2.728075270835962907e-01 1.798498345271242194e-01 1.968900327388227712e-32 1.842788349982272074e-32 2.514537707040227429e-03 4.549608111562542315e-03
4.764165361412284324e-04 8.788170070925754949e-04 1.670417924579842804e-03 5.100083001403745223e-03 8.467190284794238186e-01 1.443244209218003671e-01 1.273184568021957317e-31 9.848743251309989821e-32 3.413233694299007176e-04 4.894927601291128739e-04
8.857142758736170386e-04 4.695192673599412085e-04 5.158868523714228715e-03 1.611632402267213892e-03 1.322851596676342112e-01 8.587582897335928056e-01 1.142291432715485266e-31 9.011949938023923176e-32 4.920324294052644872e-04 3.387837001534923652e-04
9.759321278867198702e-04 3.077627592112672575e-03 7.046296190350890068e-03 1.283972216110793735e-02 7.751366415737261928e-01 1.957231852606968192e-01 5.475407455130136604e-33 6.414494403733519105e-33 1.059150312251223598e-03 4.141444781867317619e-03
3.052245228958668302e-03 1.001314491040737479e-03 1.276975444009468760e-02 7.116263911364130272e-03 2.027208131353313847e-01 7.681390136990932094e-01 1.402007567673168473e-32 1.281201150005678167e-32 4.104219637260464980e-03 1.096375456858087512e-03
5.353774734036361100e-05 1.164193322120860800e-03 3.292850952166997752e-04 4.034350647819695372e-03 9.689939074442281974e-01 2.441773772831097936e-02 4.292712151497640110e-32 3.883126803608763395e-32 4.575051482212947397e-05 9.612375001415429665e-04
1.164194540228251579e-03 5.353652923298081413e-05 4.034354711336479715e-03 3.292810316998334664e-04 2.441670176790096403e-02 9.689949434046382093e-01 4.576163902451141497e-32 4.215460516207024278e-32 9.612385041985077073e-04 4.574951076518100294e-05
3.368425125987486155e-04 3.032341074362244690e-03 8.380109709787638556e-03 1.210808234595792642e-02 9.571367651973112789e-01 1.141086881511070919e-02 8.387203518159013243e-32 5.905745497302691547e-32 1.158329899940598457e-04 7.479157354877937966e-03
3.041012702730509689e-03 3.281708842305053548e-04 1.212007552366774210e-02 8.368116532077833278e-03 8.368395104315043409e-03 9.601792389081074131e-01 2.236277372889817496e-32 2.214879643471578446e-32 7.502845741639792287e-03 9.214460323218770271e-05
3.457292954173206206e-04 1.924689314260377530e-03 1.242764341114243470e-02 8.049329770957210431e-03 9.534563895330692151e-01 1.344846507527817404e-02 8.619479507900119497e-33 8.303951528321115529e-33 1.513100992915041227e-04 1.019644350058380132e-02
1.922669035266152959e-03 3.477495744115737604e-04 8.054931822289721974e-03 1.242204135980999082e-02 1.465120500633724197e-02 9.522536496020107544e-01 1.341875350501646226e-32 1.247560483605628007e-32 1.018359075462260503e-02 1.641628452526915473e-04
3.367512946762301826e-04 6.544295214112033762e-04 1.681006338402865272e-02 2.830677967542734059e-03 9.645514773326607783e-01 1.765037135528633571e-03 1.118929336640726197e-32 1.114596140942146809e-32 3.450992855024373896e-05 1.301705343560293458e-02
6.543865957016426014e-04 3.367942203858011489e-04 2.832566907318305027e-03 1.680817444425314680e-02 1.895131953583027197e-03 9.644213825146056296e-01 8.265937113113213220e-33 8.024041024559742870e-33 1.301529919233055353e-02 3.626417182260160141e-05
3.141993290847163643e-05 1.120489676520981717e-03 3.740207715168039756e-04 3.810233956035279264e-03 9.829720266398260797e-01 1.011394018302320778e-02 1.809124387166141136e-32 1.745986162177391310e-32 2.144924118225281654e-05 1.556419598989320675e-03
1.119083974134216100e-03 3.282563529524112851e-05 3.805798709253987999e-03 3.784560182980768630e-04 1.136964390828103418e-02 9.817163229145697834e-01 1.390788898670390949e-32 8.597225885934029143e-33 1.554438356274390632e-03 2.343048389718782690e-05
2.757216579365956926e-05 9.198598972564043510e-04 5.820152084815889432e-04 3.032877835412635566e-03 9.887233098415699750e-01 4.292379993332876703e-03 7.648315870421628518e-33 9.076884784671701559e-33 1.358634980800224812e-05 2.408398708346045410e-03
9.202668061132888468e-04 2.716525693678340154e-05 3.033995499227483839e-03 5.808975446667597516e-04 3.843451189076076743e-03 9.891722386458312588e-01 2.327386949530254523e-33 2.664958863739547994e-33 2.409490811627187142e-03 1.249424652686750420e-05
4.745802891765047902e-05 5.409730879562678514e-04 9.096101503674250410e-04 1.790856159516198386e-03 9.544091478280610774e-01 3.884803849274112014e-02 2.960470834639126964e-32 1.694341178116571319e-32 1.375234956448330556e-04 3.316392756801027266e-03
5.398235808332067657e-04 4.860753604071748046e-05 1.788803540156090046e-03 9.116627697275621117e-04 4.098058540799408983e-02 9.522766009128099673e-01 2.920982354310500998e-32 1.942893686565900993e-32 3.308988458204516550e-03 1.449277942413442865e-04
2.773891035736979072e-05 1.738991811873117190e-04 1.170706909303271658e-03 5.624748685939987914e-04 9.934116821825116350e-01 2.636205262646326209e-04 7.177286836597848327e-33 5.365465661227881851e-33 2.236167414144933725e-06 4.387641254371800817e-03
1.738903132614561670e-04 2.774777828322797532e-05 5.625117716225086408e-04 1.170670006274798346e-03 3.238774163624777284e-04 9.933514252924132704e-01 5.819811808318000050e-33 3.844549224246137086e-33 4.387375180376827839e-03 2.502241409112726659e-06
