1.042536495992019280e-01 8.489988780416669878e-02 3.843544603002486126e-01 3.027704447705705237e-01 6.411205973205479081e-02 5.476516251566874993e-02 2.491146713017946406e-31 2.196257063959414866e-31 2.563197374251569970e-03 2.281137903838424165e-03
1.289922073477286490e-01 6.016133005564099773e-02 4.886375914515233010e-01 1.984873136193226473e-01 7.605954358572836194e-02 4.281767866196767997e-02 2.351564047307478585e-31 2.123554936813178892e-31 2.923734233766146513e-03 1.920601044323644660e-03
8.235230605955623506e-02 1.212270674628529721e-01 1.901847839134703233e-01 2.533105227251618574e-01 1.292999137250481767e-01 2.160512223448280422e-01 1.526189242780888658e-31 1.366870065762838572e-31 4.002474037655594577e-03 3.571709731426878434e-03
7.914036053604772691e-02 1.244390129863292282e-01 1.849691523091001044e-01 2.585261543300546583e-01 1.221322690289466939e-01 2.232188670404452457e-01 7.598980177141628534e-32 6.618307727829958947e-32 4.038065033843503057e-03 3.536118735233024189e-03
1.407686615853287748e-01 8.083945566110634084e-02 1.757396539241389832e-01 1.168873349148748519e-01 3.222114158158509989e-01 1.566070260684687410e-01 1.908791872381236888e-31 1.703991983314252285e-31 1.900677566425507765e-03 5.045774463805247079e-03
1.024141965089201411e-01 1.191939207375197485e-01 1.380743923994017797e-01 1.545525964396212426e-01 2.162252328669830859e-01 2.625932090173218603e-01 1.751310924454218524e-31 1.460421367699629930e-31 3.913527682694987325e-03 3.032924347536491982e-03
1.827300938072524972e-01 7.085323911493833504e-02 6.492665518518143941e-02 3.444252710845018273e-01 2.690747819272406027e-01 6.241730737615403674e-02 1.500502819348956746e-31 1.389584452392692633e-31 2.174516467760776763e-03 3.398135036971199584e-03
1.161315910466188400e-01 1.374517418756280307e-01 2.313077122300851163e-01 1.780442140394276063e-01 1.460548916447910461e-01 1.854371976587164406e-01 1.407448711262286841e-31 1.285121235579844453e-31 2.902917037152605295e-03 2.669734467580638700e-03
1.173036594974892211e-01 6.685004213622865177e-02 5.266714945152144445e-01 2.642716796046106764e-01 8.302049779409449021e-03 1.268962262641341182e-02 9.014149036587225512e-32 7.956335747496957530e-32 2.556045835166575065e-03 1.355406005468785119e-03
6.720058643497509032e-02 1.169531151987471956e-01 2.660947948519453710e-01 5.248483792678233506e-01 1.265913841688822913e-02 8.332533988985438289e-03 7.349136789685478532e-32 6.800543952575168659e-32 1.363747874082027684e-03 2.547703966553517465e-03
1.964278596331423266e-01 7.253527030785117402e-02 8.909995624271264958e-02 4.259592675465608824e-01 1.297142493355258608e-01 8.013825409998566462e-02 4.915513718906787489e-32 4.310431889323814359e-32 1.993895877732513710e-03 4.131246956489998193e-03
9.446728004493994135e-02 1.744958498957574766e-01 3.663269543004916695e-01 1.487322694893295494e-01 8.891441428961571747e-02 1.209380891456473123e-01 8.998100246253143246e-32 7.766647645974172542e-32 3.752883690967436740e-03 2.372259143251769647e-03
1.368796121576342784e-01 1.118007396378193630e-01 1.983991302445315685e-01 3.817914786298655105e-01 9.164053385521138406e-02 7.365846211411919420e-02 1.024875342977749890e-31 8.605842364282403091e-32 2.455728109641926952e-03 3.374315251178135276e-03
1.145290591633704447e-01 1.341512926323698840e-01 3.618403056040379595e-01 2.183503032698954627e-01 7.561472380023245843e-02 8.968427216927121748e-02 6.329330778182241595e-32 5.604544042363976375e-32 3.274382559542636344e-03 2.555660801281052323e-03
1.972880692656339696e-01 1.095087826960161742e-01 1.635465759370098304e-01 2.361082597703278441e-01 1.609298924455470625e-01 1.259417911108190458e-01 1.682348957958005585e-31 1.311829836213645951e-31 3.292118079175183898e-03 3.384510695471086832e-03
9.729021603093720993e-02 2.095066359307415915e-01 2.462085898811701146e-01 1.534462458261643403e-01 1.210715709785954303e-01 1.658001125777431861e-01 5.548461275885780737e-32 5.046489571684549454e-32 3.397371421340618803e-03 3.279257353306287703e-03
7.560163234283784339e-02 4.903756532850231387e-02 2.331886706854678359e-01 1.976878037473892014e-01 2.656586967987585313e-01 1.758660147885849345e-01 2.050114203391417445e-31 1.722126517054979248e-31 1.344527446651271833e-03 1.615088861810211069e-03
7.212883191522195814e-02 5.251036575613128587e-02 2.285475355077482562e-01 2.023289389251213821e-01 2.539198292407792157e-01 1.876048823465365500e-01 1.053815210516141565e-31 9.317517805586788383e-32 1.379898754732860906e-03 1.579717553728777688e-03
6.478044996080969953e-02 9.915288376651384961e-02 1.022677636249711419e-01 1.148185420989037142e-01 3.147628907467646120e-01 2.963782294272988560e-01 1.057663815722370838e-31 9.161493971641958079e-32 4.312239388027827580e-03 3.527000986709825144e-03
6.896991409098446324e-02 9.496341963633041228e-02 1.037975079695096781e-01 1.132887977543497043e-01 3.125220869800811596e-01 2.986190331940060672e-01 7.604486665533641391e-32 6.870769444910457627e-32 4.216531061566232939e-03 3.622709313171462719e-03
1.188083098770576634e-01 1.174734261971817351e-01 1.568074591232981874e-01 1.821602834630033363e-01 2.129430552384517783e-01 2.034250934061339888e-01 8.611766852376739977e-32 7.492223333065913381e-32 4.331691881754744233e-03 4.050680813119393944e-03
1.138690483709279000e-01 1.224126877033279021e-01 2.506165536688751416e-01 8.835118891746171488e-02 1.777252282443063103e-01 2.386429204002267213e-01 8.804383120858550179e-32 7.606117765223820297e-32 3.291910532240189743e-03 5.090462162634788908e-03
3.185428784800423824e-02 3.706238044341146620e-02 8.582742963386900958e-02 8.762495882025973792e-02 3.066580957083895886e-01 4.471620532440752083e-01 7.092205555587158665e-32 6.996632538838474305e-32 1.918714048628798220e-03 1.892080253362556606e-03
3.652153982383236214e-02 3.239512846760448511e-02 8.743829224684296353e-02 8.601409620730721128e-02 4.325712513225067335e-01 3.212488976299156529e-01 5.364836345120441625e-32 5.010421833923192516e-32 1.894846071764153157e-03 1.915948230228557789e-03
7.429405008533268573e-02 6.338646813135057068e-02 1.718833770382204307e-01 1.939503633549144734e-01 2.666277420044951829e-01 2.271491674061835442e-01 2.249879778267334651e-31 1.908607542240939929e-31 1.300485593430310196e-03 1.408346386072694420e-03
7.366195142277906505e-02 6.401856679389018867e-02 1.731621675708875097e-01 1.926715728222338220e-01 2.643399430855563614e-01 2.294369663251498437e-01 1.363821596339069509e-31 1.196201710947641452e-31 1.306736168769168311e-03 1.402095810733505624e-03
2.086589927908557088e-02 3.089022834669277046e-02 3.043306972436651270e-01 1.365825552517181130e-01 3.910258668729591491e-01 1.149084715077759722e-01 2.122453988415102310e-31 1.960624822843068115e-31 7.320567827769938578e-04 6.642247153266396531e-04
2.803726939973598398e-02 2.371885822605017402e-02 1.843242603877079666e-01 2.565889921076729419e-01 1.934924433831441415e-01 3.124418949975843462e-01 7.788116372668043727e-32 7.782605427780803199e-32 6.835299578439152889e-04 7.127515402598819366e-04
6.492475856340777784e-02 6.039139534371640305e-02 1.755200152509992506e-01 1.919523696919238631e-01 2.303843803468091367e-01 2.740867034452965090e-01 1.329363499468057961e-31 1.197565588882231086e-31 1.246925269281289397e-03 1.493452088565091606e-03
6.322262155083130386e-02 6.209353235623785855e-02 1.816898537002044900e-01 1.857825312427024977e-01 2.467932445994364399e-01 2.576778391927405654e-01 7.450569826963437812e-32 6.774848009861434745e-32 1.339488428981959554e-03 1.400888928863526766e-03
7.809649187418682414e-02 7.362886974302419729e-02 1.734997286548644602e-01 1.859798463080279962e-01 2.926873180377629335e-01 1.912402764674734912e-01 8.371976261228525346e-32 7.425742002324310159e-32 2.738447539906062756e-03 2.129021374753248871e-03
7.629856069382608130e-02 7.542680092335829478e-02 1.785221750490029735e-01 1.809573999138917588e-01 2.518613945737860904e-01 2.320661999314753698e-01 8.321348983983768564e-32 7.406235117766971059e-32 2.493192620783583804e-03 2.374276293875092047e-03
1.275873655661139139e-01 8.624212232364041053e-02 1.913797502750667623e-01 2.384637839113752933e-01 1.628173973769242722e-01 1.883270284946536033e-01 7.006176257639771519e-32 6.052202657210159580e-32 1.518044067565817602e-03 3.664507984658973289e-03
9.528936561770713631e-02 1.185401222720517955e-01 2.281607677923191413e-01 2.016827663941292426e-01 1.827449634016766744e-01 1.683994624698904596e-01 3.955526084005502127e-32 3.511492372506555138e-32 3.194814744109416259e-03 1.987737308115381137e-03
2.520996491265687922e-01 6.866199653722272755e-02 1.426019983215226772e-01 2.722135804495064426e-01 1.347168371171447721e-01 1.229307458565972733e-01 8.776667598369446014e-32 8.401065647284847524e-32 2.294027411447753170e-03 4.481165179989465668e-03
4.601737119791939751e-02 2.747442744658561975e-01 2.882135983056478556e-01 1.266019804653912839e-01 1.214758012634113288e-01 1.361717817103378358e-01 1.681545624285483387e-31 1.477793716492102750e-31 4.751158360969667468e-03 2.024034230467599074e-03
4.394757515848153606e-02 3.928298266366238300e-02 1.451052042158314515e-01 1.476593733529574792e-01 3.694550187289967202e-01 2.511562254517433757e-01 7.375108486852017039e-32 6.532800752440063375e-32 1.876541399089315214e-03 1.517079029237088832e-03
3.964554621059605127e-02 4.358501161155600712e-02 1.474608461240898838e-01 1.453037314447044037e-01 2.603512044633439770e-01 3.602600397173839619e-01 1.472161810270999074e-31 1.243601058479582819e-31 1.545018865770136788e-03 1.848601562556432057e-03
1.766386255625035095e-01 1.705366736599058242e-01 2.057623126517621470e-01 1.760048619755109622e-01 1.298221934280271717e-01 1.284568776584768812e-01 1.001881840339447841e-31 8.913761730247180716e-32 5.804377254795146240e-03 6.974077809017533922e-03
1.692750226171839678e-01 1.779002766052357465e-01 1.698521555509386327e-01 2.119150190763368913e-01 1.281745824041505555e-01 1.301044886823434776e-01 1.172781971743536749e-31 1.035233653563342265e-31 7.215927293811284782e-03 5.562527770001224510e-03
2.423422856538965942e-01 1.029379285957248147e-01 1.650479338343785185e-01 2.599786993611377106e-01 1.199101049569047672e-01 1.019505223526655791e-01 2.214557260856425452e-31 2.001465452486248047e-31 3.184294191119757013e-03 4.648231054171439967e-03
1.737451682622548899e-01 1.715350459873538069e-01 2.117607985133513615e-01 2.132658346821679207e-01 1.110726796266939959e-01 1.107879476828853293e-01 8.675424783489609613e-32 8.113770696979975807e-32 3.904657965738481985e-03 3.927867279553090563e-03
8.345566501181042596e-02 6.921596118314263246e-02 3.534926335639437811e-01 1.666728247474966174e-01 2.120863602529449443e-01 1.101976869861466257e-01 5.630899160132137324e-32 5.094515904351061237e-32 2.873398405834102099e-03 2.005469848680125049e-03
7.409422128791721962e-02 7.857740490704320790e-02 2.306738483007439999e-01 2.894916100106871837e-01 1.451028687164807318e-01 1.771811785226115599e-01 4.123792610824975621e-32 3.545967321674586578e-32 2.302806177096750149e-03 2.576062077418165685e-03
8.595263875961876854e-02 4.566201454947170502e-02 3.557232002931820514e-01 1.538742049997521844e-01 2.306942112523325816e-01 1.251486777317550037e-01 3.419906478320564048e-32 3.310836015137428889e-32 1.774415525860064584e-03 1.170636888027401686e-03
6.369717752420687995e-02 6.791747578486367898e-02 2.442272237918940159e-01 2.653701815011201837e-01 1.723936866045343019e-01 1.834492023794936366e-01 3.312416373071981551e-32 3.093104211831109424e-32 1.440904384435137816e-03 1.504148029452526646e-03
1.007199179632333741e-01 6.750463695796990460e-02 3.363421645849061226e-01 1.827335939805226073e-01 1.996873595370173560e-01 1.077092850472297914e-01 1.188637589636847210e-31 1.055559087489643323e-31 2.900290911817674129e-03 2.402751017302068477e-03
8.563009079548845881e-02 8.259446412574257546e-02 2.665572128472499802e-01 2.525185457182255733e-01 1.579013741330581866e-01 1.494952704511142705e-01 6.308907422146603674e-32 5.872013114995653559e-32 2.674256665227803254e-03 2.628785263892949395e-03
1.128688935450040398e-01 1.154859371542622248e-01 1.694787549631943946e-01 3.438157963431419106e-01 1.617299393805822216e-01 9.070197222777481860e-02 9.246188516576440918e-32 8.050326558497470263e-32 2.601504012701712221e-03 3.317202373338459971e-03
1.149426615750712144e-01 1.134121691241860019e-01 3.076249370106874936e-01 2.056696142956526696e-01 1.054467628216187725e-01 1.469851487867429585e-01 9.604284384384003991e-32 8.586622389042266939e-32 3.168629594488618119e-03 2.750076791551573155e-03
7.284857009091755264e-02 6.892080493469011915e-02 2.495514171408196036e-01 2.308026880265478531e-01 1.901161021844778864e-01 1.820736911960316728e-01 3.351518053741913733e-32 2.879681591377511237e-32 2.864859325919323629e-03 2.821867100596134759e-03
4.986158067702672891e-02 9.190779434858629970e-02 1.398257027637562488e-01 3.405284024036081547e-01 1.430484163879672532e-01 2.291413769925400301e-01 4.161716088182160553e-32 3.475827468209017235e-32 2.613250131105215781e-03 3.073476295410379651e-03
5.027628377880852956e-02 3.393221623183597518e-02 1.060051001454195285e-01 1.237431554674850859e-01 4.219567904404479819e-01 2.614627248210055765e-01 7.748635635787409971e-32 6.808637829300670344e-32 1.206844677957736927e-03 1.416884437038896157e-03
3.759970644505840343e-02 4.660879356557156433e-02 1.197628645081669635e-01 1.099853911048182947e-01 2.974764290748544981e-01 3.859430861865333906e-01 7.799104700610610603e-32 6.970001992878432062e-32 1.369753038529265094e-03 1.253976076467277784e-03
2.811548545763469312e-02 1.966502785278190571e-02 6.643435346528647756e-02 6.595030964653875172e-02 5.123363092311228328e-01 3.062101453485243097e-01 1.005465077221049594e-31 9.306154228600937522e-32 5.950480219876895949e-04 6.933209761238346303e-04
1.891942041417088438e-02 2.886109289627249164e-02 6.590760111064214444e-02 6.647706200117364794e-02 2.880230591246303873e-01 5.305233954549976039e-01 9.356305506321469009e-32 8.398186634566426514e-32 7.019918729023241072e-04 5.863771252097892735e-04
1.287142009748075133e-01 2.921232727003379437e-01 2.818603030690866595e-01 1.295588813776950843e-01 7.714854393064134175e-02 8.255719011522069661e-02 6.525892754418032474e-32 5.683523588780469535e-32 4.918201194334697289e-03 3.119406637876543167e-03
1.555343775737575429e-01 2.653030961013825850e-01 2.568632145788257715e-01 1.545559698679535576e-01 7.803625992034085579e-02 8.166947412552863494e-02 9.582691390470876534e-32 8.439781271726555684e-32 4.622966742783116319e-03 3.414641089428033498e-03
2.830633275088841883e-01 4.133597610849705506e-02 8.167063480061387271e-02 2.814938424676752815e-01 1.643169901718823933e-01 1.413925749746101079e-01 5.470110880961736991e-32 5.143715835728048671e-32 2.257685921185746333e-03 4.468968046650990608e-03
3.922275363720514191e-02 2.851765499801510728e-01 2.832407316396183816e-01 7.992374562865202370e-02 1.411921657571322819e-01 1.645173993894045172e-01 6.020358296482989345e-32 5.573874547044358218e-32 4.488299458883646641e-03 2.238354508952802337e-03
6.298525533891402572e-02 8.866487572928075100e-02 1.496891873234468540e-01 1.161739315689288704e-01 1.506875664857030006e-01 4.271049089102963991e-01 1.604765848083244739e-32 1.371773952946764435e-32 2.829286806764021341e-03 1.864987836665592952e-03
8.339594558061337592e-02 6.825418548762757220e-02 1.230505729990659380e-01 1.428125458933534597e-01 3.703897531961017342e-01 2.074027221998071269e-01 3.070812885452720608e-32 2.585993362751643397e-32 2.062842160003917728e-03 2.631432483427008882e-03
5.566479835366257289e-02 5.926078329087779151e-02 1.204872030587847975e-01 1.151525489562409688e-01 4.277284803441524508e-01 2.162862739220130504e-01 3.647044070912331708e-32 3.141713787919222522e-32 2.700059313962957508e-03 2.719852760305532975e-03
5.991881123213772808e-02 5.500677041233343473e-02 1.141763625934420212e-01 1.214633894215726984e-01 1.775945434993251304e-01 4.664202107669239705e-01 5.888245254934499716e-32 4.999302073963418732e-32 2.723474755661653077e-03 2.696437318603492860e-03
7.507273411276627062e-02 7.509725745580576872e-02 2.389895784887066110e-01 2.141094711931080530e-01 1.681743802632272855e-01 2.243036495023381649e-01 4.743965112113597517e-32 4.371363329069766562e-32 2.161882441347697924e-03 2.091046542700990100e-03
7.508660979754405718e-02 7.508338177109465106e-02 2.249120310442128678e-01 2.281870186376906140e-01 1.999331842486727351e-01 1.925448455167358963e-01 1.144598594235818967e-32 1.064225725828139871e-32 2.121802400208447001e-03 2.131126583841650487e-03
4.048954512401577860e-02 4.220105011600884526e-02 1.032451689471676481e-01 1.006022529814546151e-01 3.680223256302535551e-01 3.417772067551549942e-01 3.042300241062172503e-31 2.807256746458463960e-31 1.866114949007861758e-03 1.796335496936941716e-03
4.436327127168895185e-02 3.832732396839579059e-02 9.726333849358242967e-02 1.065840834350417765e-01 3.086205688656210588e-01 4.011789635197236525e-01 4.112302635213131450e-32 3.884445634660878320e-32 1.708179979889689563e-03 1.954270466058105876e-03
2.374633078601270236e-02 2.773864491047476483e-02 1.645026999330637951e-01 2.790150982551639625e-01 1.788259497902203177e-01 3.250116089989524282e-01 3.583620699046061933e-32 3.417527814712962154e-32 5.162331072890701542e-04 6.434342188230247157e-04
2.819419943394683298e-02 2.329077626254526245e-02 2.920818659048862176e-01 1.514359322833422339e-01 3.416925454791085448e-01 1.621450133100594826e-01 4.157940513440617481e-32 3.506010877280640343e-32 6.579488687086464636e-04 5.017184574034903649e-04
1.716921858562019468e-02 1.819903837199517843e-02 3.535514792894165481e-01 1.359175256947303401e-01 3.538842045405765635e-01 1.198468495234155801e-01 2.230886454796709038e-32 1.906017379166913165e-32 7.292948166550833073e-04 7.023891775916428753e-04
1.703730612428835944e-02 1.833095083333262029e-02 3.814288136239595839e-01 1.080401913602078712e-01 3.838626958780692044e-01 8.986835818589586355e-02 1.799918826946973038e-32 1.624880474201256820e-32 7.327412342901570147e-04 6.989427599568202691e-04
6.901930126942949772e-02 7.291598209767882754e-02 2.107701716253398416e-01 2.384754927019827886e-01 2.107945636010738755e-01 1.935046883969520071e-01 5.541451085935163865e-32 5.273164798552132433e-32 2.046941211402113735e-03 2.472859096142566125e-03
7.366055312834692004e-02 6.827473023876907965e-02 2.437693775178106093e-01 2.054762868095775241e-01 1.902009689577458529e-01 2.140982830402062831e-01 2.411752306655660984e-32 2.365588600582663753e-32 2.554242748638455886e-03 1.965557558906150248e-03
5.994341406584684923e-02 1.058351246911362759e-01 2.221713225656228863e-01 4.423303752030651737e-01 7.856901474447405831e-02 8.700323720885702605e-02 4.001660923203194033e-31 3.303080014275142563e-31 1.517887271389955529e-03 2.629624249606621941e-03
3.699168726982271505e-02 1.287868514871661763e-01 1.120636286279637073e-01 5.524380691407446697e-01 7.435082441984496027e-02 9.122142753346018651e-02 2.795912935692754048e-31 2.375257305051952580e-31 9.618765442805988532e-04 3.185634976716028924e-03
1.780155303804134836e-01 1.306577881111269934e-01 2.310138474181248347e-01 2.367264386332020853e-01 1.032260344856120449e-01 1.108667265050047868e-01 5.717282886629317959e-32 5.357811542836556484e-32 5.086779849291636624e-03 4.406854617224616882e-03
1.638327127104097780e-01 1.448406057811186531e-01 2.327246688328148960e-01 2.350156172185229875e-01 1.055142884561320743e-01 1.085784725344855067e-01 3.005291604777865492e-31 2.623050180698113143e-31 4.883154103350871925e-03 4.610480363165117904e-03
1.153629182960354965e-02 8.043952883733045123e-03 1.329127899733633690e-02 3.179006502715450017e-02 9.130255743677000435e-01 2.159675866137941366e-02 5.437226877393820230e-32 4.932344721141476722e-32 2.557466374381619882e-04 4.603315956545737009e-04
8.833882402831068348e-03 1.074636231055122078e-02 2.760583853068580840e-02 1.747550549386221383e-02 2.232283719156660518e-01 7.113939611133084373e-01 1.139720218984054941e-31 1.036174465152087165e-31 4.140566778537898575e-04 3.020215552404499995e-04
2.797633288448084232e-01 7.271632559092001957e-02 6.299777432238401476e-02 3.222524773195296066e-01 1.614727494027765331e-01 9.030058249391155478e-02 6.092682170260458552e-32 5.784799360442414483e-32 6.136192602947307048e-03 4.360569422719925807e-03
1.807044044854885512e-01 1.717752499502451791e-01 1.870347881906831988e-01 1.982154634512302005e-01 1.274213591990161487e-01 1.243519726976686640e-01 3.213245088147218698e-32 2.986975877492676777e-32 5.286668970455677199e-03 5.210093055211749945e-03
1.017422507821947111e-02 1.144448923027293653e-02 2.231333790437379783e-01 2.690402411639992164e-01 2.191747159326464245e-01 2.658129988761913642e-01 9.672352165841419747e-33 9.220987600689744759e-33 6.567760373933434958e-04 5.631746375412693961e-04
4.661231302565320075e-03 1.695748300592152952e-02 2.389588602381451446e-02 4.682777341839225449e-01 1.676282927214476845e-02 4.682248855366989981e-01 1.392145807873346426e-32 1.252176930215016516e-32 1.063009602233094516e-03 1.569410727013016986e-04
1.462048187938506383e-01 1.924676385756204366e-01 1.620818551045463407e-01 1.916549037684425472e-01 1.478708366087831683e-01 1.394160785864810292e-01 4.460909248098700359e-32 4.092965950979181300e-32 1.201644135766522653e-02 8.287427204610913270e-03
2.052275084519039061e-01 1.334449489175895120e-01 1.998115240215432298e-01 1.539252348514526525e-01 1.370841495620630512e-01 1.502027656331701155e-01 1.507219832262522029e-32 1.335483608023941322e-32 7.258918013338456696e-03 1.304495054893916109e-02
3.382577764702680151e-02 1.359029541809485542e-01 1.079590731757388289e-01 6.186749884837317026e-01 5.189129497848946060e-02 4.662507466119301947e-02 5.288017620970565316e-32 5.327841732793202765e-32 1.325689227548460664e-03 3.795147645324062433e-03
6.908078532404754446e-02 1.006479465039604726e-01 2.843480969159564165e-01 4.422859647441881314e-01 5.007246883072057064e-02 4.844390080826659062e-02 5.187759925035389544e-32 5.165522262852850714e-32 2.178580916289826839e-03 2.942255956570914450e-03
6.466345292700714786e-02 8.517115483550213861e-02 1.973383123781777271e-01 2.708718483785923503e-01 2.505155415643681716e-01 1.236004907757598387e-01 5.085360091927583045e-32 4.278038149759661126e-32 4.167669913230698242e-03 3.671529227362042153e-03
6.825510694848242743e-02 8.157950081400641706e-02 2.102167431973457623e-01 2.579934175590674617e-01 2.282880411565532675e-01 1.458279911839479304e-01 5.732419893629651493e-32 4.903872770920526167e-32 4.080777403410602508e-03 3.758421737186968224e-03
7.497515515812015752e-02 6.244444596154215266e-02 1.911894715497541586e-01 2.556163669149777440e-01 1.563089186348872173e-01 2.554707535203599167e-01 3.582621342780296142e-32 3.325788858976160258e-32 1.760650250848443685e-03 2.234238009511299670e-03
5.395016173300901802e-02 8.346943938648718198e-02 2.992899014772371080e-01 1.475159369874219362e-01 3.226903176261158857e-01 8.908935452936971033e-02 3.615561366227180075e-32 3.364363019996911888e-32 2.555272435105167099e-03 1.439615825254633285e-03
5.899018958248369165e-02 6.918937818502210457e-02 2.417107548820244256e-01 2.017373473970889286e-01 2.779463473187846478e-01 1.466836797963651240e-01 1.835500361224936742e-32 1.676852014401433048e-32 1.648198321915294142e-03 2.094104516314660141e-03
7.501378526042577766e-02 5.316578250704770414e-02 1.789099043076596285e-01 2.645381979714603871e-01 7.172406886569804296e-02 3.529059582494785685e-01 5.399822478128656235e-32 4.886666996204585182e-32 2.348746262324892791e-03 1.393556575904082674e-03
2.038594581933403024e-02 1.914927323259239117e-02 5.410624661155226389e-02 9.709202253604551358e-02 7.742927851839216391e-01 3.395266359302769044e-02 2.570545584194300813e-33 2.469489635995341805e-33 3.649458995539952948e-04 6.561171239717550688e-04
1.946365524382996648e-02 2.007156380806182638e-02 8.616434868337569108e-02 6.503392046409094129e-02 2.221589996370259001e-01 5.860864491400900045e-01 9.770865115568246346e-33 9.620316285908526332e-33 5.820967275199559997e-04 4.389662960049941685e-04
1.227729290023167434e-02 1.076756528989536443e-02 3.493775071977822111e-01 8.669047791810921555e-02 4.338087228118067129e-01 1.055358950773545856e-01 3.260114641572045089e-32 2.997766824231156307e-32 7.050962655270194253e-04 8.374425392922810619e-04
1.045369796708340779e-02 1.259116022304132727e-02 3.207872275629428810e-02 4.039892623596171850e-01 3.728907168576260645e-02 5.020555462033806648e-01 1.139882032017844472e-32 1.049205656300903060e-32 8.649568871429073706e-04 6.775819176764265100e-04
6.429790620936415291e-02 7.465538100046029135e-02 2.118132835194139751e-01 3.168549151841864031e-01 1.777929003290749099e-01 1.506347963384351563e-01 1.139877159860885822e-32 9.826722000532413371e-33 1.715503365914051613e-03 2.235314053151888671e-03
7.899602092646931806e-02 5.995726628336796316e-02 3.608760602502416592e-01 1.677921384533778426e-01 1.392533010537785332e-01 1.891743956136985316e-01 9.457444373552971982e-33 8.431507635354332154e-33 2.453157790983620697e-03 1.497659628082652437e-03
4.224206116332392125e-02 7.211684207136949409e-02 1.125709788464791805e-01 1.676781337712348052e-01 4.384506732352959069e-01 1.620345401001994645e-01 1.080543091560381590e-31 9.280041823326398286e-32 3.081603703110486099e-03 1.825167108987276604e-03
5.754634578992919025e-02 5.681255744475759151e-02 1.408013309460112716e-01 1.394477816716869767e-01 2.968479217404768056e-01 3.036372915950414919e-01 2.268466912330176253e-32 2.099904970294542419e-32 2.437955024616876576e-03 2.468815787480202646e-03
2.087488894495728373e-02 2.833973633012485879e-02 9.694090065174626458e-02 1.021002713996376904e-01 2.052299729478948564e-01 5.446849922301959523e-01 2.122934534000597064e-33 2.052351532599924066e-33 1.112133751608356024e-03 7.171037438338672982e-04
2.490350657985962446e-02 2.431111869521835819e-02 9.972530211470131967e-02 9.931586993660752871e-02 3.884265483603109859e-01 3.614884168178600365e-01 5.149704711598805881e-33 5.033374807319386251e-33 8.989445498039600000e-04 9.302929456381992456e-04
1.519741355852715151e-02 2.988223718712841939e-02 1.331065873159687496e-01 3.101658498079835069e-01 1.668695411895605996e-01 3.433568651859761345e-01 1.209425418849504443e-32 1.116878301892083417e-32 7.993710864931549785e-04 6.221346683625842344e-04
1.669056159075275880e-02 2.838908915490393967e-02 1.511099148372353207e-01 2.921625222867299532e-01 1.848147141928863924e-01 3.254116921826363251e-01 1.008760977783440997e-32 9.197865751243528290e-33 7.813497458447700352e-04 6.401560090109311221e-04
5.376401053104898353e-02 5.105436540607539292e-02 2.196417373635016490e-01 2.361397918148335218e-01 2.090409141528234982e-01 2.251378496189296863e-01 1.042738622423581416e-32 9.364513667925720633e-33 2.535862787237107372e-03 2.685468325551387814e-03
4.317808922183467846e-02 6.164028671530782932e-02 2.840956042435217599e-01 1.716859249348418603e-01 2.719277071847462368e-01 1.622510565869605959e-01 1.510619752579559044e-33 1.444691646222102773e-33 3.120335064222491163e-03 2.100996048565598531e-03
1.633339104545017961e-01 3.448771294904191126e-03 7.814276694744256568e-01 5.931372629047526601e-03 1.921062107413529577e-02 2.261015505269925799e-02 1.728962275139762254e-32 1.642876856089533654e-32 3.958210318658757568e-03 7.928970162690203731e-05
4.788339520020096392e-03 1.619943422293412538e-01 1.242872568768989966e-02 7.749303164156997603e-01 2.258167268260449778e-02 1.923910344436077779e-02 1.524609967634226682e-32 1.463902756021299418e-32 1.117885244297597039e-04 3.925711495855005624e-03
6.065286581695684921e-04 7.570831695135419584e-04 1.700169079643746965e-03 2.179653208259414634e-03 6.433326354821333748e-01 3.513735569693748340e-01 1.002275414389503787e-32 8.944379690583491737e-33 2.017007366244328006e-05 3.020335924278990620e-05
8.839905823811484856e-04 4.796212453091290833e-04 2.583826352796594894e-03 1.295995935127297952e-03 1.052715239921101636e-01 8.894346684593700259e-01 1.203911255740806982e-32 1.144191888047916408e-32 3.866074988652300025e-05 1.171268301902701021e-05
7.069639679923017672e-02 3.692485846126563470e-02 1.411222007807035328e-01 3.237700141398533460e-01 1.273413564834130762e-01 2.956030867543050222e-01 1.086715460482317532e-32 1.052945870166053149e-32 1.796509391523849969e-03 2.745577189705106572e-03
3.531945639712841950e-02 7.230179886339867246e-02 3.324525672895917161e-01 1.324396476309387671e-01 3.036017667783583174e-01 1.193426764593516209e-01 2.971429956827783119e-32 2.755145763367352169e-32 2.790693150578104145e-03 1.751393430652718741e-03
4.769892137935820287e-02 5.143835163276684608e-02 1.770927839384523750e-01 1.919842422270074400e-01 2.607957737867143688e-01 2.678029635412904064e-01 4.031372848194763917e-33 3.975268107616526866e-33 1.566365075563056581e-03 1.620598418848562174e-03
6.013253207044752524e-02 3.900474094167179911e-02 2.266069030515871496e-01 1.424701231139147428e-01 2.840946892744818930e-01 2.445040480534862448e-01 1.307469199881366829e-32 1.305273150067708139e-32 1.746691015931485817e-03 1.440272478479367926e-03
2.654317569957098111e-01 8.387890152041486969e-02 1.084175599102447929e-01 2.818046647719216202e-01 9.717473756503686166e-02 1.513994407397941666e-01 7.581425509515394525e-33 7.512617608243054544e-33 5.029631425684846432e-03 6.863307071191739051e-03
9.284763832997418309e-02 2.564630201861569647e-01 2.732393172007889226e-01 1.169829074813712594e-01 1.487207327124459577e-01 9.985344559238409912e-02 9.711325427336582639e-33 9.598308372687574177e-33 6.772723234239410445e-03 5.120215262637469941e-03
1.520519157117748710e-01 1.546888288489185470e-01 1.935595581862124825e-01 1.914197263190670351e-01 1.481380439905226054e-01 1.497177055904834186e-01 1.575800695881058497e-32 1.471047299880899521e-32 5.227215899141760512e-03 5.197005453879440309e-03
1.042401615418866168e-01 2.025005830188509326e-01 2.323583770601767573e-01 1.526209074451042869e-01 1.194960720490287481e-01 1.783596775319308825e-01 1.376194995237282317e-33 1.303293108076818396e-33 5.774983044753143925e-03 4.649238308268670988e-03
1.644214206155249769e-01 1.154658887977096371e-01 2.008155189364413395e-01 2.307821558992786681e-01 1.636642564132195776e-01 1.116962294737342265e-01 6.280861948664812342e-34 5.963659865548868555e-34 3.541240204185521108e-03 9.613289659906081724e-03
1.715321989568214245e-01 1.083551104563982709e-01 1.964628726641009238e-01 2.351348021716080372e-01 1.712125988922118258e-01 1.041478869947678743e-01 1.077229607957618442e-33 1.089322721176037542e-33 2.659276590395857551e-03 1.049525327369562645e-02
5.301608426458426920e-02 5.969791780699462008e-02 1.343522790507717113e-01 1.286525838326983140e-01 3.108277810396156693e-01 3.098983940963511152e-01 3.986719054923181746e-33 3.971787676834950317e-33 1.852167826070655722e-03 1.702792082913289363e-03
5.797515874612130943e-02 5.473884332548756282e-02 1.301221208271453045e-01 1.328827420563598316e-01 3.101380154169464665e-01 3.105881597189538712e-01 2.851170168190583197e-32 2.792186568663340687e-32 1.741305226554184116e-03 1.813654682431178238e-03
5.337064323693616746e-02 6.175450219175507988e-02 2.108772711940889444e-01 1.319551419288665095e-01 4.061009803816344466e-01 1.307077352187831776e-01 1.347932480434338257e-34 1.346668980895207204e-34 2.690377047201276180e-03 2.543348800733980387e-03
6.234089580419937410e-02 5.278424962449024260e-02 1.264350785867879301e-01 2.163973345361579481e-01 1.114458606161580767e-01 4.253628549842713436e-01 4.184487850777486853e-33 4.123717028194414538e-33 2.533065180143079850e-03 2.700660667791998908e-03
6.715706130676733776e-02 3.742727841043531206e-02 1.217466945299381792e-01 1.533124401048154839e-01 3.199433582761451178e-01 2.964630521024806398e-01 6.587871202288734894e-33 6.468550863027414894e-33 1.687899788396756383e-03 2.262215481020742047e-03
5.576407439365061586e-02 4.882026532355682180e-02 1.338432553252675017e-01 1.412158793094866194e-01 3.109452831174587817e-01 3.054611272611625905e-01 1.943538470167242275e-32 1.916859850366814938e-32 1.907987879617696701e-03 2.042127389799994718e-03
5.127927058583897635e-02 9.765395418208697165e-02 2.488361095316773686e-01 1.813875379017127476e-01 1.419722755620521082e-01 2.745742177046268662e-01 4.242146260328975036e-34 3.902172496066021159e-34 2.530536988911024580e-03 1.766097543093740445e-03
7.890989365559519797e-02 7.002333111232852958e-02 2.086493974124827566e-01 2.215742500209031129e-01 2.209781899432312069e-01 1.955683033234538182e-01 4.204326711924183785e-33 4.086259347601541453e-33 2.075074297867641245e-03 2.221560234137064799e-03
4.188029320831885421e-02 9.372836385344242294e-02 1.985051270745014640e-01 2.404948423934353818e-01 1.339125165104624871e-01 2.876300659508102542e-01 8.474343301707776378e-34 8.441100824210835355e-34 2.069612423317831063e-03 1.779178585711248782e-03
8.609520835412512452e-02 4.951344870763997597e-02 2.343130496591329104e-01 2.046869198088055175e-01 2.649995236132970389e-01 1.565430588479704843e-01 6.378746914111102040e-33 6.311443615399084832e-33 1.821936717636369945e-03 2.026854291392740474e-03
7.242557488951581468e-02 1.087530706423094490e-01 1.650866917325220229e-01 4.165474954992439693e-01 9.594942681063084455e-02 1.345819926560174185e-01 2.819566860094839632e-33 2.775389670590590970e-33 2.715243485560236546e-03 3.940504284200386370e-03
9.358102418145201884e-02 8.759762135037092723e-02 3.115258054880600813e-01 2.701083817437341938e-01 1.184472420556068051e-01 1.120841774110156036e-01 2.990903141378784800e-33 2.923132122933968052e-33 3.428778568501800270e-03 3.226969201258637898e-03
1.521714297711860009e-01 1.553806555331602446e-01 1.807784016033393559e-01 2.531290348637401100e-01 1.221978328258532115e-01 1.227888824383019106e-01 1.802051114686348605e-32 1.812411064485346923e-32 8.088235847641017315e-03 5.465527116778407662e-03
1.525330929899763321e-01 1.550189923144474069e-01 1.889319454311666757e-01 2.449754910358060145e-01 1.222644410737719622e-01 1.227222741904060027e-01 4.808161007273816069e-32 4.733617705668267881e-32 7.792670078262941072e-03 5.761092886163902450e-03
6.755061554981978134e-02 6.074355765006481112e-02 1.564150695142233760e-01 1.923797183415280332e-01 2.916137994485910045e-01 2.248188107010742343e-01 2.063814185852949108e-33 1.906491614441005488e-33 3.468282608623980256e-03 3.010146186074298333e-03
7.163123801633500265e-02 5.666293518345352775e-02 1.348553654291708981e-01 2.139394224266948086e-01 3.316553468767022839e-01 1.847772632729504927e-01 9.863799273560256050e-34 9.039859112268691383e-34 3.742921344785551420e-03 2.735507449904776931e-03
1.196006332665354999e-01 8.521993851730941261e-02 9.871457115275686367e-02 4.005788667773910738e-01 1.707197052227099332e-01 1.181809170794505537e-01 2.676554192273671334e-33 2.388768578275049518e-33 2.589455821418259855e-03 4.395912162428048525e-03
1.156494620737908152e-01 8.917110971013700316e-02 1.334060605973259317e-01 3.658873773331016155e-01 1.646817310707911486e-01 1.242188912310021598e-01 4.306241387772518217e-33 3.862903044538750735e-33 2.797061232177213645e-03 4.188306751673420703e-03
6.302425687339319182e-02 7.264079656292160569e-02 1.603216411195215185e-01 1.372317986988568772e-01 2.766578612904231349e-01 2.862262816073911087e-01 4.027012119932801100e-32 3.759870791166046558e-32 2.058620187966883532e-03 1.838743659525593531e-03
3.324362439330676849e-02 1.024214290430899565e-01 2.318265829550008039e-01 6.572685686343057720e-02 2.470262455451953110e-01 3.158578973524837630e-01 3.354896528974187764e-32 3.165167945639892766e-32 2.739536847800992485e-03 1.157826999691786421e-03
2.938258481459690361e-02 5.310513189674886253e-02 2.757572603159977320e-01 1.543210262756022910e-01 3.710255399750896910e-01 1.132689400677389518e-01 1.098283435719212647e-33 1.055813934451809196e-33 1.798308310334117109e-03 1.341208343891074021e-03
4.070342763672085695e-02 4.178428907462604369e-02 2.178056198906005436e-01 2.122726667010218504e-01 2.480192732446854786e-01 2.362752067981195025e-01 3.234598762210644606e-33 3.040881151771392476e-33 1.580171663532248250e-03 1.559344990692921630e-03
1.556206228515679690e-01 9.370732693429922877e-02 1.581296996868213622e-01 2.740248350473661332e-01 2.077917279395635475e-01 9.694751628736125726e-02 4.667077840254371418e-33 4.450587581734620788e-33 5.461342117278186400e-03 8.316929135742201148e-03
9.976669964771350818e-02 1.495612501380964854e-01 2.626823308175918470e-01 1.694722039166063898e-01 1.077956932672681362e-01 1.969435509596995648e-01 6.011005015850483717e-33 5.542827241360658353e-33 8.037456595896028816e-03 5.740814657127673790e-03
2.822264083100280152e-02 5.422029426663867169e-02 7.356639172916372427e-02 1.937460519696237726e-01 4.884307382252722762e-01 1.594675778120867027e-01 7.357141402174008267e-33 7.389361935942435466e-33 7.292693508618027735e-04 1.617035815350690783e-03
4.373229320472044046e-02 3.871064189291537061e-02 1.452630453266076649e-01 1.220493983721563508e-01 2.921782466532717448e-01 3.557200693841167105e-01 6.908180869970593670e-33 6.935960798117313591e-33 1.258892121907461727e-03 1.087413044304790920e-03
1.686896287286186735e-02 1.497449248911077863e-02 1.034856277859815959e-01 1.088053427909267679e-01 3.675899812148170631e-01 3.867449901676496271e-01 8.877785835461844755e-33 8.350405509855487386e-33 8.013167521165204818e-04 7.292859265358215713e-04
1.525436618080288145e-02 1.658908918116576078e-02 1.080194512352053576e-01 1.042715193417589753e-01 3.839151844783775802e-01 3.704197869040392610e-01 1.818082649880936360e-32 1.848637760870631697e-32 7.399271765883083532e-04 7.906755020625423798e-04
1.926822436281827033e-01 9.093494504687472946e-02 1.595982530504486685e-01 2.907237465499580842e-01 1.519259384056330930e-01 1.072701939913468516e-01 4.276754048090853014e-32 3.920853538383318364e-32 2.563656109458801492e-03 4.301023218097320758e-03
1.763013111367118801e-01 1.073158775383380725e-01 1.807089644587832611e-01 2.696130351416426429e-01 1.447365314650245482e-01 1.144596009319436558e-01 8.912513140496009580e-32 8.276695180837919384e-32 2.843365681274001664e-03 4.021313646282134030e-03
4.299961567023390108e-02 4.168081766098618440e-02 2.138047760536491704e-01 1.856068594285532614e-01 3.004936613185332228e-01 2.119643344040071375e-01 8.678442499438838502e-33 7.759152365955989579e-33 1.594478990361407117e-03 1.855456473675498466e-03
4.378407126389262383e-02 4.089636206736571578e-02 2.305776353315274474e-01 1.688340001506249966e-01 3.531532234431893347e-01 1.593047722793607124e-01 2.793445779665187361e-33 2.804972844363389721e-33 1.439242748602081881e-03 2.010692715437292864e-03
8.211978983861495385e-02 8.007921167938836238e-02 1.895942324307953453e-01 3.091585583418141603e-01 2.287109843770803175e-01 1.060937626542357570e-01 1.002194579095762648e-32 9.801828133730332912e-33 1.590668292198899568e-03 2.652792385871493783e-03
8.097522357314476671e-02 8.122377794486915215e-02 2.566582129862086115e-01 2.420945777863672821e-01 1.599346256202306971e-01 1.748701214111075541e-01 4.001503212894477866e-33 3.852968325552766067e-33 2.186416806840124714e-03 2.057043871231480341e-03
1.928304879622953771e-01 1.419571954125395941e-01 1.971481441506056642e-01 2.508289574203967920e-01 1.113757215344726575e-01 9.756064905193091719e-02 1.940809602757712983e-32 1.674260134890006993e-32 3.787051692046410241e-03 4.511792775713064675e-03
1.005286352227003077e-01 2.342590481522164869e-01 2.945438162811184757e-01 1.534332852898790678e-01 8.631037345191623633e-02 1.226259971344079852e-01 2.019811253129836462e-32 1.713096427775576548e-32 5.101984172847733902e-03 3.196860294913869086e-03
7.212014807733076183e-02 2.905811195955235737e-01 3.391698605113874221e-01 1.211361154851329780e-01 7.153584663308273917e-02 9.627959963452359382e-02 4.450403225753034572e-32 4.084915837169811825e-32 5.958306144647332325e-03 3.219003918371824129e-03
2.546180224890572941e-01 1.080832451838485697e-01 1.570288824650225845e-01 3.032770935314238470e-01 9.220627712850459901e-02 7.560916913912307802e-02 1.074151802795636687e-31 9.769729499315998097e-32 3.669948502584331924e-03 5.507361560435804215e-03
6.908509791024462776e-02 1.164300355095997386e-01 2.551934332578326692e-01 4.907928238435836921e-01 3.533061184038451680e-02 2.841012536341880335e-02 2.203309963974339841e-32 1.994894290996131986e-32 1.755913328556076881e-03 3.001958946380480376e-03
1.317285218328683172e-01 5.378661158699594297e-02 5.669216400888303919e-01 1.790646170124142456e-01 2.617392075364576715e-02 3.756681645030639227e-02 2.573412621442102055e-32 2.318764844143025169e-32 3.404591472877838663e-03 1.353280802059912951e-03
5.739399522967491424e-02 5.823582697407221620e-02 1.269555282149500142e-01 1.308870289221321093e-01 3.230790625275923866e-01 2.982011736022526782e-01 2.245575035584408769e-32 1.987572413203487974e-32 2.607034980083266108e-03 2.640349549242845817e-03
5.547885658145544630e-02 6.015096562218697623e-02 1.180114975354707302e-01 1.398310596015566454e-01 3.796754155020316546e-01 2.416048206279753363e-01 1.537663698140258050e-32 1.400552688580981335e-32 2.531245465895726188e-03 2.716139063427696482e-03
5.987024232333930385e-02 2.222967911381769357e-02 2.739202406582084692e-01 1.151146252660965319e-01 2.935531738218957742e-01 2.322936537866775453e-01 1.164590880458776167e-32 1.141444074334157879e-32 1.501492455995997576e-03 1.516892573969569292e-03
3.752327370986906913e-02 4.457664772726811081e-02 1.796383330506098608e-01 2.093965328735020726e-01 2.571837772247850262e-01 2.686630503840016226e-01 1.406501921369483358e-32 1.411359816425164988e-32 1.510635410395437875e-03 1.507749619569945330e-03
2.619621909987495528e-02 4.087138460264407719e-02 7.504152119201337734e-02 1.908949451759283933e-01 4.443074082824054472e-01 2.198566846216786219e-01 7.743357220282487647e-32 6.491568666918407964e-32 1.290812937900580239e-03 1.541024087554621318e-03
4.311582625663712420e-02 2.395177744591000038e-02 2.086137402721323086e-01 5.732272609615567116e-02 1.855288568809945748e-01 4.786352360227154046e-01 3.986197953682000470e-32 3.473192289009764097e-32 1.579291753187669163e-03 1.252545272267665752e-03
1.579190278863591146e-01 1.286690587971751898e-01 1.909132807727816628e-01 2.184421717991697209e-01 1.263593690109998391e-01 1.633777379303848198e-01 2.097787404955123992e-32 1.798688233963810479e-32 7.524479855650819879e-03 6.794873947478272808e-03
1.429966497055818742e-01 1.435914369779547339e-01 2.049576211801434900e-01 2.043978313918156098e-01 1.452449308714549026e-01 1.444921760699179047e-01 5.854022362049682820e-32 4.751227016191640102e-32 7.152258768801565691e-03 7.167095034327693528e-03
5.239188146653772638e-02 7.354968155700628007e-02 8.132256190011519226e-02 9.226197936296109958e-02 4.312404952063269570e-01 2.597400822313067348e-01 5.641281576159049122e-33 5.216796183347755579e-33 4.976109490967927165e-03 4.517208784778882491e-03
7.824284619204063818e-02 4.769871683150751773e-02 9.468853065586395334e-02 7.889601060720866088e-02 2.216983354700159947e-01 4.692822419676178081e-01 4.573921867568209304e-32 4.216656424604511123e-32 4.415416700721753324e-03 5.077901575024956586e-03
3.990289902512739878e-02 3.860988309978440058e-02 1.882450800913073041e-01 1.973853387767421086e-01 1.166853471561657418e-01 4.169139408673201430e-01 8.181109327055969524e-32 7.011826636117492152e-32 1.146604661335898440e-03 1.110906322216270422e-03
3.940683624745768693e-02 3.910594587745036543e-02 1.917517206695298904e-01 1.938786981985135549e-01 2.318674011531901002e-01 3.017318868703054435e-01 1.159655602688072156e-31 9.745166486964152453e-32 1.132909070342137149e-03 1.124601913209967311e-03
9.021045462836799200e-02 1.035602747464476198e-01 2.316085728239989372e-01 2.097889215096424564e-01 1.678622925911436581e-01 1.904775779647048251e-01 2.520952483337367802e-32 2.244919719566666701e-32 3.297612241530833207e-03 3.194293494164016090e-03
9.162780666839191734e-02 1.021429227064906686e-01 2.292919777666131143e-01 2.121055165670633347e-01 1.702633602141235269e-01 1.880765103416209838e-01 1.314863586954500416e-32 1.144011959714894595e-32 3.286642877446288580e-03 3.205262858250892619e-03
7.513801926717003643e-02 8.244328059744615578e-02 2.913511799382448864e-01 2.105088371069302466e-01 1.226805426310494940e-01 2.121631298246142161e-01 1.719380034672250544e-32 1.557248190380596631e-32 2.834474828906403607e-03 2.880535805638265341e-03
7.122502858419885174e-02 8.635627128047609902e-02 3.346535780276738148e-01 1.672064390179054116e-01 7.475008345453500180e-02 2.600935890006668139e-01 8.292869056193071804e-33 7.766547875688509163e-33 2.809802724146262184e-03 2.905207910397110925e-03
7.736563318458444805e-02 5.749996849977914715e-02 2.293644048725353435e-01 3.006282822785910636e-01 2.972841371815834188e-01 3.351168537616363435e-02 6.016749886887060055e-32 5.705905813717917522e-32 1.810229096185584242e-03 2.535659510577274040e-03
5.775888492666708673e-02 7.710671675779492973e-02 2.996994742686712732e-01 2.302932128830104119e-01 3.694952759171746259e-02 2.938462949653752876e-01 1.387885333435356455e-32 1.357896363396171640e-32 2.526204712377155305e-03 1.819683894385807276e-03
9.475543419999313266e-02 7.552280749773145063e-02 2.355634243759513746e-01 2.683142212698959028e-01 1.367260881002366202e-01 1.746618673073535577e-01 6.741266471484937825e-32 5.477774485717038193e-32 6.298442697123752404e-03 8.157714551714405002e-03
1.226028476537207312e-01 4.767539404414339321e-02 1.881427056065758940e-01 3.157349400392798766e-01 8.179790046248575086e-02 2.295900549449438610e-01 9.621354008177965716e-32 7.811489346303875936e-32 3.606355294870648188e-03 1.084980195397895059e-02
1.097623159022290129e-01 6.189454644973986508e-02 5.017020732832244700e-01 2.800595296375089638e-01 2.432052511771287673e-02 1.770566273463683796e-02 5.383490469576360039e-32 4.454144309526708146e-32 2.875730313097345312e-03 1.679616561848986485e-03
5.100319403482614367e-02 1.206536683171369612e-01 2.296292070927751783e-01 5.521323958278762101e-01 1.620058325818646630e-02 2.582560459425226745e-02 5.819975601864374983e-32 5.793007370257998388e-32 1.407464829228392313e-03 3.147882045717958783e-03
6.815061173158797059e-02 4.384216902022058243e-02 1.630770303673808042e-01 3.267558673334033936e-01 1.035344873813575789e-01 2.855923580575003839e-01 4.304681707264612432e-32 4.176501877441435490e-32 3.499602042867823969e-03 5.547874065682242145e-03
4.475105180759975099e-02 6.724172894430921477e-02 3.206359821832990287e-01 1.691969155175083450e-01 2.787852883112232338e-01 1.103415571275023210e-01 4.405459265999451955e-32 3.857686172795805625e-32 5.471290007735731507e-03 3.576186100822436199e-03
2.891551499511039319e-02 2.983635047932515355e-02 9.910074563943588322e-02 1.022903967835647188e-01 3.772225335510844269e-01 3.603919930102612579e-01 9.233325188548575639e-32 8.473294148587751900e-32 1.121278929472041075e-03 1.121186611746393920e-03
2.478327997408732997e-02 3.396858550033703128e-02 8.478723536692941987e-02 1.166039070559920926e-01 4.527493244254635618e-01 2.848652021359735498e-01 1.280446211339595983e-31 1.189203989114348183e-31 1.121693203840585032e-03 1.120772337376908659e-03
4.696287480663718927e-02 7.809179282860001514e-02 2.041336123924716306e-01 2.432689727836135907e-01 2.678598595910313684e-01 1.547706707122925573e-01 1.505435508862607204e-31 1.423291912163933726e-31 2.680694989028875250e-03 2.231521896323846940e-03
5.317530736815582332e-02 7.187936026710270432e-02 2.119438995033159356e-01 2.354586856727866606e-01 2.452905252231161737e-01 1.773400050801661465e-01 1.704919510002984115e-32 1.596090893479535436e-32 2.591053018663842886e-03 2.321163866691416337e-03
1.215117040444629176e-02 6.800118513880862303e-03 3.784242719615162759e-02 2.087142945546912459e-02 2.107559009185107912e-01 7.108744735255747571e-01 5.969018368813247660e-32 5.360398943530330885e-32 4.226527296212456144e-04 2.818272563446065767e-04
1.316663779703770333e-02 5.784651121264008412e-03 4.106300796752762605e-02 1.765084868400072782e-02 1.158485605859196355e-01 8.057818138582844014e-01 1.011810676217750589e-31 8.732899472509933617e-32 4.493771342954918182e-04 2.551028516694586962e-04
7.717643444953221910e-02 5.153613457234273304e-02 3.719162676540334611e-01 2.382979598534863686e-01 1.274526642532466114e-01 1.298712833973575398e-01 3.980832483018001378e-32 3.664884121085305873e-32 2.236655385768877499e-03 1.512600434230640606e-03
3.583513670083382507e-02 9.287743232106536462e-02 1.564759540103340674e-01 4.537382734973244847e-01 1.313523399454951113e-01 1.259716077049461980e-01 4.280689328850273884e-32 4.255844862078150184e-32 1.069220859599478903e-03 2.680034960400508228e-03
5.798319540659974125e-02 2.467529768267544971e-02 3.413522565175874934e-01 8.815529245119460566e-02 2.051284142605328542e-01 2.800002610176919315e-01 7.472918126208759344e-32 6.157756084658195796e-32 1.830483711526579779e-03 8.747989521912771967e-04
5.499607629962000033e-02 2.766241678965078790e-02 3.186450446887238441e-01 1.108625042800404359e-01 2.118430717233817928e-01 2.732856035548650864e-01 3.670674683722421746e-32 3.186663057122526846e-32 1.744775984532853739e-03 9.605066791850316432e-04
3.259532542567995794e-02 3.316031898936497302e-02 1.770753006843350796e-01 1.743940531143564066e-01 2.925512661166118078e-01 2.874871646637309208e-01 1.436546973345665144e-31 1.257569867973182367e-31 1.366234008479738204e-03 1.370336997437856044e-03
2.121035870449151581e-02 4.454528571054584135e-02 2.311040831656222261e-01 1.203652706330926442e-01 3.945960153313348706e-01 1.854424154489941190e-01 6.525146918828566624e-32 5.815803209840769098e-32 1.283556265319146144e-03 1.453014740598289377e-03
1.074406937327703621e-02 8.417286124555891161e-03 3.346944834698033500e-01 1.563553036911297101e-01 3.341824475684318507e-01 1.542645015528881780e-01 1.010648136136388099e-31 9.152094626655356104e-32 5.419246372210354294e-04 7.999835826924051648e-04
8.493533143439778443e-03 1.066782235436403853e-02 1.621993507539320756e-01 3.288504364069903541e-01 1.601602836534202767e-01 3.282866654679420515e-01 2.657172745144097697e-32 2.550376216645794060e-32 7.915271760619448484e-04 5.503810438506240472e-04
8.979751184878677350e-02 1.052162792259494772e-01 2.082190623567251320e-01 3.718600635831762480e-01 1.264637203736880267e-01 9.152824346073204498e-02 1.655267458228883070e-31 1.344807732688411184e-31 3.069121800411240067e-03 3.845997350530465635e-03
1.091425418258446245e-01 8.587124924884328991e-02 4.135299018531726767e-01 1.665492240867586515e-01 8.263221091401501406e-02 1.353597529204255967e-01 7.544260903229425292e-32 6.902591394604721859e-32 4.043822335018518004e-03 2.871296815921154169e-03
3.456388455883360744e-02 6.094652380473680048e-02 1.272618836097623440e-01 1.006786839899960900e-01 1.395264368709179525e-01 5.281024989706691875e-01 1.552620838498966357e-31 1.431966870404905926e-31 7.448967149983264438e-03 1.471121045098874869e-03
4.540169005801585056e-02 5.010871830554829848e-02 1.163416892979133033e-01 1.115988783018446173e-01 2.991507922443111811e-01 3.684781435972822594e-01 2.709553938223847816e-31 2.543938856175623599e-31 4.993309367419056580e-03 3.926778827662513738e-03
4.685346583468961990e-02 3.266426979143378234e-02 9.303375057739871057e-02 1.568863393475540824e-01 4.258737121279313476e-01 2.396418996237374699e-01 7.094186305096004110e-32 6.452813619759528153e-32 1.281178219494817075e-03 3.765384477759365581e-03
3.720857344506381392e-02 4.230916218106920562e-02 1.364365864822579266e-01 1.134835034427151279e-01 2.992854413299673721e-01 3.662301704216714970e-01 5.068422179270076528e-32 4.446846427035380967e-32 2.969780023401299984e-03 2.076782673853796654e-03
1.365681046203308657e-01 3.998667159298349705e-02 1.232879807654085336e-01 2.040790859883780395e-01 4.001178376275759119e-01 8.951728694177639445e-02 9.120339850924888788e-32 7.766795435164571030e-32 3.351935115750735716e-03 3.091097347796341321e-03
5.377889540464729501e-02 1.227758808090584630e-01 1.925417855958489188e-01 1.348252811585912980e-01 1.338723164419673151e-01 3.557628081263248254e-01 5.657873827545768421e-32 4.846658455306831089e-32 3.128346048318186856e-03 3.314686415243811839e-03
1.988666220718850533e-02 2.133003359638177554e-02 7.502040278881040580e-02 4.057620433272011717e-01 7.199079024231413992e-02 4.022074405502616967e-01 1.782720307838007251e-31 1.649501495855874448e-31 1.378699162623852259e-03 2.423928125218452467e-03
2.038383411975099729e-02 2.083286168382462653e-02 1.889449652544381575e-01 2.918374808615528671e-01 1.857345188637345712e-01 2.884637119288574469e-01 1.956533237834117980e-31 1.786255926080089462e-31 1.738730188792614101e-03 2.063897099049602588e-03
2.926857959067862003e-02 7.327414164359467852e-02 1.122181615983321168e-01 7.133851360979270861e-02 1.556693834061561588e-01 5.543351291901484901e-01 1.138690501141352215e-31 1.103781107746671002e-31 1.861396703560187077e-03 2.034694257735674902e-03
7.021004562204674615e-02 3.233267561228560932e-02 7.418495303530940610e-02 1.093717221729237632e-01 5.265761353570335146e-01 1.834283772391021861e-01 3.696874970706800299e-32 3.497875934016653206e-32 2.022627593399022993e-03 1.873463367899189753e-03
2.860148691722351477e-02 3.238405667199552307e-02 2.086332774207226570e-01 2.306350698172700275e-01 2.282762494164855271e-01 2.695029899366278014e-01 1.431054489750731503e-31 1.180587884719240409e-31 1.022342613284979093e-03 9.445272063892150901e-04
2.365338068398518262e-02 3.733216290520977032e-02 1.798519956060792846e-01 2.594163516318817031e-01 1.743461688192703973e-01 3.234330705339015233e-01 1.694059153844773971e-31 1.495110854408716461e-31 1.124135554292634859e-03 8.427342653798410802e-04
1.072464806126232351e-01 1.110995577534337475e-01 2.315813574185616452e-01 2.325712398108081280e-01 1.521079459806978229e-01 1.571682561460138183e-01 1.576225449646041059e-31 1.341883225469479707e-31 4.096275801945496037e-03 4.128886475916449493e-03
1.273266362585669109e-01 9.101940210751112426e-02 2.367400894601053019e-01 2.274125077692684960e-01 1.784795476954336713e-01 1.307966544312527402e-01 2.659993568164472556e-31 2.411575775755277418e-31 4.266225010095191401e-03 3.958937267766501726e-03
1.142784480817978787e-01 5.049026553652327665e-02 4.516704827277626677e-01 1.076439985053979087e-01 1.092062179265571864e-01 1.583558515286836721e-01 1.514545163766460527e-31 1.353978023189235580e-31 3.419239807777953600e-03 4.935495885498214497e-03
5.506146666382206317e-02 1.097072469544480705e-01 1.322976912389907389e-01 4.270167899940738310e-01 1.548336809391786251e-01 1.127283885162131682e-01 1.885857582969036047e-31 1.711932919353900444e-31 4.826837647947935378e-03 3.527898045325131467e-03
1.503362958132243299e-01 9.154264153277506810e-02 1.743221139546056175e-01 2.638421695979257797e-01 1.666560086146653408e-01 1.447120966111707097e-01 1.570176558566700528e-31 1.451183122985049814e-31 3.996556640518253087e-03 4.592117235115015725e-03
1.865991579868676031e-01 5.527977935924967973e-02 1.191077633706596195e-01 3.190565201820846353e-01 1.801906164948030575e-01 1.311774887306961790e-01 1.187769470595235533e-31 1.070138488917581945e-31 3.629225641582483133e-03 4.959448234056837261e-03
6.852155759458881598e-03 9.550647561576010303e-03 8.454772008091121505e-02 4.188949782335609218e-01 6.688155487874858363e-02 4.118049590745872512e-01 4.892778693997415791e-32 4.551678590561479249e-32 9.088108978714529900e-04 5.591735132883324591e-04
9.339749722048011280e-03 7.063053598974188517e-03 3.927644136196600244e-01 1.106782846948129451e-01 3.848478266908028078e-01 9.383868726254471215e-02 5.929898062384283615e-32 5.468365670417005111e-32 5.864990619389169775e-04 8.814853492194431794e-04
1.176953772893175598e-01 1.035245773535528463e-01 1.886634826185990266e-01 1.615696595922208600e-01 2.054313798971270089e-01 2.026801903831022544e-01 4.956726571521039434e-32 4.313664709295772455e-32 8.836637651178492689e-03 1.159869521490221669e-02
9.633823974006974766e-02 1.248817149028106088e-01 1.478297606176233459e-01 2.024033815932183289e-01 2.012849990900004438e-01 2.068265711901865200e-01 1.227641191330511542e-31 1.072515075394377620e-31 1.299939794521048214e-02 7.435934920880084807e-03
1.245367629429804460e-02 1.067164049529215411e-02 3.679357026594551328e-02 3.140593584456852910e-02 3.809544850361666901e-01 5.259814110693705747e-01 1.199381041738807189e-31 1.064508671434651082e-31 7.901718736610418344e-04 9.491091206971541579e-04
1.616226982287093453e-02 6.963046966711222870e-03 4.800577271465791135e-02 2.019373339574698570e-02 7.913904471350922953e-02 8.277968513921444282e-01 1.127376178344605284e-31 9.972616156096299338e-32 4.594076734457483869e-04 1.279873320913468924e-03
4.008781786033480121e-02 5.423589264851127328e-02 1.387085758595797136e-01 2.024802980860615498e-01 3.263507664685248999e-01 2.331757631794210139e-01 6.600935067488253059e-32 5.730100324803474087e-32 2.554890768284465759e-03 2.405995129281232169e-03
4.231639243573147302e-02 5.200731807300463388e-02 1.487537615768094457e-01 1.924351123688096132e-01 3.116740386092107795e-01 2.478524910388829050e-01 1.924618901546659950e-31 1.568474811947055785e-31 2.531437044682072375e-03 2.429448852868140978e-03
4.928338287498423148e-02 4.214033056662721405e-02 1.055915991208404014e-01 1.557807834140450265e-01 4.064461027957619876e-01 2.370258390871644028e-01 1.384943234285587052e-31 1.294291317300435118e-31 1.634262851323203597e-03 2.097699289253537533e-03
4.052778533109326065e-02 5.089592811047598947e-02 1.671110000378778493e-01 9.426138249692311843e-02 1.987791866392183138e-01 4.446927552438377229e-01 7.687818946285504486e-32 7.259093283703690336e-32 2.202320141469747607e-03 1.529641999105254245e-03
1.247051268279134872e-01 1.233335005976210763e-01 2.570374290105583159e-01 1.942907014043654956e-01 1.624334072076300539e-01 1.181011911817393123e-01 1.847529832453407855e-31 1.634078262514010728e-31 8.451251195486559134e-03 1.164739257468479228e-02
1.265059451341965513e-01 1.215326822913474908e-01 3.394180756000166888e-01 1.119100548149481733e-01 2.206375042224782701e-01 5.989709416684085158e-02 1.867530625576867408e-31 1.626387640539038318e-31 4.255013344445239022e-03 1.584363042572616703e-02
1.423943783728227191e-02 1.379240755228293425e-02 1.016911920828563465e-01 9.631177243750276007e-02 3.696536864315930204e-01 4.032230017001710576e-01 5.946137437076202036e-32 5.506707769553844933e-32 5.584011824436869303e-04 5.301007758679672412e-04
1.479047158812525804e-02 1.324137380143418190e-02 1.083221562120866704e-01 8.968080830824987082e-02 3.282743295371614578e-01 4.446023585946305423e-01 4.648194185797532418e-32 4.251536045930365739e-32 5.932857969966215134e-04 4.952161613150864346e-04
1.219489276978222014e-01 6.563625723734774209e-02 2.181111641647523469e-01 2.392165299137427315e-01 2.031221920501052325e-01 1.450688355756410697e-01 2.763762162827248448e-31 2.384460966599576725e-31 3.279528548814351040e-03 3.616564811775690134e-03
2.912349896131352991e-02 1.584616859738681716e-01 2.529011076760777632e-01 2.044265864024212287e-01 1.074274281493557970e-01 2.407635994763728249e-01 1.303025508114056924e-31 1.153572465495121375e-31 3.835096866802399466e-03 3.060996493787624360e-03
1.025736357018712935e-01 2.123544523264370709e-01 3.132648749569998947e-01 1.486996315556813886e-01 9.993455840850407057e-02 1.107957440503627572e-01 8.967970102770583570e-32 8.396101272094395052e-32 6.575109716638331998e-03 5.801993283506022558e-03
1.933659490121273639e-01 1.215621390161881199e-01 1.771640551756301363e-01 2.848004513370492319e-01 1.089171129206214783e-01 1.018131895382386881e-01 3.466955896622008762e-32 3.009258945100614919e-32 5.935717229130332839e-03 6.441385771014567288e-03
3.663057047471700994e-02 3.703886125431401360e-02 1.878955572558763942e-01 1.919089984352632672e-01 2.612687699753337145e-01 2.829347437838742874e-01 1.093057437490581821e-31 9.412272547126873418e-32 1.149634389247230007e-03 1.172864431373732549e-03
3.373109328577038324e-02 3.993833844325431898e-02 1.593941025805652445e-01 2.204104531105759157e-01 1.074078454228022395e-01 4.367956683364111470e-01 1.672661095707061491e-31 1.354740588514740655e-31 9.846662326985851539e-04 1.337832587922138878e-03
3.365589692105549341e-02 2.567883643161099350e-02 1.940532511101566993e-01 2.472021006092572915e-01 1.897112887846335305e-01 3.075501702411055360e-01 2.750570918410553143e-31 2.364337297335826746e-31 1.039331619218720462e-03 1.109124282962060427e-03
3.115692375122368352e-02 2.817780960148890193e-02 2.107031873962603996e-01 2.305521643231847051e-01 2.266266667621232578e-01 2.706347922635360392e-01 2.085311885714635277e-31 1.806828753066332346e-31 1.061195562002890643e-03 1.087260340179382325e-03
7.793888906220058921e-02 8.304694734145903756e-02 2.145839057601060529e-01 2.549494256538019643e-01 2.209500348075775777e-01 1.395202748851168406e-01 1.023797390073078362e-31 9.241852306585619036e-32 4.708091658384037578e-03 4.302430831353318968e-03
8.341501988402078016e-02 7.757081651961339475e-02 2.578580533018159926e-01 2.116752781120682103e-01 1.336526717498232597e-01 2.268176379429213962e-01 2.277098650120279688e-31 1.821601443907294184e-31 4.273200034862095417e-03 4.737322454874685201e-03
5.232768289470446366e-02 1.060796601117330040e-01 1.859650274308011497e-01 5.239571899198004479e-01 5.464688553989358044e-02 7.237642360442687883e-02 1.391378912778432213e-31 1.137531868862215298e-31 1.301594221755084883e-03 3.345536276885982107e-03
1.134444933880042333e-01 4.496284961849125045e-02 5.702672245322820688e-01 1.396549928184717126e-01 7.480563828018634009e-02 5.221767086392210128e-02 1.159257872497469469e-31 9.492905252144919732e-32 3.625587230204207687e-03 1.021543268438478667e-03
2.090848859338606536e-02 1.952115105156308067e-02 9.031371414622378635e-02 8.567035834323266652e-02 3.530144186155246833e-01 4.281265555531394984e-01 4.347756378982090683e-32 3.979170031529555259e-32 1.283543651698893905e-03 1.161770045231996871e-03
1.783143585320298360e-02 2.259820379171646049e-02 8.001495824419697922e-02 9.596911424513654421e-02 5.196097855143630984e-01 2.615311886544539610e-01 1.973028667661705381e-31 1.794375795255981347e-31 1.013455228245331401e-03 1.431858468684809324e-03
5.816458020430850112e-02 1.639479553973716697e-01 3.564202456817419096e-01 1.252527463089628257e-01 1.116148687754167368e-01 1.778714394585345637e-01 2.704340864988455785e-32 2.533854579050640999e-32 4.946034395514308998e-03 1.782129778150996898e-03
1.417523024202000104e-01 8.036023318146090499e-02 1.737567157305834054e-01 3.079162762601198033e-01 1.639693698029484892e-01 1.255169384310252378e-01 1.255876971601458538e-31 1.216814211449682657e-31 2.445985783989998701e-03 4.282178389674845542e-03
4.764165361412284324e-04 8.788170070925754949e-04 1.670417924579842804e-03 5.100083001403745223e-03 8.467190284794238186e-01 1.443244209218003671e-01 1.273184568021957317e-31 9.848743251309989821e-32 3.413233694299007176e-04 4.894927601291128739e-04
8.857142758736170386e-04 4.695192673599412085e-04 5.158868523714228715e-03 1.611632402267213892e-03 1.322851596676342112e-01 8.587582897335928056e-01 1.142291432715485266e-31 9.011949938023923176e-32 4.920324294052644872e-04 3.387837001534923652e-04
9.759321278867198702e-04 3.077627592112672575e-03 7.046296190350890068e-03 1.283972216110793735e-02 7.751366415737261928e-01 1.957231852606968192e-01 5.475407455130136604e-33 6.414494403733519105e-33 1.059150312251223598e-03 4.141444781867317619e-03
3.052245228958668302e-03 1.001314491040737479e-03 1.276975444009468760e-02 7.116263911364130272e-03 2.027208131353313847e-01 7.681390136990932094e-01 1.402007567673168473e-32 1.281201150005678167e-32 4.104219637260464980e-03 1.096375456858087512e-03
5.353774734036361100e-05 1.164193322120860800e-03 3.292850952166997752e-04 4.034350647819695372e-03 9.689939074442281974e-01 2.441773772831097936e-02 4.292712151497640110e-32 3.883126803608763395e-32 4.575051482212947397e-05 9.612375001415429665e-04
1.164194540228251579e-03 5.353652923298081413e-05 4.034354711336479715e-03 3.292810316998334664e-04 2.441670176790096403e-02 9.689949434046382093e-01 4.576163902451141497e-32 4.215460516207024278e-32 9.612385041985077073e-04 4.574951076518100294e-05
3.368425125987486155e-04 3.032341074362244690e-03 8.380109709787638556e-03 1.210808234595792642e-02 9.571367651973112789e-01 1.141086881511070919e-02 8.387203518159013243e-32 5.905745497302691547e-32 1.158329899940598457e-04 7.479157354877937966e-03
3.041012702730509689e-03 3.281708842305053548e-04 1.212007552366774210e-02 8.368116532077833278e-03 8.368395104315043409e-03 9.601792389081074131e-01 2.236277372889817496e-32 2.214879643471578446e-32 7.502845741639792287e-03 9.214460323218770271e-05
3.457292954173206206e-04 1.924689314260377530e-03 1.242764341114243470e-02 8.049329770957210431e-03 9.534563895330692151e-01 1.344846507527817404e-02 8.619479507900119497e-33 8.303951528321115529e-33 1.513100992915041227e-04 1.019644350058380132e-02
1.922669035266152959e-03 3.477495744115737604e-04 8.054931822289721974e-03 1.242204135980999082e-02 1.465120500633724197e-02 9.522536496020107544e-01 1.341875350501646226e-32 1.247560483605628007e-32 1.018359075462260503e-02 1.641628452526915473e-04
3.367512946762301826e-04 6.544295214112033762e-04 1.681006338402865272e-02 2.830677967542734059e-03 9.645514773326607783e-01 1.765037135528633571e-03 1.118929336640726197e-32 1.114596140942146809e-32 3.450992855024373896e-05 1.301705343560293458e-02
6.543865957016426014e-04 3.367942203858011489e-04 2.832566907318305027e-03 1.680817444425314680e-02 1.895131953583027197e-03 9.644213825146056296e-01 8.265937113113213220e-33 8.024041024559742870e-33 1.301529919233055353e-02 3.626417182260160141e-05
3.141993290847163643e-05 1.120489676520981717e-03 3.740207715168039756e-04 3.810233956035279264e-03 9.829720266398260797e-01 1.011394018302320778e-02 1.809124387166141136e-32 1.745986162177391310e-32 2.144924118225281654e-05 1.556419598989320675e-03
1.119083974134216100e-03 3.282563529524112851e-05 3.805798709253987999e-03 3.784560182980768630e-04 1.136964390828103418e-02 9.817163229145697834e-01 1.390788898670390949e-32 8.597225885934029143e-33 1.554438356274390632e-03 2.343048389718782690e-05
2.757216579365956926e-05 9.198598972564043510e-04 5.820152084815889432e-04 3.032877835412635566e-03 9.887233098415699750e-01 4.292379993332876703e-03 7.648315870421628518e-33 9.076884784671701559e-33 1.358634980800224812e-05 2.408398708346045410e-03
9.202668061132888468e-04 2.716525693678340154e-05 3.033995499227483839e-03 5.808975446667597516e-04 3.843451189076076743e-03 9.891722386458312588e-01 2.327386949530254523e-33 2.664958863739547994e-33 2.409490811627187142e-03 1.249424652686750420e-05
4.745802891765047902e-05 5.409730879562678514e-04 9.096101503674250410e-04 1.790856159516198386e-03 9.544091478280610774e-01 3.884803849274112014e-02 2.960470834639126964e-32 1.694341178116571319e-32 1.375234956448330556e-04 3.316392756801027266e-03
5.398235808332067657e-04 4.860753604071748046e-05 1.788803540156090046e-03 9.116627697275621117e-04 4.098058540799408983e-02 9.522766009128099673e-01 2.920982354310500998e-32 1.942893686565900993e-32 3.308988458204516550e-03 1.449277942413442865e-04
2.773891035736979072e-05 1.738991811873117190e-04 1.170706909303271658e-03 5.624748685939987914e-04 9.934116821825116350e-01 2.636205262646326209e-04 7.177286836597848327e-33 5.365465661227881851e-33 2.236167414144933725e-06 4.387641254371800817e-03
1.738903132614561670e-04 2.774777828322797532e-05 5.625117716225086408e-04 1.170670006274798346e-03 3.238774163624777284e-04 9.933514252924132704e-01 5.819811808318000050e-33 3.844549224246137086e-33 4.387375180376827839e-03 2.502241409112726659e-06
