-9.958521070223844140e-02 -3.320721848462868542e-03 2.695327343285105800e-09 2.695327343285105800e-09 -3.318174144010083496e-03
-9.958521070223839977e-02 -7.573050169375527066e-04 2.695332642819476769e-09 2.695332642819476769e-09 -7.547573125001654989e-04
-3.127042531881008697e-02 3.510083432869628289e-02 -1.551109056670946922e-08 -1.551109056670946922e-08 3.508617280688056117e-02
-3.127042531880996901e-02 -2.542627773737115779e-02 -1.551109264667177559e-08 -1.551109264667177559e-08 -2.544093925916305135e-02
-2.645584656163355031e-02 -1.103384747496695644e-29 -8.642493393883282869e-30 -8.642493393883282869e-30 7.894547591315820549e-30
-2.645584656163341500e-02 1.926643252104043030e-29 -3.776989370780441264e-29 -3.776989370780441264e-29 -1.183138493391472718e-29
-2.302842127286164331e-02 2.437568380858134668e-27 1.058327659249563829e-27 1.058327659249563829e-27 8.978523431639234843e-27
-2.302842127286143514e-02 3.468531002901016025e-27 1.040519832536132638e-27 1.040519832536132638e-27 -6.700903752388473005e-29
-2.287527676686160194e-02 -1.561978844618846715e-02 1.289656199867910071e-08 1.289656199867910071e-08 -1.560759824810563183e-02
-2.287527676686146663e-02 1.181608166370394508e-02 1.289656376413131405e-08 1.289656376413131405e-08 1.182827186178702326e-02
-2.085384609460276539e-02 2.619429508559560001e-29 1.420145050293771271e-28 1.420145050293771271e-28 -1.029409803648431217e-27
-2.085384609460250172e-02 2.869121317471396268e-27 -2.082268675519687181e-27 -2.082268675519687181e-27 -7.559685332215834953e-28
-2.001731430067172496e-02 -4.156805624641414232e-01 8.592506932630837158e-07 8.592506932630837158e-07 -4.148683742128220220e-01
-2.001731430067142312e-02 4.335727138515813595e-01 8.592506900561068632e-07 8.592506900561068632e-07 4.343849021027746393e-01
-1.639978855232052460e-02 2.410696841034688509e-01 -1.856973040615011460e-07 -1.856973040615011460e-07 2.408941577241080767e-01
-1.639978855232038235e-02 -2.547307043772563118e-01 -1.856973162481120769e-07 -1.856973162481120769e-07 -2.549062307566661301e-01
-1.142944957899865929e-02 9.538205052364405194e-28 3.571211207039867220e-28 3.571211207039867220e-28 -5.177856399805918520e-27
-1.142944957899842337e-02 4.125466758304423145e-26 -2.970020709177614733e-27 -2.970020709177614733e-27 -1.709528718859753527e-27
-8.048824077775733332e-03 -9.778672690244487598e+00 -8.006289658220824319e-06 -8.006289658220824319e-06 -9.786240463441105319e+00
-8.048824077775481797e-03 1.017959690969682462e+01 -8.006290159102958008e-06 -8.006290159102958008e-06 1.017202913649770402e+01
5.559955208360461976e-01 -2.102721010380400061e-32 4.328223989095316252e-32 4.328223989095316252e-32 -4.836561592217990554e-32
5.559955208360465306e-01 6.970493855506103167e-31 -3.426532748619076308e-31 -3.426532748619076308e-31 -1.204573274519379706e-30
5.577554287567433322e-01 -5.681136383759638712e-32 -8.645767178268026265e-32 -8.645767178268026265e-32 6.983465915459020967e-32
5.577554287567436653e-01 -1.878677006335354721e-31 -1.848189459030498448e-32 -1.848189459030498448e-32 3.630406132636721786e-32
5.586560075689355198e-01 2.313724051680267067e-31 1.043248679824029432e-31 1.043248679824029432e-31 8.960422920717918667e-31
5.586560075689367411e-01 -7.212845227185571237e-32 -7.752477700536464952e-32 -7.752477700536464952e-32 -5.155445534725783977e-32
5.589980149983071467e-01 4.918325974164233702e-30 2.394663886893230210e-30 2.394663886893230210e-30 1.112323242866264110e-30
5.589980149983081459e-01 -5.294033368603308509e-31 7.287206417304601165e-32 7.287206417304601165e-32 6.727409270091409580e-31
5.615038707874877577e-01 5.062300814071921245e-30 3.164209333534810968e-30 3.164209333534810968e-30 2.466864673668798274e-30
5.615038707874882018e-01 -3.789586618063727184e-31 -4.762340108038580870e-31 -4.762340108038580870e-31 -6.177187377566543848e-31
5.616611814605648734e-01 -3.763400012569478077e-30 -3.120839270800286696e-30 -3.120839270800286696e-30 3.561367721968826989e-31
5.616611814605656505e-01 -1.020749790569733173e-31 -1.874235311812581477e-31 -1.874235311812581477e-31 8.296706875284966515e-31
5.621667545887231165e-01 8.295453023518514189e-32 1.102243570004116845e-31 1.102243570004116845e-31 -1.536337406813493886e-32
5.621667545887242268e-01 -7.172864237825388280e-33 -3.064865885709139944e-31 -3.064865885709139944e-31 -2.853456252656857940e-31
5.634700677721610207e-01 4.567047299523387726e-30 4.340474445549817485e-31 4.340474445549817485e-31 2.355269690580765423e-30
5.634700677721615758e-01 -2.104951050967697681e-31 -4.504864258313462779e-31 -4.504864258313462779e-31 -5.258537657444534866e-32
5.660779061915069965e-01 7.328282738705288673e-32 -1.932942170568424067e-32 -1.932942170568424067e-32 -2.262442776204024712e-31
5.660779061915073296e-01 4.594096468876839987e-31 2.335594192544566891e-30 2.335594192544566891e-30 4.703424603702256977e-31
5.693925417095100361e-01 8.897516171136854809e-31 9.412157363952157696e-32 9.412157363952157696e-32 5.291154328042692156e-32
5.693925417095101471e-01 -1.746565688315580366e-31 8.898806891443176421e-32 8.898806891443176421e-32 3.282229163313883850e-32
5.714731098849572533e-01 1.045000726969862416e-31 4.460479546507545090e-31 4.460479546507545090e-31 -7.025909843100590882e-32
5.714731098849585855e-01 -8.093906881696252656e-32 3.553149142218730597e-32 3.553149142218730597e-32 -5.026411299125164807e-32
5.725693830749406521e-01 8.625946153447153782e-31 -2.137981918503962390e-31 -2.137981918503962390e-31 -6.074319935497047608e-31
5.725693830749410962e-01 5.686158037990941307e-31 -1.548567964660987007e-31 -1.548567964660987007e-31 1.075080509887691618e-30
5.726146609063459403e-01 4.650546899590303818e-32 -2.640245871392979340e-31 -2.640245871392979340e-31 -7.493414944701565413e-32
5.726146609063467174e-01 -2.662822015951352462e-30 -1.855856220154734073e-31 -1.855856220154734073e-31 -1.440911333662984104e-31
5.733012203884891855e-01 7.512508522931783187e-31 -3.473201907971745415e-31 -3.473201907971745415e-31 -4.905793568570969744e-31
5.733012203884892966e-01 -5.887349020750440657e-31 -1.517093168224604029e-30 -1.517093168224604029e-30 -6.934760948705749938e-31
5.749925342032995434e-01 -8.819357822496422506e-31 -7.862558651395347837e-31 -7.862558651395347837e-31 -2.318226063821467475e-31
5.749925342033003206e-01 1.717480161653325630e-30 1.451650500681887018e-31 1.451650500681887018e-31 4.285890932419105777e-31
5.776842623567093327e-01 -3.724556100293210927e-30 -2.090674926280933427e-31 -2.090674926280933427e-31 -9.451045770300394959e-31
5.776842623567096657e-01 -7.337601415251527713e-31 3.663936766018853465e-31 3.663936766018853465e-31 1.243565398632163435e-30
5.813121740233477830e-01 1.743274344695251573e-29 -9.766890738199201780e-31 -9.766890738199201780e-31 3.442280273881278925e-30
5.813121740233484491e-01 -5.265204662328587421e-30 -3.431521648102858789e-30 -3.431521648102858789e-30 5.507689346496977403e-30
5.820199952824177680e-01 -3.524376945500520922e-30 -2.588424248860394251e-30 -2.588424248860394251e-30 -5.456960069851681616e-31
5.820199952824181011e-01 1.127362039750100760e-31 6.988678917952596390e-31 6.988678917952596390e-31 -3.897338840883141019e-31
5.843258282025564077e-01 8.526001910178117636e-31 1.161552284671020990e-30 1.161552284671020990e-30 -2.944341093685296050e-31
5.843258282025568517e-01 7.969593153150689744e-31 6.333892864566768903e-31 6.333892864566768903e-31 -1.015772965546478731e-30
5.847053547178853172e-01 -2.185032438413470393e-30 -2.671816276619789341e-30 -2.671816276619789341e-30 2.550041261916938993e-30
5.847053547178858723e-01 3.770012165700032735e-31 -2.962351004352058299e-31 -2.962351004352058299e-31 1.286820630211125038e-32
5.871908422448867126e-01 -2.293101370153116653e-30 7.916057815817297020e-31 7.916057815817297020e-31 -2.036244374032999427e-30
5.871908422448873788e-01 -1.232591461384800494e-30 -9.544446413114701499e-31 -9.544446413114701499e-31 1.850274313075887462e-32
5.891149311116861131e-01 2.451840066568508263e-30 1.921970190243117391e-31 1.921970190243117391e-31 -2.016353479327893940e-30
5.891149311116867793e-01 5.240554878622240926e-31 -1.590525120474380061e-31 -1.590525120474380061e-31 4.151137716347215898e-31
5.912377101175423366e-01 -2.022166148405524503e-30 2.457289065064857365e-30 2.457289065064857365e-30 4.134797063636533214e-30
5.912377101175425587e-01 1.170904835177433001e-30 -5.511221261834294943e-31 -5.511221261834294943e-31 -4.222041062213683646e-30
5.916507014324896563e-01 2.122157861408313764e-30 1.727684040220987010e-30 1.727684040220987010e-30 1.335792644624924174e-30
5.916507014324896563e-01 -4.117910893809347891e-31 4.974864002798630450e-32 4.974864002798630450e-32 1.123080288952954476e-30
5.925295945150779175e-01 -1.125258109776523670e-31 -1.597583299076102659e-32 -1.597583299076102659e-32 -4.451509591483342612e-33
5.925295945150780286e-01 -2.795799906246759186e-30 -7.415129836327078694e-31 -7.415129836327078694e-31 8.551396137386107891e-31
5.967833535511919418e-01 8.680395101052302092e-33 4.471680085517861716e-31 4.471680085517861716e-31 1.107458976228106868e-31
5.967833535511924969e-01 6.154942143104532536e-31 7.517120399275669893e-31 7.517120399275669893e-31 7.840670438108221148e-31
6.010345634255237490e-01 4.706459625438668828e-31 1.028929879702527510e-30 1.028929879702527510e-30 -1.365085266243350539e-30
6.010345634255249703e-01 -4.818538503243466889e-31 -1.702286916917791650e-32 -1.702286916917791650e-32 4.515169168598506979e-31
6.011494123016031255e-01 2.575197222232687328e-31 -4.464347136975271266e-31 -4.464347136975271266e-31 8.319512681739020027e-32
6.011494123016041247e-01 -1.961952927293282020e-32 -7.721882047919736060e-33 -7.721882047919736060e-33 8.619542512794459107e-32
6.011654147170431006e-01 8.646523662392591687e-32 3.644925987848207216e-32 3.644925987848207216e-32 -1.077261449817903750e-31
6.011654147170432116e-01 9.502895190019748332e-31 1.105524147874869749e-30 1.105524147874869749e-30 -3.839797057162607905e-31
6.025062397613393239e-01 1.422423420079857541e-30 8.526204399440599520e-31 8.526204399440599520e-31 -5.429894718277663614e-32
6.025062397613396570e-01 -7.142972844569497640e-31 -2.385257752072896658e-31 -2.385257752072896658e-31 -9.335856780162368732e-31
6.089564009849345316e-01 -8.240825885168177794e-32 3.528477508768216929e-32 3.528477508768216929e-32 -4.904274348932057820e-32
6.089564009849347537e-01 -2.573900363353394710e-31 -1.882617815993033438e-31 -1.882617815993033438e-31 -2.043367193370512901e-30
6.093952103434172596e-01 6.364312976203861059e-31 8.360303333942794092e-32 8.360303333942794092e-32 -2.142886696413801566e-30
6.093952103434177037e-01 4.751772189845326595e-31 -3.769497554253475707e-32 -3.769497554253475707e-32 -2.631200957200767230e-31
6.097876376278001942e-01 -8.614465574117413187e-31 -8.774936087990687157e-31 -8.774936087990687157e-31 -8.004286051805473980e-31
6.097876376278004162e-01 2.624454987132055260e-30 1.827634792769155278e-30 1.827634792769155278e-30 -5.366464831968819099e-31
6.099751851010334347e-01 -2.849397808055432093e-31 -8.436917490234610050e-31 -8.436917490234610050e-31 -1.384129522128291603e-32
6.099751851010337678e-01 3.023977375615775942e-30 2.608880278266859996e-30 2.608880278266859996e-30 -9.795907315153579129e-31
6.105564689604557893e-01 3.296463405872086368e-33 5.431459318128401290e-33 5.431459318128401290e-33 -1.469591132763480583e-31
6.105564689604561224e-01 4.369012505182791672e-31 1.605483703916739792e-31 1.605483703916739792e-31 -2.807461136681244372e-31
6.182805433844683618e-01 1.482802484267845463e-31 1.914197627171769948e-31 1.914197627171769948e-31 1.712374197626289463e-30
6.182805433844686949e-01 2.758525736583956343e-32 2.035821455512686189e-32 2.035821455512686189e-32 -1.336028571451884762e-32
6.185007589663324978e-01 -1.003711009771906357e-30 -8.686981123285874853e-31 -8.686981123285874853e-31 1.341819229084083330e-30
6.185007589663324978e-01 -4.784548344663128605e-31 -8.783973746911148929e-31 -8.783973746911148929e-31 -2.672074055739805616e-30
6.195336586403390466e-01 -1.474266541412109509e-31 -3.194198158720605872e-32 -3.194198158720605872e-32 1.394266287976976502e-31
6.195336586403391577e-01 4.503436180020534199e-32 2.636844095894054338e-31 2.636844095894054338e-31 -2.445241833650130272e-30
6.207416637718616848e-01 -1.302532728686914033e-32 6.749844037557654074e-33 6.749844037557654074e-33 2.702622806292889446e-32
6.207416637718622399e-01 9.161776625460644475e-31 4.739898527339967000e-31 4.739898527339967000e-31 -3.172920455248838092e-30
6.208878041192187336e-01 4.715465759429644853e-31 3.197456936534535000e-31 3.197456936534535000e-31 -2.383527787834722774e-31
6.208878041192190667e-01 -1.492897618403304177e-31 -5.247948472128076129e-32 -5.247948472128076129e-32 -1.363756985176269096e-30
6.213148426572555616e-01 2.605586370497834500e-31 2.874659820895374581e-31 2.874659820895374581e-31 -1.346363858723321861e-31
6.213148426572555616e-01 5.833459498288441006e-32 4.146177093037212151e-31 4.146177093037212151e-31 -7.212268291760989889e-31
6.216208370143606610e-01 -4.912555376554436559e-31 -2.189367566400311410e-31 -2.189367566400311410e-31 4.102616445367708559e-31
6.216208370143608830e-01 8.060562296697312569e-32 1.704760931942884463e-32 1.704760931942884463e-32 -1.128383987675219638e-30
6.238885606070380119e-01 -5.758874212250569869e-32 -1.525341833854672375e-31 -1.525341833854672375e-31 -7.204298362369571542e-31
6.238885606070383449e-01 1.914027092281526640e-31 1.495527719988342643e-31 1.495527719988342643e-31 -2.026486010717959302e-31
6.245400592962556674e-01 -7.809741381118482720e-32 -1.468334757941222603e-31 -1.468334757941222603e-31 -9.686918075250293367e-32
6.245400592962557784e-01 -7.831526688127882326e-31 -6.635707694929824125e-31 -6.635707694929824125e-31 -6.489850882776954347e-31
6.268928907139863504e-01 2.308709904609113167e-30 8.277371810817401960e-31 8.277371810817401960e-31 -1.285299949893346097e-31
6.268928907139865725e-01 -4.081632565360979690e-31 -3.932711836944320642e-31 -3.932711836944320642e-31 2.283890336375709953e-31
6.282885013269996488e-01 1.665651361380300051e-32 -7.000776341566111211e-32 -7.000776341566111211e-32 1.002675204425175754e-31
6.282885013269999819e-01 3.993431849004903542e-31 -9.731344559511640921e-31 -9.731344559511640921e-31 -8.342614494233180280e-31
6.289330570624241945e-01 -1.500064979428384359e-30 5.056807650513619939e-31 5.056807650513619939e-31 5.890065373129144391e-31
6.289330570624247496e-01 -1.882031121306561225e-31 -5.913628400867042248e-31 -5.913628400867042248e-31 4.327339967748488986e-31
6.302137595443274565e-01 6.178342457439438510e-31 6.546614512386511568e-31 6.546614512386511568e-31 -6.128539096491427200e-31
6.302137595443280116e-01 -8.781530481635104852e-31 -4.052820085624501129e-31 -4.052820085624501129e-31 -4.764388508683524888e-32
6.316951432176426406e-01 9.072038857605503858e-31 4.345327526996852622e-31 4.345327526996852622e-31 -2.635970002468156684e-30
6.316951432176427517e-01 2.706158813741496802e-31 1.898395859031804663e-31 1.898395859031804663e-31 -5.816050307080957434e-32
6.328625367310191097e-01 -5.758586662188486723e-31 -6.063055480053005981e-31 -6.063055480053005981e-31 1.927616079456772346e-31
6.328625367310194427e-01 -8.789318795575985497e-32 -4.425886502566968552e-31 -4.425886502566968552e-31 9.728376038941791688e-31
6.351589261955222776e-01 7.564210434163853881e-31 2.108375007504663970e-31 2.108375007504663970e-31 -6.310240923597622513e-30
6.351589261955223886e-01 -1.574473068588503447e-31 -6.763163477994416690e-33 -6.763163477994416690e-33 -1.644761238370850286e-32
6.382577404244693664e-01 -5.564076920962434139e-32 -8.176239361911564205e-32 -8.176239361911564205e-32 5.906959783342988189e-32
6.382577404244693664e-01 6.290851220461666314e-31 2.207901414384356573e-33 2.207901414384356573e-33 -1.397171570097370789e-30
6.385100197769842945e-01 1.057612964104005354e-31 6.836723320891601233e-32 6.836723320891601233e-32 -2.602340110013799775e-32
6.385100197769844055e-01 -1.688307840542635484e-31 -4.080786015404114446e-31 -4.080786015404114446e-31 6.233502532283871470e-31
6.411680833509497690e-01 -4.504426861317332296e-31 5.026562778867707630e-31 5.026562778867707630e-31 2.683839932315243275e-30
6.411680833509497690e-01 -1.702238428302981160e-31 1.033738786444447410e-31 1.033738786444447410e-31 1.106746497159563019e-30
6.421333918581654254e-01 -2.427090497335569301e-32 4.966966914060596973e-31 4.966966914060596973e-31 -7.646523307088954512e-31
6.421333918581655364e-01 1.330465093496916184e-31 -3.973570173502103326e-33 -3.973570173502103326e-33 -8.768117420783105122e-32
6.434063105138531080e-01 2.023598162909837276e-32 -9.338110060037247109e-32 -9.338110060037247109e-32 3.376414136742095588e-31
6.434063105138531080e-01 -5.872494573538399128e-31 1.167301297868810367e-30 1.167301297868810367e-30 -2.076452344827172752e-30
6.444688928962203356e-01 -1.004264777855553615e-30 2.437470221682847754e-30 2.437470221682847754e-30 -3.737740515456858171e-30
6.444688928962203356e-01 -1.238947070156640871e-31 1.249144244666359935e-31 1.249144244666359935e-31 -1.159145456165793803e-31
6.454428182242437639e-01 -1.046360111589552663e-30 1.993749766840887298e-31 1.993749766840887298e-31 3.116575683392204652e-32
6.454428182242437639e-01 -2.838791163403718226e-31 6.568147037078918700e-32 6.568147037078918700e-32 -3.028150853133460052e-32
6.486276351536546247e-01 2.990939995158668329e-03 1.508500482892843761e-07 1.508500482892843761e-07 3.133527759883434488e-03
6.486276351536547358e-01 4.782301666295636806e-03 1.508500455148632151e-07 1.508500455148632151e-07 4.924889431028815941e-03
6.486554464646002716e-01 -7.589334401504330328e-29 -1.800053547033314742e-30 -1.800053547033314742e-30 -5.984705531893167983e-29
6.486554464646002716e-01 -8.537025743098593374e-30 -5.644685944059024047e-30 -5.644685944059024047e-30 -2.017285703809269866e-29
6.514899852573968753e-01 -1.671991573596394124e-31 6.509075351878008284e-31 6.509075351878008284e-31 6.360737980551879163e-31
6.514899852573969863e-01 -6.518892880054004430e-32 3.773343925547824127e-32 3.773343925547824127e-32 3.209350427589856266e-31
6.515504381126102640e-01 -6.106688041630629756e-30 -1.319762587443046684e-30 -1.319762587443046684e-30 1.598672789843523459e-31
6.515504381126102640e-01 1.141353018781966654e-30 -9.511446024035035326e-31 -9.511446024035035326e-31 1.381491728523153009e-31
6.524646257479664868e-01 7.371703600077008745e-31 5.846324213295459523e-33 5.846324213295459523e-33 -6.396265146347715789e-33
6.524646257479664868e-01 1.259921419726862150e-32 -2.329330596347529721e-31 -2.329330596347529721e-31 2.915778759929888398e-32
6.538254172934374608e-01 5.088704005080932985e-31 -4.444545599606462631e-32 -4.444545599606462631e-32 -1.346213122958095838e-32
6.538254172934374608e-01 2.729198910492011632e-31 -4.527297238555201517e-31 -4.527297238555201517e-31 -2.508127733064106485e-31
6.558638358624883091e-01 7.558435831814004110e-31 2.323215980624276408e-31 2.323215980624276408e-31 8.095655670435413076e-32
6.558638358624883091e-01 2.344564284896325603e-30 2.024004474612659974e-31 2.024004474612659974e-31 7.984737734874142862e-32
6.593142250545893646e-01 1.924039603470016011e-31 -5.616935834868696723e-32 -5.616935834868696723e-32 -3.815359814420100238e-32
6.593142250545894756e-01 3.238857094129597185e-31 -1.998990773824073356e-31 -1.998990773824073356e-31 -8.252926072653186880e-31
6.619866325518599659e-01 8.612318177142287513e-32 8.830491495457364715e-32 8.830491495457364715e-32 -1.890700756578286426e-30
6.619866325518600769e-01 -9.637480103190837350e-32 2.644252153683869166e-31 2.644252153683869166e-31 -1.016692864066251063e-31
6.634700704264480109e-01 7.812113056808552170e-32 -5.063371869370496280e-33 -5.063371869370496280e-33 2.051627857099026948e-32
6.634700704264482329e-01 4.139614534854269335e-31 -4.617056486155004242e-32 -4.617056486155004242e-32 1.322177005309756583e-30
6.645882376588682083e-01 -4.321611551034012373e-32 -4.040304843078347737e-33 -4.040304843078347737e-33 -3.097964560410716315e-32
6.645882376588683194e-01 -4.305446167481846823e-32 -3.364114852493327682e-31 -3.364114852493327682e-31 3.634503600188008061e-30
6.679340428411145725e-01 8.631735158738032154e-32 -1.388200863293205852e-31 -1.388200863293205852e-31 2.640496257373193817e-32
6.679340428411149055e-01 -1.318088598094162712e-30 -1.427712896485521150e-30 -1.427712896485521150e-30 3.264976693781750177e-31
6.689357256963310849e-01 1.111041601747840322e-31 2.559949875692380299e-32 2.559949875692380299e-32 -2.798524843624767259e-32
6.689357256963314180e-01 8.478340415296752497e-32 2.042785843205620086e-31 2.042785843205620086e-31 5.871260600943286069e-32
6.690556674123296910e-01 -1.767740654943943767e-33 6.995529313157192267e-32 6.995529313157192267e-32 -3.584969533182476428e-32
6.690556674123299130e-01 -1.079695081676862742e-30 -6.277950389551159029e-31 -6.277950389551159029e-31 -2.165628860352774638e-31
6.698199364984291915e-01 -1.585472250332706405e-31 -3.223352169080645156e-31 -3.223352169080645156e-31 -3.061635867913237292e-31
6.698199364984295245e-01 -1.611671940543741404e-31 -4.365993469019980044e-31 -4.365993469019980044e-31 -3.748842840064877631e-31
6.704011154770186387e-01 2.128591554642526974e-31 1.240124360583033976e-32 1.240124360583033976e-32 4.555018727025893171e-32
6.704011154770188607e-01 2.500850175928498381e-33 -6.123521200396596316e-32 -6.123521200396596316e-32 -1.688260758299317203e-31
6.708532949077210539e-01 5.033935607730527700e-28 4.320768425199185984e-30 4.320768425199185984e-30 -2.211044416039332959e-29
6.708532949077210539e-01 7.927735081786461130e-29 -1.352527149815443593e-30 -1.352527149815443593e-30 -8.815963565175800621e-29
6.733846041897578738e-01 -1.679138259161117813e-31 2.795275294150542746e-33 2.795275294150542746e-33 2.193273277143682838e-31
6.733846041897579848e-01 -1.392224781038248893e-31 1.334465833451908971e-31 1.334465833451908971e-31 -1.560212563915897735e-31
6.743048091634537000e-01 -5.222986744040979216e-28 8.953190040956352672e-29 8.953190040956352672e-29 1.467718225376311918e-28
6.743048091634539221e-01 5.829180381536347169e-28 2.892223979444734603e-30 2.892223979444734603e-30 8.201824067891060900e-28
6.773410994999670143e-01 -4.911880300144446349e-31 -7.843358474526250861e-31 -7.843358474526250861e-31 -3.320465008627753428e-31
6.773410994999671253e-01 -5.656516489963445307e-32 3.797605510459513754e-31 3.797605510459513754e-31 7.593907396372188204e-31
6.829690429183338241e-01 1.212663276961166170e-31 -1.483518829479183902e-31 -1.483518829479183902e-31 -7.594225211044885553e-33
6.829690429183341571e-01 -7.260482016518168753e-31 5.106230877316074673e-32 5.106230877316074673e-32 2.241955139560613836e-31
6.833233111201426624e-01 -6.424545181430162087e-31 2.619742622061941516e-31 2.619742622061941516e-31 8.109119828256470728e-31
6.833233111201426624e-01 4.326133940064810242e-31 -4.184145473728975846e-31 -4.184145473728975846e-31 -1.119183448131861044e-30
6.843106270610441744e-01 -1.436745118613643132e-31 -1.170128484866971839e-31 -1.170128484866971839e-31 -5.373637082770542670e-32
6.843106270610442854e-01 -4.869501241322334440e-32 -3.424991347354622586e-31 -3.424991347354622586e-31 1.428226996957001807e-31
6.853042365035952876e-01 1.336161933389986894e-30 1.311304653526012164e-30 1.311304653526012164e-30 -7.073274831955993271e-31
6.853042365035955097e-01 3.396261653843248010e-31 6.030781007564366187e-32 6.030781007564366187e-32 4.369652651950324915e-30
6.864781037276193043e-01 6.013911217589748911e-33 1.884094062192397104e-32 1.884094062192397104e-32 -1.170937194287833278e-31
6.864781037276198594e-01 2.710587866499350301e-31 -6.881895000016633920e-31 -6.881895000016633920e-31 1.079859972918846858e-30
6.875262943113726877e-01 -1.098791903073499242e-31 -1.236034011186989768e-30 -1.236034011186989768e-30 -6.926091468316170898e-31
6.875262943113731318e-01 2.287861738150198756e-31 2.932258865839933605e-31 2.932258865839933605e-31 5.058043906402233138e-33
6.889510429872761632e-01 -6.071115189218792580e-31 -1.106971488399990728e-30 -1.106971488399990728e-30 -1.650180766427133996e-30
6.889510429872764963e-01 -1.952678146971667431e-31 -1.075035280391019172e-30 -1.075035280391019172e-30 -7.654667912696281523e-31
6.897542748972415039e-01 -4.095197634503247643e-30 -5.969094639380029671e-30 -5.969094639380029671e-30 -2.789440484259663408e-30
6.897542748972417259e-01 -4.778626175977100570e-30 2.967114141509613283e-30 2.967114141509613283e-30 -7.131079277201598110e-31
6.927047123353642366e-01 -4.951747859362520146e-29 -9.918083672356194520e-30 -9.918083672356194520e-30 -6.892675704172755096e-29
6.927047123353650138e-01 -1.983674947223334428e-29 -1.103928269426859742e-29 -1.103928269426859742e-29 -3.942425750500487049e-29
6.939578275912344774e-01 -1.117507958905069026e-28 -2.492693130093983332e-29 -2.492693130093983332e-29 -1.377326308404751040e-28
6.939578275912353655e-01 -2.857264189773022322e-30 -2.817293441319122383e-30 -2.817293441319122383e-30 -8.711954992438587511e-32
6.953628295457282560e-01 -3.598540313843005822e-02 -7.129700800987279502e-09 -7.129700800987279502e-09 -3.599214233429079424e-02
6.953628295457284780e-01 3.581705887645937614e-02 -7.129699293439165772e-09 -7.129699293439165772e-09 3.581031968059411597e-02
6.956951346302279182e-01 -5.317606336693388510e-28 -1.749683902327330301e-28 -1.749683902327330301e-28 -7.021052530679186098e-28
6.956951346302279182e-01 1.587759874271684041e-30 7.016144471578150384e-31 7.016144471578150384e-31 -7.373734090290319109e-30
6.960450059652565358e-01 -1.193933989110937902e-30 -1.228597305528969804e-29 -1.228597305528969804e-29 -2.796461004420592345e-30
6.960450059652568688e-01 -5.110390988280742755e-28 5.624164227559825748e-29 5.624164227559825748e-29 -4.559584022288268073e-28
6.975905020882802177e-01 -3.409378676157375097e-29 -1.788371628805095856e-29 -1.788371628805095856e-29 -5.435661637582522822e-29
6.975905020882803287e-01 7.946773559816279726e-31 3.057561529412161576e-30 3.057561529412161576e-30 -3.721633008142969486e-30
6.984797737571534215e-01 -2.472007101265041360e-29 -1.868632648735826519e-29 -1.868632648735826519e-29 1.440982287615753185e-29
6.984797737571537546e-01 4.611114478763695329e-30 -9.046115496610633426e-31 -9.046115496610633426e-31 -5.093718629812759229e-30
6.989642282471509871e-01 -8.838307044115210109e-30 -5.553706646557854035e-30 -5.553706646557854035e-30 4.068167347166917551e-31
6.989642282471513202e-01 6.128588886907515222e-30 9.001505807897373731e-30 9.001505807897373731e-30 2.968621100387757083e-30
7.027126702778964118e-01 -1.562551913650220873e-30 3.265460281496281479e-30 3.265460281496281479e-30 -9.982349298656178788e-30
7.027126702778969669e-01 -9.083598040117937853e-30 -7.385825456388375466e-30 -7.385825456388375466e-30 1.608875176493371462e-29
7.037838032800636245e-01 7.753193621188632856e-32 4.198721388973161253e-31 4.198721388973161253e-31 -1.069434974808413326e-30
7.037838032800637356e-01 1.078648495578335422e-30 2.383792802684156778e-31 2.383792802684156778e-31 -2.742313958529252601e-31
7.045909062927750988e-01 1.174633147224335412e-29 1.036936085293599427e-29 1.036936085293599427e-29 1.264833320572386268e-29
7.045909062927753208e-01 -1.456831533931752000e-32 -2.118735900006744822e-31 -2.118735900006744822e-31 1.722017995873850312e-30
7.051574771972902722e-01 1.252311738878733569e-29 2.910892157874834678e-30 2.910892157874834678e-30 -1.531730262906998126e-29
7.051574771972907163e-01 4.452724085158165128e-29 4.840274334443370959e-29 4.840274334443370959e-29 8.611324349695466935e-29
7.056379088583263348e-01 -1.899970411403658168e-04 1.576349831792683564e-10 1.576349831792683564e-10 -1.898480401235519172e-04
7.056379088583267789e-01 1.882465800226697727e-04 1.576349854117920977e-10 1.576349854117920977e-10 1.883955810403765941e-04
7.072867056819154286e-01 -1.463928641356946129e-29 -1.400804368343103486e-29 -1.400804368343103486e-29 2.635768408840495815e-29
7.072867056819158726e-01 -3.346239110126413458e-30 3.389392905130119901e-30 3.389392905130119901e-30 1.115761593074473564e-30
7.076147669440655541e-01 8.424719103240437613e-30 -2.558294016600207303e-30 -2.558294016600207303e-30 3.684188647270697160e-30
7.076147669440656651e-01 1.107109657661294714e-28 1.135440005772734442e-29 1.135440005772734442e-29 4.407659525575372383e-30
7.080964624219006076e-01 -1.249536242513580875e-28 -4.622121961576006059e-29 -4.622121961576006059e-29 -2.202908170810872966e-30
7.080964624219014958e-01 4.048730478603329711e-30 6.742738968229375003e-30 6.742738968229375003e-30 -4.790126080418735308e-29
7.101909410533646660e-01 1.271178750308189577e-31 8.940262950126930758e-30 8.940262950126930758e-30 -5.470055376538648867e-32
7.101909410533646660e-01 1.643488650192898675e-28 1.219055857880394170e-28 1.219055857880394170e-28 -1.291005376570997431e-28
7.110909534655240893e-01 1.569072557218278468e-28 -3.640317507085171791e-29 -3.640317507085171791e-29 4.352384103641512167e-29
7.110909534655242004e-01 1.609499723274089139e-28 8.500516719383949670e-29 8.500516719383949670e-29 -9.513695920328809444e-29
7.126819093753653522e-01 -2.633838977570544685e-28 -1.687492443325397142e-28 -1.687492443325397142e-28 1.026679200039982909e-28
7.126819093753662404e-01 1.102063414382398149e-28 1.844812072614915876e-29 1.844812072614915876e-29 4.667635781360666162e-30
7.129058996047334951e-01 -1.921281924773178306e-28 -1.122195221163285956e-28 -1.122195221163285956e-28 3.656950109462803977e-29
7.129058996047339392e-01 7.375202934041430710e-29 3.484460681784449193e-30 3.484460681784449193e-30 1.878174245264342199e-29
7.148476160803213242e-01 -2.704767332092733803e-03 3.912402642079327671e-10 3.912402642079327671e-10 -2.704397525083341702e-03
7.148476160803217683e-01 2.742464702589033840e-03 3.912356225061617984e-10 3.912356225061617984e-10 2.742834509602710275e-03
7.184604454367222726e-01 1.041943146603637416e-29 7.212641559377207543e-30 7.212641559377207543e-30 4.226246980237574057e-30
7.184604454367226056e-01 2.619727837203403407e-30 5.426904108833698798e-30 5.426904108833698798e-30 1.957275355558594326e-30
7.188930618471163214e-01 2.295148563388931088e-29 6.302803557903242032e-30 6.302803557903242032e-30 -1.508607411482486875e-30
7.188930618471172096e-01 1.865349030147072692e-30 2.522200746247641304e-31 2.522200746247641304e-31 9.419577564613237184e-31
7.217202930091162205e-01 -8.158565297818286970e-31 9.162839872886599597e-31 9.162839872886599597e-31 9.275550833670479838e-31
7.217202930091163315e-01 -1.292961142335722940e-30 -3.750054946985856226e-30 -3.750054946985856226e-30 5.751142372087658079e-30
7.226484664019996451e-01 -4.643927838910200638e-29 -2.117613556442852237e-29 -2.117613556442852237e-29 1.528180709789679679e-29
7.226484664020002002e-01 3.376309177897747863e-31 3.485676235523435546e-31 3.485676235523435546e-31 -2.911153083803533112e-31
7.254094554936856287e-01 -1.832008344431988338e-29 -3.558852130326627407e-30 -3.558852130326627407e-30 -1.186061362100109337e-31
7.254094554936856287e-01 1.903991242298524291e-30 4.160692278920344489e-31 4.160692278920344489e-31 -9.376907352443182240e-32
7.259141542082934162e-01 -6.026476176472467083e-31 2.038343455518975134e-31 2.038343455518975134e-31 4.866673448612415967e-31
7.259141542082941934e-01 -4.908711351405020677e-30 -3.723603821807994095e-31 -3.723603821807994095e-31 -4.958208785364728595e-31
7.274680076377606497e-01 -3.616828586757703526e-30 -3.657319141992855847e-31 -3.657319141992855847e-31 -1.114314838709179835e-30
7.274680076377606497e-01 -4.333901045192918437e-29 5.639068845590594676e-30 5.639068845590594676e-30 -1.530625314252439888e-29
7.278188518240766847e-01 -1.169041317093447772e-30 -3.770602956186270408e-33 -3.770602956186270408e-33 3.527397872011184775e-31
7.278188518240770177e-01 -8.565784333445543180e-31 -2.791661478839796572e-30 -2.791661478839796572e-30 -4.015211767363657841e-32
7.285063383190596431e-01 -1.784372171091556401e-28 -3.535291185802623988e-29 -3.535291185802623988e-29 -2.809948473960407784e-30
7.285063383190597541e-01 -1.962595660793954888e-29 4.953547194932244922e-31 4.953547194932244922e-31 2.463927669307790281e-30
7.289004188097252257e-01 -1.417951827535718934e-29 2.057282870334974996e-30 2.057282870334974996e-30 -8.287194898830552024e-30
7.289004188097258918e-01 -2.727570842765626303e-31 -6.428790440830862841e-32 -6.428790440830862841e-32 -1.972270080756640353e-32
7.303800777505600195e-01 3.594360281431235163e-30 9.789841875940742032e-31 9.789841875940742032e-31 4.122854009237591553e-31
7.303800777505602415e-01 -8.663834368648836126e-30 5.347021348269191102e-31 5.347021348269191102e-31 -5.458777135181311852e-30
7.329251195426714771e-01 -3.664672588039357240e-31 1.523880660272566333e-31 1.523880660272566333e-31 9.971460525223193995e-32
7.329251195426719212e-01 -8.807092930654727394e-30 1.126215544222847486e-30 1.126215544222847486e-30 -3.119185490169465051e-30
7.337383940054859055e-01 -2.722423576638191317e-30 -1.163932945326150183e-30 -1.163932945326150183e-30 -2.409007173146468351e-31
7.337383940054864606e-01 -5.418366947231322140e-31 -8.148852156046416855e-31 -8.148852156046416855e-31 1.251923191836501987e-30
7.342723060397453594e-01 -6.220137471862434436e-30 -2.829453170981329971e-30 -2.829453170981329971e-30 6.800458577757318014e-29
7.342723060397466917e-01 -9.940983576169152016e-29 7.132726440139116400e-31 7.132726440139116400e-31 -6.402200258425283526e-30
7.358402979518410270e-01 -3.165307440743706352e-32 -3.528765705937725152e-32 -3.528765705937725152e-32 -2.426451114737921737e-32
7.358402979518415821e-01 -3.367086918884282154e-29 -3.532674868894126241e-30 -3.532674868894126241e-30 -5.661420474445584372e-30
7.402702205193735230e-01 1.017241197015894229e-29 4.048113006552245749e-30 4.048113006552245749e-30 -4.069050398050512080e-30
7.402702205193736340e-01 -8.519341628163240076e-31 -9.006542084732952661e-31 -9.006542084732952661e-31 4.797906368953186291e-31
7.416585126413095530e-01 5.107973300982387287e-33 -7.268382761734666284e-32 -7.268382761734666284e-32 -1.096235791583437369e-31
7.416585126413097750e-01 1.005207923897637757e-29 2.395101500627525225e-30 2.395101500627525225e-30 8.857644750919753574e-31
7.423582117920117796e-01 1.111355411319019787e-30 1.109432888582400412e-30 1.109432888582400412e-30 3.420525819445078230e-31
7.423582117920122236e-01 1.282427255887844734e-30 -1.721380257663299552e-30 -1.721380257663299552e-30 2.328485331300043029e-30
