0.000000000000000000e+00 3.137334045158360353e-19 8.247101544493609172e-05 -8.247101544493609172e-05 1.196715048153189584e-19
0.000000000000000000e+00 2.296399146456121171e-19 8.247101544492760783e-05 -8.247101544492760783e-05 -8.085912487521557911e-20
0.000000000000000000e+00 -1.448097792414877394e-31 -1.332407722518081327e-29 1.332407722518081327e-29 -4.470132209006283178e-32
0.000000000000000000e+00 3.058736988192229719e-32 -4.252004399122050723e-28 4.252004399122050723e-28 4.494470960628278820e-31
0.000000000000000000e+00 -6.969652554377079463e-31 -4.431825001814031806e-28 4.431825001814031806e-28 -1.567987164692840307e-31
0.000000000000000000e+00 3.239695915101236638e-32 5.223670665382349680e-28 -5.223670665382349680e-28 -1.534061950403554494e-31
0.000000000000000000e+00 1.258271303875373294e-31 -5.100473588137228610e-28 5.100473588137228610e-28 6.095752010429274799e-31
0.000000000000000000e+00 3.690962820846904951e-31 5.514684698697848450e-28 -5.514684698697848450e-28 2.309138840887595735e-31
0.000000000000000000e+00 -2.075008777056005621e-19 2.779452321008371325e-03 -2.779452321008371325e-03 3.112513165584009828e-18
0.000000000000000000e+00 1.307255529545283565e-17 2.779452321005041523e-03 -2.779452321005041523e-03 8.715036863635227364e-18
0.000000000000000000e+00 -1.195845498340900315e-31 4.793792263725110850e-29 -4.793792263725110850e-29 9.661496080229202694e-31
0.000000000000000000e+00 3.672465583032702942e-30 1.509916824498793378e-27 -1.509916824498793378e-27 -7.811672946882819199e-30
0.000000000000000000e+00 4.161722148225154505e-18 3.255180057806705048e-03 -3.255180057806705048e-03 2.247329960041584095e-17
0.000000000000000000e+00 -3.953636040813897203e-18 3.255180057806237974e-03 -3.255180057806237974e-03 -1.227708033726421238e-17
0.000000000000000000e+00 -7.945813000440751124e-19 1.369934063027616932e-04 -1.369934063027616932e-04 1.302592295154222080e-20
0.000000000000000000e+00 -1.211410834493426034e-18 1.369934063027738091e-04 -1.369934063027738091e-04 -4.135730537114655289e-19
0.000000000000000000e+00 8.834511807267295686e-31 7.564028837806859877e-28 -7.564028837806859877e-28 3.742622742408776387e-31
0.000000000000000000e+00 4.197984320392923773e-31 9.475117842927874172e-29 -9.475117842927874172e-29 6.210749164534137855e-31
0.000000000000000000e+00 -5.629855160025309132e-31 -1.008379107648923832e-28 1.008379107648923832e-28 3.665046155184418676e-32
0.000000000000000000e+00 -2.331309999559356387e-31 2.184242290364226262e-28 -2.184242290364226262e-28 -4.581593737178902813e-31
0.000000000000000000e+00 3.730636581022682076e-31 1.002086582729999549e-28 -1.002086582729999549e-28 8.502357186517173361e-33
0.000000000000000000e+00 5.088917663957050064e-30 4.837754090306968931e-28 -4.837754090306968931e-28 5.615849743884763019e-31
0.000000000000000000e+00 -3.855486503210678290e-19 3.221772754922018478e-04 -3.221772754922018478e-04 -1.496451541076687486e-18
0.000000000000000000e+00 -2.613889154719104056e-19 3.221772754912793544e-04 -3.221772754912793544e-04 9.410000956988779224e-19
0.000000000000000000e+00 -1.782479933008513808e-19 2.117562148781882916e-05 -2.117562148781882916e-05 -3.924726458000399176e-20
0.000000000000000000e+00 5.968854821542277183e-20 2.117562148759216653e-05 -2.117562148759216653e-05 1.545361042837658372e-19
0.000000000000000000e+00 -2.878021014859206461e-30 -3.052610994951281088e-28 3.052610994951281088e-28 2.604855761025855515e-30
0.000000000000000000e+00 -9.431425329959342191e-31 1.174934680892025161e-28 -1.174934680892025161e-28 2.513476780901112314e-30
0.000000000000000000e+00 1.134174604632334628e-19 7.178783215132409441e-06 -7.178783215132409441e-06 -1.228347947255236374e-20
0.000000000000000000e+00 5.568510694223737868e-20 7.178783214981155615e-06 -7.178783214981155615e-06 -1.924411784033204571e-19
0.000000000000000000e+00 -2.111746655409290431e-31 2.611910426279115136e-29 -2.611910426279115136e-29 -3.762014524322588587e-31
0.000000000000000000e+00 -1.000426474737163243e-30 -4.792857988246041868e-28 4.792857988246041868e-28 -6.889086527425669359e-31
0.000000000000000000e+00 3.361753474112376138e-17 1.208275163555641400e-02 -1.208275163555641400e-02 7.563945316752850625e-18
0.000000000000000000e+00 2.362419726534439811e-17 1.208275163555608787e-02 -1.208275163555608787e-02 5.055762060676819408e-18
0.000000000000000000e+00 -8.677816045327494298e-19 7.551093800154951019e-04 -7.551093800154951019e-04 2.156305805202590764e-18
0.000000000000000000e+00 1.354265231316260874e-18 7.551093800148066335e-04 -7.551093800148066335e-04 -2.406121721658988710e-18
0.000000000000000000e+00 -1.612562202267675942e-31 2.328811049683875186e-28 -2.328811049683875186e-28 -5.307443023758313871e-33
0.000000000000000000e+00 2.983080780629593249e-31 2.454292471131753595e-27 -2.454292471131753595e-27 -2.736479670042978961e-31
0.000000000000000000e+00 -6.799029354495341290e-20 -1.431699315096297167e-05 1.431699315096297167e-05 -6.057317061277670496e-20
0.000000000000000000e+00 -1.096085944421673743e-19 -1.431699315088466347e-05 1.431699315088466347e-05 -8.570897610515346406e-20
0.000000000000000000e+00 1.424902485455446543e-18 6.366050284282171855e-04 -6.366050284282171855e-04 1.583224983839385582e-19
0.000000000000000000e+00 1.847095814479284175e-18 6.366050284270756291e-04 -6.366050284270756291e-04 5.277416612797957158e-20
0.000000000000000000e+00 -6.096667438838400749e-31 2.588084284045061694e-29 -2.588084284045061694e-29 5.862589829631070114e-31
0.000000000000000000e+00 -1.126764012437339826e-30 -8.947013938852853008e-28 8.947013938852853008e-28 -2.887187075174849367e-30
0.000000000000000000e+00 9.814866918857930157e-32 9.123544513705750522e-29 -9.123544513705750522e-29 -1.636880672107164224e-30
0.000000000000000000e+00 2.783069370408322004e-30 -2.137067211961857719e-27 2.137067211961857719e-27 2.191288773408369988e-30
0.000000000000000000e+00 -4.893837230263291437e-19 5.623818143451758548e-04 -5.623818143451758548e-04 -1.197006133348183855e-18
0.000000000000000000e+00 4.497039616998702035e-19 5.623818143443667147e-04 -5.623818143443667147e-04 1.124259904249675749e-19
0.000000000000000000e+00 -1.077358514575747243e-30 5.986366495560768453e-28 -5.986366495560768453e-28 1.280773982171836043e-31
0.000000000000000000e+00 -2.366873491321925201e-30 9.235636365378392393e-28 -9.235636365378392393e-28 2.180552658345350510e-31
0.000000000000000000e+00 -6.540573638853610710e-31 2.487332107732101290e-29 -2.487332107732101290e-29 -2.942299084154475297e-31
0.000000000000000000e+00 2.329623963640856211e-31 1.224688900672581315e-28 -1.224688900672581315e-28 6.972665199645235688e-31
0.000000000000000000e+00 -1.611445631679065860e-29 4.142747833272968297e-25 -4.142747833272968297e-25 4.804734936503542719e-30
0.000000000000000000e+00 5.273282501237958150e-29 2.849638025625402552e-25 -2.849638025625402552e-25 3.468795376550110146e-30
0.000000000000000000e+00 5.305263021952777909e-19 2.867422069661674545e-03 -2.867422069661674545e-03 3.607578854927891173e-18
0.000000000000000000e+00 -2.652631510976389917e-19 2.867422069661417806e-03 -2.867422069661417806e-03 7.957894532929173122e-19
0.000000000000000000e+00 3.539800144778762838e-29 5.641295362610364790e-26 -5.641295362610364790e-26 3.026135871884532345e-30
0.000000000000000000e+00 6.285920908270589814e-30 9.513058321877405772e-27 -9.513058321877405772e-27 2.109278595721207117e-30
0.000000000000000000e+00 -3.187811053641616454e-18 2.097833768451875820e-03 -2.097833768451875820e-03 1.062603684547205990e-19
0.000000000000000000e+00 -1.514210250479767835e-18 2.097833768451505022e-03 -2.097833768451505022e-03 7.969527634104045228e-20
0.000000000000000000e+00 -2.475184374448031706e-19 4.902224604276769521e-05 -4.902224604276769521e-05 4.277583734364889049e-19
0.000000000000000000e+00 1.976825104424938596e-19 4.902224604335567838e-05 -4.902224604335567838e-05 2.010049055759812545e-19
0.000000000000000000e+00 -1.194183558833445510e-30 4.644587998296817010e-28 -4.644587998296817010e-28 1.666698418834331548e-31
0.000000000000000000e+00 -2.002329743735031317e-31 1.138001225015111946e-28 -1.138001225015111946e-28 8.559930328564469035e-31
0.000000000000000000e+00 -2.397084858622470501e-19 4.705023820872554328e-05 -4.705023820872554328e-05 8.656139767247815224e-20
0.000000000000000000e+00 6.658569051729086597e-20 4.705023820842088925e-05 -4.705023820842088925e-05 1.881045757113467993e-19
0.000000000000000000e+00 1.553179908845413846e-30 -5.157177536535475834e-28 5.157177536535475834e-28 1.466536856023112291e-30
0.000000000000000000e+00 -1.618194195866652218e-30 4.103155835979785767e-29 -4.103155835979785767e-29 3.170865105537409811e-31
0.000000000000000000e+00 -2.107663561384230720e-18 1.271283920971124672e-03 -1.271283920971124672e-03 -3.895175695722757233e-18
0.000000000000000000e+00 1.067171423485687042e-18 1.271283920971958857e-03 -1.271283920971958857e-03 -2.134342846971375240e-18
0.000000000000000000e+00 -8.890430454771467778e-31 8.574365549258290002e-28 -8.574365549258290002e-28 4.153788970091606834e-31
0.000000000000000000e+00 5.150073737548598402e-31 3.350980207096258504e-27 -3.350980207096258504e-27 1.694945571560883229e-30
0.000000000000000000e+00 -1.660134594190910385e-31 9.317821316348834433e-28 -9.317821316348834433e-28 2.170556006496701373e-30
0.000000000000000000e+00 1.477237367564818724e-30 6.630092832484767414e-27 -6.630092832484767414e-27 4.454845301883929717e-30
0.000000000000000000e+00 -1.068284051761111879e-17 8.306741059292728144e-03 -8.306741059292728144e-03 -6.409704310566673891e-18
0.000000000000000000e+00 -8.546272414088894605e-19 8.306741059294669299e-03 -8.306741059294669299e-03 4.273136207044449229e-19
0.000000000000000000e+00 6.848980172150134973e-20 2.933667949182163645e-05 -2.933667949182163645e-05 2.271856837591265317e-19
0.000000000000000000e+00 2.981812099338535548e-19 2.933667949232192121e-05 -2.933667949232192121e-05 -2.889935536053596077e-19
0.000000000000000000e+00 -6.125901164024734533e-31 3.251589576930672365e-27 -3.251589576930672365e-27 3.019330436223561498e-30
0.000000000000000000e+00 -1.563641791588804073e-30 1.951917390685842653e-27 -1.951917390685842653e-27 6.961353295395816871e-30
0.000000000000000000e+00 -6.016982416499467328e-19 8.766491132490821653e-05 -8.766491132490821653e-05 -4.613019852649592966e-19
0.000000000000000000e+00 1.029572546823243124e-18 8.766491132519386314e-05 -8.766491132519386314e-05 -6.685536018332750102e-21
0.000000000000000000e+00 -1.126672878224090184e-31 -4.967981387218562404e-28 4.967981387218562404e-28 -1.209951831328138556e-30
0.000000000000000000e+00 4.298120993258864219e-31 9.478932077499162379e-29 -9.478932077499162379e-29 4.901047069420444818e-31
0.000000000000000000e+00 3.350615855693476717e-19 1.066062715573011841e-04 -1.066062715573011841e-04 -3.149578904351869722e-19
0.000000000000000000e+00 6.701231711386958008e-20 1.066062715568528123e-04 -1.066062715568528123e-04 -5.360985369109568814e-20
0.000000000000000000e+00 1.408262700978263716e-29 -2.702463800759303674e-28 2.702463800759303674e-28 -2.522883962558373251e-30
0.000000000000000000e+00 -2.445798250098324950e-30 -7.140559497350029322e-30 7.140559497350029322e-30 1.210382753375856982e-30
0.000000000000000000e+00 2.235268273062052200e-30 2.176096774482019887e-29 -2.176096774482019887e-29 4.211385449580976326e-30
0.000000000000000000e+00 -1.157226354384958340e-30 -2.831327617357498653e-29 2.831327617357498653e-29 -1.025284865098102410e-30
0.000000000000000000e+00 -1.156475627167955134e-18 2.283745136367930839e-04 -2.283745136367930839e-04 3.361847753395219769e-19
0.000000000000000000e+00 3.227373843259410439e-19 2.283745136368511700e-04 -2.283745136368511700e-04 -6.320273776383014918e-19
0.000000000000000000e+00 9.984997353013498972e-19 1.307652479984049328e-04 -1.307652479984049328e-04 -1.008585591213485208e-20
0.000000000000000000e+00 -9.144509360335597696e-19 1.307652480025736630e-04 -1.307652480025736630e-04 4.034342364853942037e-20
0.000000000000000000e+00 1.044009212552720408e-31 -3.657231007498230400e-29 3.657231007498230400e-29 -2.019884687334167675e-31
0.000000000000000000e+00 -3.389119106696868460e-31 4.915445846767611262e-28 -4.915445846767611262e-28 -2.875683927766204888e-31
0.000000000000000000e+00 2.457330196603860938e-19 1.842912190739737390e-05 -1.842912190739737390e-05 -1.420446442976846692e-19
0.000000000000000000e+00 -5.479466990711868346e-21 1.842912190738629470e-05 -1.842912190738629470e-05 -2.297161161490745868e-20
0.000000000000000000e+00 2.028478845954592429e-20 6.383339605118700075e-05 -6.383339605118700075e-05 -2.366558653613692141e-19
0.000000000000000000e+00 -2.637022499740970128e-19 6.383339605149156669e-05 -6.383339605149156669e-05 1.893246922890953616e-19
0.000000000000000000e+00 -1.941848499406265410e-31 6.825319462645577208e-30 -6.825319462645577208e-30 2.560360731339378857e-31
0.000000000000000000e+00 -1.774722632684466943e-31 7.958785747589085301e-29 -7.958785747589085301e-29 -2.050761394966036477e-31
0.000000000000000000e+00 -6.935686810138046583e-20 1.578795561179075402e-04 -1.578795561179075402e-04 3.653922807292240268e-19
0.000000000000000000e+00 1.062344223601632709e-18 1.578795561180411410e-04 -1.578795561180411410e-04 -1.826961403646120615e-19
0.000000000000000000e+00 -5.870963987882304427e-31 -6.886423582124759062e-29 6.886423582124759062e-29 -1.540446552121702282e-30
0.000000000000000000e+00 4.376000813098231997e-30 7.967547962325121341e-28 -7.967547962325121341e-28 -7.518568435254993092e-30
0.000000000000000000e+00 9.690001821906315840e-19 4.930001322170612498e-04 -4.930001322170612498e-04 2.981539022125021295e-19
0.000000000000000000e+00 -7.318323054306869840e-19 4.930001322168665271e-04 -4.930001322168665271e-04 -1.897343014079559641e-19
0.000000000000000000e+00 7.049002622354325267e-19 8.052501542735638436e-04 -8.052501542735638436e-04 -2.440039369276498911e-19
0.000000000000000000e+00 6.777887136879161984e-19 8.052501542731855654e-04 -8.052501542731855654e-04 1.626692912850999916e-19
0.000000000000000000e+00 1.459664789503633311e-30 1.001789860466287550e-29 -1.001789860466287550e-29 1.961625003912373122e-31
0.000000000000000000e+00 -2.821655530237868759e-30 7.009418155183034055e-29 -7.009418155183034055e-29 1.673626516680994096e-30
0.000000000000000000e+00 2.984778048898536557e-30 -9.518136640149494633e-28 9.518136640149494633e-28 4.244907138228474264e-30
0.000000000000000000e+00 -2.451747078135648808e-30 2.063477493406234518e-28 -2.063477493406234518e-28 9.017459996155518403e-31
0.000000000000000000e+00 -7.302330920838837692e-18 1.740505761425758212e-03 -1.740505761425758212e-03 6.103440769656346803e-18
0.000000000000000000e+00 -3.923640494779077337e-18 1.740505761426474870e-03 -1.740505761426474870e-03 2.179800274877266578e-19
0.000000000000000000e+00 -5.629779832687564520e-20 2.440525094156553569e-05 -2.440525094156553569e-05 -7.676972499119409556e-20
0.000000000000000000e+00 8.274070360162028667e-20 2.440525094160110091e-05 -2.440525094160110091e-05 -1.518334560936950280e-19
0.000000000000000000e+00 3.256519044127431809e-30 -3.697903028660024919e-28 3.697903028660024919e-28 -2.943179261648629377e-31
0.000000000000000000e+00 -4.265161769736608132e-31 -1.217217690153201988e-28 1.217217690153201988e-28 5.905849739008808436e-32
0.000000000000000000e+00 4.821043420251705694e-31 6.789614392212034792e-29 -6.789614392212034792e-29 -1.905656930602366038e-31
0.000000000000000000e+00 -7.635364492092263262e-30 -5.019205870687227302e-28 5.019205870687227302e-28 3.095438485788434359e-31
0.000000000000000000e+00 7.690190433964593215e-31 -9.045107767027740267e-29 9.045107767027740267e-29 -2.069673582300639996e-30
0.000000000000000000e+00 -2.975082694583216726e-30 -1.798903524436944531e-29 1.798903524436944531e-29 7.968777384667095237e-31
0.000000000000000000e+00 1.505759792231878458e-31 -1.741964115415957121e-29 1.741964115415957121e-29 -1.026056412205677453e-31
0.000000000000000000e+00 -7.749415081886253087e-32 9.093962420410199809e-30 -9.093962420410199809e-30 -2.942856364918995873e-32
0.000000000000000000e+00 1.477006995143552875e-19 1.388132344928443864e-04 -1.388132344928443864e-04 1.373959995482375761e-20
0.000000000000000000e+00 8.844867470917788674e-19 1.388132344930009723e-04 -1.388132344930009723e-04 -1.415178795346847112e-18
0.000000000000000000e+00 3.618276349158770130e-31 -1.488014927314888353e-30 1.488014927314888353e-30 -5.923161250383540321e-31
0.000000000000000000e+00 8.445097545321553367e-31 -8.479124602855467784e-29 8.479124602855467784e-29 5.038315781090579049e-31
0.000000000000000000e+00 -1.064653773458915868e-20 2.291207011472567196e-06 -2.291207011472567196e-06 -3.376780655213129531e-20
0.000000000000000000e+00 2.290618724714637841e-20 2.291207011470597421e-06 -2.291207011470597421e-06 -3.882222345643120508e-20
0.000000000000000000e+00 -1.494699449526421071e-31 -2.368971601742555762e-28 2.368971601742555762e-28 3.502256547761141788e-31
0.000000000000000000e+00 5.403625090969101370e-31 -8.504566346022659502e-29 8.504566346022659502e-29 -5.606609501222156862e-32
0.000000000000000000e+00 -1.204998742419191796e-20 9.475935562473058310e-05 -9.475935562473058310e-05 -2.220640539601082952e-19
0.000000000000000000e+00 -1.549284097396103909e-19 9.475935562470892617e-05 -9.475935562470892617e-05 6.885707099538243777e-21
0.000000000000000000e+00 5.573441991533019939e-33 -3.874141205171043805e-30 3.874141205171043805e-30 -2.143626233742756775e-31
0.000000000000000000e+00 -3.155766975085646694e-31 -2.260263684347274599e-28 2.260263684347274599e-28 7.510333691856974269e-31
0.000000000000000000e+00 1.390085237981983032e-19 4.738563464503915426e-06 -4.738563464503915426e-06 8.936262244169896768e-20
0.000000000000000000e+00 8.979432593175544146e-20 4.738563464497439859e-06 -4.738563464497439859e-06 -3.444993850651003573e-19
0.000000000000000000e+00 -6.948415035466809322e-30 -5.906614652433812969e-28 5.906614652433812969e-28 -9.817909956143566813e-31
0.000000000000000000e+00 -3.652376428294637432e-30 -1.179533817796452591e-28 1.179533817796452591e-28 -3.536959965167343419e-31
0.000000000000000000e+00 1.438631350369847880e-30 -1.624955620248781291e-28 1.624955620248781291e-28 4.894331512159998860e-30
0.000000000000000000e+00 2.442633116915036858e-30 1.044448101873380463e-29 -1.044448101873380463e-29 -1.194621617465591120e-30
0.000000000000000000e+00 1.586668559857023859e-30 4.799617264121985889e-30 -4.799617264121985889e-30 2.972744474408817726e-30
0.000000000000000000e+00 -3.183482169631297821e-30 -3.001290131712408175e-30 3.001290131712408175e-30 1.243392285964560649e-30
0.000000000000000000e+00 -3.011631132024196151e-30 -1.533663668968210977e-28 1.533663668968210977e-28 4.767640207602782577e-31
0.000000000000000000e+00 1.343667212754146709e-30 -6.494989317772215612e-29 6.494989317772215612e-29 -8.114226508858286259e-31
0.000000000000000000e+00 -1.735491738189889679e-21 -1.404131481478438923e-05 1.404131481478438923e-05 -9.371655386225408931e-20
0.000000000000000000e+00 2.004492957609322621e-19 -1.404131481481062015e-05 1.404131481481062015e-05 9.371655386225408931e-20
0.000000000000000000e+00 5.046372905228023433e-20 -9.189578827896925336e-06 9.189578827896925336e-06 1.923047911411626543e-19
0.000000000000000000e+00 -5.209159127977316725e-20 -9.189578827778083225e-06 9.189578827778083225e-06 1.017956512925567999e-19
0.000000000000000000e+00 5.260737559773659692e-32 4.393677634010813492e-29 -4.393677634010813492e-29 -1.731563402805539066e-31
0.000000000000000000e+00 9.239621359826615158e-31 -1.226922058676295081e-28 1.226922058676295081e-28 4.015861204703164166e-31
0.000000000000000000e+00 1.282408797680667637e-30 5.961695858024676141e-29 -5.961695858024676141e-29 3.567521987532413261e-30
0.000000000000000000e+00 -4.214743497504067557e-30 9.702503840152261352e-29 -9.702503840152261352e-29 -1.682693635357619343e-30
0.000000000000000000e+00 4.622875014276757860e-30 4.586987418319653312e-29 -4.586987418319653312e-29 4.513352282036803153e-30
0.000000000000000000e+00 2.177179632158452372e-29 1.684325227471585726e-28 -1.684325227471585726e-28 4.364714953074716730e-32
0.000000000000000000e+00 3.871151021310688219e-18 6.522478247260478758e-04 -6.522478247260478758e-04 1.621131835639134003e-18
0.000000000000000000e+00 5.086999898040039202e-18 6.522478247259892205e-04 -6.522478247259892205e-04 3.689472453523547015e-18
0.000000000000000000e+00 -3.788827035000505797e-31 5.930463650790264222e-29 -5.930463650790264222e-29 6.009846705141178701e-32
0.000000000000000000e+00 2.419956761373162804e-31 2.171867646363026114e-28 -2.171867646363026114e-28 4.490838966314017944e-31
0.000000000000000000e+00 1.399091885403904220e-20 8.948848891204246438e-05 -8.948848891204246438e-05 3.287865930699177189e-19
0.000000000000000000e+00 5.946140512966596019e-20 8.948848891220111026e-05 -8.948848891220111026e-05 -1.399091885403905424e-20
0.000000000000000000e+00 4.465685198068402558e-31 -6.811162844007059910e-29 6.811162844007059910e-29 2.586197269429839431e-30
0.000000000000000000e+00 1.008143441498527521e-30 -7.574683717863483771e-29 7.574683717863483771e-29 5.706100617048399744e-31
0.000000000000000000e+00 6.827787374118129759e-20 -3.414998035572766312e-05 3.414998035572766312e-05 1.111703841683336987e-19
0.000000000000000000e+00 1.925786182443574925e-19 -3.414998035569631612e-05 3.414998035569631612e-05 -2.100857653574810453e-20
0.000000000000000000e+00 -8.836752972494131684e-19 -1.074234050283572744e-03 1.074234050283572744e-03 9.818614413882374556e-20
0.000000000000000000e+00 -2.356467459331768834e-18 -1.074234050282843944e-03 1.074234050282843944e-03 -7.854891531105901571e-19
0.000000000000000000e+00 2.248774302819214200e-30 9.623614676210825309e-28 -9.623614676210825309e-28 1.662976682008582417e-29
0.000000000000000000e+00 -7.050287344156045750e-30 3.120638690614816507e-28 -3.120638690614816507e-28 1.206337334302623233e-29
0.000000000000000000e+00 5.626415474006500372e-19 -1.440308982454248984e-03 1.440308982454248984e-03 -5.176302236085983540e-18
0.000000000000000000e+00 5.120038081345917178e-18 -1.440308982453819423e-03 1.440308982453819423e-03 -1.626034071987879868e-17
0.000000000000000000e+00 -7.027731495930705985e-30 -3.292691629162468709e-26 3.292691629162468709e-26 7.575241156087404557e-31
0.000000000000000000e+00 4.239413284179224514e-30 -2.741504125641955549e-26 2.741504125641955549e-26 5.315309359858718613e-31
0.000000000000000000e+00 -3.554284085269071238e-18 -7.927155404009285844e-04 7.927155404009285844e-04 2.256688308107348346e-18
0.000000000000000000e+00 1.128344154053673788e-18 -7.927155404014707939e-04 7.927155404014707939e-04 2.905486196688211718e-18
0.000000000000000000e+00 3.740449132681617847e-19 -8.708437242805018629e-05 8.708437242805018629e-05 -3.069991269276423630e-19
0.000000000000000000e+00 9.315835575735354797e-19 -8.708437242785546358e-05 8.708437242785546358e-05 -2.399533405871228933e-19
0.000000000000000000e+00 4.803742477907175315e-19 -1.041451587732301047e-04 1.041451587732301047e-04 6.357894456053617531e-19
0.000000000000000000e+00 3.638128494297346541e-19 -1.041451587733266529e-04 1.041451587733266529e-04 7.064327173392909973e-20
0.000000000000000000e+00 6.193708739801255319e-33 -1.020341693298340832e-28 1.020341693298340832e-28 1.233345707883099636e-30
0.000000000000000000e+00 -3.226622735134486066e-31 -7.570153732676694475e-30 7.570153732676694475e-30 6.436495213460297965e-31
0.000000000000000000e+00 -3.212715199617555738e-31 -3.540022908680181582e-28 3.540022908680181582e-28 1.347112748420182290e-31
0.000000000000000000e+00 -9.577528627292536921e-31 -1.075470620972304174e-28 1.075470620972304174e-28 9.402404205601874540e-32
0.000000000000000000e+00 -1.238420256318314665e-19 8.403301320573498096e-05 -8.403301320573498096e-05 -4.122170281745250599e-19
0.000000000000000000e+00 1.211882679397208188e-19 8.403301320566631031e-05 -8.403301320566631031e-05 3.502960153586093387e-19
0.000000000000000000e+00 4.759439501717474422e-31 1.771017332611276456e-28 -1.771017332611276456e-28 -3.292858286474497588e-32
0.000000000000000000e+00 -4.255464812926714522e-31 -1.246749893505710089e-28 1.246749893505710089e-28 -3.543091026533570718e-32
0.000000000000000000e+00 -3.163039466429862031e-19 1.534088788867751037e-05 -1.534088788867751037e-05 -1.329008179172211450e-21
0.000000000000000000e+00 -2.392214722509981241e-19 1.534088788862882630e-05 -1.534088788862882630e-05 9.303057254205487821e-20
0.000000000000000000e+00 6.029967621036041978e-20 -3.605286172900151661e-05 3.605286172900151661e-05 -6.384671598744048058e-20
0.000000000000000000e+00 1.755784689654613607e-19 -3.605286172905702098e-05 3.605286172905702098e-05 -1.330139916405010885e-19
0.000000000000000000e+00 7.903405749255299106e-32 -2.547892317294904298e-28 2.547892317294904298e-28 -2.013384339217885862e-31
0.000000000000000000e+00 4.680805453271059057e-31 -2.835971369175377296e-29 2.835971369175377296e-29 -2.336678991462635609e-30
0.000000000000000000e+00 -5.684670551430592652e-20 1.638699049722452798e-04 -1.638699049722452798e-04 -1.350109255964766627e-19
0.000000000000000000e+00 -4.263502913572946535e-19 1.638699049720690156e-04 -1.638699049720690156e-04 4.405619677358713699e-19
0.000000000000000000e+00 7.840691430027967711e-31 -1.142079208957569398e-27 1.142079208957569398e-27 -5.467010101800574859e-32
0.000000000000000000e+00 -6.165417540853785676e-31 7.421962778346973820e-28 -7.421962778346973820e-28 -1.543337734015320463e-32
0.000000000000000000e+00 1.253534863253633316e-18 1.330431682457759116e-03 -1.330431682457759116e-03 6.153716601426929882e-18
0.000000000000000000e+00 4.900181738173295989e-18 1.330431682456948567e-03 -1.330431682456948567e-03 -3.817583447181523784e-18
0.000000000000000000e+00 -1.431303312127905886e-30 -1.019634415232620218e-28 1.019634415232620218e-28 -3.139099044705297997e-31
0.000000000000000000e+00 4.260704820094740312e-30 -5.787868969256820204e-28 5.787868969256820204e-28 -5.296566319715956437e-31
0.000000000000000000e+00 6.023367084490180759e-21 1.702383832687019641e-07 -1.702383832687019641e-07 7.989327174566840421e-21
0.000000000000000000e+00 -4.134093380905878743e-21 1.702383832711292164e-07 -1.702383832711292164e-07 3.931920180153317069e-21
0.000000000000000000e+00 2.299259422876666730e-30 1.826301816069433663e-28 -1.826301816069433663e-28 -1.190027690283364594e-30
0.000000000000000000e+00 -2.335585995695987076e-30 -2.415104199727429208e-28 2.415104199727429208e-28 3.492979023321092762e-31
0.000000000000000000e+00 1.720307888461173609e-20 -5.645235762634535771e-06 5.645235762634535771e-06 -2.234166088910616703e-20
0.000000000000000000e+00 -1.228791348900839307e-19 -5.645235762717760993e-06 5.645235762717760993e-06 -5.227948648050847081e-20
0.000000000000000000e+00 1.012347189855033035e-19 1.911540223233183916e-05 -1.911540223233183916e-05 -1.343823703347389524e-19
0.000000000000000000e+00 -4.479412344491298612e-20 1.911540223247870451e-05 -1.911540223247870451e-05 -2.060529678465998565e-20
0.000000000000000000e+00 3.388164815389187027e-18 -1.233199236560587723e-04 1.233199236560587723e-04 1.744330614702485062e-18
0.000000000000000000e+00 1.722795668841960360e-18 -1.233199236586030425e-04 1.233199236586030425e-04 -8.003821544828279174e-19
0.000000000000000000e+00 2.471450098291892425e-18 1.033002693569282614e-03 -1.033002693569282614e-03 -1.034560506261723154e-18
0.000000000000000000e+00 1.321938424667756507e-18 1.033002693569360893e-03 -1.033002693569360893e-03 -1.321938424667757278e-18
0.000000000000000000e+00 -8.392992264539443501e-31 3.964900198419066130e-27 -3.964900198419066130e-27 -6.395288177688775775e-30
0.000000000000000000e+00 -2.142944210207794374e-30 3.468172113467453628e-28 -3.468172113467453628e-28 -4.351809008278049771e-30
0.000000000000000000e+00 -1.096257264344303035e-19 6.551919312032095761e-05 -6.551919312032095761e-05 -1.725257334050051672e-19
0.000000000000000000e+00 1.824100202146669291e-19 6.551919312069282540e-05 -6.551919312069282540e-05 5.391429168906413883e-20
0.000000000000000000e+00 -2.728101436881507904e-30 -5.268299692506911278e-28 5.268299692506911278e-28 -3.571557041572243100e-30
0.000000000000000000e+00 -3.444327035302105989e-30 -1.595321721669734161e-29 1.595321721669734161e-29 6.738230578133125853e-31
0.000000000000000000e+00 -8.012085402960440830e-31 -1.368775268513139673e-27 1.368775268513139673e-27 -6.109348588999466392e-30
0.000000000000000000e+00 2.718651931266724939e-30 3.145767830010559847e-28 -3.145767830010559847e-28 5.424002823806592368e-30
0.000000000000000000e+00 1.048722938518362343e-31 8.220263478662046904e-27 -8.220263478662046904e-27 -4.845788831640127088e-32
0.000000000000000000e+00 1.018666979254696164e-30 6.370316955181141495e-28 -6.370316955181141495e-28 -2.840417036781252701e-31
0.000000000000000000e+00 -2.753810968079936737e-18 -8.792091415470905543e-05 8.792091415470905543e-05 2.894754049123399631e-18
0.000000000000000000e+00 1.254032028771310175e-17 -8.792091415827866911e-05 8.792091415827866911e-05 -2.529747608472385437e-19
0.000000000000000000e+00 -2.659377913985964171e-30 -9.369382761257332791e-27 9.369382761257332791e-27 3.838076743913834123e-30
0.000000000000000000e+00 1.029113924409367415e-30 -8.012136657307114033e-28 8.012136657307114033e-28 1.370360413149827518e-30
0.000000000000000000e+00 3.095928413233927995e-18 -4.995392788534604124e-04 4.995392788534604124e-04 1.244158147374383009e-18
0.000000000000000000e+00 -7.378147153034131866e-19 -4.995392788553508273e-04 4.995392788553508273e-04 -7.378147153034136681e-19
0.000000000000000000e+00 4.057362028424196213e-19 1.029785037984828466e-03 -1.029785037984828466e-03 5.796231469177426463e-19
0.000000000000000000e+00 1.536001339332017262e-18 1.029785037983877837e-03 -1.029785037983877837e-03 -2.332983166343914411e-18
0.000000000000000000e+00 7.320995415154378437e-31 2.588751486876796651e-30 -2.588751486876796651e-30 4.961522644148850637e-32
0.000000000000000000e+00 2.517226692907892923e-30 1.389821004497460418e-27 -1.389821004497460418e-27 -1.145935687382176638e-30
0.000000000000000000e+00 5.427290602943256903e-31 5.081308595650663246e-27 -5.081308595650663246e-27 3.504887235269579507e-31
0.000000000000000000e+00 -3.897592946634231269e-30 1.999711713975655402e-27 -1.999711713975655402e-27 -4.771302833147164493e-30
0.000000000000000000e+00 1.016324166654515390e-19 5.891020602108900783e-04 -5.891020602108900783e-04 7.549836666576402585e-19
0.000000000000000000e+00 7.477242083243937157e-19 5.891020602118602224e-04 -5.891020602118602224e-04 1.030843083321009463e-18
0.000000000000000000e+00 -1.624265855382032714e-30 4.223401031756035119e-28 -4.223401031756035119e-28 -3.525072886261334353e-30
0.000000000000000000e+00 -2.750069612760202791e-30 -3.092216608862744261e-28 3.092216608862744261e-28 -7.222912581918437597e-31
0.000000000000000000e+00 -5.826008024236472872e-18 3.707669038199598241e-03 -3.707669038199598241e-03 -6.758169308114312815e-18
0.000000000000000000e+00 9.088572517808906124e-18 3.707669038203108888e-03 -3.707669038203108888e-03 2.039102808482768664e-18
0.000000000000000000e+00 1.346825292175988243e-30 2.875420178662376353e-27 -2.875420178662376353e-27 1.255472672006082433e-30
0.000000000000000000e+00 -1.488395265210964801e-30 1.912197681015661478e-26 -1.912197681015661478e-26 1.950285806754204206e-30
0.000000000000000000e+00 0.000000000000000000e+00 -3.088294906431416687e-04 3.088294906431416687e-04 -5.289207865810696826e-20
0.000000000000000000e+00 8.754550950307360927e-20 -3.088294906486930549e-04 3.088294906486930549e-04 9.630006045338102798e-19
0.000000000000000000e+00 2.976005294700097547e-29 6.006652109316893124e-26 -6.006652109316893124e-26 1.729309519113628987e-29
0.000000000000000000e+00 6.844299411941839701e-31 8.732635303867494985e-27 -8.732635303867494985e-27 -3.389521435582049518e-30
0.000000000000000000e+00 -1.724879599883103358e-17 1.151765014261754289e-01 -1.151765014261754289e-01 -2.156099499853901539e-18
0.000000000000000000e+00 2.371709449839278095e-17 1.151765014261747766e-01 -1.151765014261747766e-01 -2.156099499853911476e-17
0.000000000000000000e+00 2.047284208423157838e-30 -2.505333471620479089e-29 2.505333471620479089e-29 7.449110892666505051e-31
0.000000000000000000e+00 -1.964125662239638136e-30 2.201662294560252369e-29 -2.201662294560252369e-29 7.222987743053117988e-31
0.000000000000000000e+00 -5.597078519095695700e-31 -8.670704572834119133e-27 8.670704572834119133e-27 -3.009262950368724286e-29
0.000000000000000000e+00 1.105978041403787447e-29 -1.401390460143560167e-27 1.401390460143560167e-27 -4.754484225282663748e-31
0.000000000000000000e+00 5.745501826061384043e-17 -9.576252651738992316e-02 9.576252651738992316e-02 5.583656704200586007e-17
0.000000000000000000e+00 -1.173377133491418855e-17 -9.576252651739032562e-02 9.576252651739032562e-02 3.803360363730864672e-17
0.000000000000000000e+00 6.932852401403131043e-30 -6.072848884055239715e-28 6.072848884055239715e-28 -6.735348920467813149e-30
0.000000000000000000e+00 -9.272548319634332182e-30 -5.493396353749563018e-28 5.493396353749563018e-28 -2.511849883584521050e-29
0.000000000000000000e+00 -4.293231976019018311e-17 -6.380306390829296070e+00 6.380306390829296070e+00 -6.088583529627085314e-16
0.000000000000000000e+00 2.341762896010424407e-16 -6.380306390829759700e+00 6.380306390829759700e+00 7.649758793634196307e-16
0.000000000000000000e+00 2.110977716134070005e-17 1.378882398194378966e+00 -1.378882398194378966e+00 -1.477684401293886382e-16
0.000000000000000000e+00 8.021715321309577508e-16 1.378882398194384518e+00 -1.378882398194384518e+00 -3.694211003234767108e-17
0.000000000000000000e+00 -6.888051751809717100e-31 1.346601461683697504e-27 -1.346601461683697504e-27 -5.668618442371851177e-29
0.000000000000000000e+00 1.171274949207895049e-28 1.547635982601983565e-27 -1.547635982601983565e-27 -3.182129849032469825e-30
0.000000000000000000e+00 -2.528391292556514838e-14 5.945014794788438195e+01 -5.945014794788438195e+01 -2.401971727929015448e-13
0.000000000000000000e+00 1.029416454826715767e-13 5.945014794788450274e+01 -5.945014794788450274e+01 1.805993780397992255e-14
0.000000000000000000e+00 -0.000000000000000000e+00 -1.932222925664549167e-27 1.932222925664549167e-27 -0.000000000000000000e+00
0.000000000000000000e+00 2.568114400326358907e-44 -3.065478327177022448e-28 3.065478327177022448e-28 -1.712076266884238691e-44
