-4.821696154851874416e-01 -1.923198459209200252e-28 1.801616664885777621e-28 1.801616664885777621e-28 2.357267591846805391e-28
-4.821696154851874416e-01 -8.268311994822091699e-27 1.204330134116562608e-28 1.204330134116562608e-28 3.018726317364297611e-28
-4.818314683098179341e-01 9.936707385997855992e-04 -1.791722607871179284e-10 -1.791722607871179284e-10 9.935013798077672008e-04
-4.818314683098177120e-01 -7.340976581717354984e-04 -1.791711823554059671e-10 -1.791711823554059671e-10 -7.342670169626647073e-04
-4.810619140771724700e-01 9.588443611454085496e-29 -3.807703697383423725e-29 -3.807703697383423725e-29 8.330100229287803419e-29
-4.810619140771720814e-01 -3.015585235203690017e-28 -2.597828144259230788e-28 -2.597828144259230788e-28 5.472980084309444076e-28
-4.807354170793166626e-01 1.682256112893831341e-08 -2.292661700591243669e-14 -2.292661700591243669e-14 1.680089044955168301e-08
-4.807354170793159964e-01 1.010652680280592681e-07 -2.291987517453016991e-14 -2.291987517453016991e-14 1.010435973433941269e-07
-4.806671363457308832e-01 -2.815033342458435656e-30 -2.078608121716850573e-29 -2.078608121716850573e-29 5.478192733175772513e-28
-4.806671363457308277e-01 1.114282931545385602e-28 -2.076301333809432482e-28 -2.076301333809432482e-28 -1.066616391316519837e-27
-4.800366462172747095e-01 9.034077750789030677e-07 7.602403584289384330e-13 7.602403584289384330e-13 9.041263917515664789e-07
-4.800366462172740434e-01 2.087391954635769325e-06 7.602825580003496475e-13 7.602825580003496475e-13 2.088110571430662343e-06
-4.788643965677096270e-01 1.423434835289125091e-05 -2.574362948902282087e-12 -2.574362948902282087e-12 1.423191503611012357e-05
-4.788643965677087944e-01 -1.427236905925074168e-05 -2.574261699975165347e-12 -2.574261699975165347e-12 -1.427480237581803894e-05
-4.781231496367878142e-01 7.380099943931368816e-06 1.660644514557214036e-11 1.660644514557214036e-11 7.395798097241815800e-06
-4.781231496367874256e-01 -3.395225433861131164e-05 1.660752457531187427e-11 1.660752457531187427e-11 -3.393655619084818084e-05
-4.777202524897080083e-01 2.342389268700750240e-04 -1.391193827371502218e-10 -1.391193827371502218e-10 2.341074296325897585e-04
-4.777202524897077862e-01 2.396603710545116260e-04 -1.391171971813819005e-10 -1.391171971813819005e-10 2.395288738142157018e-04
-4.774853691221025986e-01 3.564018724165699029e-28 2.054981166019597846e-27 2.054981166019597846e-27 8.699958212518026405e-28
-4.774853691221020435e-01 5.193971223394943283e-27 -1.312032915439268586e-27 -1.312032915439268586e-27 1.190649482259473302e-26
-4.774496879858626808e-01 5.692084197320718960e-05 -8.823542882064465569e-12 -8.823542882064465569e-12 5.691250163367052870e-05
-4.774496879858624587e-01 -4.102387780173525402e-05 -8.823493421093272371e-12 -8.823493421093272371e-12 -4.103221814039953875e-05
-4.766521632227499472e-01 3.937286309200221587e-29 -4.130538030529399394e-28 -4.130538030529399394e-28 -8.631433856991894117e-28
-4.766521632227498362e-01 -3.414546125748892690e-28 -4.084244561165758463e-28 -4.084244561165758463e-28 -4.639063897453447122e-28
-4.751292765053156675e-01 -1.043834795520700658e-27 1.057504661167768191e-28 1.057504661167768191e-28 2.891081102542661077e-31
-4.751292765053152789e-01 9.464521266364294792e-28 5.336155353250835007e-28 5.336155353250835007e-28 4.086941212170080166e-28
-4.749615734865405003e-01 5.448410088030767676e-27 3.149214671189054577e-27 3.149214671189054577e-27 7.422403248638664665e-28
-4.749615734865402783e-01 3.212249570072178807e-28 -4.754223999409577879e-28 -4.754223999409577879e-28 -8.001145550459381874e-28
-4.748883976721367528e-01 3.006069419792875219e-05 1.184055821595087146e-11 1.184055821595087146e-11 3.007188618944457096e-05
-4.748883976721365308e-01 -4.399624732127664845e-05 1.184065531037453304e-11 1.184065531037453304e-11 -4.398505532679930095e-05
-4.747456256692949017e-01 -4.177604613089848475e-28 1.511417580855826738e-27 1.511417580855826738e-27 1.106931099992076809e-27
-4.747456256692945131e-01 -4.191203984800250807e-27 -1.188877571314987142e-27 -1.188877571314987142e-27 3.556190144896487114e-27
-4.745237248605201352e-01 1.594746869119613377e-04 6.727047646062240736e-11 6.727047646062240736e-11 1.595382763316907410e-04
-4.745237248605196356e-01 -2.774058422623753954e-05 6.727424423991689769e-11 6.727424423991689769e-11 -2.767699481339339938e-05
-4.737601156957383930e-01 -7.372163765381966021e-05 -1.386849573956861805e-10 -1.386849573956861805e-10 -7.385272529636938816e-05
-4.737601156957382265e-01 6.397105197016454735e-04 -1.386836145827417478e-10 -1.386836145827417478e-10 6.395794320602010219e-04
-4.734584828578437543e-01 -4.834313941995296598e-28 5.881423981775100201e-29 5.881423981775100201e-29 -1.559897899431359266e-28
-4.734584828578436433e-01 -4.780742817909416447e-28 -1.463543763250236693e-28 -1.463543763250236693e-28 -6.733504888607590398e-28
-4.731391466070842822e-01 -2.030852699725678044e-27 5.931519961981563655e-28 5.931519961981563655e-28 5.286119795386959091e-27
-4.731391466070840601e-01 -1.202693490344946230e-27 9.407371078955781862e-28 9.407371078955781862e-28 1.918831291122982128e-28
-4.728473917471712751e-01 1.051780878176763367e-05 -7.933542227226179521e-11 -7.933542227226179521e-11 1.044281837478894527e-05
-4.728473917471710530e-01 -4.106170425235076667e-04 -7.933573400298031916e-11 -7.933573400298031916e-11 -4.106920329305299841e-04
-4.723737390948118953e-01 -1.340051954878421791e-28 -4.881860131995375896e-30 -4.881860131995375896e-30 6.422160826681718892e-29
-4.723737390948116732e-01 -2.244424421231558903e-27 8.523032924701851997e-28 8.523032924701851997e-28 -8.825660521126554162e-28
-4.713700604791942195e-01 -3.599483804694422317e-03 -4.993189872814425208e-10 -4.993189872814425208e-10 -3.599955776581953426e-03
-4.713700604791936644e-01 3.400393697477021270e-03 -4.993195586089200166e-10 -4.993195586089200166e-10 3.399921725596569133e-03
-4.708746467165298433e-01 -1.126110006173667595e-27 2.688173878747754155e-28 2.688173878747754155e-28 5.940145466522258291e-28
-4.708746467165296767e-01 5.164617803421131859e-28 -2.141155486693569967e-28 -2.141155486693569967e-28 1.139617677661594907e-27
-4.705442773792847810e-01 -8.801164587798465859e-06 4.159038144961980789e-11 4.159038144961980789e-11 -8.761851791165512835e-06
-4.705442773792845590e-01 -1.174022686628861938e-04 4.158961239697227127e-11 4.158961239697227127e-11 -1.173629558647293743e-04
-4.700846231346175186e-01 -3.733026985454168207e-27 -7.209423305411583276e-28 -7.209423305411583276e-28 1.102391990384319053e-27
-4.700846231346172410e-01 -4.667964978769207753e-27 2.108965768880100092e-27 2.108965768880100092e-27 -7.130709889444785015e-28
-4.696134471774276453e-01 -4.086913146906132055e-02 -5.531193056127679060e-09 -5.531193056127679060e-09 -4.087435971508871640e-02
-4.696134471774273678e-01 3.424028443100880781e-02 -5.531194721897246826e-09 -5.531194721897246826e-09 3.423505618497685310e-02
-4.691633457464501333e-01 -5.306441449912723679e-02 -9.774375759626953168e-09 -9.774375759626953168e-09 -5.307365352260103725e-02
-4.691633457464498558e-01 5.407480051679322552e-02 -9.774374472967572781e-09 -9.774374472967572781e-09 5.406556149331518540e-02
-4.688143078376552086e-01 -1.682879694142834172e-26 -9.131112844365884504e-28 -9.131112844365884504e-28 -1.612389994479651189e-26
-4.688143078376549311e-01 -4.263092935551859590e-26 1.166890670675679365e-26 1.166890670675679365e-26 -1.908137356039695394e-26
-4.681409349160555733e-01 -5.695969688770442400e-26 -5.373723381593652071e-28 -5.373723381593652071e-28 -4.000262131389933490e-27
-4.681409349160554623e-01 -4.259990252688087351e-26 -3.478274860940044308e-27 -3.478274860940044308e-27 -7.304656578715928351e-27
-4.680882454158577510e-01 1.182655759070359424e-03 -4.548735032959337012e-10 -4.548735032959337012e-10 1.182225801406520211e-03
-4.680882454158575290e-01 -2.498562608653624208e-03 -4.548738998439324261e-10 -4.548738998439324261e-10 -2.498992566331336655e-03
-4.674948729020765859e-01 -1.385623052470607262e-02 -2.568756054297673649e-09 -2.568756054297673649e-09 -1.385865858979196813e-02
-4.674948729020763638e-01 1.753910767437781917e-02 -2.568763972193017345e-09 -2.568763972193017345e-09 1.753667960929022190e-02
-4.665157636512464734e-01 1.521696252080822898e-27 -1.258384844833398508e-28 -1.258384844833398508e-28 -2.355151197922752136e-28
-4.665157636512459183e-01 -1.228903299880790624e-27 -4.644609608378701259e-28 -4.644609608378701259e-28 9.951915289234676966e-28
-4.655683478940851883e-01 1.833735247778253013e-04 -1.546269765617895092e-10 -1.546269765617895092e-10 1.832273646561313534e-04
-4.655683478940847442e-01 -1.040758953426705125e-03 -1.546293049333100038e-10 -1.546293049333100038e-10 -1.040905113548243896e-03
-4.646625140232930606e-01 2.340950412462428044e-05 -9.771123679160599505e-12 -9.771123679160599505e-12 2.340026748969772257e-05
-4.646625140232928941e-01 6.956360844893913527e-06 -9.770709425784964257e-12 -9.770709425784964257e-12 6.947124208793092709e-06
-4.645026921765798567e-01 1.427294337201097175e-27 -8.436429281249283721e-28 -8.436429281249283721e-28 -1.987951497309089112e-27
-4.645026921765795236e-01 -5.438395055153287157e-27 5.072659198702233862e-27 5.072659198702233862e-27 -5.098624055972111649e-27
-4.642190817778283352e-01 -7.602380023132005588e-03 4.184785442541452394e-09 4.184785442541452394e-09 -7.598424449164467229e-03
-4.642190817778282796e-01 -2.192119615761451909e-02 4.184787073254032946e-09 4.184787073254032946e-09 -2.191724058355562846e-02
-4.637967256777933978e-01 1.466477076058015954e-06 8.572976647337451832e-11 8.572976647337451832e-11 1.547504180900124895e-06
-4.637967256777928982e-01 -3.887928735804645859e-04 8.572167919599584066e-11 8.572167919599584066e-11 -3.887118464740597630e-04
-4.629350073510284380e-01 -6.440750007356498517e-04 1.632051467030905189e-10 1.632051467030905189e-10 -6.439207343690453661e-04
-4.629350073510282160e-01 6.049070677439600868e-04 1.631855218325860570e-10 1.631855218325860570e-10 6.050613341201401376e-04
-4.626108215534920909e-01 5.134520583792943463e-27 -2.617497732213330100e-27 -2.617497732213330100e-27 3.222265913787391596e-27
-4.626108215534919799e-01 -5.684692570952220723e-27 4.080145027684903314e-27 4.080145027684903314e-27 5.150906057246651568e-27
-4.622711184440818633e-01 -5.957969554144843319e-03 1.510732804272911135e-09 1.510732804272911135e-09 -5.956541563737896734e-03
-4.622711184440816967e-01 4.342358043906140164e-03 1.510713151203563320e-09 1.510713151203563320e-09 4.343786034293865145e-03
-4.620773680384355209e-01 -4.931692872798952179e-27 1.898289612758983087e-27 1.898289612758983087e-27 1.060068077154108568e-26
-4.620773680384354098e-01 -4.837299416780507937e-27 -2.045029539170645790e-27 -2.045029539170645790e-27 -5.064818839476879167e-27
-4.612547768260694681e-01 -3.699548591838209747e-05 9.089478835211845047e-11 9.089478835211845047e-11 -3.690957011915346070e-05
-4.612547768260694681e-01 -5.005406856135347516e-04 9.089371228960315048e-11 9.089371228960315048e-11 -5.004547698140192824e-04
-4.608445587331879145e-01 1.798311029564964879e-27 -1.150396413667754290e-27 -1.150396413667754290e-27 1.579516647553211594e-28
-4.608445587331877480e-01 -5.637673004786090792e-29 2.385940334002145162e-28 2.385940334002145162e-28 3.551746936366020731e-29
-4.601257540285343395e-01 -8.849803241632600514e-28 2.774194612782796037e-28 2.774194612782796037e-28 -1.576198436816680436e-28
-4.601257540285342285e-01 -8.151669151215757311e-28 6.534812809901166115e-28 6.534812809901166115e-28 9.916884166350188383e-29
-4.597351119965717992e-01 -1.152660559962971858e-05 5.848733418200462494e-12 5.848733418200462494e-12 -1.152107702301616296e-05
-4.597351119965716881e-01 -2.805887085710005369e-05 5.848758350740961642e-12 5.848758350740961642e-12 -2.805334228011470313e-05
-4.595767473134794168e-01 3.024211133810773236e-05 -3.947642787574452446e-10 -3.947642787574452446e-10 2.986896364640085439e-05
-4.595767473134790282e-01 5.094469629830837782e-04 -3.947685769011043765e-10 -3.947685769011043765e-10 5.090738152836441670e-04
-4.589043891173208434e-01 1.672375549724314142e-28 -2.231354287796029899e-27 -2.231354287796029899e-27 4.962546449608297166e-27
-4.589043891173206768e-01 -5.670729348018036567e-28 -1.342198862042118483e-28 -1.342198862042118483e-28 4.926788354436604603e-28
-4.579094353339611678e-01 2.043372146310292906e-05 -3.672392341018940631e-12 -3.672392341018940631e-12 2.043024998379057420e-05
-4.579094353339610568e-01 -7.195738783336297661e-06 -3.672584558781732569e-12 -3.672584558781732569e-12 -7.199210262492447797e-06
-4.572060025123931282e-01 -1.111296312507640735e-27 8.698228843027974517e-28 8.698228843027974517e-28 5.575593488168758058e-28
-4.572060025123930171e-01 -2.352266671163685876e-28 -1.044056701010254705e-28 -1.044056701010254705e-28 5.557108295149921103e-29
-4.561639326110169534e-01 -2.106743145689872891e-05 -2.887462046069082501e-12 -2.887462046069082501e-12 -2.107016120108693994e-05
-4.561639326110167314e-01 4.208471404989160472e-06 -2.887973326986209449e-12 -2.887973326986209449e-12 4.205741663716586766e-06
-4.556027713385975009e-01 1.059666145469201806e-28 2.367567345183590487e-28 2.367567345183590487e-28 -2.371663412496700215e-28
-4.556027713385973898e-01 -6.365406506799080464e-28 -7.555197823119212754e-29 -7.555197823119212754e-29 -3.379418181607116827e-29
-4.551772921651844328e-01 2.532082522285412842e-28 3.057643794018016090e-28 3.057643794018016090e-28 2.329202451783407049e-28
-4.551772921651842663e-01 3.427911182834721746e-28 6.292622717482627181e-28 6.292622717482627181e-28 4.188065869929858087e-28
-4.542798632806989700e-01 -2.617182126537371915e-29 8.414557293005345658e-29 8.414557293005345658e-29 -3.617454696718587871e-28
-4.542798632806988590e-01 -6.127049355837469706e-28 4.757239357893202485e-28 4.757239357893202485e-28 8.990729698325591835e-28
-4.537022115869964178e-01 3.560832453512380977e-06 7.568794678344251610e-13 7.568794678344251610e-13 3.561548009157881538e-06
-4.537022115869963623e-01 1.199291778273576745e-06 7.570275021364933478e-13 7.570275021364933478e-13 1.200007334035045433e-06
-4.532891106397535230e-01 -1.148054833193374866e-28 -4.153091534600328808e-28 -4.153091534600328808e-28 2.547061045867885619e-29
-4.532891106397534675e-01 1.302250089580752275e-30 2.048987823234722737e-29 2.048987823234722737e-29 1.607468289343622997e-28
-4.532166014783239327e-01 6.578903142001387829e-28 -2.258691634860573413e-27 -2.258691634860573413e-27 -2.295642156513337207e-28
-4.532166014783237107e-01 1.141131860099619799e-28 -2.401605903016013749e-28 -2.401605903016013749e-28 -3.310850878450159937e-29
-4.525570988199267841e-01 2.371094295262877183e-27 1.724674418195290249e-28 1.724674418195290249e-28 -1.236335600278475130e-27
-4.525570988199267286e-01 1.684478845886446621e-28 -7.363671965137567877e-29 -7.363671965137567877e-29 6.054975579162531349e-29
-4.520440364191638527e-01 -1.424266175451209306e-28 -1.757372196267123712e-28 -1.757372196267123712e-28 1.626741023400590471e-28
-4.520440364191637972e-01 8.577697797413900798e-30 6.488811247524653754e-29 6.488811247524653754e-29 -4.613527001915619161e-29
-4.518773290966155987e-01 8.462662947870734458e-05 -5.656400663250177034e-11 -5.656400663250177034e-11 8.457316356408388575e-05
-4.518773290966155987e-01 -2.926411667112405212e-04 -5.656379881475507841e-11 -5.656379881475507841e-11 -2.926946326268904078e-04
-4.512872018732045909e-01 8.428384280448007083e-29 4.016992617923261865e-28 4.016992617923261865e-28 4.734630967767003462e-28
-4.512872018732045354e-01 2.011370001683668200e-28 2.145681707451946272e-28 2.145681707451946272e-28 2.509038818605424162e-28
-4.505799396139592017e-01 -1.131154735314875603e-28 -1.389234072277784170e-28 -1.389234072277784170e-28 -1.337866308256265346e-28
-4.505799396139590907e-01 6.207137545051292917e-28 2.102777815501043573e-28 2.102777815501043573e-28 2.893989118247120757e-29
-4.501544494603187396e-01 -4.328046096272271353e-29 -4.560729100050391693e-29 -4.560729100050391693e-29 -3.305438356939692967e-28
-4.501544494603186841e-01 4.743234427588097153e-30 7.997442553322073830e-29 7.997442553322073830e-29 4.705329765512747425e-29
-4.498258181706917824e-01 -1.576397239534832919e-08 -7.863613919713012483e-15 -7.863613919713012483e-15 -1.577140290418305281e-08
-4.498258181706917824e-01 6.334382935822840131e-09 -7.864836773834581083e-15 -7.864836773834581083e-15 6.326952432697559459e-09
-4.496233433992323780e-01 3.550372914518724383e-05 -4.339052848714760009e-11 -4.339052848714760009e-11 3.546271497246426959e-05
-4.496233433992323225e-01 1.523116280262229580e-04 -4.339081231070257843e-11 -4.339081231070257843e-11 1.522706138528815887e-04
-4.485029131556308446e-01 3.678904173266524818e-29 2.400529293086594409e-29 2.400529293086594409e-29 4.001704762887733562e-28
-4.485029131556307336e-01 -1.079819090107096788e-28 1.146686638966042481e-28 1.146686638966042481e-28 -3.817029230979961801e-28
-4.479710479871804596e-01 7.593445525228916285e-05 1.227989192188411241e-11 1.227989192188411241e-11 7.594606245346391697e-05
-4.479710479871804041e-01 3.469465070409627456e-05 1.227890126290941445e-11 1.227890126290941445e-11 3.470625790553685472e-05
-4.479247404592481274e-01 -1.260474290050197818e-28 2.686252112619830152e-28 2.686252112619830152e-28 1.105300542114488938e-27
-4.479247404592480164e-01 5.768239793639856397e-28 -5.497223460035299311e-29 -5.497223460035299311e-29 -1.073313731236686492e-27
-4.477652112620649216e-01 6.409710862182810493e-06 -2.233686819462237574e-12 -2.233686819462237574e-12 6.407599536005905806e-06
-4.477652112620648661e-01 -1.118353467087109412e-05 -2.233225865414775464e-12 -2.233225865414775464e-12 -1.118564599637533013e-05
-4.472293183381932380e-01 -8.243217796527538599e-26 2.159378591752358703e-27 2.159378591752358703e-27 -8.277217391716004023e-26
-4.472293183381932380e-01 1.566719896985262439e-25 -1.020174055130588737e-26 -1.020174055130588737e-26 1.412765382577822849e-25
-4.471901139287067228e-01 -2.746694950038738696e-03 -7.277854850152827350e-09 -7.277854850152827350e-09 -2.753574187688279367e-03
-4.471901139287064453e-01 1.762296921243151557e-02 -7.277854560811954383e-09 -7.277854560811954383e-09 1.761608997477751709e-02
-4.470500471510082119e-01 -2.385694265906017416e-26 2.011316713628346654e-27 2.011316713628346654e-27 -2.953554587572631105e-26
-4.470500471510081564e-01 -1.673272234659708300e-27 6.759134270352552859e-28 6.759134270352552859e-28 -2.202575101503515895e-27
-4.449523006730630170e-01 3.637360629991601784e-26 2.982669325798225168e-26 2.982669325798225168e-26 1.041940522049209273e-25
-4.449523006730629615e-01 -1.745587715518482102e-24 -1.060996939540662146e-26 -1.060996939540662146e-26 -1.725938790424267334e-24
-4.449171377555701246e-01 3.845203874171040925e-01 -9.132681118671798126e-08 -9.132681118671798126e-08 3.844340626934104055e-01
-4.449171377555700690e-01 -6.161989529860887327e-01 -9.132682582231878399e-08 -9.132682582231878399e-08 -6.162852777097317380e-01
-4.447120491651086471e-01 -1.237310594162576445e-25 7.391841383210329342e-27 7.391841383210329342e-27 -1.342926738761830328e-25
-4.447120491651085361e-01 -2.827810819376348737e-25 -5.693941086674245543e-28 -5.693941086674245543e-28 -2.905872684869632227e-25
-4.445603051807032746e-01 5.548471877527696300e-02 -9.507763927591728359e-09 -9.507763927591728359e-09 5.547573176685623164e-02
-4.445603051807030526e-01 1.942699747934961696e-02 -9.507765446697437083e-09 -9.507765446697437083e-09 1.941801047092974949e-02
-4.434818137859763976e-01 8.518690286027854491e-05 4.441567988392126726e-11 4.441567988392126726e-11 8.522888758264215417e-05
-4.434818137859762865e-01 1.196005979320250530e-04 4.441679463699938615e-11 4.441679463699938615e-11 1.196425826527944242e-04
-4.434561678870758139e-01 1.998328953757112759e-27 -6.491083475649445465e-28 -6.491083475649445465e-28 -8.457576166068899200e-28
-4.434561678870755919e-01 2.845791053350547816e-26 5.998225917316773717e-27 5.998225917316773717e-27 3.922461046706332553e-27
-4.425227571002252613e-01 3.080755343044469680e-28 2.909162049558568356e-29 2.909162049558568356e-29 1.449080363702214092e-28
-4.425227571002249838e-01 1.395270137578920127e-28 3.583403706948241464e-27 3.583403706948241464e-27 2.706726561170767754e-27
-4.423490174606254377e-01 7.627505401146009907e-29 3.900630343190845746e-28 3.900630343190845746e-28 3.972478362466931274e-28
-4.423490174606254377e-01 3.329632679137085751e-28 5.319619855029698573e-28 5.319619855029698573e-28 3.539564068001868993e-28
-4.415231184640661666e-01 7.491507214115496064e-04 -1.397773629737818034e-10 -1.397773629737818034e-10 7.490186013527682036e-04
-4.415231184640660000e-01 4.774240004464394365e-04 -1.397760453157780268e-10 -1.397760453157780268e-10 4.772918803891176408e-04
-4.414849544840634410e-01 4.929970313932370680e-07 1.438395843601778800e-13 1.438395843601778800e-13 4.931325527195075996e-07
-4.414849544840632189e-01 -1.058521368107514465e-07 1.434851648921949082e-13 1.434851648921949082e-13 -1.057166149072335333e-07
-4.411672460160727116e-01 -1.168547798873494196e-27 5.868521188552362332e-28 5.868521188552362332e-28 1.821602012784163098e-27
-4.411672460160726006e-01 1.437379148416523859e-26 4.352238416623701634e-27 4.352238416623701634e-27 1.495304698682798300e-26
-4.409291305047757792e-01 -1.042243207367082175e-02 -2.603634707163635446e-09 -2.603634707163635446e-09 -1.042489310819368943e-02
-4.409291305047755016e-01 1.898618574847978427e-02 -2.603639628697758521e-09 -2.603639628697758521e-09 1.898372471397046304e-02
-4.403589137610965376e-01 7.211157247011821311e-04 -2.233869535187170611e-10 -2.233869535187170611e-10 7.209045737922786324e-04
-4.403589137610964266e-01 1.113232882256735735e-06 -2.233861618006657427e-10 -2.233861618006657427e-10 9.020819709206848321e-07
-4.396512267735011026e-01 -2.012844718762047622e-27 -6.187840852759455328e-28 -6.187840852759455328e-28 -6.200906813468760899e-27
-4.396512267735008805e-01 -6.106405426352941373e-28 9.528062980352738851e-28 9.528062980352738851e-28 -9.563031355356681846e-28
-4.394904238343408376e-01 -1.261026665224433858e-03 -3.019086954572214184e-10 -3.019086954572214184e-10 -1.261312037916989103e-03
-4.394904238343405600e-01 -7.004527687003656846e-04 -3.019072883955506661e-10 -3.019072883955506661e-10 -7.007381413890675665e-04
-4.392971601282675276e-01 2.949684648595243394e-29 8.271193276194477124e-28 8.271193276194477124e-28 5.006981230030145466e-28
-4.392971601282674721e-01 1.312395786054843315e-28 2.025690553336804495e-27 2.025690553336804495e-27 -3.256863660772647907e-27
-4.387598380458930247e-01 5.201330133387796137e-04 9.044081479918612392e-11 9.044081479918612392e-11 5.202184983064671872e-04
-4.387598380458929692e-01 -2.816448172209554601e-04 9.043770555737157697e-11 9.043770555737157697e-11 -2.815593322526981925e-04
-4.386435448050261532e-01 1.237471058621520654e-27 -5.539198055802344643e-28 -5.539198055802344643e-28 -1.546213579872762299e-28
-4.386435448050261532e-01 -4.316745202509267067e-28 -1.138632498325970750e-27 -1.138632498325970750e-27 -3.123401851224345830e-28
-4.383134117808222818e-01 -1.636049223255341720e-04 1.325843489464331205e-10 1.325843489464331205e-10 -1.634796006075249074e-04
-4.383134117808220043e-01 -1.154983388098239442e-04 1.325831268082895692e-10 1.325831268082895692e-10 -1.153730170886058072e-04
-4.371367355120598930e-01 -2.128087012265672767e-04 3.426825204973340781e-11 3.426825204973340781e-11 -2.127763085431205476e-04
-4.371367355120595599e-01 2.473679918950951579e-04 3.427020514563812039e-11 3.427020514563812039e-11 2.474003845805372256e-04
-4.369271104398895211e-01 9.846905988634286884e-05 3.104965022023568484e-11 3.104965022023568484e-11 9.849840645752161602e-05
-4.369271104398893546e-01 -2.191050467889303524e-04 3.104690451599495753e-11 3.104690451599495753e-11 -2.190757002250426073e-04
-4.358010988842138667e-01 2.940930533960145658e-28 1.009553312819977616e-27 1.009553312819977616e-27 1.973832197790992534e-27
-4.358010988842135891e-01 3.913717729291960556e-29 5.579517279514018822e-29 5.579517279514018822e-29 5.597437842465040389e-28
-4.355212735115497336e-01 1.351579547968754188e-28 2.151442864688567912e-28 2.151442864688567912e-28 3.088355765648490011e-28
-4.355212735115496225e-01 1.628477326556550592e-29 -1.448211857820095357e-28 -1.448211857820095357e-28 3.386634158763713504e-28
-4.346680698756412720e-01 -2.904261103330194277e-05 -8.139052565313386508e-11 -8.139052565313386508e-11 -2.911954387216418669e-05
-4.346680698756411609e-01 8.236574258241359807e-05 -8.139112597745447516e-11 -8.139112597745447516e-11 8.228880974097959949e-05
-4.328077607377107117e-01 1.549487300060826446e-03 -2.703433505913020496e-10 -2.703433505913020496e-10 1.549231762448407016e-03
-4.328077607377106006e-01 -5.960466262505767108e-04 -2.703458757451863140e-10 -2.703458757451863140e-10 -5.963021638670249272e-04
-4.326210240452706968e-01 -1.069810820896625230e-03 1.796002757192901941e-10 1.796002757192901941e-10 -1.069641056761725826e-03
-4.326210240452706413e-01 -1.030462317204719740e-03 1.796012915234363835e-10 1.796012915234363835e-10 -1.030292553069248962e-03
-4.326161461112396633e-01 -9.199704471604359964e-25 1.715694454084705875e-26 1.715694454084705875e-26 -8.198918834550809963e-25
-4.326161461112395523e-01 -5.853717788165927572e-24 2.117354845581378641e-25 2.117354845581378641e-25 -5.279640842889271037e-24
-4.324151449424822324e-01 -4.812007595404141948e-27 2.595606174229821327e-27 2.595606174229821327e-27 6.420505743903360438e-27
-4.324151449424820104e-01 1.276569949904393883e-28 -2.118403550019165476e-29 -2.118403550019165476e-29 -4.228672657124598632e-29
-4.313824816793346284e-01 1.195514022105527674e-04 -1.379851123297275844e-10 -1.379851123297275844e-10 1.194209759277752166e-04
-4.313824816793343508e-01 3.587451470475533821e-04 -1.379836678364260120e-10 -1.379836678364260120e-10 3.586147207654674304e-04
-4.305271678282064363e-01 -8.860169537100581199e-28 -5.545255164426269021e-28 -5.545255164426269021e-28 1.007197241550358071e-27
-4.305271678282062142e-01 4.927405384997306186e-29 4.294981022195805175e-29 4.294981022195805175e-29 -1.578858667939832046e-28
-4.295423388018457800e-01 2.786163187758998462e-28 -1.846220481290854516e-28 -1.846220481290854516e-28 1.396603784429538582e-28
-4.295423388018446142e-01 -5.024486404233447771e-27 3.642171941860043007e-28 3.642171941860043007e-28 1.333402864331132150e-26
-4.289870690334798287e-01 -6.211912980520389914e-04 -1.400896609033030606e-10 -1.400896609033030606e-10 -6.213237131463282461e-04
-4.289870690334794956e-01 8.475082139791053400e-04 -1.400870321042915232e-10 -1.400870321042915232e-10 8.473757988843661415e-04
-4.285953047280576800e-01 -2.649279740065350836e-28 1.092724647898563018e-28 1.092724647898563018e-28 3.908447957021560561e-28
-4.285953047280575134e-01 1.158903198794274845e-28 -1.141953718104927739e-28 -1.141953718104927739e-28 -6.983765559097119476e-28
-4.280741219767172923e-01 -2.941999143244267785e-05 -1.045829938878030557e-11 -1.045829938878030557e-11 -2.942987692437266803e-05
-4.280741219767171257e-01 1.523018468386723375e-05 -1.045830212153645421e-11 -1.045830212153645421e-11 1.522029919157015981e-05
-4.273003055373814640e-01 -6.578830872133386011e-28 1.600304665859394046e-28 1.600304665859394046e-28 3.393532587579681788e-28
-4.273003055373809644e-01 -6.860168957283293991e-29 -1.058853822589784368e-28 -1.058853822589784368e-28 -1.214407058108156028e-28
-4.269567954748886285e-01 -3.872657371407224310e-05 -6.357096877663838891e-12 -6.357096877663838891e-12 -3.873258259430759591e-05
-4.269567954748883509e-01 4.405098319611999171e-05 -6.357229301460563838e-12 -6.357229301460563838e-12 4.404497431572108700e-05
-4.266110640142402044e-01 4.113864269423198331e-28 8.843159642831781879e-28 8.843159642831781879e-28 8.423737546155498203e-28
-4.266110640142401489e-01 -1.718542715340098002e-28 2.775535260676816185e-29 2.775535260676816185e-29 -7.255544294921606650e-29
-4.265582369611982116e-01 -2.368983858835233401e-07 -1.359987104204462609e-11 -1.359987104204462609e-11 -2.497534195030739218e-07
-4.265582369611977676e-01 8.747366136367379483e-05 -1.360042276622767317e-11 -1.360042276622767317e-11 8.746080632951592603e-05
-4.249805573403079295e-01 -1.080778568851321542e-06 -6.506586236063721525e-12 -6.506586236063721525e-12 -1.086929193646025296e-06
-4.249805573403078185e-01 -2.170919376743292063e-05 -6.507254439163801002e-12 -6.507254439163801002e-12 -2.171534439361878452e-05
-4.245037478994199143e-01 1.063782753273934664e-05 -1.474878503613246503e-12 -1.474878503613246503e-12 1.063643353940383073e-05
-4.245037478994198032e-01 3.569526690218065163e-06 -1.474760509161799710e-12 -1.474760509161799710e-12 3.568132697063679624e-06
-4.241169637357150579e-01 -7.517138216032604100e-29 2.651979371936988887e-29 2.651979371936988887e-29 1.023203617777844469e-27
-4.241169637357147804e-01 -6.228564322167697485e-29 -2.489919041441048657e-29 -2.489919041441048657e-29 6.316766875356153393e-29
-4.231735554087923679e-01 -1.861264328562035787e-29 -1.254723298702765609e-28 -1.254723298702765609e-28 3.681765975755447478e-28
-4.231735554087919238e-01 1.540548420328044742e-28 4.264729931954120101e-29 4.264729931954120101e-29 -6.729770006028915944e-30
-4.223512030330802136e-01 -4.222446598785979218e-08 -4.883014102218797241e-13 -4.883014102218797241e-13 -4.268602709173307382e-08
-4.223512030330797140e-01 4.847774182212493813e-07 -4.883371214721690717e-13 -4.883371214721690717e-13 4.843158567528625647e-07
-4.215800040639584578e-01 3.273013494641813503e-05 4.608150624080091417e-12 4.608150624080091417e-12 3.273449058662395252e-05
-4.215800040639579027e-01 -1.507696717390424754e-05 4.608840237070873920e-12 4.608840237070873920e-12 -1.507261153055736590e-05
-4.211808096089511566e-01 3.231844984588987915e-05 1.016807687779182448e-11 1.016807687779182448e-11 3.232806086646617712e-05
-4.211808096089502684e-01 -4.828590654629787127e-05 1.016775104699593161e-11 1.016775104699593161e-11 -4.827629552992869109e-05
-4.209878387696918689e-01 7.579349862735674918e-28 6.816950042152680559e-28 6.816950042152680559e-28 2.653812827082996363e-28
-4.209878387696917579e-01 1.636920219051118421e-28 2.115001647722067802e-28 2.115001647722067802e-28 1.273128873732844636e-28
-4.205656890597264108e-01 -8.424053668767005713e-06 5.484816874824367364e-12 5.484816874824367364e-12 -8.418869165924787860e-06
-4.205656890597262443e-01 1.569893298774212883e-05 5.484774916400025597e-12 5.484774916400025597e-12 1.570411749061289847e-05
-4.203766174617717954e-01 3.063238946290625250e-06 -6.002054062949990069e-12 -6.002054062949990069e-12 3.057565578281075630e-06
-4.203766174617711848e-01 3.318338340867876113e-06 -6.002139591786256744e-12 -6.002139591786256744e-12 3.312664972664977246e-06
-4.198521297604697056e-01 -8.460844684508207111e-07 -5.845851970776990240e-13 -5.845851970776990240e-13 -8.466369202694398708e-07
-4.198521297604692615e-01 -9.829929594252934725e-07 -5.844287570386495195e-13 -5.844287570386495195e-13 -9.835454112025544486e-07
-4.192828082126264788e-01 2.624030907370936927e-27 9.706943067848386632e-29 9.706943067848386632e-29 2.244947501747595139e-28
-4.192828082126260347e-01 4.220768728437698122e-27 -9.627434613122460573e-28 -9.627434613122460573e-28 -8.763068317808119694e-29
-4.191512543555190873e-01 6.235727144691553597e-05 -1.052178586343305749e-11 -1.052178586343305749e-11 6.234732511635478170e-05
-4.191512543555185322e-01 -1.553236146748498546e-05 -1.052270869048399403e-11 -1.052270869048399403e-11 -1.554230779621576571e-05
-4.178311562628963527e-01 1.862633115130211433e-27 -2.821479971488867797e-27 -2.821479971488867797e-27 8.081003127583665814e-27
-4.178311562628962972e-01 -1.364397554924920150e-25 -4.326139290590983523e-27 -4.326139290590983523e-27 -1.482237243652760805e-25
-4.178122368873411485e-01 4.553156081416563639e-04 -8.217601087467555723e-11 -8.217601087467555723e-11 4.552379343988104338e-04
-4.178122368873409265e-01 -1.005806068081690905e-05 -8.217473957783282121e-11 -8.217473957783282121e-11 -1.013573442404215232e-05
-3.127042531881008697e-02 3.510083432869628289e-02 -1.551109056670946922e-08 -1.551109056670946922e-08 3.508617280688056117e-02
-3.127042531880996901e-02 -2.542627773737115779e-02 -1.551109264667177559e-08 -1.551109264667177559e-08 -2.544093925916305135e-02
-2.645584656163355031e-02 -1.103384747496695644e-29 -8.642493393883282869e-30 -8.642493393883282869e-30 7.894547591315820549e-30
-2.645584656163341500e-02 1.926643252104043030e-29 -3.776989370780441264e-29 -3.776989370780441264e-29 -1.183138493391472718e-29
-2.302842127286164331e-02 2.437568380858134668e-27 1.058327659249563829e-27 1.058327659249563829e-27 8.978523431639234843e-27
-2.302842127286143514e-02 3.468531002901016025e-27 1.040519832536132638e-27 1.040519832536132638e-27 -6.700903752388473005e-29
-2.287527676686160194e-02 -1.561978844618846715e-02 1.289656199867910071e-08 1.289656199867910071e-08 -1.560759824810563183e-02
-2.287527676686146663e-02 1.181608166370394508e-02 1.289656376413131405e-08 1.289656376413131405e-08 1.182827186178702326e-02
-2.085384609460276539e-02 2.619429508559560001e-29 1.420145050293771271e-28 1.420145050293771271e-28 -1.029409803648431217e-27
-2.085384609460250172e-02 2.869121317471396268e-27 -2.082268675519687181e-27 -2.082268675519687181e-27 -7.559685332215834953e-28
-2.001731430067172496e-02 -4.156805624641414232e-01 8.592506932630837158e-07 8.592506932630837158e-07 -4.148683742128220220e-01
-2.001731430067142312e-02 4.335727138515813595e-01 8.592506900561068632e-07 8.592506900561068632e-07 4.343849021027746393e-01
-1.639978855232052460e-02 2.410696841034688509e-01 -1.856973040615011460e-07 -1.856973040615011460e-07 2.408941577241080767e-01
-1.639978855232038235e-02 -2.547307043772563118e-01 -1.856973162481120769e-07 -1.856973162481120769e-07 -2.549062307566661301e-01
-1.142944957899865929e-02 9.538205052364405194e-28 3.571211207039867220e-28 3.571211207039867220e-28 -5.177856399805918520e-27
-1.142944957899842337e-02 4.125466758304423145e-26 -2.970020709177614733e-27 -2.970020709177614733e-27 -1.709528718859753527e-27
-8.048824077775733332e-03 -9.778672690244487598e+00 -8.006289658220824319e-06 -8.006289658220824319e-06 -9.786240463441105319e+00
-8.048824077775481797e-03 1.017959690969682462e+01 -8.006290159102958008e-06 -8.006290159102958008e-06 1.017202913649770402e+01
6.486554464646002716e-01 2.073543644725100803e-28 2.699621130822328902e-29 2.699621130822328902e-29 1.863020859497730808e-28
6.486554464646002716e-01 5.072714913984042780e-29 1.085579013342479988e-29 1.085579013342479988e-29 5.600847332865240102e-29
