-9.958521070223844140e-02 -3.320721848462868542e-03 2.695327343285105800e-09 2.695327343285105800e-09 -3.318174144010083496e-03
-9.958521070223839977e-02 -7.573050169375527066e-04 2.695332642819476769e-09 2.695332642819476769e-09 -7.547573125001654989e-04
-3.127042531881008697e-02 3.510083432869628289e-02 -1.551109056670946922e-08 -1.551109056670946922e-08 3.508617280688056117e-02
-3.127042531880996901e-02 -2.542627773737115779e-02 -1.551109264667177559e-08 -1.551109264667177559e-08 -2.544093925916305135e-02
-2.645584656163355031e-02 -1.103384747496695644e-29 -8.642493393883282869e-30 -8.642493393883282869e-30 7.894547591315820549e-30
-2.645584656163341500e-02 1.926643252104043030e-29 -3.776989370780441264e-29 -3.776989370780441264e-29 -1.183138493391472718e-29
-2.302842127286164331e-02 2.437568380858134668e-27 1.058327659249563829e-27 1.058327659249563829e-27 8.978523431639234843e-27
-2.302842127286143514e-02 3.468531002901016025e-27 1.040519832536132638e-27 1.040519832536132638e-27 -6.700903752388473005e-29
-2.287527676686160194e-02 -1.561978844618846715e-02 1.289656199867910071e-08 1.289656199867910071e-08 -1.560759824810563183e-02
-2.287527676686146663e-02 1.181608166370394508e-02 1.289656376413131405e-08 1.289656376413131405e-08 1.182827186178702326e-02
-2.085384609460276539e-02 2.619429508559560001e-29 1.420145050293771271e-28 1.420145050293771271e-28 -1.029409803648431217e-27
-2.085384609460250172e-02 2.869121317471396268e-27 -2.082268675519687181e-27 -2.082268675519687181e-27 -7.559685332215834953e-28
-2.001731430067172496e-02 -4.156805624641414232e-01 8.592506932630837158e-07 8.592506932630837158e-07 -4.148683742128220220e-01
-2.001731430067142312e-02 4.335727138515813595e-01 8.592506900561068632e-07 8.592506900561068632e-07 4.343849021027746393e-01
-1.639978855232052460e-02 2.410696841034688509e-01 -1.856973040615011460e-07 -1.856973040615011460e-07 2.408941577241080767e-01
-1.639978855232038235e-02 -2.547307043772563118e-01 -1.856973162481120769e-07 -1.856973162481120769e-07 -2.549062307566661301e-01
-1.142944957899865929e-02 9.538205052364405194e-28 3.571211207039867220e-28 3.571211207039867220e-28 -5.177856399805918520e-27
-1.142944957899842337e-02 4.125466758304423145e-26 -2.970020709177614733e-27 -2.970020709177614733e-27 -1.709528718859753527e-27
-8.048824077775733332e-03 -9.778672690244487598e+00 -8.006289658220824319e-06 -8.006289658220824319e-06 -9.786240463441105319e+00
-8.048824077775481797e-03 1.017959690969682462e+01 -8.006290159102958008e-06 -8.006290159102958008e-06 1.017202913649770402e+01
3.945111949756958669e-01 5.345248725308998325e-30 5.891554715507976967e-30 5.891554715507976967e-30 2.083213737910185163e-30
3.945111949756960890e-01 2.310085313095815080e-30 4.908040618333599119e-30 4.908040618333599119e-30 2.588070195404367326e-30
3.951422895150151215e-01 -1.447567642381106838e-29 9.962620777251111099e-31 9.962620777251111099e-31 1.938595203586109958e-30
3.951422895150151771e-01 -1.401090779634972932e-29 -1.404790387012134083e-29 -1.404790387012134083e-29 -6.283689907553282644e-30
3.975880282385316766e-01 -9.908049114732442899e-31 -3.156275545133771158e-31 -3.156275545133771158e-31 -9.617739544028932154e-32
3.975880282385317321e-01 -1.584874682443873980e-29 -7.921157159145217825e-30 -7.921157159145217825e-30 -3.168193924003831000e-30
3.988411434944005296e-01 4.282497003843947309e-30 3.998549825763961537e-30 3.998549825763961537e-30 1.912589481780555618e-30
3.988411434944017508e-01 1.375937859690729752e-29 9.375099860419746692e-30 9.375099860419746692e-30 4.085540490967558223e-30
4.009283218684224770e-01 2.245936662772740585e-31 5.459385590955302485e-31 5.459385590955302485e-31 1.129291647354324748e-31
4.009283218684235872e-01 -8.957909525350117194e-31 -2.551164223998707320e-31 -2.551164223998707320e-31 -6.145512078063712302e-32
4.029665293122077774e-01 2.312268330315489363e-30 1.650453253355476239e-30 1.650453253355476239e-30 8.929848558305214743e-31
4.029665293122088321e-01 1.929207851950828880e-31 4.834716686284309636e-31 4.834716686284309636e-31 4.057873622304755158e-31
4.034109562236101176e-01 -4.075222245067813771e-30 -4.735832949228248557e-30 -4.735832949228248557e-30 -2.104550703419383869e-30
4.034109562236101731e-01 1.801448942302908498e-29 1.667507958489160044e-29 1.667507958489160044e-29 9.009514350621335824e-30
4.038475441503170948e-01 -6.784659420877826084e-31 -9.644983930234854983e-31 -9.644983930234854983e-31 -4.412087764771410327e-31
4.038475441503174834e-01 -1.057993657335405748e-29 -8.310864647994214435e-30 -8.310864647994214435e-30 -4.119641228947884379e-30
4.062223622719062788e-01 -2.658458768737863381e-31 -2.607338504395297260e-31 -2.607338504395297260e-31 -1.883687466383777551e-31
4.062223622719071670e-01 1.004545348900167137e-30 1.126564463857466119e-30 1.126564463857466119e-30 6.606680849251055137e-31
4.067602553067041216e-01 -7.768477256907270388e-30 -7.630988555282562844e-30 -7.630988555282562844e-30 -4.312274602155667129e-30
4.067602553067043991e-01 -1.351219472737787110e-31 -3.525351800926306866e-32 -3.525351800926306866e-32 7.254055244939447133e-33
4.075959861810621865e-01 -5.312731660534359285e-32 -6.172322802212329819e-31 -6.172322802212329819e-31 -8.120452425840455569e-31
4.075959861810628526e-01 7.871871637469161824e-31 6.444729134741024010e-31 6.444729134741024010e-31 3.162197509288182245e-31
4.115863470987327632e-01 -6.578196327808480914e-31 -1.462799813882478732e-31 -1.462799813882478732e-31 4.912544361061032472e-31
4.115863470987341510e-01 -2.397016642782593069e-30 -2.313566820462204428e-30 -2.313566820462204428e-30 -1.378864652154596635e-30
4.121700215850809812e-01 -5.274504568098572467e-30 -5.636845033416609337e-30 -5.636845033416609337e-30 -3.034814501516854242e-30
4.121700215850825355e-01 1.238993017498002293e-31 -2.831434419120617713e-32 -2.831434419120617713e-32 -3.934175937325452138e-32
4.143644356693907405e-01 2.391877927229377256e-31 3.147010649195747998e-31 3.147010649195747998e-31 1.777747184151459113e-31
4.143644356693911845e-01 -1.049272501438694714e-29 -9.739858772835499151e-30 -9.739858772835499151e-30 -4.574994868492394218e-30
4.175652252785308494e-01 -8.168063001346274179e-31 -6.745168766845847147e-31 -6.745168766845847147e-31 -3.727963005839845530e-31
4.175652252785313490e-01 -4.098398367006108409e-30 -4.748433195678691394e-30 -4.748433195678691394e-30 -2.394119589576155096e-30
4.186798876205416464e-01 1.515440578606912366e-30 1.973057838280446015e-30 1.973057838280446015e-30 9.930917691670753480e-31
4.186798876205419795e-01 7.439264702193520924e-31 1.428866687533121401e-30 1.428866687533121401e-30 7.939323889245517415e-31
4.199520868565453369e-01 -1.940309515671625851e-30 -1.678629486643365984e-30 -1.678629486643365984e-30 -6.043635972942718353e-31
4.199520868565453924e-01 -1.629450301411025129e-30 -1.731619629835666613e-30 -1.731619629835666613e-30 -8.202247017401020377e-31
4.209934037575857602e-01 -2.827215529124997710e-30 -2.665166900189175497e-30 -2.665166900189175497e-30 -1.460034243315666472e-30
4.209934037575864263e-01 -5.454322870478471319e-31 -6.180123023522556928e-31 -6.180123023522556928e-31 -1.976609058257885629e-31
4.237763777502832063e-01 3.232370977260998450e-34 2.261953542796505654e-31 2.261953542796505654e-31 1.363305696979495184e-31
4.237763777502835394e-01 -1.151181648863298838e-30 -1.346560673569893702e-30 -1.346560673569893702e-30 -3.296643515998751523e-31
4.260756029656008748e-01 4.500009659134320896e-31 6.062815035047327349e-31 6.062815035047327349e-31 3.485106730755125889e-31
4.260756029656015409e-01 -1.021642918253750511e-30 -1.271477656685583055e-30 -1.271477656685583055e-30 -5.706410149766228958e-31
4.307974701114594129e-01 1.748180924410711118e-30 1.689401169262623023e-30 1.689401169262623023e-30 9.093244226887640598e-31
4.307974701114595240e-01 1.529344633721467103e-30 7.756712927392356480e-31 7.756712927392356480e-31 2.943216057079787902e-31
4.311785985689908784e-01 9.635093231514278552e-31 1.196734357126795624e-30 1.196734357126795624e-30 7.989571812013431397e-31
4.311785985689919887e-01 8.780373224071201205e-30 8.205578236993333995e-30 8.205578236993333995e-30 4.046619965297670736e-30
4.318717191703831393e-01 -2.535769982163937701e-31 -1.642925448664749607e-31 -1.642925448664749607e-31 -7.119528799496773977e-32
4.318717191703836944e-01 5.170173951109167120e-31 2.296089618760134748e-31 2.296089618760134748e-31 7.210367025916059312e-32
4.338654623625501361e-01 -5.101128664207058893e-31 -8.139716545721225574e-31 -8.139716545721225574e-31 -4.317328651571062011e-31
4.338654623625505247e-01 1.541335903939774028e-30 1.204829051217456287e-30 1.204829051217456287e-30 1.215808935051435815e-30
4.385331283142361869e-01 3.001916068282791583e-30 3.307715101523784311e-30 3.307715101523784311e-30 1.969596583687185833e-30
4.385331283142373526e-01 1.872079381203556406e-30 2.077193452256147882e-30 2.077193452256147882e-30 1.016978533370795919e-30
4.386217099086517912e-01 6.398969102748653829e-31 5.332763218322138553e-31 5.332763218322138553e-31 3.456014114934460032e-31
4.386217099086522908e-01 6.022370588668469170e-30 6.935211284192982998e-30 6.935211284192982998e-30 3.703618496441320521e-30
4.410962530015634098e-01 -5.000908302173934034e-32 2.472792053077783103e-33 2.472792053077783103e-33 9.574246631574497409e-33
4.410962530015636318e-01 1.154904557055694842e-32 1.172401820619697203e-32 1.172401820619697203e-32 -2.674184259253507511e-33
4.421320780147721119e-01 -6.088211010832855338e-31 -7.782631850850601442e-31 -7.782631850850601442e-31 -3.810827184383073533e-31
4.421320780147725005e-01 3.653755277578414440e-30 3.354849110249482976e-30 3.354849110249482976e-30 1.300557629249392397e-30
4.423493682574334840e-01 -3.385848577495578368e-31 -4.092550617290070526e-31 -4.092550617290070526e-31 -2.139079499919486078e-31
4.423493682574334840e-01 -2.901887943818977748e-32 -1.723469034407390422e-31 -1.723469034407390422e-31 -9.301007239558809993e-32
4.444365466314549318e-01 -7.390935463690234735e-31 -4.154184062314486625e-31 -4.154184062314486625e-31 -1.402989029769198100e-31
4.444365466314561530e-01 4.946569010889298730e-31 5.293411415549963038e-31 5.293411415549963038e-31 2.765210315940642246e-31
4.457850946763874944e-01 -3.597642996163896759e-31 -3.531074765591222623e-31 -3.531074765591222623e-31 -1.434126970316580275e-31
4.457850946763882716e-01 4.502758773773537403e-32 6.849347391089375400e-32 6.849347391089375400e-32 3.261612506301886341e-32
4.472415276951774987e-01 -5.953934650176119187e-31 -6.110486133380111422e-31 -6.110486133380111422e-31 -1.551511807722483321e-31
4.472415276951778318e-01 6.007377415412431784e-32 8.887502532515231303e-32 8.887502532515231303e-32 7.682571983713095021e-32
4.473557689133499937e-01 3.547706767343315208e-31 3.297968183366566112e-31 3.297968183366566112e-31 1.047870699223539418e-31
4.473557689133503823e-01 -8.019688558242586254e-32 -2.111914831975272854e-32 -2.111914831975272854e-32 8.430155619189032017e-33
4.484869215324961411e-01 -2.122188188730677347e-31 -1.873056967366344444e-31 -1.873056967366344444e-31 -8.729649219897769022e-32
4.484869215324971403e-01 2.472788149720956965e-30 2.426502224434545296e-30 2.426502224434545296e-30 1.456233651784637438e-30
4.511042109440949743e-01 -7.689851650549599246e-32 1.307400244747474507e-32 1.307400244747474507e-32 1.528657497090132081e-32
4.511042109440953629e-01 -1.809222647699423566e-31 -2.421000005188210701e-31 -2.421000005188210701e-31 -8.881182831874317965e-32
4.517249598640784014e-01 5.565873332039637991e-32 -3.905665108157312052e-31 -3.905665108157312052e-31 -2.037237970232771166e-31
4.517249598640784569e-01 -1.072038407703814240e-30 -1.176343901286360882e-30 -1.176343901286360882e-30 -5.819960368790023743e-31
4.538432453109831344e-01 -1.071703546709521920e-31 -1.148876941738173193e-31 -1.148876941738173193e-31 -6.280546630215780451e-32
4.538432453109834119e-01 1.617373383187529682e-31 5.140731594183636836e-32 5.140731594183636836e-32 2.614050021253667621e-32
4.556782463481148793e-01 -4.372608179583788775e-30 -4.091653971145889546e-30 -4.091653971145889546e-30 -1.902318079749594897e-30
4.556782463481149348e-01 -1.123157495461446763e-30 -1.145339436505070248e-30 -1.145339436505070248e-30 -6.044486334975255750e-31
4.566485843540298295e-01 5.069657225719754667e-31 5.368691872120758297e-31 5.368691872120758297e-31 3.864230689013217485e-31
4.566485843540302181e-01 -5.764447464931091550e-31 -3.652254548117191272e-31 -3.652254548117191272e-31 -1.750549957066491326e-31
4.604065538463342211e-01 2.734584558183436362e-31 3.278974183700651082e-31 3.278974183700651082e-31 1.852855794454615209e-31
4.604065538463343321e-01 -1.320604914864858369e-31 -8.843982175426806511e-32 -8.843982175426806511e-32 -3.944384561460918048e-32
4.610734500415645254e-01 -4.731462364658558981e-32 4.093435262894044624e-34 4.093435262894044624e-34 1.139504307527645485e-32
4.610734500415658577e-01 -3.088926840533616764e-31 -2.212602027741846568e-31 -2.212602027741846568e-31 -1.437683318302656567e-31
4.638023190489499181e-01 3.425593686434899322e-33 -5.639014538197749985e-33 -5.639014538197749985e-33 4.847705236956181521e-33
4.638023190489501957e-01 -1.226668229413209137e-31 -6.856782454579214595e-32 -6.856782454579214595e-32 -4.090892244601873832e-32
4.656383353700827010e-01 -2.526177752376949209e-33 2.420507956607133964e-32 2.420507956607133964e-32 8.560796988904026314e-33
4.656383353700832561e-01 1.189976488897694958e-32 2.514387226679271882e-32 2.514387226679271882e-32 1.245463092129792687e-32
4.663007706596181690e-01 1.113295650536827552e-30 1.285533878354770467e-30 1.285533878354770467e-30 8.362022586673431474e-31
4.663007706596188351e-01 -2.866421661710618082e-31 -2.847785139558896510e-31 -2.847785139558896510e-31 -1.677528950242647108e-31
4.668337791654356139e-01 2.607863776705644200e-32 2.028763322513567254e-32 2.028763322513567254e-32 1.340944735110242969e-32
4.668337791654360580e-01 -9.054393875709130365e-31 -6.939731668106317461e-31 -6.939731668106317461e-31 -3.610728463734959179e-31
4.672846025133152725e-01 -1.962909909368229892e-31 -1.236840084548154691e-31 -1.236840084548154691e-31 -8.847249110945658045e-32
4.672846025133153836e-01 1.020184243024539545e-31 1.461067322386067720e-31 1.461067322386067720e-31 6.113494295480088947e-32
4.743056948744919787e-01 -5.189640694463936991e-32 -6.563285626171556613e-32 -6.563285626171556613e-32 -5.530635970056882268e-32
4.743056948744921453e-01 6.547234296880267583e-33 2.026006104593490420e-32 2.026006104593490420e-32 4.474597853279830786e-33
4.757219513627874430e-01 5.868942644146182747e-32 3.776905207958513320e-32 3.776905207958513320e-32 1.492891763165611945e-32
4.757219513627876650e-01 -4.953690583297319516e-33 -8.482912504323254957e-32 -8.482912504323254957e-32 -5.481036696547727618e-32
4.777872586112164033e-01 -4.419847420405631192e-32 -1.424038088297455750e-31 -1.424038088297455750e-31 -9.253708583620803721e-32
4.777872586112166253e-01 1.424175316832106279e-33 -5.390712656199519160e-33 -5.390712656199519160e-33 -4.958012633280770763e-33
4.794926022094599394e-01 1.625280387891575777e-33 3.211948361867543987e-33 3.211948361867543987e-33 1.600197198290275728e-33
4.794926022094600504e-01 4.746027464540821217e-33 1.425343509530658482e-32 1.425343509530658482e-32 1.696750607360177642e-32
4.797968382539417043e-01 5.286931028114825146e-31 4.080050038514333334e-31 4.080050038514333334e-31 1.092506011008773993e-31
4.797968382539418708e-01 1.913618248215405138e-31 1.741348391780872002e-31 1.741348391780872002e-31 7.013846110828422325e-32
4.802597945400288171e-01 9.356299345356593701e-32 9.986028745192189167e-32 9.986028745192189167e-32 5.147705359510441434e-32
4.802597945400292057e-01 4.199868421170575044e-32 5.832470158162586994e-32 5.832470158162586994e-32 2.549896908929196411e-32
4.821299346716850232e-01 5.307582293748946879e-32 9.344304109136318745e-33 9.344304109136318745e-33 -1.940774550646232111e-32
4.821299346716850787e-01 -6.775677996077231119e-31 -6.257958645099507899e-31 -6.257958645099507899e-31 -3.706649213276166477e-31
4.894984259074268151e-01 2.464033530023092177e-34 -8.506537902843096018e-33 -8.506537902843096018e-33 -9.584952929603946181e-33
4.894984259074268151e-01 9.390946883282998520e-33 2.994349999968038658e-32 2.994349999968038658e-32 7.887989056295183200e-33
4.907497524582103421e-01 -2.899836131715274474e-33 -1.965005198072286556e-32 -1.965005198072286556e-32 -1.819647826571540695e-32
4.907497524582103421e-01 4.584857920237747318e-33 3.898560588358220309e-32 3.898560588358220309e-32 2.122515269688826974e-32
4.917164705677796732e-01 -8.322275876589758911e-33 -1.830700317688562344e-32 -1.830700317688562344e-32 -7.522929226135192325e-33
4.917164705677797287e-01 -1.362876800838284446e-32 4.859618309828970872e-32 4.859618309828970872e-32 3.348986245548697308e-32
4.924154305336609916e-01 -1.512492273458612550e-32 -1.166584441017852794e-32 -1.166584441017852794e-32 -6.675631469308609516e-33
4.924154305336610471e-01 -6.620339528655895669e-32 1.169559900951560423e-32 1.169559900951560423e-32 1.615272352056025829e-32
4.934059777154641835e-01 -1.771543315119756617e-32 -3.567971432485160358e-33 -3.567971432485160358e-33 -1.321436348896648110e-33
4.934059777154642390e-01 2.903879848786959439e-33 5.943461811543981967e-33 5.943461811543981967e-33 3.017390964028270551e-33
4.936685457895313434e-01 -1.369436194802379662e-32 -3.525273630536308231e-33 -3.525273630536308231e-33 1.320998494303430769e-33
4.936685457895313989e-01 -7.708726551059932811e-33 -8.357326948310137353e-33 -8.357326948310137353e-33 -6.029125840865346677e-33
4.955751920564820945e-01 2.420483866235607388e-32 -3.174580908963084735e-32 -3.174580908963084735e-32 -1.510934476737199968e-32
4.955751920564820945e-01 -2.560838418273297216e-33 -1.402884867026346344e-32 -1.402884867026346344e-32 -7.661299920197640873e-33
4.957557241635529577e-01 -6.997333763293182571e-34 4.693779498830065742e-33 4.693779498830065742e-33 3.290383090058179410e-33
4.957557241635530132e-01 2.148984317387351868e-33 1.317499255905571080e-32 1.317499255905571080e-32 8.040246735223944804e-33
4.964550054831318171e-01 1.231065796176011766e-32 5.173859453269201921e-32 5.173859453269201921e-32 2.773528097484799915e-32
4.964550054831318726e-01 -1.372788525642438723e-32 -2.950320969473458743e-32 -2.950320969473458743e-32 -1.809986394774869363e-32
4.986749464454475755e-01 -3.426044064648969853e-34 -4.373589612544471227e-33 -4.373589612544471227e-33 -1.973099698001685544e-33
4.986749464454475755e-01 -2.190168697938721441e-34 -7.343899055397751410e-34 -7.343899055397751410e-34 -3.429155130026142462e-34
5.001568091170622843e-01 6.034959375396794770e-34 2.124863567856438497e-33 2.124863567856438497e-33 1.471581187323312071e-33
5.001568091170622843e-01 -1.025442117798275014e-36 -7.815674995117539055e-34 -7.815674995117539055e-34 -3.631320452957752890e-34
5.019559512560621828e-01 -2.069604780151590236e-33 4.004735631984178265e-32 4.004735631984178265e-32 2.739941188181005551e-32
5.019559512560621828e-01 -3.057980816690823607e-32 -5.712284166498296779e-32 -5.712284166498296779e-32 -3.386155250786987210e-32
5.024233884761922786e-01 2.695862733617562383e-32 1.632058655013073672e-32 1.632058655013073672e-32 7.492602699772858278e-33
5.024233884761922786e-01 -6.953397338016888263e-33 -1.735925028225598999e-32 -1.735925028225598999e-32 -1.095504087000239536e-32
5.069974238802117394e-01 -1.870245603920012764e-32 -1.490986063263692369e-32 -1.490986063263692369e-32 -8.111954221195952500e-33
5.069974238802117394e-01 -8.508937526087566429e-32 -1.062588472867042990e-31 -1.062588472867042990e-31 -5.748762422992148409e-32
5.080274368854102995e-01 -8.040852685251978532e-33 -1.953216224297076071e-32 -1.953216224297076071e-32 -1.368231698392087219e-32
5.080274368854102995e-01 -2.322706429675679292e-33 -6.627474798142835915e-33 -6.627474798142835915e-33 -3.847470180685787278e-33
5.083746377969696750e-01 -1.496841839366282877e-32 -3.045572736176913084e-33 -3.045572736176913084e-33 3.563453210130628088e-33
5.083746377969696750e-01 -2.018862169297829542e-32 -2.137933820899876734e-32 -2.137933820899876734e-32 -1.021820854254087365e-32
5.103420039284682908e-01 -4.415766987254075732e-33 -2.040590233909898478e-32 -2.040590233909898478e-32 -1.429533856313093596e-32
5.103420039284684018e-01 -1.970137497727605866e-32 -2.114554089489496946e-32 -2.114554089489496946e-32 -1.127841810576943236e-32
5.115697112614742137e-01 -7.106863674150878882e-33 -1.434418295060586066e-33 -1.434418295060586066e-33 5.429972205744530823e-34
5.115697112614742137e-01 3.172606873136107153e-32 -9.446021097904669711e-33 -9.446021097904669711e-33 -1.974413606276600274e-33
5.123926275736617741e-01 1.232843132268165942e-34 -8.731045803725132238e-33 -8.731045803725132238e-33 -2.424685385243156611e-33
5.123926275736618852e-01 5.114726282049493967e-33 4.879060681121246929e-32 4.879060681121246929e-32 2.677518946127306984e-32
5.137607050355759153e-01 -5.583324779340927647e-32 -1.926311109741115146e-32 -1.926311109741115146e-32 -6.014569756730984979e-33
5.137607050355760263e-01 1.113426784878939843e-32 6.569475826894844920e-32 6.569475826894844920e-32 3.772964962895363547e-32
5.151477828059034536e-01 -2.989892814352795516e-32 -1.682340502456168934e-32 -1.682340502456168934e-32 -7.501737524552849448e-33
5.151477828059036757e-01 -2.928373937615502102e-31 -1.702490345694571847e-31 -1.702490345694571847e-31 -6.198398183713033195e-32
5.186037800454127433e-01 4.435598888255140137e-32 1.799800833800558687e-32 1.799800833800558687e-32 6.972489419855915566e-33
5.186037800454130764e-01 -3.785193194202788379e-32 -2.608654646953116321e-32 -2.608654646953116321e-32 -1.279390283670709034e-32
5.212954833742489136e-01 2.218883367345184670e-31 2.345936569188058038e-31 2.345936569188058038e-31 1.364756427380376718e-31
5.212954833742489136e-01 3.717235387558458111e-32 2.053641752316171857e-31 2.053641752316171857e-31 1.335346518923807747e-31
5.233428344018633549e-01 4.283045548841117288e-31 5.738408784887267743e-31 5.738408784887267743e-31 3.002300267366648129e-31
5.233428344018636880e-01 2.939630439837836260e-32 2.787478957618750501e-32 2.787478957618750501e-32 1.214438969924617745e-32
5.256248724065893940e-01 -1.651160607734889138e-32 9.645568865356956911e-33 9.645568865356956911e-33 1.756294756609292351e-32
5.256248724065896161e-01 2.529365406985071427e-31 1.927446215328614882e-31 1.927446215328614882e-31 9.705295503983009631e-32
5.256803373494137732e-01 3.677800060135873271e-31 2.418949697594505593e-31 2.418949697594505593e-31 1.058094396134619914e-31
5.256803373494139953e-01 -1.052482074306641403e-31 -1.246737618787618179e-31 -1.246737618787618179e-31 -6.533820060327382223e-32
5.282278784906644375e-01 -1.983519680065558346e-31 -2.050977433119711232e-31 -2.050977433119711232e-31 -1.349725957481604040e-31
5.282278784906645486e-01 -1.470656353323911002e-32 -1.060481212495842748e-31 -1.060481212495842748e-31 -6.402634177655454837e-32
5.290611583119076977e-01 -9.971083352000523104e-31 -1.029078366717636954e-30 -1.029078366717636954e-30 -4.778998185703716317e-31
5.290611583119083638e-01 -1.841973577852862007e-32 -2.209296726234646336e-32 -2.209296726234646336e-32 -1.953168058373167727e-32
5.316971947646285113e-01 -1.864573506298719178e-30 -1.666944408387503018e-30 -1.666944408387503018e-30 -7.527115821341654487e-31
5.316971947646285113e-01 3.112535465901358913e-31 5.178409126951239473e-32 5.178409126951239473e-32 -3.437410974804571962e-33
5.330066506704592699e-01 -3.710763327569428967e-31 -3.425831232058414210e-31 -3.425831232058414210e-31 -1.753131666179143401e-31
5.330066506704594920e-01 4.309229904099293383e-31 3.249841209788348872e-31 3.249841209788348872e-31 1.613483875264189333e-31
5.334491122037819943e-01 6.001813904638608040e-31 6.661385444579951981e-31 6.661385444579951981e-31 3.562609049579590905e-31
5.334491122037819943e-01 1.176725811779577552e-31 6.431200561182486426e-32 6.431200561182486426e-32 2.862288296004609983e-32
5.393373536068551966e-01 -2.122387426155461424e-31 -1.392745384642650693e-31 -1.392745384642650693e-31 -8.825978835873926460e-32
5.393373536068555296e-01 -8.527022364885270817e-32 -1.221072265331426724e-31 -1.221072265331426724e-31 -2.854317307908301490e-32
5.420689299903073133e-01 6.579274086780876678e-31 7.447673095402021913e-31 7.447673095402021913e-31 4.539822866759043558e-31
5.420689299903075353e-01 9.824478650308313370e-32 1.771985490294883515e-31 1.771985490294883515e-31 3.656755317927696166e-32
5.436168270784663692e-01 -3.354624907353493481e-30 -3.665718644311956401e-30 -3.665718644311956401e-30 -1.900278591005962931e-30
5.436168270784664802e-01 -3.417030750934145058e-30 -2.925420148962606793e-30 -2.925420148962606793e-30 -1.448652317946526118e-30
5.436826174818540913e-01 3.584736448200755487e-32 6.286890463761014042e-32 6.286890463761014042e-32 3.920374781131454966e-32
5.436826174818544244e-01 9.907405242330701470e-32 2.815136116925270638e-32 2.815136116925270638e-32 6.896167257462215302e-33
5.454641760190946931e-01 -3.350622107905221981e-32 -6.576551013791001370e-33 -6.576551013791001370e-33 1.323384937228993675e-34
5.454641760190949151e-01 -4.965409024234002185e-31 -3.384170961005301066e-31 -3.384170961005301066e-31 -1.491209675825361998e-31
5.455335780431084247e-01 7.057004411579091736e-31 8.473369605379269726e-31 8.473369605379269726e-31 5.056204793090254663e-31
5.455335780431084247e-01 1.100096340338063536e-31 7.980866819160179073e-32 7.980866819160179073e-32 3.761808871897298372e-32
5.502471222748860358e-01 -8.541159208497007994e-32 -1.524533460131129329e-31 -1.524533460131129329e-31 -8.202944440241392728e-32
5.502471222748862578e-01 4.608192683267238621e-31 4.274754497562780836e-31 4.274754497562780836e-31 2.222243482485516085e-31
5.514759866491596441e-01 -4.062760418193519630e-32 -5.397486579609635798e-32 -5.397486579609635798e-32 -1.176772345647582875e-32
5.514759866491596441e-01 -6.174594070272022941e-31 -6.754075264086408016e-31 -6.754075264086408016e-31 -3.643465622088283130e-31
5.514959128449570258e-01 1.785206305186624997e-31 4.440283429832508122e-32 4.440283429832508122e-32 1.116395632838028650e-32
5.514959128449572479e-01 -1.630582815138274156e-30 -1.842191147253528687e-30 -1.842191147253528687e-30 -1.011098765179082410e-30
5.527490281008270445e-01 4.641855102889370353e-32 1.495645717101340303e-31 1.495645717101340303e-31 1.035868749295201897e-31
5.527490281008274886e-01 6.343036739305036156e-30 5.748315372591606169e-30 5.748315372591606169e-30 3.042149286449849555e-30
5.548362064748488809e-01 -9.461432143740822381e-31 -7.996172523733564739e-31 -7.996172523733564739e-31 -3.938673903448715379e-31
5.548362064748492140e-01 4.170678601486454694e-30 3.860005440268327313e-30 3.860005440268327313e-30 1.918408705859782829e-30
5.559955208360456425e-01 8.593243527563758233e-31 1.089547607398312472e-30 1.089547607398312472e-30 5.359413308448382461e-31
5.559955208360458645e-01 -2.126314974283335841e-30 -1.276780391851867865e-30 -1.276780391851867865e-30 -5.726708957271871858e-31
5.577554287567431102e-01 -7.384109383751845484e-31 -7.456681527085187605e-31 -7.456681527085187605e-31 -3.565666849095878416e-31
5.577554287567442204e-01 2.906215209356589141e-30 2.680644050700591250e-30 2.680644050700591250e-30 1.510132662957787901e-30
5.586560075689364080e-01 -8.940318472243230178e-31 -9.675319683041979981e-31 -9.675319683041979981e-31 -4.993581000862828616e-31
5.586560075689368521e-01 -8.025723787990145767e-32 -5.492796493793441034e-32 -5.492796493793441034e-32 -1.681327743229674770e-32
5.589980149983072577e-01 -1.340691389075061588e-30 -1.387679412700416374e-30 -1.387679412700416374e-30 -6.862700954508278301e-31
5.589980149983075908e-01 -1.788241576130191337e-31 -2.049042930968979294e-31 -2.049042930968979294e-31 7.099548615046511539e-32
5.615038707874888679e-01 -4.328702365753095779e-30 -4.079668576556211840e-30 -4.079668576556211840e-30 -2.225036798762200616e-30
5.615038707874890900e-01 -2.577272506156596754e-30 -2.211422279999905293e-30 -2.211422279999905293e-30 -1.095457633975346698e-30
5.616611814605655395e-01 1.873133161487717534e-31 -1.877929507278882402e-31 -1.877929507278882402e-31 -2.005943553606725207e-31
5.616611814605662056e-01 -7.292140034758636827e-31 -1.491974520875409196e-30 -1.491974520875409196e-30 -7.305421175206555868e-31
5.621667545887238937e-01 2.463812677470390399e-30 2.417515533776187057e-30 2.417515533776187057e-30 1.262916939456269275e-30
5.621667545887238937e-01 3.683961130753292554e-32 -3.237722887454835720e-31 -3.237722887454835720e-31 -1.907443193641825227e-31
5.634700677721607986e-01 6.563263185329013832e-31 8.941899288184934295e-31 8.941899288184934295e-31 4.492882670989945510e-31
5.634700677721610207e-01 1.527832831418659471e-30 1.752910870699909144e-30 1.752910870699909144e-30 1.232556332312327486e-30
5.660779061915077737e-01 2.934334512484434574e-31 2.446821837569965797e-31 2.446821837569965797e-31 1.459954011690100732e-31
5.660779061915079957e-01 6.580604324317107464e-31 8.627808862028247779e-31 8.627808862028247779e-31 4.966189657202515792e-31
5.693925417095108132e-01 1.218716074846218035e-29 1.154828693227073352e-29 1.154828693227073352e-29 5.929548126123341393e-30
5.693925417095112573e-01 -9.119590485879112905e-31 -9.491069622838966635e-31 -9.491069622838966635e-31 -5.007898708725700937e-31
5.714731098849585855e-01 1.097230441417961549e-31 4.761055034071416915e-31 4.761055034071416915e-31 2.694677621993478993e-31
5.714731098849586965e-01 -7.958356375624538183e-31 -2.082633021873723331e-31 -2.082633021873723331e-31 1.038711546559427109e-31
5.725693830749412072e-01 -1.511963849483217753e-31 -6.449919020601258878e-31 -6.449919020601258878e-31 -4.054238510856008631e-31
5.725693830749415403e-01 4.644971341114607726e-30 4.264442419132705619e-30 4.264442419132705619e-30 2.217842366995378379e-30
5.726146609063460513e-01 2.171336095325714199e-31 2.077906642239732660e-31 2.077906642239732660e-31 7.750330809626834868e-32
5.726146609063469395e-01 1.739665215770269153e-30 1.301499556614652965e-30 1.301499556614652965e-30 6.878577166237714247e-31
5.733012203884901847e-01 3.550805391107189017e-30 3.274321246606888584e-30 3.274321246606888584e-30 1.731857682096373260e-30
5.733012203884901847e-01 -1.317119297113439205e-30 -2.503208926975148980e-30 -2.503208926975148980e-30 -1.494528381647445447e-30
5.749925342032993214e-01 -1.442075274921832181e-30 -1.574782440613917122e-30 -1.574782440613917122e-30 -8.227624600846036692e-31
5.749925342033005427e-01 -1.446110304947235564e-30 -8.764636337344249406e-31 -8.764636337344249406e-31 -4.386965212981781483e-31
5.776842623567093327e-01 5.664486393503655327e-30 6.839545832473168951e-30 6.839545832473168951e-30 3.584975471454327034e-30
5.776842623567104429e-01 -6.012740071093322696e-30 -5.372877304101949234e-30 -5.372877304101949234e-30 -2.797462876026027892e-30
5.813121740233477830e-01 -1.004079053322253662e-30 -1.108338276112972262e-30 -1.108338276112972262e-30 -4.198726421445502394e-31
5.813121740233497814e-01 -7.367897590709744790e-30 -7.516114238190390352e-30 -7.516114238190390352e-30 -3.885161813902077501e-30
5.820199952824187672e-01 1.223086560980187563e-31 1.554115447993427614e-31 1.554115447993427614e-31 -9.445173017127995653e-33
5.820199952824188783e-01 -6.165279154730423457e-31 -4.243362679230726819e-31 -4.243362679230726819e-31 -2.199739292335056679e-31
5.843258282025562966e-01 4.234491223038092031e-30 4.759222219197036227e-30 4.759222219197036227e-30 2.353209037568448440e-30
5.843258282025568517e-01 1.851903406705806038e-30 2.118465444377880898e-30 2.118465444377880898e-30 1.197786503868157968e-30
5.847053547178849842e-01 7.196730225219048514e-30 5.349631263816005491e-30 5.349631263816005491e-30 2.546327830981254589e-30
5.847053547178852062e-01 1.444067038204121584e-30 5.570346101507596012e-30 5.570346101507596012e-30 3.248006240615902780e-30
5.871908422448873788e-01 1.231132919332027444e-29 1.044477395201342853e-29 1.044477395201342853e-29 5.091099635089761215e-30
5.871908422448874898e-01 2.516165207169132847e-29 1.732569063185699480e-29 1.732569063185699480e-29 7.900386863478991585e-30
5.891149311116868903e-01 3.115718804046842364e-30 7.714476272502535774e-30 7.714476272502535774e-30 4.505529762793485564e-30
5.891149311116874454e-01 1.688262913468334139e-30 2.157537210442269391e-30 2.157537210442269391e-30 9.977631079436385769e-31
5.912377101175416705e-01 -5.300311321818162641e-33 -2.393971820921916010e-31 -2.393971820921916010e-31 -1.520971802270334913e-31
5.912377101175423366e-01 5.293723793078496974e-30 3.970824882745224953e-30 3.970824882745224953e-30 2.153201072666790781e-30
5.916507014324892122e-01 -7.366861046874293808e-30 -9.598381316416534004e-30 -9.598381316416534004e-30 -5.282312140874798871e-30
5.916507014324893232e-01 1.366907299468376394e-30 2.570619770255800892e-30 2.570619770255800892e-30 1.319345491744187220e-30
5.925295945150773624e-01 1.436891394679491806e-31 2.018150683038669583e-31 2.018150683038669583e-31 1.630497252640927491e-31
5.925295945150781396e-01 1.935063756589602963e-30 2.236645646198359314e-30 2.236645646198359314e-30 1.301875637183011139e-30
5.967833535511918308e-01 -2.381579186016109715e-31 7.098555565111862032e-31 7.098555565111862032e-31 5.019267640585459194e-31
5.967833535511922749e-01 -3.540442120290644759e-29 -2.902967518231454808e-29 -2.902967518231454808e-29 -1.353385177910483362e-29
6.010345634255237490e-01 -1.431148099718862329e-30 -1.921186063920225078e-30 -1.921186063920225078e-30 -1.107233057987976681e-30
6.010345634255238600e-01 -2.754632138728754184e-30 -2.704358109516770317e-30 -2.704358109516770317e-30 -1.583067390169414219e-30
6.011494123016034585e-01 -2.956560544513588094e-30 -4.194760654997672448e-30 -4.194760654997672448e-30 -2.085479708504529495e-30
6.011494123016039026e-01 -5.481406193026852368e-29 -4.180628301951316339e-29 -4.180628301951316339e-29 -1.917289803419491617e-29
6.011654147170426565e-01 1.764405751402163434e-29 8.889482574544788922e-30 8.889482574544788922e-30 4.258024669257153306e-30
6.011654147170427676e-01 -1.601208015896792341e-29 -1.199745311373558096e-29 -1.199745311373558096e-29 -6.077048852228612548e-30
6.025062397613395460e-01 9.695248649811436806e-30 1.361207488484835836e-29 1.361207488484835836e-29 7.254244338254202992e-30
6.025062397613403231e-01 1.560688978201137490e-29 1.276047744189782222e-29 1.276047744189782222e-29 6.118460423578107567e-30
