-5.298985361377567260e-01 -1.128013085480164819e-05 -1.110687281147983096e-11 -1.110687281147983096e-11 -1.129062909649672684e-05
-5.298985361377562819e-01 3.471356061468498924e-05 -1.110666902020593886e-11 -1.110666902020593886e-11 3.470306237370366460e-05
-5.296600935588127168e-01 -1.262939889599301805e-29 8.232777705711366903e-29 8.232777705711366903e-29 1.805836995075058303e-28
-5.296600935588127168e-01 -3.721620044610332679e-28 -2.653781543456665977e-28 -2.653781543456665977e-28 2.300073262923350401e-28
-5.291354072395944019e-01 -9.120864466720533948e-28 -1.537292883507410801e-27 -1.537292883507410801e-27 -3.483893977723312725e-28
-5.291354072395939578e-01 -1.447772248918821199e-27 -2.413232402059406869e-28 -2.413232402059406869e-28 7.654460267784795227e-28
-5.289916305987505396e-01 -5.755504013662734661e-28 -9.597953585716911867e-28 -9.597953585716911867e-28 1.723251143845141164e-27
-5.289916305987503176e-01 6.658834544934618480e-28 -3.059263031566008400e-29 -3.059263031566008400e-29 3.543069492512907341e-28
-5.286326114202271054e-01 8.039628955359616556e-04 -3.743159103467958181e-10 -3.743159103467958181e-10 8.036090820366113873e-04
-5.286326114202271054e-01 1.246087034029334144e-03 -3.743137168809551822e-10 -3.743137168809551822e-10 1.245733220525012267e-03
-5.276569972414302256e-01 -3.588982361698894153e-28 5.076572822617223510e-28 5.076572822617223510e-28 -5.836499489505734422e-28
-5.276569972414300036e-01 4.236484662772873461e-27 7.259430897824436816e-28 7.259430897824436816e-28 -2.074601034356950312e-27
-5.271630978146767399e-01 1.861203806956961398e-03 -4.383825031031028868e-10 -4.383825031031028868e-10 1.860789435165206666e-03
-5.271630978146766289e-01 1.930427367000530628e-03 -4.383811613638824196e-10 -4.383811613638824196e-10 1.930012995209962664e-03
-5.263414507581065660e-01 2.796243270649160351e-05 -1.844926414756642662e-11 -1.844926414756642662e-11 2.794499397737172948e-05
-5.263414507581065660e-01 1.192639482771448771e-04 -1.844945842717194842e-11 -1.844945842717194842e-11 1.192465095479545469e-04
-5.259801682488289831e-01 -6.092181683439351425e-29 6.263080338653585680e-28 6.263080338653585680e-28 -7.379641083031651060e-28
-5.259801682488287611e-01 -9.044503664971215990e-30 1.189986155495227268e-28 1.189986155495227268e-28 6.688651095178224095e-29
-5.255684740859167814e-01 -4.251023121037168525e-28 -4.876973349341292944e-29 -4.876973349341292944e-29 1.359949657615383792e-28
-5.255684740859163373e-01 1.596287046130709446e-28 2.883532542791016620e-29 2.883532542791016620e-29 8.560038813911379874e-29
-5.249438863125834853e-01 2.292329751617886127e-28 8.475928980192685843e-29 8.475928980192685843e-29 -7.417132279523873827e-29
-5.249438863125832633e-01 1.314863823286052274e-27 1.466483161693643153e-27 1.466483161693643153e-27 -5.554075374951076963e-28
-5.246090767386802911e-01 -2.441615325816287639e-04 -4.338794241647023832e-11 -4.338794241647023832e-11 -2.442025444988346963e-04
-5.246090767386801801e-01 1.346290019453912914e-04 -4.338810106973985013e-11 -4.338810106973985013e-11 1.345879900279384862e-04
-5.240948228867934322e-01 -2.115181103468839096e-05 -2.851732662698060006e-12 -2.851732662698060006e-12 -2.115450660933101138e-05
-5.240948228867929881e-01 1.762641918602697488e-05 -2.851830939177253804e-12 -2.851830939177253804e-12 1.762372361317921050e-05
-5.234637256598144717e-01 4.840957964902368895e-28 6.478239588619825822e-28 6.478239588619825822e-28 7.956930353344301218e-28
-5.234637256598143606e-01 4.566893622446143540e-28 1.928926216048356964e-28 1.928926216048356964e-28 -1.663249067178404858e-29
-5.233058935884199458e-01 7.372665213529309580e-08 -9.667536283505921758e-13 -9.667536283505921758e-13 7.281282080458573120e-08
-5.233058935884197238e-01 -1.438540021038518492e-06 -9.668214586646938369e-13 -9.668214586646938369e-13 -1.439453852363036454e-06
-5.232202821307082585e-01 2.373650866734066701e-28 8.964347275310300144e-29 8.964347275310300144e-29 -2.698908612540800379e-29
-5.232202821307082585e-01 3.388389914569954897e-28 4.805192772968717949e-29 4.805192772968717949e-29 3.004924761450491211e-28
-5.221452066580047902e-01 -2.706548526130064455e-03 -1.627209331020603690e-09 -1.627209331020603690e-09 -2.708086613541114789e-03
-5.221452066580046791e-01 -4.795561696783729941e-03 -1.627212082944118783e-09 -1.627212082944118783e-09 -4.797099784187261982e-03
-5.215032710286293671e-01 -6.277650365212196059e-04 -1.016922789280511748e-10 -1.016922789280511748e-10 -6.278611590166464874e-04
-5.215032710286292561e-01 -4.826365048406285486e-04 -1.016931157259079805e-10 -1.016931157259079805e-10 -4.827326273349378887e-04
-5.213220572360961480e-01 -3.183562465127514798e-28 1.791926115085427718e-28 1.791926115085427718e-28 -6.851497314746857948e-29
-5.213220572360960370e-01 -1.188806640055340447e-29 -4.810301742512995757e-28 -4.810301742512995757e-28 -2.408516907082291896e-27
-5.200262388251086776e-01 -1.916004669692443082e-07 1.928089486105313936e-12 1.928089486105313936e-12 -1.897779688025556278e-07
-5.200262388251084555e-01 1.077674825778215077e-05 1.927981661761724118e-12 1.927981661761724118e-12 1.077857075660098071e-05
-5.197323472236554665e-01 -1.888443256617686260e-04 -8.573086206862578989e-11 -8.573086206862578989e-11 -1.889253630128459095e-04
-5.197323472236550224e-01 -2.348534577022653666e-04 -8.573326558061495344e-11 -8.573326558061495344e-11 -2.349344950536473109e-04
-5.190820051498876708e-01 8.082343921246013300e-29 1.558680380059917578e-29 1.558680380059917578e-29 -9.790011578843272980e-29
-5.190820051498873378e-01 2.362909478731769668e-28 1.520638062042091104e-28 1.520638062042091104e-28 2.092409059689107495e-27
-5.186832923301946119e-01 -4.992272341837391468e-30 2.032828481624963417e-29 2.032828481624963417e-29 -2.815776483478904858e-28
-5.186832923301940568e-01 2.945380472071855693e-27 -1.047730861318354666e-27 -1.047730861318354666e-27 1.270780876994722311e-27
-5.184491469529186602e-01 -4.174359749020806849e-04 -7.573759228536900816e-11 -7.573759228536900816e-11 -4.175075639256282120e-04
-5.184491469529184382e-01 -8.482882463726902818e-05 -7.573752275537058781e-11 -7.573752275537058781e-11 -8.490041365960619268e-05
-5.183805614852760035e-01 3.847566730512063584e-28 -8.836233120341141401e-29 -8.836233120341141401e-29 2.547108826766155903e-28
-5.183805614852756705e-01 -4.179739537537682487e-28 -1.721687548451899842e-28 -1.721687548451899842e-28 -9.391936789094745344e-28
-5.176048263021167939e-01 1.818844427785801432e-28 -8.918606183578796664e-29 -8.918606183578796664e-29 -1.872486232863536010e-28
-5.176048263021165718e-01 9.945044880019828611e-29 1.073628469209331616e-28 1.073628469209331616e-28 1.230298070468594095e-28
-5.170495686752097919e-01 -3.391584813825174915e-25 -1.342065366049963487e-26 -1.342065366049963487e-26 -3.258820271312356233e-25
-5.170495686752095699e-01 1.785194018725511801e-25 -4.471813733607060073e-27 -4.471813733607060073e-27 1.753847241533383973e-25
-5.170365254170312674e-01 -6.868451200457365360e-04 -3.861614540361642460e-10 -3.861614540361642460e-10 -6.872101317528195395e-04
-5.170365254170311564e-01 -3.751698256512691005e-04 -3.861628372873394261e-10 -3.861628372873394261e-10 -3.755348373582862928e-04
-5.163445338790925154e-01 6.079341351204521878e-26 4.731993232589809302e-27 4.731993232589809302e-27 1.682752153037128332e-26
-5.163445338790922934e-01 5.661041026387194033e-27 2.888074274941660223e-27 2.888074274941660223e-27 3.302098716842590419e-28
-5.162907530522516941e-01 1.648033519028735058e-03 -2.825199238486250742e-10 -2.825199238486250742e-10 1.647766472928448300e-03
-5.162907530522516941e-01 -5.033192571010384943e-04 -2.825200648627752884e-10 -2.825200648627752884e-10 -5.035863031993554739e-04
-5.160207121766750005e-01 -2.239622012606167620e-05 -6.601797446081263900e-12 -6.601797446081263900e-12 -2.240246046812178256e-05
-5.160207121766748894e-01 2.643098796151472130e-05 -6.601943295074631323e-12 -6.601943295074631323e-12 2.642474761970745766e-05
-5.157935832995327319e-01 1.289492733286616170e-28 -7.882601703643924533e-28 -7.882601703643924533e-28 9.727193809708850155e-28
-5.157935832995326209e-01 -3.391936172020348114e-28 -4.198203060353493587e-28 -4.198203060353493587e-28 5.128091834962998432e-28
-5.149655747571572073e-01 2.139810544825623045e-05 -6.336712846884122912e-12 -6.336712846884122912e-12 2.139211613541250960e-05
-5.149655747571570963e-01 3.186410671238851727e-05 -6.336314699828479147e-12 -6.336314699828479147e-12 3.185811739966757554e-05
-5.145702964933777102e-01 -1.795450869424727294e-27 6.813625602364783926e-28 6.813625602364783926e-28 -3.009436032091053426e-28
-5.145702964933775991e-01 -4.177411831620249725e-28 1.020728745179730819e-28 1.020728745179730819e-28 4.991939159135093157e-29
-5.141071381610597957e-01 -1.028462582318749813e-03 -1.712047660988703515e-10 -1.712047660988703515e-10 -1.028624411833309977e-03
-5.141071381610594626e-01 -4.046727657393065078e-04 -1.712058888986887226e-10 -1.712058888986887226e-10 -4.048345952500784152e-04
-5.139471863776851057e-01 7.809135071042993772e-28 -3.323256640130919769e-28 -3.323256640130919769e-28 8.753346885523861568e-28
-5.139471863776846616e-01 9.182269373957017550e-29 -6.251677038129137925e-28 -6.251677038129137925e-28 -7.158480104016252560e-28
-5.137166072452837851e-01 2.941480785427171456e-28 1.931470346638641153e-28 1.931470346638641153e-28 1.007826798473830972e-27
-5.137166072452836740e-01 3.828493667453880599e-27 2.442852198744968195e-29 2.442852198744968195e-29 3.604632363121106974e-27
-5.135780726666111518e-01 7.164477284721302783e-03 -1.118685645998217914e-09 -1.118685645998217914e-09 7.163419868812602453e-03
-5.135780726666111518e-01 -4.742409058205712333e-03 -1.118689233616548899e-09 -1.118689233616548899e-09 -4.743466474114532358e-03
-5.131864652839666086e-01 2.303860085800791245e-05 -3.950871318742992250e-12 -3.950871318742992250e-12 2.303486641231198851e-05
-5.131864652839663865e-01 -1.379686430054494170e-05 -3.950854417527152202e-12 -3.950854417527152202e-12 -1.380059874617955061e-05
-5.131721215875630904e-01 6.942987105639962631e-29 3.277999339968214442e-28 3.277999339968214442e-28 9.991799487244268364e-28
-5.131721215875628683e-01 8.438046489089148027e-28 -1.410717223171126104e-27 -1.410717223171126104e-27 -7.958820283561968429e-28
-5.129131121608787591e-01 5.870831270524468813e-05 -1.180574424998904124e-11 -1.180574424998904124e-11 5.869715330231184153e-05
-5.129131121608783150e-01 -4.846427682779581647e-05 -1.180636194671839448e-11 -1.180636194671839448e-11 -4.847543623121708259e-05
-5.126965274504970971e-01 6.254903741387172605e-28 2.934370914433270450e-28 2.934370914433270450e-28 3.383388621308509141e-28
-5.126965274504969861e-01 1.915460690392779951e-28 1.916386420708725862e-28 1.916386420708725862e-28 -1.567299651005275099e-28
-5.117261143336517826e-01 4.222007467775090272e-07 -1.435685107984804577e-11 -1.435685107984804577e-11 4.086301818436997618e-07
-5.117261143336514495e-01 1.188368886381370154e-06 -1.435680069747508689e-11 -1.435680069747508689e-11 1.174798321649139484e-06
-5.110831889641735959e-01 4.645954191518790035e-28 1.464083632827574776e-28 1.464083632827574776e-28 -6.776860271052919866e-28
-5.110831889641735959e-01 1.391281198260451411e-29 4.811284927964309831e-29 4.811284927964309831e-29 -2.903019921747996354e-29
-5.104403170950541080e-01 4.227596590998661004e-28 2.231068056465171387e-28 2.231068056465171387e-28 -3.456156580633973904e-28
-5.104403170950541080e-01 -4.489965009298726290e-29 -1.989231232526352543e-28 -1.989231232526352543e-28 -2.527364173348139524e-28
-5.100369155604089766e-01 8.407120697962410221e-06 -3.075550325404689655e-11 -3.075550325404689655e-11 8.378049508400939338e-06
-5.100369155604088656e-01 1.647219659553551970e-04 -3.075570437658875385e-11 -3.075570437658875385e-11 1.646928947654417263e-04
-5.100212948551313685e-01 -1.057298664927601830e-04 -1.761029085038988900e-11 -1.761029085038988900e-11 -1.057465124017639908e-04
-5.100212948551312575e-01 1.055375707887187966e-04 -1.761083801059459085e-11 -1.761083801059459085e-11 1.055209248794810315e-04
-5.090178113656292913e-01 3.074255471458311507e-30 -5.215194206853259440e-30 -5.215194206853259440e-30 3.367471650034431805e-29
-5.090178113656290693e-01 1.089343767675248651e-27 -2.225750521224993697e-28 -2.225750521224993697e-28 -3.744587991204834309e-28
-5.085227978989045328e-01 1.436410535549554591e-05 -2.481887788938037717e-12 -2.481887788938037717e-12 1.436175939983274273e-05
-5.085227978989045328e-01 1.307526775411057137e-05 -2.482032628742747084e-12 -2.482032628742747084e-12 1.307292179845811046e-05
-5.072123630958527141e-01 4.187094939492883375e-05 -8.596532942119623183e-12 -8.596532942119623183e-12 4.186282365133091587e-05
-5.072123630958527141e-01 2.975474559808559303e-06 -8.596635638509796805e-12 -8.596635638509796805e-12 2.967348815708973877e-06
-5.070513879520035516e-01 -3.597584253635826127e-29 -5.673950555961453774e-29 -5.673950555961453774e-29 -9.210971021684488941e-29
-5.070513879520034406e-01 1.181486307250016465e-29 -3.541400157098224522e-29 -3.541400157098224522e-29 1.999544078464026789e-28
-5.068474598435787071e-01 -1.476042996142417198e-04 -2.126216028163283832e-11 -2.126216028163283832e-11 -1.476243970693190020e-04
-5.068474598435785961e-01 1.159096167805922752e-04 -2.126196587263992544e-11 -2.126196587263992544e-11 1.158895193258724680e-04
-5.062040144559836197e-01 -1.161841571217925124e-29 -6.928264498179046569e-29 -6.928264498179046569e-29 -1.762736409778558839e-28
-5.062040144559835086e-01 9.150966663613049964e-28 -2.058970051815220190e-28 -2.058970051815220190e-28 -3.135180772505121133e-28
-5.061305933519468780e-01 3.870165897406136661e-04 -6.639350928874001309e-11 -6.639350928874001309e-11 3.869538327359372740e-04
-5.061305933519467670e-01 -2.986243920961615208e-04 -6.639341184323569801e-11 -6.639341184323569801e-11 -2.986871491004999130e-04
-5.060079816876019709e-01 3.879954885425736114e-04 -1.084448374231199921e-10 -1.084448374231199921e-10 3.878929833218714980e-04
-5.060079816876017489e-01 -5.636445418491175217e-04 -1.084446539406318393e-10 -1.084446539406318393e-10 -5.637470470693388457e-04
-5.049605411983120185e-01 3.238542317788584555e-29 -2.007089193965222647e-29 -2.007089193965222647e-29 1.873284916724004766e-30
-5.049605411983119074e-01 5.703326518086902108e-30 -1.724712077178213175e-28 -1.724712077178213175e-28 2.204690683870586597e-28
-5.035973416566925653e-01 1.364298508037496462e-27 -5.774127506803667231e-28 -5.774127506803667231e-28 3.828329892810735282e-28
-5.035973416566925653e-01 2.193772138182642794e-28 -2.501560665603443842e-28 -2.501560665603443842e-28 3.682955267172422079e-28
-5.035137656127167682e-01 7.584293259921350049e-04 -2.343992674741637697e-10 -2.343992674741637697e-10 7.582077663603653582e-04
-5.035137656127167682e-01 3.788594791438842360e-04 -2.343976190819484101e-10 -2.343976190819484101e-10 3.786379195145162056e-04
-5.026318428360914137e-01 -2.230358186598278773e-05 -3.286629481740594445e-12 -3.286629481740594445e-12 -2.230668855982643133e-05
-5.026318428360913027e-01 2.331566317566051476e-05 -3.286693987128832874e-12 -3.286693987128832874e-12 2.331255648207795382e-05
-5.020118909782954608e-01 -6.395669580431952062e-28 2.710074334738992063e-29 2.710074334738992063e-29 1.200742215717971515e-29
-5.020118909782953498e-01 5.174017177404683369e-28 -8.689282630191064235e-28 -8.689282630191064235e-28 -2.142578930327525822e-28
-5.014372551051941018e-01 -3.757124730165191728e-30 -4.102422154116300189e-29 -4.102422154116300189e-29 -1.028403598077127539e-29
-5.014372551051941018e-01 -1.313805723240712859e-28 2.516130924240559663e-28 2.516130924240559663e-28 -8.061023176953820176e-29
-5.002601988813319966e-01 5.767758078682364401e-29 1.826498750976103144e-29 1.826498750976103144e-29 1.754136178768491035e-29
-5.002601988813319966e-01 2.632773660593352580e-29 -3.400458689965299021e-29 -3.400458689965299021e-29 7.391648082874856033e-30
-4.997779889951348142e-01 4.752977517231246612e-29 -6.932449603094426236e-29 -6.932449603094426236e-29 3.775482964167878784e-29
-4.997779889951347587e-01 5.065309313323194388e-29 -1.544920087102733671e-29 -1.544920087102733671e-29 -3.412352082210521683e-30
-4.993199540701123706e-01 9.979696086965259352e-05 -1.869436416007057771e-11 -1.869436416007057771e-11 9.977929048362509058e-05
-4.993199540701123706e-01 -8.835111498414292949e-05 -1.869418882903555174e-11 -1.869418882903555174e-11 -8.836878536992743562e-05
-4.989342776536428437e-01 -2.969448700048978498e-30 -6.772698619260085157e-29 -6.772698619260085157e-29 -1.323454279069970186e-28
-4.989342776536427881e-01 -4.487539396936404800e-29 4.142167396344999938e-29 4.142167396344999938e-29 -1.061726967083392892e-28
-4.984019988688171421e-01 1.152740555680330549e-06 -3.085803012012037312e-13 -3.085803012012037312e-13 1.152448893948923580e-06
-4.984019988688170866e-01 8.078104034216238428e-07 -3.085725210068284669e-13 -3.085725210068284669e-13 8.075187416788298921e-07
-4.983418508014177406e-01 -4.854734344499615502e-29 1.949655780433191492e-28 1.949655780433191492e-28 -1.122330520255048315e-28
-4.983418508014176851e-01 8.441972243451098381e-29 4.897898087755871634e-29 4.897898087755871634e-29 -4.401117613191256738e-29
-4.981805985179930674e-01 -4.092230169690443695e-05 -1.276162247928030759e-11 -1.276162247928030759e-11 -4.093436419533333332e-05
-4.981805985179930119e-01 6.935076438828834794e-05 -1.276156938058036898e-11 -1.276156938058036898e-11 6.933870188998109228e-05
-4.973454516872086173e-01 -1.485441268883765733e-28 2.796996015993940472e-29 2.796996015993940472e-29 3.552532658538437957e-29
-4.973454516872086173e-01 -2.085560373721330808e-28 -1.543969675485694603e-30 -1.543969675485694603e-30 -1.279525758441863886e-28
-4.966455287587712708e-01 -4.071388554513535197e-06 -6.382048905966242747e-13 -6.382048905966242747e-13 -4.071991755077271417e-06
-4.966455287587712153e-01 1.957663878634332340e-06 -6.380532370189173733e-13 -6.380532370189173733e-13 1.957060677783359625e-06
-4.962907136390144469e-01 -3.229338302997863272e-28 1.880178481430311161e-28 1.880178481430311161e-28 9.704332985704704324e-30
-4.962907136390143359e-01 -8.817206287822620559e-29 -2.472845868172972688e-30 -2.472845868172972688e-30 8.189047065719429244e-29
-4.955748248495799868e-01 -4.085007779375556625e-29 6.559196776245762270e-29 6.559196776245762270e-29 -1.997395524303217085e-28
-4.955748248495798203e-01 -3.475203709822670922e-29 5.794773300550981399e-30 5.794773300550981399e-30 2.280593159290060722e-29
-4.946675193114105640e-01 -2.510039034406409915e-29 -4.098243211108832755e-29 -4.098243211108832755e-29 1.519311118442832152e-28
-4.946675193114105085e-01 -4.708379263741415064e-29 3.785639466968837818e-29 3.785639466968837818e-29 5.592683750459029956e-29
-4.944980908967230304e-01 -1.994409328890463217e-28 6.597979544360332338e-29 6.597979544360332338e-29 -1.226643577227621375e-28
-4.944980908967229194e-01 7.291905275604537057e-29 5.643407685187522014e-29 5.643407685187522014e-29 7.526959886148681958e-29
-4.941928496284357930e-01 4.528624061473163692e-06 1.890975801687417032e-12 1.890975801687417032e-12 4.530411466433471385e-06
-4.941928496284357930e-01 -7.297687131661963485e-06 1.890981562001432415e-12 1.890981562001432415e-12 -7.295899726737054992e-06
-4.939413840019880042e-01 3.639656729000009438e-06 1.237651918800118117e-12 1.237651918800118117e-12 3.640826526758960813e-06
-4.939413840019877822e-01 -6.702394693611112780e-06 1.237564184948319490e-12 1.237564184948319490e-12 -6.701224895951445524e-06
-4.932450916580861655e-01 4.340733263829988650e-28 4.201064632451173522e-29 4.201064632451173522e-29 -3.938824687611004938e-29
-4.932450916580861100e-01 -1.321108400287759268e-28 -1.119037088665078878e-28 -1.119037088665078878e-28 1.013863214548339550e-29
-4.924924979468134900e-01 5.605330363071645902e-30 -1.073552225258510769e-28 -1.073552225258510769e-28 -9.207332098883254615e-29
-4.924924979468133235e-01 4.695790650447997635e-29 1.439535523235559924e-29 1.439535523235559924e-29 -1.575261132397518313e-29
-4.911234181422438061e-01 2.528957272771245657e-27 3.791993850024892801e-28 3.791993850024892801e-28 -2.707694020722304066e-28
-4.911234181422434730e-01 3.087907965396180595e-28 1.144273258868880025e-28 1.144273258868880025e-28 4.781401591671696955e-29
-4.910029208930428157e-01 -5.895000060812762878e-04 -8.783928876014132670e-11 -8.783928876014132670e-11 -5.895830347005103379e-04
-4.910029208930427047e-01 5.045666470493335130e-04 -8.783978689831746969e-11 -8.783978689831746969e-11 5.044836184314424642e-04
-4.905892987790627657e-01 -4.465733325134668379e-29 2.753860263342226050e-29 2.753860263342226050e-29 1.691501209507584649e-28
-4.905892987790626547e-01 -5.827221189782898330e-29 3.326029667008005007e-29 3.326029667008005007e-29 2.510962457984568163e-28
-4.904607416768076988e-01 -8.292980846357884365e-06 -1.205181083773113256e-11 -1.205181083773113256e-11 -8.304372383599173255e-06
-4.904607416768075323e-01 7.195597277324805997e-05 -1.205165834720881859e-11 -1.205165834720881859e-11 7.194458123631535874e-05
-4.899841715431886846e-01 3.124264812297768974e-29 -6.312820841802361064e-29 -6.312820841802361064e-29 -9.778658492589615772e-29
-4.899841715431886291e-01 -1.324800859098428098e-28 4.765533368158997191e-29 4.765533368158997191e-29 3.689381288088194985e-28
-4.899489817736739083e-01 -2.312066502749323730e-05 4.599057775384130400e-12 4.599057775384130400e-12 -2.311631786735283473e-05
-4.899489817736738528e-01 -9.220002466536728435e-06 4.599002813446483342e-12 4.599002813446483342e-12 -9.215655306725047493e-06
-4.892289605663875385e-01 -1.051893972125835918e-03 1.446693595773657357e-10 1.446693595773657357e-10 -1.051757226299247956e-03
-4.892289605663874275e-01 1.029519923762988636e-03 1.446702592359646473e-10 1.446702592359646473e-10 1.029656669591076917e-03
-4.881269234662626300e-01 6.613764658924336427e-28 4.936999336235860521e-28 4.936999336235860521e-28 1.626881235383895496e-27
-4.881269234662626300e-01 2.045701785821462902e-28 -1.146239420125873986e-28 -1.146239420125873986e-28 4.530199692213287590e-28
-4.878741561249403946e-01 -7.364857558587869580e-04 1.939693612456251981e-10 1.939693612456251981e-10 -7.363024101134224824e-04
-4.878741561249402281e-01 1.106789945428783605e-03 1.939682743065519481e-10 1.939682743065519481e-10 1.106973291173805364e-03
-4.878511350346411146e-01 2.478866593323963165e-26 -2.569391595758302308e-27 -2.569391595758302308e-27 3.420286505308501002e-26
-4.878511350346406705e-01 3.227106699242240026e-27 2.937862765647881917e-28 2.937862765647881917e-28 2.126123759560673562e-27
-4.865672372323579520e-01 -3.245121055243217561e-04 1.067568637578216281e-10 1.067568637578216281e-10 -3.244111959127348550e-04
-4.865672372323577854e-01 6.641594376832524833e-04 1.067565325747081611e-10 1.067565325747081611e-10 6.642603472959679846e-04
-4.862064213875205154e-01 -6.758209892420695170e-05 1.172787922205323113e-11 1.172787922205323113e-11 -6.757101342191766463e-05
-4.862064213875202934e-01 4.463919215314975976e-05 1.172801373508808064e-11 1.172801373508808064e-11 4.465027765574589637e-05
-4.857391424673356828e-01 6.589702009929827972e-05 1.402543247504038297e-11 1.402543247504038297e-11 6.591027737379818942e-05
-4.857391424673355718e-01 -8.953249934739061840e-06 1.402540603701670382e-11 1.402540603701670382e-11 -8.939992660338307511e-06
-4.852448842505578397e-01 -1.945669672675457141e-28 -1.565821031219656785e-28 -1.565821031219656785e-28 -6.756103764416988520e-29
-4.852448842505576732e-01 6.348030068769846690e-28 -2.560825354539793474e-28 -2.560825354539793474e-28 -1.475688007284367477e-29
-4.850987271413639279e-01 5.402357478011263007e-28 -7.588740395548481471e-28 -7.588740395548481471e-28 -1.160236880385366684e-28
-4.850987271413638169e-01 -1.890314877666414257e-28 -6.644584849783125598e-28 -6.644584849783125598e-28 4.801202101806063201e-28
-4.849014624447718358e-01 7.580896397998114229e-05 -1.131697829612892553e-11 -1.131697829612892553e-11 7.579826690402716779e-05
-4.849014624447717248e-01 -3.801597971511669924e-05 -1.131708387941705430e-11 -1.131708387941705430e-11 -3.802667679155820557e-05
-4.842029218478338670e-01 -3.790977524230261469e-29 2.219546602564724795e-29 2.219546602564724795e-29 -4.694443749348376910e-29
-4.842029218478337560e-01 3.995169289632732959e-28 -3.219351323437958043e-28 -3.219351323437958043e-28 -3.491166398577012086e-28
-4.841343725680266052e-01 -4.638689488149869070e-06 -2.066128555844231131e-12 -2.066128555844231131e-12 -4.640642323768678573e-06
-4.841343725680262722e-01 6.601436775037242462e-06 -2.065802027782291764e-12 -2.065802027782291764e-12 6.599483939493746047e-06
-4.837276650592461924e-01 2.260081393644519569e-06 4.855135063182159682e-12 4.855135063182159682e-12 2.264670783227207797e-06
-4.837276650592458593e-01 -1.488543931910343017e-05 4.855305798611692288e-12 4.855305798611692288e-12 -1.488084992971105458e-05
-4.834048221330517481e-01 -5.234965672774415512e-28 2.736564994765352741e-28 2.736564994765352741e-28 9.355591198700409761e-28
-4.834048221330514705e-01 -2.965907954513188712e-29 2.016039014238054748e-28 2.016039014238054748e-28 4.329921665060375951e-29
-4.829373398389019134e-01 9.950628976151956674e-05 -2.206866152405340474e-11 -2.206866152405340474e-11 9.948542975842642366e-05
-4.829373398389017469e-01 2.011230837943939550e-05 -2.206861457888930330e-11 -2.206861457888930330e-11 2.009144837634349787e-05
-4.821696154851880523e-01 -2.825034728148586203e-27 1.089861761713062470e-27 1.089861761713062470e-27 3.235735192994680932e-28
-4.821696154851878302e-01 -1.081353892290733513e-27 3.805562782107697275e-28 3.805562782107697275e-28 1.148695278509166513e-27
-4.818314683098180451e-01 2.268761334265055358e-04 -1.791707346226666011e-10 -1.791707346226666011e-10 2.267067746339020476e-04
-4.818314683098178230e-01 1.198859025757084435e-03 -1.791728725975995711e-10 -1.791728725975995711e-10 1.198689666965069506e-03
-4.810619140771728031e-01 1.183741545729332144e-29 5.822278762523514088e-29 5.822278762523514088e-29 -3.543827850926105314e-28
-4.810619140771724700e-01 -1.947843254302978351e-27 -7.933265353467599662e-28 -7.933265353467599662e-28 -3.255005459458686147e-28
-4.807354170793166626e-01 6.781207484399679316e-09 -2.292446777930162336e-14 -2.292446777930162336e-14 6.759536803961364872e-09
-4.807354170793163295e-01 -1.700527255621692580e-07 -2.290365399599798932e-14 -2.290365399599798932e-14 -1.700743962759707444e-07
-4.806671363457309387e-01 -2.186353533343013905e-28 7.745560932728981933e-30 7.745560932728981933e-30 8.889797205341477212e-29
-4.806671363457309387e-01 4.386889439493807535e-29 -7.722673229968183634e-29 -7.722673229968183634e-29 -2.683848704650591460e-28
-4.800366462172748205e-01 1.633087678248882488e-07 7.603110407694203767e-13 7.603110407694203767e-13 1.640273843202103306e-07
-4.800366462172744320e-01 -4.688455000856433965e-07 7.602953222659754459e-13 7.602953222659754459e-13 -4.681268834169200120e-07
-4.788643965677092385e-01 1.249134539337242595e-05 -2.574143417774641300e-12 -2.574143417774641300e-12 1.248891207719207367e-05
-4.788643965677090164e-01 -3.629944750841867406e-06 -2.574391155985789667e-12 -2.574391155985789667e-12 -3.632378067502543272e-06
-4.781231496367877587e-01 3.595763514710795770e-05 1.660918195409620731e-11 1.660918195409620731e-11 3.597333329279871059e-05
-4.781231496367875922e-01 -5.630451702289710565e-05 1.660725891618193301e-11 1.660725891618193301e-11 -5.628881887422223536e-05
-4.777202524897081193e-01 7.721781866140415944e-05 -1.391170331065514804e-10 -1.391170331065514804e-10 7.708632142231239086e-05
-4.777202524897080638e-01 -8.336781046130155391e-04 -1.391189025430174016e-10 -1.391189025430174016e-10 -8.338096018524240437e-04
-4.774853691221025431e-01 -1.052027418869186593e-26 -3.250702098764143291e-27 -3.250702098764143291e-27 5.703015193414865013e-27
-4.774853691221024321e-01 -7.633056114174733318e-28 -7.349560493865514149e-28 -7.349560493865514149e-28 6.703236310824461611e-28
-4.774496879858627918e-01 4.766858832486412526e-05 -8.823669409022768346e-12 -8.823669409022768346e-12 4.766024798647384552e-05
-4.774496879858625698e-01 1.402706149420970270e-05 -8.823638978954134533e-12 -8.823638978954134533e-12 1.401872115484922465e-05
-4.766521632227503913e-01 1.355216101138551333e-27 -4.202835577420579844e-29 -4.202835577420579844e-29 -1.280829365722311604e-27
-4.766521632227500582e-01 4.686847595472727315e-28 1.244360945552997493e-28 1.244360945552997493e-28 -9.283770850363818024e-29
-4.751292765053158895e-01 -1.310972401589075530e-27 1.856155587335924185e-27 1.856155587335924185e-27 -2.757393302089877154e-27
-4.751292765053157785e-01 -3.821575587377375947e-29 2.509639584710592287e-27 2.509639584710592287e-27 -1.803681672695774494e-27
-4.749615734865409999e-01 -2.705063888596793540e-27 -3.703449331230883654e-27 -3.703449331230883654e-27 -6.690267965611567318e-28
-4.749615734865406114e-01 7.588872741166539089e-29 -6.251138576219552446e-28 -6.251138576219552446e-28 2.496134387164434402e-27
-4.748883976721369748e-01 6.797692104335067910e-05 1.184038450631392480e-11 1.184038450631392480e-11 6.798811303280883462e-05
-4.748883976721367528e-01 1.029213727147262521e-05 1.183911492288760533e-11 1.183911492288760533e-11 1.030332926210212057e-05
-4.747456256692954568e-01 8.677970522243592517e-27 3.541105825961061201e-27 3.541105825961061201e-27 7.139795432716428247e-27
-4.747456256692949572e-01 9.623109015471734716e-28 1.425644884059290297e-28 1.425644884059290297e-28 6.078522685812758874e-29
-4.745237248605206348e-01 -1.641397198318495583e-04 6.727556667689384937e-11 6.727556667689384937e-11 -1.640761304228830029e-04
-4.745237248605203018e-01 1.466352827721359149e-05 6.727278585051937389e-11 6.727278585051937389e-11 1.472711768791745896e-05
-4.737601156957385040e-01 -2.218091578096676808e-04 -1.386831399873089648e-10 -1.386831399873089648e-10 -2.219402454515824322e-04
-4.737601156957385040e-01 4.054300348699930957e-04 -1.386810657298021906e-10 -1.386810657298021906e-10 4.052989472279492971e-04
-4.734584828578439764e-01 -3.674144961044580411e-28 9.070592267266901394e-29 9.070592267266901394e-29 -1.685786199748632121e-29
-4.734584828578436433e-01 -1.280405011602313159e-27 -2.751537193291647899e-27 -2.751537193291647899e-27 -2.140639084595795370e-27
-4.731391466070842267e-01 9.190120072768769618e-28 -1.927392297277421996e-27 -1.927392297277421996e-27 -4.294589451812358735e-27
-4.731391466070841156e-01 2.116910046293873024e-27 -3.896574136158385230e-27 -3.896574136158385230e-27 -5.382884590148781846e-27
-4.728473917471714416e-01 2.955951728826280316e-04 -7.933527733223488440e-11 -7.933527733223488440e-11 2.955201824751800023e-04
-4.728473917471711641e-01 -3.531630829271148074e-04 -7.933533479810709018e-11 -7.933533479810709018e-11 -3.532380733309447456e-04
-4.723737390948127279e-01 -2.234984229243630123e-28 1.182508993296176280e-27 1.182508993296176280e-27 -2.352703426935312367e-28
-4.723737390948125614e-01 5.717214503063450215e-28 9.416801709581986099e-28 9.416801709581986099e-28 1.504114662315488689e-27
-4.713700604791942750e-01 -3.112058512988822873e-03 -4.993200875813179706e-10 -4.993200875813179706e-10 -3.112530484873757535e-03
-4.713700604791938864e-01 3.645589944617163430e-03 -4.993210512467406938e-10 -4.993210512467406938e-10 3.645117972729610637e-03
-4.708746467165301763e-01 -9.402834377279806203e-28 5.043386214424984103e-28 5.043386214424984103e-28 -1.916743069089300294e-27
-4.708746467165297878e-01 -4.281611229491742207e-27 -4.240145520285188842e-27 -4.240145520285188842e-27 3.646212361940209068e-27
-4.705442773792850031e-01 -2.718881931809581851e-05 4.159065132255089496e-11 4.159065132255089496e-11 -2.714950652251084515e-05
-4.705442773792847255e-01 -3.341227401934983830e-05 4.159916715947604167e-11 4.159916715947604167e-11 -3.337296123051261060e-05
-4.700846231346178516e-01 6.910410762487969849e-27 8.708604242206415127e-27 8.708604242206415127e-27 -3.615740114631240002e-26
-4.700846231346175741e-01 6.941428901836721357e-27 1.085196135449261224e-27 1.085196135449261224e-27 -2.491480711266839105e-27
-3.127042531881008697e-02 3.510083432869628289e-02 -1.551109056670946922e-08 -1.551109056670946922e-08 3.508617280688056117e-02
-3.127042531880996901e-02 -2.542627773737115779e-02 -1.551109264667177559e-08 -1.551109264667177559e-08 -2.544093925916305135e-02
-2.645584656163355031e-02 -1.103384747496695644e-29 -8.642493393883282869e-30 -8.642493393883282869e-30 7.894547591315820549e-30
-2.645584656163341500e-02 1.926643252104043030e-29 -3.776989370780441264e-29 -3.776989370780441264e-29 -1.183138493391472718e-29
-2.302842127286164331e-02 2.437568380858134668e-27 1.058327659249563829e-27 1.058327659249563829e-27 8.978523431639234843e-27
-2.302842127286143514e-02 3.468531002901016025e-27 1.040519832536132638e-27 1.040519832536132638e-27 -6.700903752388473005e-29
-2.287527676686160194e-02 -1.561978844618846715e-02 1.289656199867910071e-08 1.289656199867910071e-08 -1.560759824810563183e-02
-2.287527676686146663e-02 1.181608166370394508e-02 1.289656376413131405e-08 1.289656376413131405e-08 1.182827186178702326e-02
-2.085384609460276539e-02 2.619429508559560001e-29 1.420145050293771271e-28 1.420145050293771271e-28 -1.029409803648431217e-27
-2.085384609460250172e-02 2.869121317471396268e-27 -2.082268675519687181e-27 -2.082268675519687181e-27 -7.559685332215834953e-28
-2.001731430067172496e-02 -4.156805624641414232e-01 8.592506932630837158e-07 8.592506932630837158e-07 -4.148683742128220220e-01
-2.001731430067142312e-02 4.335727138515813595e-01 8.592506900561068632e-07 8.592506900561068632e-07 4.343849021027746393e-01
-1.639978855232052460e-02 2.410696841034688509e-01 -1.856973040615011460e-07 -1.856973040615011460e-07 2.408941577241080767e-01
-1.639978855232038235e-02 -2.547307043772563118e-01 -1.856973162481120769e-07 -1.856973162481120769e-07 -2.549062307566661301e-01
-1.142944957899865929e-02 9.538205052364405194e-28 3.571211207039867220e-28 3.571211207039867220e-28 -5.177856399805918520e-27
-1.142944957899842337e-02 4.125466758304423145e-26 -2.970020709177614733e-27 -2.970020709177614733e-27 -1.709528718859753527e-27
-8.048824077775733332e-03 -9.778672690244487598e+00 -8.006289658220824319e-06 -8.006289658220824319e-06 -9.786240463441105319e+00
-8.048824077775481797e-03 1.017959690969682462e+01 -8.006290159102958008e-06 -8.006290159102958008e-06 1.017202913649770402e+01
6.486554464646002716e-01 2.073543644725100803e-28 2.699621130822328902e-29 2.699621130822328902e-29 1.863020859497730808e-28
6.486554464646002716e-01 5.072714913984042780e-29 1.085579013342479988e-29 1.085579013342479988e-29 5.600847332865240102e-29
