0.000000000000000000e+00 -4.248180350941906694e-31 7.803875511352271496e-28 -7.803875511352271496e-28 1.416918090310608590e-30
0.000000000000000000e+00 -8.188650629463833581e-31 6.958099012023065385e-27 -6.958099012023065385e-27 3.265081305880428490e-30
0.000000000000000000e+00 2.099138872017197083e-18 6.904079107423867576e-04 -6.904079107423867576e-04 -4.712636275588282999e-18
0.000000000000000000e+00 1.445764521124432441e-18 6.904079107408041477e-04 -6.904079107408041477e-04 -3.002741697719978240e-18
0.000000000000000000e+00 -6.043768491245442431e-30 1.268646498749821365e-28 -1.268646498749821365e-28 -9.955891008110560229e-30
0.000000000000000000e+00 -7.957091802689289910e-30 -1.696224336694659100e-28 1.696224336694659100e-28 -1.262539682758062457e-29
0.000000000000000000e+00 4.201552365758065197e-20 -4.251310646972363303e-05 4.251310646972363303e-05 -4.184045897567411227e-19
0.000000000000000000e+00 4.201552365758066401e-20 -4.251310647001325054e-05 4.251310647001325054e-05 3.501293638131725813e-20
0.000000000000000000e+00 -1.697699409505801693e-30 1.173306171420863503e-28 -1.173306171420863503e-28 -2.232977235136317289e-31
0.000000000000000000e+00 -1.652478276826471570e-30 -9.313497712443635651e-29 9.313497712443635651e-29 1.888564432753613293e-30
0.000000000000000000e+00 -3.766253192829022900e-19 5.367010665126738646e-05 -5.367010665126738646e-05 -5.033403799762158472e-19
0.000000000000000000e+00 -3.519862797036472934e-19 5.367010665101938199e-05 -5.367010665101938199e-05 4.575821636147420568e-20
0.000000000000000000e+00 -2.114461190343938443e-29 -5.043262388319757720e-28 5.043262388319757720e-28 1.345474762607035694e-29
0.000000000000000000e+00 2.613126515241543593e-29 -2.539285991454588167e-28 2.539285991454588167e-28 2.747477557216628220e-30
0.000000000000000000e+00 1.246326910482393288e-18 2.078747001691070174e-03 -2.078747001691070174e-03 -1.926141588927337148e-18
0.000000000000000000e+00 -2.605956267372277155e-18 2.078747001688418649e-03 -2.078747001688418649e-03 4.985307641929580086e-18
0.000000000000000000e+00 1.304210922786653441e-28 3.950516960087119663e-26 -3.950516960087119663e-26 -7.957985056669099743e-29
0.000000000000000000e+00 -2.450429642502167354e-28 6.358040205834023176e-26 -6.358040205834023176e-26 6.908896315217249886e-30
0.000000000000000000e+00 3.684789661602753970e-19 -2.502566808830982456e-05 2.502566808830982456e-05 -3.310970420570595011e-19
0.000000000000000000e+00 2.445400868418742296e-19 -2.502566808818626956e-05 2.502566808818626956e-05 1.007976882068873178e-19
0.000000000000000000e+00 1.729890909293906852e-18 9.882056430169144023e-05 -9.882056430169144023e-05 2.832674094518346900e-19
0.000000000000000000e+00 4.917094654635637731e-19 9.882056430190502806e-05 -9.882056430190502806e-05 -2.494178448003587034e-20
0.000000000000000000e+00 -2.600748982805682947e-18 1.096572397255600923e-04 -1.096572397255600923e-04 -1.028867729461590062e-18
0.000000000000000000e+00 -1.495073419373872485e-18 1.096572397252525583e-04 -1.096572397252525583e-04 -1.780870010890982750e-18
0.000000000000000000e+00 -1.150486654782957895e-19 -9.779873126621906661e-04 9.779873126621906661e-04 4.314324955436096681e-19
0.000000000000000000e+00 -6.615298265002016323e-19 -9.779873126639811176e-04 9.779873126639811176e-04 -2.013351645870181372e-19
0.000000000000000000e+00 1.291468549848127739e-30 9.663453800189928424e-29 -9.663453800189928424e-29 -1.389364579062112855e-30
0.000000000000000000e+00 1.458354477411170686e-30 -2.401253377952285475e-28 2.401253377952285475e-28 2.958088284640650234e-31
0.000000000000000000e+00 3.328137909230657847e-31 -4.499699710771601463e-29 4.499699710771601463e-29 -6.653375179319951249e-31
0.000000000000000000e+00 -1.397529545315150540e-32 -2.137877617958555927e-27 2.137877617958555927e-27 5.696887815450369462e-30
0.000000000000000000e+00 4.931025462848687598e-19 -6.957375802173267499e-04 6.957375802173267499e-04 -1.740361928064244763e-19
0.000000000000000000e+00 5.728691346544804506e-19 -6.957375802178711278e-04 6.957375802178711278e-04 4.350904820160616844e-19
0.000000000000000000e+00 1.113685800301578981e-30 -8.796348828823697847e-29 8.796348828823697847e-29 -2.112997336985374261e-30
0.000000000000000000e+00 2.075838549041806326e-31 5.526075978293128436e-29 -5.526075978293128436e-29 5.310631287848745646e-31
0.000000000000000000e+00 -7.856163024666385543e-31 2.460997887861476692e-29 -2.460997887861476692e-29 -8.215548386831617968e-31
0.000000000000000000e+00 -1.034437328969968477e-30 -9.118542759527564833e-28 9.118542759527564833e-28 -1.547656176723638611e-30
0.000000000000000000e+00 1.191648278176969235e-19 3.983271040757095947e-05 -3.983271040757095947e-05 -4.216601599703127464e-19
0.000000000000000000e+00 1.283313530344431092e-19 3.983271040731526394e-05 -3.983271040731526394e-05 -1.631641488580778783e-19
0.000000000000000000e+00 -1.577467742853331561e-19 -6.600925978019125267e-05 6.600925978019125267e-05 3.668529634542636051e-21
0.000000000000000000e+00 1.797579520925891379e-19 -6.600925978043850498e-05 6.600925978043850498e-05 5.044228247496129076e-19
0.000000000000000000e+00 1.843854041703648203e-31 5.952384020348235732e-29 -5.952384020348235732e-29 -6.755888640267165937e-32
0.000000000000000000e+00 1.671877875261855168e-32 1.466826059126936272e-28 -1.466826059126936272e-28 -6.057140930787081636e-31
0.000000000000000000e+00 -1.966222342345443365e-30 -5.672745710539548305e-28 5.672745710539548305e-28 1.012022264068372642e-30
0.000000000000000000e+00 -2.568126338100497318e-31 -2.244070301291376407e-29 2.244070301291376407e-29 2.397776498587136611e-30
0.000000000000000000e+00 7.313701185948498361e-20 -2.255640854508572299e-04 2.255640854508572299e-04 -1.842312070890826530e-19
0.000000000000000000e+00 6.517526120136391663e-19 -2.255640854496185831e-04 2.255640854496185831e-04 2.370009498231418039e-19
0.000000000000000000e+00 6.558673828467046072e-30 1.159028240533277977e-28 -1.159028240533277977e-28 2.189730075305286632e-31
0.000000000000000000e+00 -6.387222286099926175e-30 -6.909554417729690906e-28 6.909554417729690906e-28 2.437237706364674110e-31
0.000000000000000000e+00 -4.360707070431291862e-30 -1.323614480180118918e-26 1.323614480180118918e-26 4.311815826067557419e-31
0.000000000000000000e+00 2.000185129642225001e-31 -8.735867022752177171e-29 8.735867022752177171e-29 -3.102272596488300632e-31
0.000000000000000000e+00 -1.300275589415997458e-29 -6.280530493235335964e-26 6.280530493235335964e-26 -1.023111067654459540e-29
0.000000000000000000e+00 1.352988735137641570e-30 -3.792667049293845463e-26 3.792667049293845463e-26 -6.014572962839587332e-31
0.000000000000000000e+00 2.821518912167659450e-17 -1.944496140665389824e-02 1.944496140665389824e-02 -1.673782405523190008e-17
0.000000000000000000e+00 2.773696557724141443e-17 -1.944496140665270476e-02 1.944496140665270476e-02 -5.738682533222368780e-18
0.000000000000000000e+00 4.532000627953311419e-19 -3.988836231615385886e-04 3.988836231615385886e-04 -1.601306888543505313e-18
0.000000000000000000e+00 -7.779934411319867206e-19 -3.988836231627408604e-04 3.988836231627408604e-04 9.064001255906651727e-19
0.000000000000000000e+00 1.614757905292084159e-30 -1.510076691556843434e-28 1.510076691556843434e-28 1.824852235218330648e-30
0.000000000000000000e+00 -6.864112145076825394e-30 -4.492004044233546724e-27 4.492004044233546724e-27 -5.321997043533628359e-30
0.000000000000000000e+00 -5.551639506361517785e-19 1.241886137120072771e-05 -1.241886137120072771e-05 7.340619522167084075e-21
0.000000000000000000e+00 -2.652094795105524917e-20 1.241886137112652932e-05 -1.241886137112652932e-05 1.799635753821608408e-20
0.000000000000000000e+00 -1.915055225529304445e-32 -9.898068968085199614e-29 9.898068968085199614e-29 -1.041763660789745886e-31
0.000000000000000000e+00 6.325770374599859503e-31 -1.748680012319573874e-27 1.748680012319573874e-27 -1.207701836822202726e-30
0.000000000000000000e+00 2.261098596086091598e-19 -1.378096435323927880e-05 1.378096435323927880e-05 -1.850857078652752947e-19
0.000000000000000000e+00 2.194315093248108285e-19 -1.378096435334257277e-05 1.378096435334257277e-05 -1.621885068922516536e-19
0.000000000000000000e+00 -4.635620134622747501e-31 -6.904251396911748367e-28 6.904251396911748367e-28 -1.632507011288828235e-30
0.000000000000000000e+00 -6.070815165619715789e-32 -2.997342752212909283e-28 2.997342752212909283e-28 1.560689392663746572e-31
0.000000000000000000e+00 -2.200951922103465113e-31 -7.672380038671985619e-28 7.672380038671985619e-28 2.350766744965783759e-30
0.000000000000000000e+00 2.287337991616036639e-31 -1.139876328708316904e-29 1.139876328708316904e-29 3.097150706716479739e-31
0.000000000000000000e+00 1.626757256599122698e-30 -1.778992343746843858e-27 1.778992343746843858e-27 -6.559750616085513162e-31
0.000000000000000000e+00 2.250799080818053285e-31 -8.846218217205912174e-29 8.846218217205912174e-29 1.410244917361817612e-31
0.000000000000000000e+00 1.080947855112283210e-19 -1.117427036163532800e-04 1.117427036163532800e-04 -3.320054126416303185e-19
0.000000000000000000e+00 -2.856790759939609056e-19 -1.117427036159514882e-04 1.117427036159514882e-04 -1.158158416191734598e-19
0.000000000000000000e+00 -6.932952541064467280e-31 -1.147275001749916561e-27 1.147275001749916561e-27 -2.775039262788562710e-30
0.000000000000000000e+00 2.682797304288506153e-31 -7.626998531423837134e-29 7.626998531423837134e-29 -1.470237138180608678e-30
0.000000000000000000e+00 8.034023798192303551e-31 -4.577005265476582958e-29 4.577005265476582958e-29 -6.719725610194171754e-31
0.000000000000000000e+00 -2.571033403405922316e-30 1.532586846941149556e-27 -1.532586846941149556e-27 3.862407223069231950e-30
0.000000000000000000e+00 1.126651228056575958e-18 -7.854221947530475945e-04 7.854221947530475945e-04 -8.136925535964169330e-19
0.000000000000000000e+00 7.511008187043851279e-19 -7.854221947531230550e-04 7.854221947531230550e-04 1.470905769962756231e-18
0.000000000000000000e+00 -1.856485039799247433e-30 -1.693116444947686955e-27 1.693116444947686955e-27 1.269033706860015623e-30
0.000000000000000000e+00 1.444439854379406950e-30 -2.962358872630237557e-27 2.962358872630237557e-27 1.184386648103760109e-30
0.000000000000000000e+00 6.326803503179980486e-19 -1.249259154977957944e-03 1.249259154977957944e-03 -2.530721401271995661e-19
0.000000000000000000e+00 -3.796082101907998306e-19 -1.249259154972643835e-03 1.249259154972643835e-03 7.592164203816007206e-19
0.000000000000000000e+00 -1.163686265640211241e-19 4.759292104709913194e-06 -4.759292104709913194e-06 2.738085330918147614e-21
0.000000000000000000e+00 3.895548675351726406e-20 4.759292104505037100e-06 -4.759292104505037100e-06 -8.961006537550309217e-21
0.000000000000000000e+00 -7.664431819853691637e-19 -1.404611269374265135e-03 1.404611269374265135e-03 3.193513258272375608e-19
0.000000000000000000e+00 2.554810606617900486e-18 -1.404611269372436737e-03 1.404611269372436737e-03 8.941837123162663836e-19
0.000000000000000000e+00 -1.837289670804759236e-29 -9.241364349732450184e-26 9.241364349732450184e-26 -4.475953258499119591e-31
0.000000000000000000e+00 6.258567838569873962e-30 -4.093069730638005170e-25 4.093069730638005170e-25 3.042906024790673842e-29
0.000000000000000000e+00 -2.929678164698408346e-20 4.159609112995719387e-06 -4.159609112995719387e-06 9.820831499805456227e-20
0.000000000000000000e+00 6.490941163195198918e-20 4.159609112935906156e-06 -4.159609112935906156e-06 4.264760956935579310e-20
0.000000000000000000e+00 7.312695543568565339e-30 7.883225837220910879e-28 -7.883225837220910879e-28 4.151303082889612457e-31
0.000000000000000000e+00 2.156817013843006948e-31 -3.854153818829370528e-29 3.854153818829370528e-29 1.152750503966068345e-30
0.000000000000000000e+00 -7.157991817552387952e-19 2.185232026044706504e-05 -2.185232026044706504e-05 2.456768378058237920e-19
0.000000000000000000e+00 1.658065901240949049e-19 2.185232026055626114e-05 -2.185232026055626114e-05 -3.386902908022674490e-19
0.000000000000000000e+00 1.686891718541100930e-20 -2.232488735784785891e-06 2.232488735784785891e-06 -1.111887196778504872e-20
0.000000000000000000e+00 -5.845349834492714045e-21 -2.232488735614312463e-06 2.232488735614312463e-06 6.391762971195301516e-20
0.000000000000000000e+00 -1.044659889079637957e-30 7.333108083441272147e-29 -7.333108083441272147e-29 -1.580116164061047843e-30
0.000000000000000000e+00 -1.161370688587508248e-30 5.620432829710006011e-29 -5.620432829710006011e-29 -2.056209342182201229e-31
0.000000000000000000e+00 -5.524510495703838695e-20 -7.533142121350927166e-06 7.533142121350927166e-06 -4.153613446769928071e-19
0.000000000000000000e+00 -6.342956495067379894e-20 -7.533142121248685207e-06 7.533142121248685207e-06 5.626816245624296842e-21
0.000000000000000000e+00 2.687124087423173215e-30 -5.113942722119057236e-26 5.113942722119057236e-26 -2.874267733525362529e-29
0.000000000000000000e+00 -2.453739363478705594e-29 -4.766262139133644166e-26 4.766262139133644166e-26 -4.939677888787504576e-30
0.000000000000000000e+00 7.594387087912593299e-18 7.357638074622925139e-05 -7.357638074622925139e-05 2.018031276072220988e-19
0.000000000000000000e+00 1.249943861812078713e-18 7.357638074943966889e-05 -7.357638074943966889e-05 -7.845611389627719599e-18
0.000000000000000000e+00 1.320453269526359602e-18 -3.224452859898827538e-03 3.224452859898827538e-03 7.922719617158167434e-19
0.000000000000000000e+00 1.485509928217154576e-18 -3.224452859898178751e-03 3.224452859898178751e-03 3.631246491197493287e-18
0.000000000000000000e+00 -6.622501885764518247e-18 -1.442370503912268793e-03 1.442370503912268793e-03 5.827801659472784069e-18
0.000000000000000000e+00 3.178800905166972919e-18 -1.442370503911269593e-03 1.442370503911269593e-03 3.973501131458720963e-19
0.000000000000000000e+00 -2.927104013758096244e-18 -2.072547806303982453e-03 2.072547806303982453e-03 -8.648261858830751510e-19
0.000000000000000000e+00 3.193204378645204587e-18 -2.072547806304494630e-03 2.072547806304494630e-03 4.257605838193612536e-18
0.000000000000000000e+00 1.198891152956733556e-30 3.357461671997855322e-28 -3.357461671997855322e-28 -6.104259725516027060e-29
0.000000000000000000e+00 -1.405893186119045000e-29 2.210649603161907673e-28 -2.210649603161907673e-28 -3.327917518380312465e-29
0.000000000000000000e+00 -1.633318589818160218e-17 -5.528314300514432234e-03 5.528314300514432234e-03 -1.151355727248868779e-17
0.000000000000000000e+00 -5.355142917436592300e-19 -5.528314300514492081e-03 5.528314300514492081e-03 1.874300021102809712e-18
0.000000000000000000e+00 2.942950362843627249e-20 7.158533497221308121e-07 -7.158533497221308121e-07 1.420621524092856934e-20
0.000000000000000000e+00 -1.788080209308559937e-20 7.158533497363536600e-07 -7.158533497363536600e-07 1.108937817883108386e-20
0.000000000000000000e+00 -2.748402220215056263e-30 -5.790945500811286849e-28 5.790945500811286849e-28 -2.702826287843799207e-30
0.000000000000000000e+00 6.972781849780961674e-31 -1.677895761799932865e-28 1.677895761799932865e-28 1.674531265040054524e-30
0.000000000000000000e+00 8.068379303628507046e-30 5.748607328767846313e-28 -5.748607328767846313e-28 7.298078169611764629e-30
0.000000000000000000e+00 -4.227480604525222308e-30 4.878531351205267395e-28 -4.878531351205267395e-28 9.139849106578126165e-32
0.000000000000000000e+00 8.328840225063578485e-31 5.840195515051887510e-28 -5.840195515051887510e-28 1.332684165588999693e-31
0.000000000000000000e+00 -7.640170405598720323e-31 2.054253499598826077e-28 -2.054253499598826077e-28 -1.127787949904397851e-30
0.000000000000000000e+00 3.224477693221873580e-30 -2.199601344853284244e-28 2.199601344853284244e-28 -5.703971575659457192e-31
0.000000000000000000e+00 -1.263628631342189539e-30 8.472892236409756692e-29 -8.472892236409756692e-29 -2.666406080818095154e-30
0.000000000000000000e+00 -4.371454247566756394e-30 3.839032597299910662e-28 -3.839032597299910662e-28 1.098693663230270161e-29
0.000000000000000000e+00 -6.179543606018128443e-30 1.114899707793578119e-27 -1.114899707793578119e-27 3.741209075302650751e-30
0.000000000000000000e+00 1.518052790594281537e-30 -4.985467960033407819e-28 4.985467960033407819e-28 -6.724733508908774912e-31
0.000000000000000000e+00 3.464892749078243282e-31 -3.655097861170478564e-28 3.655097861170478564e-28 -5.927604339304556541e-32
0.000000000000000000e+00 2.202803584006047172e-18 -1.365350449609293443e-02 1.365350449609293443e-02 -6.333060304017394141e-18
0.000000000000000000e+00 8.260513440022681228e-19 -1.365350449608501715e-02 1.365350449608501715e-02 -8.673539112023827904e-18
0.000000000000000000e+00 -7.081161012648655353e-17 -6.849877706323124205e-01 6.849877706323124205e-01 6.196015886067582524e-17
0.000000000000000000e+00 3.319294224679057929e-16 -6.849877706323534987e-01 6.849877706323534987e-01 -1.283460433542570824e-16
0.000000000000000000e+00 7.815642622630135960e-20 7.216340818018031475e-04 -7.216340818018031475e-04 -1.736809471695588203e-19
0.000000000000000000e+00 2.127591602827095904e-19 7.216340818037454957e-04 -7.216340818037454957e-04 2.561793970750996265e-19
0.000000000000000000e+00 -3.193000980600781667e-30 -8.459592467602824743e-28 8.459592467602824743e-28 2.736074388379845949e-30
0.000000000000000000e+00 -2.895055390109227499e-34 -9.567569074942069855e-28 9.567569074942069855e-28 1.302581921856480341e-30
0.000000000000000000e+00 -2.158516086023139696e-18 -2.213195919115579918e-03 2.213195919115579918e-03 -3.481477558101843171e-20
0.000000000000000000e+00 -5.126475704304960438e-18 -2.213195919117040989e-03 2.213195919117040989e-03 1.653701840098376665e-19
0.000000000000000000e+00 4.510424962137703591e-32 2.512329178419378486e-28 -2.512329178419378486e-28 -2.198640569462311987e-31
0.000000000000000000e+00 -3.726663083475892125e-31 9.317863053103740109e-29 -9.317863053103740109e-29 1.074008149667440194e-30
0.000000000000000000e+00 -1.399334375058719010e-30 -4.643703340445213922e-28 4.643703340445213922e-28 4.616743578285185101e-31
0.000000000000000000e+00 1.599321228637914046e-31 -3.967301159607692415e-28 3.967301159607692415e-28 1.021708963919552779e-32
0.000000000000000000e+00 7.713902477568049607e-31 -7.288292410823151695e-28 7.288292410823151695e-28 5.897934833506597949e-32
0.000000000000000000e+00 1.316309186051449942e-30 5.499078670196757324e-28 -5.499078670196757324e-28 1.751046071633830131e-30
0.000000000000000000e+00 7.218504100947189133e-31 -8.088586021985663561e-29 8.088586021985663561e-29 7.690067263695492653e-31
0.000000000000000000e+00 1.993072152903986283e-30 2.503037002015505950e-28 -2.503037002015505950e-28 5.128828738245059060e-31
0.000000000000000000e+00 7.164752764578153675e-20 -4.644322889436637396e-03 4.644322889436637396e-03 -5.481035864902294958e-18
0.000000000000000000e+00 -3.295786271705953459e-18 -4.644322889439181368e-03 4.644322889439181368e-03 -1.432950552915634105e-19
0.000000000000000000e+00 -7.681381630109170629e-31 -6.566861668678907401e-28 6.566861668678907401e-28 4.867991363165092543e-31
0.000000000000000000e+00 1.587978870521466133e-31 1.371502136706669717e-28 -1.371502136706669717e-28 -1.353424174969848214e-32
0.000000000000000000e+00 1.305452134910829501e-18 -4.178026244080233287e-04 4.178026244080233287e-04 1.450502372123145902e-18
0.000000000000000000e+00 -5.258071098946399706e-19 -4.178026244064141016e-04 4.178026244064141016e-04 1.269189575607753579e-19
0.000000000000000000e+00 -7.319790767114826156e-31 3.184533853833758450e-28 -3.184533853833758450e-28 -3.006739216089411263e-31
0.000000000000000000e+00 1.840241503046391125e-31 1.850335410512716859e-28 -1.850335410512716859e-28 2.258083661759427478e-30
0.000000000000000000e+00 3.182202297951880637e-20 -4.621928279502532475e-05 4.621928279502532475e-05 -3.091282232296116986e-19
0.000000000000000000e+00 1.067174270634578135e-18 -4.621928279488740068e-05 4.621928279488740068e-05 5.318823840862442280e-19
0.000000000000000000e+00 8.998046540458329313e-31 -3.755480116550545027e-27 3.755480116550545027e-27 1.515360044413838271e-31
0.000000000000000000e+00 9.117166980692488708e-32 -4.217905872931833564e-27 4.217905872931833564e-27 2.329847359069112168e-31
0.000000000000000000e+00 2.793050273796328374e-18 -2.771112388104707714e-03 2.771112388104707714e-03 1.323023813903525913e-18
0.000000000000000000e+00 2.940052919785611855e-19 -2.771112388116713735e-03 2.771112388116713735e-03 3.234058211764178433e-18
0.000000000000000000e+00 1.403541065220515452e-18 -1.141848510136346789e-03 1.141848510136346789e-03 -1.772893977120653936e-18
0.000000000000000000e+00 5.909646590402176256e-19 -1.141848510135466416e-03 1.141848510135466416e-03 8.864469885603277384e-19
0.000000000000000000e+00 2.359706732255604668e-29 -1.355540917347010918e-28 1.355540917347010918e-28 1.062999725181435039e-29
0.000000000000000000e+00 -1.024305845890498323e-30 -1.508099700445688102e-28 1.508099700445688102e-28 1.687652981006474945e-30
0.000000000000000000e+00 -9.570597993475283645e-18 -1.686218672477055383e-02 1.686218672477055383e-02 -1.076692274265971105e-17
0.000000000000000000e+00 -1.674854648858176179e-17 -1.686218672477087996e-02 1.686218672477087996e-02 -2.033752073613502705e-17
0.000000000000000000e+00 -1.025867466849964628e-29 -1.735156615585811391e-26 1.735156615585811391e-26 5.096896489174198336e-30
0.000000000000000000e+00 1.059889584715192852e-30 -1.265048364676772182e-27 1.265048364676772182e-27 7.807248388344824772e-31
0.000000000000000000e+00 1.501403843376602832e-19 -1.078994781641082808e-03 1.078994781641082808e-03 2.402246149402568382e-18
0.000000000000000000e+00 4.391606241876569463e-18 -1.078994781641762386e-03 1.078994781641762386e-03 -1.801684612051928887e-18
0.000000000000000000e+00 4.817431548038761907e-19 1.605168926151466253e-04 -1.605168926151466253e-04 -1.416891631776108468e-19
0.000000000000000000e+00 2.125337447664163545e-19 1.605168926150623285e-04 -1.605168926150623285e-04 4.297904616387537615e-19
0.000000000000000000e+00 -2.250118109491452127e-20 -6.986603214086818507e-05 6.986603214086818507e-05 5.672666181296880580e-19
0.000000000000000000e+00 -4.073898050868743639e-19 -6.986603214095145180e-05 6.986603214095145180e-05 1.125059054745730427e-19
0.000000000000000000e+00 2.664655775992208971e-18 -7.790048313667806727e-04 7.790048313667806727e-04 2.283990665136182626e-19
0.000000000000000000e+00 8.374632438832668183e-19 -7.790048313672588058e-04 7.790048313672588058e-04 -1.332327887996108337e-18
0.000000000000000000e+00 2.266660546437229825e-30 -2.270932703895637800e-28 2.270932703895637800e-28 -3.703855597952908823e-31
0.000000000000000000e+00 4.225791160914451013e-32 -3.296923163047914318e-28 3.296923163047914318e-28 -9.916533376461706534e-31
0.000000000000000000e+00 -7.328489945344282278e-20 -1.443270033119175041e-06 1.443270033119175041e-06 -4.835214326355192005e-20
0.000000000000000000e+00 5.803770560742464324e-20 -1.443270033062201911e-06 1.443270033062201911e-06 2.421390585968176584e-20
0.000000000000000000e+00 1.317898095794214861e-30 -2.465726514083404329e-28 2.465726514083404329e-28 2.026866292978849121e-30
0.000000000000000000e+00 -3.285182881864465950e-30 -1.665947107097753492e-27 1.665947107097753492e-27 -2.775023773651124984e-30
0.000000000000000000e+00 3.399983275758881650e-20 -6.815514052052322361e-05 6.815514052052322361e-05 4.104265525737513678e-19
0.000000000000000000e+00 -2.428559482684917883e-21 -6.815514052009194153e-05 6.815514052009194153e-05 -1.894276396494238860e-19
0.000000000000000000e+00 2.068382391970806223e-30 -6.875226694722595145e-28 6.875226694722595145e-28 1.841480643335581048e-31
0.000000000000000000e+00 -1.640068824963902986e-31 6.566898720892352972e-30 -6.566898720892352972e-30 6.493596782776050681e-32
0.000000000000000000e+00 1.294626729309679207e-18 -1.372356212963162165e-04 1.372356212963162165e-04 3.656579311790703157e-19
0.000000000000000000e+00 8.400249770330006493e-20 -1.372356212965353608e-04 1.372356212965353608e-04 -6.423720412605309208e-20
0.000000000000000000e+00 5.249163783089317450e-30 -3.569072434175099855e-26 3.569072434175099855e-26 3.857497178748230024e-30
0.000000000000000000e+00 -2.654806107396377416e-29 -6.846633104000965539e-26 6.846633104000965539e-26 1.260622468913666046e-30
0.000000000000000000e+00 -5.411044306596025173e-31 -6.540848936825058746e-28 6.540848936825058746e-28 -4.079359686532805037e-31
0.000000000000000000e+00 -2.543325621584064293e-30 1.984543913611378821e-27 -1.984543913611378821e-27 -1.170557229074468391e-30
0.000000000000000000e+00 -4.074211434152545046e-20 -1.499339905466129265e-05 1.499339905466129265e-05 -4.387612313702748226e-20
0.000000000000000000e+00 1.128243166380706442e-20 -1.499339905491270219e-05 1.499339905491270219e-05 -3.635450202782282381e-20
0.000000000000000000e+00 -4.399013866596432158e-19 -4.981327809955863928e-05 4.981327809955863928e-05 5.316522473057982444e-19
0.000000000000000000e+00 1.055763327983144536e-19 -4.981327809937869560e-05 4.981327809937869560e-05 -4.549837199165463501e-19
0.000000000000000000e+00 2.597224625544442718e-30 2.744959660296040699e-28 -2.744959660296040699e-28 -2.014330084388752526e-30
0.000000000000000000e+00 7.917768633139018590e-30 2.612601984438270381e-27 -2.612601984438270381e-27 7.439549096580394263e-30
0.000000000000000000e+00 3.721508009090933355e-30 7.916125698454140085e-28 -7.916125698454140085e-28 1.524881524844266797e-31
0.000000000000000000e+00 -5.280060280521250107e-31 4.966549735240245839e-29 -4.966549735240245839e-29 1.396152523981656458e-30
0.000000000000000000e+00 1.946920211678550618e-18 2.973940170384553692e-04 -2.973940170384553692e-04 -1.926639792806902299e-18
0.000000000000000000e+00 3.133324715670168906e-18 2.973940170361031384e-04 -2.973940170361031384e-04 -5.070104717912903670e-20
0.000000000000000000e+00 -9.648259996166575003e-31 -7.202288131325098074e-29 7.202288131325098074e-29 -2.060437406419416619e-30
0.000000000000000000e+00 -9.007947362378106793e-30 -2.933741751755064770e-28 2.933741751755064770e-28 4.999798173742184672e-30
0.000000000000000000e+00 -9.800760237569699187e-19 3.752458656129544975e-03 -3.752458656129544975e-03 1.094418226528618194e-17
0.000000000000000000e+00 1.731467641970650374e-17 3.752458656131255413e-03 -3.752458656131255413e-03 1.747802242366602967e-17
0.000000000000000000e+00 -6.895504881824436815e-30 9.088981881134338580e-27 -9.088981881134338580e-27 -6.584412897758951958e-31
0.000000000000000000e+00 -1.481295266872891032e-31 -6.427350955669673350e-28 6.427350955669673350e-28 3.987756235590701227e-31
0.000000000000000000e+00 4.929242381454345765e-18 1.075252571819048991e-03 -1.075252571819048991e-03 -9.691391800825509716e-18
0.000000000000000000e+00 -1.002557772499193497e-17 1.075252571820971498e-03 -1.075252571820971498e-03 1.921569063956790387e-18
0.000000000000000000e+00 3.377699175445145573e-29 -5.357629231462999560e-28 5.357629231462999560e-28 3.858986296831193259e-30
0.000000000000000000e+00 1.580949661358978022e-30 -1.870904399137055188e-27 1.870904399137055188e-27 4.844284171528758669e-29
0.000000000000000000e+00 -1.679938404684094093e-29 -3.197675753652345876e-27 3.197675753652345876e-27 3.297965323723295811e-30
0.000000000000000000e+00 1.312021090281035289e-30 -7.688500229117507890e-28 7.688500229117507890e-28 -3.419336234386960773e-30
0.000000000000000000e+00 5.321688010538965906e-30 -1.406305946257015188e-27 1.406305946257015188e-27 7.393336456238936468e-30
0.000000000000000000e+00 -2.539494135296834113e-29 -7.728956930974155180e-27 7.728956930974155180e-27 -5.862777713705690927e-31
0.000000000000000000e+00 1.150454198620532568e-29 3.110319203923248227e-27 -3.110319203923248227e-27 1.991601853511517882e-30
0.000000000000000000e+00 -2.962237134032302660e-29 -1.311929411715015188e-28 1.311929411715015188e-28 1.389815378544694014e-30
0.000000000000000000e+00 -2.896587754937194471e-18 -1.753821576368511971e-03 1.753821576368511971e-03 2.385425209948281561e-18
0.000000000000000000e+00 -1.171414165599604348e-18 -1.753821576364800964e-03 1.753821576364800964e-03 -6.283039615488797583e-19
0.000000000000000000e+00 7.553708649414365520e-29 -3.069158342245627121e-27 3.069158342245627121e-27 -1.104335639945334662e-28
0.000000000000000000e+00 -5.128202692743216597e-29 -1.710956208495236090e-27 1.710956208495236090e-27 -4.893177104762569602e-29
0.000000000000000000e+00 4.354471240345135227e-19 -2.553658134163229356e-06 2.553658134163229356e-06 2.213438687329346325e-19
0.000000000000000000e+00 -2.172184029406509661e-20 -2.553658131529979682e-06 2.553658131529979682e-06 3.367727177374439426e-21
0.000000000000000000e+00 -5.566703297129087467e-18 -1.970776280591907126e-02 1.970776280591907126e-02 2.783351648564548741e-18
0.000000000000000000e+00 -2.783351648564550667e-18 -1.970776280591893248e-02 1.970776280591893248e-02 -8.350054945693667794e-18
0.000000000000000000e+00 -3.221790263079511310e-30 -1.129533312450806304e-26 1.129533312450806304e-26 3.086621762592103297e-30
0.000000000000000000e+00 -3.295952505814264621e-30 1.962628007116583717e-26 -1.962628007116583717e-26 5.140253373854539286e-30
0.000000000000000000e+00 -7.050640815723060204e-19 5.628038867216828868e-03 -5.628038867216828868e-03 5.640512652578458178e-18
0.000000000000000000e+00 8.989567040046950100e-18 5.628038867226715057e-03 -5.628038867226715057e-03 2.115192244716933083e-18
0.000000000000000000e+00 -8.608774901258568282e-19 1.527927647404036897e-04 -1.527927647404036897e-04 2.317747088800387657e-19
0.000000000000000000e+00 2.648853815771874978e-19 1.527927647381379782e-04 -1.527927647381379782e-04 -5.849552176496234122e-19
0.000000000000000000e+00 8.511131970351017591e-31 -2.355784665547866960e-27 2.355784665547866960e-27 5.598296236063378859e-32
0.000000000000000000e+00 2.022480087918908821e-30 -4.342970125599133781e-28 4.342970125599133781e-28 -2.746623916478346778e-31
0.000000000000000000e+00 1.099841796126341619e-29 -5.685966120210544849e-27 5.685966120210544849e-27 -2.095697003179024228e-30
0.000000000000000000e+00 -6.387453594251296936e-30 -7.105349452802936651e-27 7.105349452802936651e-27 -2.900871764560746555e-29
0.000000000000000000e+00 2.396795663149102096e-30 -1.590415486989434044e-27 1.590415486989434044e-27 2.736656708418653485e-30
0.000000000000000000e+00 1.221846741465810140e-29 -1.277620938114319348e-26 1.277620938114319348e-26 8.677266250453065823e-30
0.000000000000000000e+00 -6.549633022568208349e-18 -7.844067564855417354e-03 7.844067564855417354e-03 -2.183211007522740225e-18
0.000000000000000000e+00 -2.547079508776526026e-18 -7.844067564871357728e-03 7.844067564871357728e-03 -3.638685012537901146e-18
0.000000000000000000e+00 3.756292009525507036e-19 -5.427691773048178481e-05 5.427691773048178481e-05 1.109813548268901973e-19
0.000000000000000000e+00 -6.402770470782114988e-19 -5.427691773195140730e-05 5.427691773195140730e-05 8.465885400256366773e-19
0.000000000000000000e+00 -4.427712997572558876e-30 4.003891945824119194e-28 -4.003891945824119194e-28 -2.704801828944903838e-31
0.000000000000000000e+00 6.564401223964667019e-30 -4.241902862763094119e-27 4.241902862763094119e-27 1.934963927105254059e-30
0.000000000000000000e+00 1.278742940408813187e-18 -2.242130308555313355e-04 2.242130308555313355e-04 -3.383221232471754278e-19
0.000000000000000000e+00 -1.020700643016901653e-18 -2.242130308528960194e-04 2.242130308528960194e-04 3.325878499718000578e-19
0.000000000000000000e+00 -1.861350291267911254e-18 -2.286637035455956531e-03 2.286637035455956531e-03 5.770185902930534862e-18
0.000000000000000000e+00 -4.932578271859978631e-18 -2.286637035454456429e-03 2.286637035454456429e-03 -1.209877689324147842e-18
0.000000000000000000e+00 -2.983003124411791775e-29 -1.507845428473284183e-26 1.507845428473284183e-26 -6.054371734717411090e-29
0.000000000000000000e+00 -4.453016875911449809e-29 -4.889814510124579885e-27 4.889814510124579885e-27 3.633183396596971258e-29
0.000000000000000000e+00 -1.724879599883103358e-17 1.151765014261754289e-01 -1.151765014261754289e-01 -2.156099499853901539e-18
0.000000000000000000e+00 2.371709449839278095e-17 1.151765014261747766e-01 -1.151765014261747766e-01 -2.156099499853911476e-17
0.000000000000000000e+00 2.047284208423157838e-30 -2.505333471620479089e-29 2.505333471620479089e-29 7.449110892666505051e-31
0.000000000000000000e+00 -1.964125662239638136e-30 2.201662294560252369e-29 -2.201662294560252369e-29 7.222987743053117988e-31
0.000000000000000000e+00 -5.597078519095695700e-31 -8.670704572834119133e-27 8.670704572834119133e-27 -3.009262950368724286e-29
0.000000000000000000e+00 1.105978041403787447e-29 -1.401390460143560167e-27 1.401390460143560167e-27 -4.754484225282663748e-31
0.000000000000000000e+00 5.745501826061384043e-17 -9.576252651738992316e-02 9.576252651738992316e-02 5.583656704200586007e-17
0.000000000000000000e+00 -1.173377133491418855e-17 -9.576252651739032562e-02 9.576252651739032562e-02 3.803360363730864672e-17
0.000000000000000000e+00 6.932852401403131043e-30 -6.072848884055239715e-28 6.072848884055239715e-28 -6.735348920467813149e-30
0.000000000000000000e+00 -9.272548319634332182e-30 -5.493396353749563018e-28 5.493396353749563018e-28 -2.511849883584521050e-29
0.000000000000000000e+00 -4.293231976019018311e-17 -6.380306390829296070e+00 6.380306390829296070e+00 -6.088583529627085314e-16
0.000000000000000000e+00 2.341762896010424407e-16 -6.380306390829759700e+00 6.380306390829759700e+00 7.649758793634196307e-16
0.000000000000000000e+00 2.110977716134070005e-17 1.378882398194378966e+00 -1.378882398194378966e+00 -1.477684401293886382e-16
0.000000000000000000e+00 8.021715321309577508e-16 1.378882398194384518e+00 -1.378882398194384518e+00 -3.694211003234767108e-17
0.000000000000000000e+00 -6.888051751809717100e-31 1.346601461683697504e-27 -1.346601461683697504e-27 -5.668618442371851177e-29
0.000000000000000000e+00 1.171274949207895049e-28 1.547635982601983565e-27 -1.547635982601983565e-27 -3.182129849032469825e-30
0.000000000000000000e+00 -2.528391292556514838e-14 5.945014794788438195e+01 -5.945014794788438195e+01 -2.401971727929015448e-13
0.000000000000000000e+00 1.029416454826715767e-13 5.945014794788450274e+01 -5.945014794788450274e+01 1.805993780397992255e-14
0.000000000000000000e+00 -0.000000000000000000e+00 -1.932222925664549167e-27 1.932222925664549167e-27 -0.000000000000000000e+00
0.000000000000000000e+00 2.568114400326358907e-44 -3.065478327177022448e-28 3.065478327177022448e-28 -1.712076266884238691e-44
