-8.048824077775481797e-03 1.189002961366070199e+00
-1.142944957899842337e-02 2.510911687335174141e-28
-1.639978855232038235e-02 2.757764801974745689e-02
-2.001731430067142312e-02 1.276061280750627469e-01
-2.085384609460250172e-02 3.631801057912947431e-29
-2.287527676686146663e-02 1.915250534227231965e-03
-2.302842127286143514e-02 1.181149689255039066e-28
-2.645584656163341500e-02 7.454244236166843369e-31
-3.127042531880996901e-02 2.303530033189410235e-03
-3.640948920337047645e-01 2.285522589441610072e-29
-3.648254950435525501e-01 4.167098675576855874e-29
-3.653819578090554687e-01 5.903216990408393413e-29
-3.654869564125312609e-01 1.603175251175414877e-06
-3.656279887187334765e-01 1.190621192086381321e-28
-3.670650265170979365e-01 3.164445103226728155e-29
-3.672254022284937580e-01 4.268811211856543869e-07
-3.684398951603221617e-01 2.950689134657792706e-29
-3.697753250166996852e-01 3.371120257499868930e-08
-3.707757287558984260e-01 3.443039778526484419e-29
-3.714151283829859596e-01 6.014919115700021897e-29
-3.721306686306708467e-01 1.649249256210214283e-05
-3.722968210432920366e-01 3.243758829565778851e-06
-3.727552492371177251e-01 1.211877327119224705e-04
-3.730670486603133718e-01 9.070619466556291730e-29
-3.733111259839090867e-01 8.918694951680627447e-07
-3.736346915165756899e-01 6.470201739857690110e-05
-3.743598757619784334e-01 1.231452830273308683e-28
-3.748273319015421601e-01 6.881663296092623999e-09
-3.752265470760657307e-01 5.352357911284754325e-28
-3.753746795062389285e-01 1.248521498998234600e-05
-3.753947410199791057e-01 4.021195948288049687e-27
-3.763034258102713192e-01 2.825980559398841069e-05
-3.769092389440923951e-01 6.936161150766689321e-05
-3.780434888757804313e-01 5.288608891471195524e-29
-3.784854492290901651e-01 1.517022966803348558e-29
-3.787124174564850954e-01 9.076421676960675811e-09
-3.795223875380376866e-01 3.766458071107932971e-07
-3.801707337404030551e-01 3.313582211723341867e-06
-3.803853350585333915e-01 1.123950598551632008e-06
-3.804039659842154419e-01 3.924150717088178571e-28
-3.809347031026807384e-01 3.020624581811912473e-06
-3.825681846884656512e-01 1.705267053361884223e-05
-3.833478187385241376e-01 7.892141848384542688e-30
-3.837213326183706585e-01 3.416597594324235392e-05
-3.839618041984189656e-01 1.588461016425510877e-28
-3.840951557679633810e-01 5.442359480483245335e-29
-3.850019863713860513e-01 8.081187898384955001e-30
-3.851158322956411140e-01 2.042420652297245543e-07
-3.859059071091761051e-01 3.471712080448321336e-29
-3.868925337810549814e-01 1.480310334845784212e-05
-3.881348968143129574e-01 6.661236653750717128e-30
-3.884437231950354508e-01 1.315999229042463739e-29
-3.888513998888429857e-01 4.683121690837448570e-06
-3.892371357514449737e-01 1.869641096339801941e-06
-3.894911660706657508e-01 1.437454153909582553e-08
-3.895635622696110856e-01 3.356327644710772274e-29
-3.910857787850098854e-01 1.406199279184961936e-06
-3.920927532660073433e-01 5.604577058957106547e-29
-3.930932882495595249e-01 4.055289577362657414e-07
-3.933691758090669954e-01 3.468784560128267115e-29
-3.946505349101577242e-01 1.262784579601429467e-06
-3.946603885416978819e-01 4.820964337532228718e-27
-3.955961903990972695e-01 3.189042898940314943e-07
-3.957289274777276433e-01 2.242759814625519358e-29
-3.962847859599196165e-01 1.644834801292361396e-29
-3.967856723577797284e-01 3.748392823821527565e-05
-3.971339486299693133e-01 2.188160659642574465e-05
-3.971424195192242435e-01 1.415104248115015342e-27
-3.986751528764547192e-01 3.675483323668516768e-09
-3.990866776593470777e-01 1.025089138303274984e-06
-3.999820568608878357e-01 7.450242949826149464e-31
-4.005866441267167399e-01 1.619121429888398084e-08
-4.017756332476586367e-01 3.238088442883538023e-29
-4.024879857995827814e-01 3.010425270120513135e-29
-4.028735670540066760e-01 6.039519057968331011e-29
-4.034142049513261830e-01 2.103611936375929400e-05
-4.046381033854135056e-01 9.083550593990378583e-29
-4.051590039922089992e-01 2.696506489987178263e-05
-4.052929634657549407e-01 1.094826114044620902e-27
-4.057085993869881668e-01 2.789880443668660622e-27
-4.057562920380818894e-01 4.720845361595122432e-05
-4.059748189715042810e-01 3.936512514197278726e-29
-4.064919485478637462e-01 8.262310843213316627e-29
-4.070280343236291065e-01 6.294647080312819098e-30
-4.075884558105866695e-01 1.430855799663103128e-06
-4.076546331575515714e-01 2.207008985375950147e-29
-4.083144506702092169e-01 3.386610595813585631e-06
-4.086368320132021115e-01 1.147066339836685490e-28
-4.087763590669562519e-01 1.655758975439896238e-28
-4.088978379525778362e-01 2.079032761665814633e-05
-4.090032486947204893e-01 9.585063548696589144e-06
-4.104132820462533804e-01 1.445631402791838480e-29
-4.109727289221314361e-01 2.341861581856465875e-09
-4.125761735869113433e-01 1.685501077884814628e-06
-4.130011330762342614e-01 1.484894418105562341e-30
-4.134731608461162389e-01 7.611449555335743347e-30
-4.145859245181278685e-01 4.214432883207403682e-30
-4.151402152028679238e-01 5.062865222606391344e-30
-4.156177656797917508e-01 6.621843773619313695e-30
-4.157793055133175986e-01 2.347624936378348970e-08
-4.174306480674136455e-01 5.774477252999407829e-06
-4.175627742295300870e-01 3.797437464062418046e-29
-4.178122368873410930e-01 1.220363090247674742e-05
-4.178311562628961862e-01 4.823784685026531651e-28
-4.191512543555186987e-01 1.562707441153623484e-06
-4.192828082126257017e-01 1.441392730968200689e-29
-4.198521297604692615e-01 8.679791359161441981e-08
-4.203766174617707407e-01 8.913654190200521014e-07
-4.205656890597263553e-01 8.145578660006356429e-07
-4.209878387696917024e-01 8.848462020697363863e-30
-4.211808096089504905e-01 1.510025725523552104e-06
-4.215800040639586244e-01 6.843319213600542449e-07
-4.223512030330795475e-01 7.251775704874830110e-08
-4.231735554087919238e-01 1.695956571021757659e-30
-4.241169637357145583e-01 5.648877669477846311e-30
-4.245037478994199143e-01 2.190158482852180808e-07
-4.249805573403078185e-01 9.663493983022131045e-07
-4.265582369611982116e-01 2.019705506045262663e-06
-4.266110640142403154e-01 7.306323954536485325e-29
-4.269567954748884064e-01 9.440791082557402249e-07
-4.273003055373811865e-01 2.569233920513706059e-30
-4.280741219767171257e-01 1.553148987217791162e-06
-4.285953047280575134e-01 1.406540617640982216e-29
-4.289870690334790515e-01 2.080426241946384388e-05
-4.295423388018452249e-01 8.661140218843507145e-30
-4.305271678282061587e-01 7.510439384270424944e-30
-4.313824816793341288e-01 2.049179236871484530e-05
-4.324151449424814553e-01 2.983151846617634521e-29
-4.326161461112394968e-01 4.008158771265849526e-26
-4.326210240452705857e-01 2.667231846151965846e-05
-4.328077607377101010e-01 4.014853174145720390e-05
-4.346680698756404393e-01 1.208722417251366629e-05
-4.355212735115497336e-01 3.586063229397380051e-30
-4.358010988842138667e-01 3.654662551909689029e-30
6.486554464646002716e-01 2.239191531878820801e-29
