-8.048824077775481797e-03 1.189002961366070199e+00
-1.142944957899842337e-02 2.510911687335174141e-28
-1.639978855232038235e-02 2.757764801974745689e-02
-2.001731430067142312e-02 1.276061280750627469e-01
-2.085384609460250172e-02 3.631801057912947431e-29
-2.287527676686146663e-02 1.915250534227231965e-03
-2.302842127286143514e-02 1.181149689255039066e-28
-2.645584656163341500e-02 7.454244236166843369e-31
-3.127042531880996901e-02 2.303530033189410235e-03
-9.958521070223839977e-02 4.002799844891558002e-04
5.559955208360461976e-01 1.340776282028348912e-32
5.577554287567433322e-01 2.635470106152791980e-33
5.586560075689355198e-01 1.144546843791236143e-32
5.589980149983071467e-01 4.083812534191590587e-32
5.615038707874877577e-01 4.863044212569440508e-32
5.616611814605648734e-01 4.847714049192778615e-32
5.621667545887231165e-01 5.676507797088887561e-33
5.634700677721610207e-01 4.140434315417668877e-32
5.660779061915069965e-01 2.765984397279028221e-32
5.693925417095100361e-01 6.473353225054479037e-33
5.714731098849572533e-01 6.409901574440154297e-33
5.725693830749406521e-01 1.963211641615901343e-32
5.726146609063459403e-01 1.830639962212465106e-32
5.733012203884891855e-01 2.342134010906405999e-32
5.749925342032995434e-01 1.941061614372022936e-32
5.776842623567093327e-01 3.977602308655107575e-32
5.813121740233477830e-01 2.020301869324870702e-31
5.820199952824177680e-01 4.070012492163101552e-32
5.843258282025564077e-01 2.859741740275128212e-32
5.847053547178853172e-01 5.455348865967036847e-32
5.871908422448867126e-01 4.260048065873699232e-32
5.891149311116861131e-01 3.592563935740644613e-32
5.912377101175423366e-01 9.465661980422901181e-32
5.916507014324896563e-01 3.475274200370662209e-32
5.925295945150779175e-01 2.051676349152404479e-32
5.967833535511919418e-01 1.375651166200883711e-32
6.010345634255237490e-01 3.329213540884755043e-32
6.011494123016031255e-01 6.737123355384151528e-33
6.011654147170431006e-01 1.580391038176602462e-32
6.025062397613393239e-01 2.164368068315598808e-32
6.089564009849345316e-01 2.133317204752699098e-32
6.093952103434172596e-01 2.549838873298689351e-32
6.097876376278001942e-01 3.620237502250851906e-32
6.099751851010334347e-01 4.724779686683967918e-32
6.105564689604557893e-01 5.509276662006246029e-33
6.182805433844683618e-01 2.308940898285022119e-32
6.185007589663324978e-01 4.465571720498196395e-32
6.195336586403390466e-01 1.813543812749823324e-32
6.207416637718616848e-01 3.150696555280970182e-32
6.208878041192187336e-01 1.431953249230772973e-32
6.213148426572555616e-01 9.976517062542728709e-33
6.216208370143606610e-01 1.388623426496620787e-32
6.238885606070380119e-01 7.532581508098037661e-33
6.245400592962556674e-01 9.838371361411154003e-33
6.268928907139863504e-01 2.001393357263622892e-32
6.282885013269996488e-01 1.250934994851933074e-32
6.289330570624241945e-01 2.016569692627225982e-32
6.302137595443274565e-01 1.662556001307602619e-32
6.316951432176426406e-01 2.860027197858566787e-32
6.328625367310191097e-01 2.581921098124682548e-32
6.351589261955222776e-01 3.714210027173961122e-32
6.382577404244693664e-01 1.698150306107954574e-32
6.385100197769842945e-01 7.154508408622298580e-33
6.411680833509497690e-01 3.311545680071004307e-32
6.421333918581654254e-01 1.265426228611797558e-32
6.434063105138531080e-01 3.139389688883817234e-32
6.444688928962203356e-01 2.990987902839851951e-32
6.454428182242437639e-01 8.330506996522256324e-33
6.486276351536546247e-01 2.240253110894562666e-02
6.486554464646002716e-01 1.755168225651185813e-30
6.514899852573968753e-01 1.601074251421822429e-32
6.515504381126102640e-01 4.618702541688633532e-32
6.524646257479664868e-01 2.101212105715323248e-32
6.538254172934374608e-01 1.456245538521421514e-32
6.558638358624883091e-01 1.704779958298487857e-32
6.593142250545893646e-01 1.148048485244739692e-32
6.619866325518599659e-01 1.372582066534329711e-32
6.634700704264480109e-01 2.741268109156798695e-32
6.645882376588682083e-01 2.605341330395020933e-32
6.679340428411145725e-01 2.031079954869290178e-32
6.689357256963310849e-01 2.797400855045732592e-33
6.690556674123296910e-01 8.906482395531630174e-33
6.698199364984291915e-01 8.209081988810715793e-33
6.704011154770186387e-01 2.574689160782481452e-33
6.708532949077210539e-01 3.668686614526075152e-30
6.733846041897578738e-01 3.968782176851732391e-33
6.743048091634537000e-01 1.115737675124967702e-29
6.773410994999670143e-01 1.470280547591990604e-32
6.829690429183338241e-01 7.890289365768870653e-33
6.833233111201426624e-01 2.071876525249801558e-32
6.843106270610441744e-01 5.645935910194830203e-33
6.853042365035952876e-01 5.837385705337266369e-32
6.864781037276193043e-01 2.168036303747494783e-32
6.875262943113726877e-01 1.628337552440169010e-32
6.889510429872761632e-01 2.753137137902278577e-32
6.897542748972415039e-01 1.146936045416464871e-31
6.927047123353642366e-01 1.115693980696544234e-30
6.939578275912344774e-01 1.690458764762980910e-30
6.953628295457282560e-01 1.058821879319811129e-03
6.956951346302279182e-01 8.953542178155907944e-30
6.960450059652565358e-01 7.678588710743064510e-30
6.975905020882802177e-01 8.859203445119825977e-31
6.984797737571534215e-01 3.753341604088162475e-31
6.989642282471509871e-01 2.651600088712246603e-31
7.027126702778964118e-01 3.653421196241299444e-31
7.037838032800636245e-01 1.562241151267707984e-32
7.045909062927750988e-01 2.204438032111934790e-31
7.051574771972902722e-01 1.536458324680889247e-30
7.056379088583263348e-01 2.341014282127508149e-05
7.072867056819154286e-01 4.326821451064443300e-31
7.076147669440655541e-01 7.628613641571774965e-31
7.080964624219006076e-01 1.255421880169324014e-30
7.101909410533646660e-01 2.103419009316471935e-30
7.110909534655240893e-01 2.878292273793663370e-30
7.126819093753653522e-01 3.497305760716906061e-30
7.129058996047334951e-01 2.499298323156854790e-30
7.148476160803213242e-01 5.810185231620633255e-05
7.184604454367222726e-01 1.455835851444682294e-31
7.188930618471163214e-01 1.864778338946595573e-31
7.217202930091162205e-01 1.110164006804948909e-31
7.226484664019996451e-01 4.225976181766929673e-31
7.254094554936856287e-01 1.161878902873335612e-31
7.259141542082934162e-01 3.292257633755013263e-32
7.274680076377606497e-01 3.759419146045368702e-31
7.278188518240766847e-01 3.992502358888235250e-32
7.285063383190596431e-01 1.088531854345583473e-30
7.289004188097252257e-01 1.412920399400714538e-31
7.303800777505600195e-01 9.995639254803966396e-32
7.329251195426714771e-01 7.092138267098587144e-32
7.337383940054859055e-01 2.970570926212536163e-32
7.342723060397453594e-01 9.713782234457291348e-31
7.358402979518410270e-01 2.016365258616722830e-31
7.402702205193735230e-01 1.006028425331236614e-31
7.416585126413095530e-01 6.038116703078713255e-32
7.423582117920117796e-01 4.757545633676260238e-32
