-8.048824077775488736e-03 1.189002961366054878e+00
-1.142944957899839388e-02 2.557501087704501593e-28
-1.639978855232033031e-02 2.757764801974672830e-02
-2.001731430067109699e-02 1.276061280750685756e-01
-2.085384609460192926e-02 5.238918572033103885e-29
-2.287527676686136255e-02 1.915250534227205077e-03
-2.302842127286134841e-02 3.943340421504116964e-28
-2.645584656163303683e-02 4.339575094430179735e-30
-3.127042531880920573e-02 2.303530033189491767e-03
-3.185159024189312960e-02 6.528195062145880547e-04
-3.739764522304506178e-02 9.713917756235253102e-04
-3.742054826113541677e-02 8.474663412372961272e-26
-3.827634559158261951e-02 3.693293966274363140e-30
-3.907571679252393182e-02 3.344678045831237879e-30
-4.063403105287338030e-02 2.595152273567420328e-04
-4.130365658084604596e-02 1.309293923534139453e-29
-4.466738491408073913e-02 4.587162574894919504e-31
-4.799523208163825050e-02 4.730874869421887387e-05
-5.058515732786490748e-02 5.412047042135564097e-05
-5.288340913237584567e-02 4.469377096416139792e-04
-5.404473857499621225e-02 3.033141256089283132e-27
-5.419341963992638928e-02 8.543325010175765663e-03
-5.490730784369581008e-02 1.199150269217691411e-02
-5.627116731988046627e-02 1.124685855512609585e-29
-5.824669294783284962e-02 4.014770394426596256e-30
-5.927314807502699623e-02 1.198580309845799510e-28
-5.963540836640546933e-02 6.091950958057633717e-04
-6.465940751920208618e-02 9.812247913655171726e-31
-6.606604719403899595e-02 6.063555241038614174e-31
-6.820878402926774942e-02 1.138140778859057106e-04
-6.973211391137623671e-02 5.741334827982322742e-04
-6.978789397479709389e-02 9.786798369063826219e-27
-7.053157296166080725e-02 9.437446995656838688e-30
-7.099374454662842060e-02 1.592220175174554643e-04
-7.171154346966807092e-02 5.958444759235027248e-05
-7.285625457139219274e-02 8.956689748811730116e-06
-7.516739516969245249e-02 2.301452653767910776e-30
-7.952342536654971594e-02 1.194590296139567467e-29
-7.991186238898105587e-02 4.705468114647799200e-06
-8.083450925353630190e-02 1.453073082277017811e-04
-8.123309552562867075e-02 7.214142145566328139e-29
-8.435536279122668457e-02 5.602308804568469427e-03
-8.465659868191226234e-02 1.086037910574677432e-27
-8.582582174660473295e-02 1.527211165730024181e-24
-8.583250370283170005e-02 2.364693633445124656e-04
-8.614345876268530988e-02 8.239344292578549206e-29
-8.837257030155619419e-02 4.878402848388737353e-30
-9.082539497436604992e-02 2.691403036487561922e-05
-9.106718460899417000e-02 3.330110473037330464e-08
-9.388860734203871572e-02 1.625273171376044102e-04
-9.548236401814066965e-02 2.880639087746364452e-05
-9.576336904968400787e-02 1.993122672615019759e-28
-9.713946047549354423e-02 2.043801213824945066e-30
-9.888852503310424646e-02 7.557235470126196810e-29
-9.958521070223645688e-02 4.002799844891085290e-04
-9.958521070223839977e-02 4.002799844891548244e-04
-1.011767404700742862e-01 7.225807620222058633e-30
-1.016339473246948982e-01 1.931476133790474635e-06
-1.020061140714008385e-01 3.475656148907037805e-05
-1.034022776782712594e-01 1.269009600183587008e-29
-1.041743058756148532e-01 3.540828883037759438e-05
-1.056800696662850980e-01 1.651014054620808814e-30
-1.070434630405559667e-01 1.642797595732751624e-30
-1.093431101011775319e-01 7.192412289349230544e-30
-1.110161714856954113e-01 2.321816390692866349e-30
-1.121335984274027947e-01 1.571414941889706415e-05
-1.140958056311315721e-01 1.433231751592026117e-03
-1.149782077696130250e-01 8.262932082579966750e-05
-1.150889155095122102e-01 5.606094551895621928e-27
-1.162365772769058114e-01 5.433170453150480353e-05
-1.170820543564715654e-01 1.485826399101657054e-06
-1.184034075947560383e-01 3.809530124299691330e-30
-1.191599626768667236e-01 9.334591494740233332e-07
-1.192269711818297329e-01 7.605195085580178176e-29
-1.204942324153761984e-01 5.672278042570897545e-29
-1.211696031139383734e-01 4.662580902984243575e-05
-1.237512199791448303e-01 6.728778019197456772e-06
-1.262385328748978075e-01 2.920907872048652621e-04
-1.266054657351244894e-01 1.119550097712626617e-27
-1.275792323757528601e-01 4.376096517126217526e-05
-1.290379333179902388e-01 1.720745598873632540e-29
-1.300168520119350524e-01 9.080949836486103726e-29
-1.304046670428545274e-01 8.391921001527363512e-29
-1.315395499589538109e-01 7.189299744939196823e-04
-1.324602804227770769e-01 4.497675599639236291e-28
-1.338976702263095508e-01 1.793635942803197319e-28
-1.343241648959818124e-01 3.836708727431910931e-29
-1.354350493308257297e-01 6.342102854018318372e-03
-1.357945869558909724e-01 4.821728912736522599e-03
-1.360955231015727740e-01 1.866743677149168179e-27
-1.373522283289463908e-01 2.335544887296461986e-27
-1.375576197299772929e-01 1.122278585242596563e-03
-1.383674532746742847e-01 2.573887292838223685e-03
-1.403992307685876795e-01 2.048817074879638600e-01
-1.412580414885346580e-01 2.585042866449184764e-26
-1.440353756404020025e-01 2.729079679570057756e-06
-1.446901614624767629e-01 3.130941623027525697e-28
-1.450365786647304644e-01 1.260337598362658791e-28
-1.467835847767075819e-01 5.498987859678169249e-04
-1.472750019931279020e-01 2.529936471660368874e-05
-1.477972681632267749e-01 5.442323189226474806e-27
-1.480141130190058829e-01 4.218961600034385265e-03
-1.484826557098974931e-01 4.279464375833996521e-27
-1.496480334243553700e-01 4.626898453846151093e-06
-1.497826532410899414e-01 9.347384345859801369e-29
-1.517481339246375682e-01 4.573274080175261181e-05
-1.538418384964550245e-01 4.484260626158539681e-06
-1.539548439794459767e-01 3.778069602778092166e-29
-1.549558351459911221e-01 1.085538356910290887e-06
-1.551104418670553320e-01 1.568813516149622348e-04
-1.556788381637596586e-01 4.102281080933206747e-29
-1.588743646854093861e-01 1.628428813528525074e-29
-1.590103602553311346e-01 1.260076071280321851e-29
-1.596189746036630053e-01 3.055855300967630844e-06
-1.599013153076555283e-01 1.125607775725637438e-04
-1.617549455097006816e-01 1.154418760296465977e-27
-1.619402110595133393e-01 3.941552569169141582e-04
-1.633244484853760559e-01 5.107316277632809173e-08
-1.650368037027292178e-01 1.187837380903476524e-28
-1.652066261497268096e-01 3.507643159834423650e-05
-1.656616628857446871e-01 9.791975850773269909e-30
-1.659872490552842805e-01 1.027991785633411864e-29
-1.667120327310968320e-01 2.811366198102498843e-30
-1.673731768903419792e-01 4.173904412853977792e-30
-1.683431662330796275e-01 2.150505147994385475e-05
6.486554464646002716e-01 2.197214108831257994e-29
