-8.048824077775481797e-03 1.189002961366070199e+00
-1.142944957899842337e-02 2.510911687335174141e-28
-1.639978855232038235e-02 2.757764801974745689e-02
-2.001731430067142312e-02 1.276061280750627469e-01
-2.085384609460250172e-02 3.631801057912947431e-29
-2.287527676686146663e-02 1.915250534227231965e-03
-2.302842127286143514e-02 1.181149689255039066e-28
-2.645584656163341500e-02 7.454244236166843369e-31
-3.127042531880996901e-02 2.303530033189410235e-03
-3.124353009574660778e-01 2.106156354746455117e-29
-3.125070686135759668e-01 6.176386328639561074e-30
-3.129331593707829207e-01 4.203712834864162027e-30
-3.131179191171287179e-01 1.555851776601040224e-29
-3.144480606261095268e-01 1.226356219740682376e-06
-3.147465677881721158e-01 7.801561077726275830e-06
-3.163752701226676955e-01 5.323501869796373436e-07
-3.163854775194505642e-01 4.039713321862007759e-08
-3.164307136759413330e-01 7.109532039054904849e-29
-3.165859095674530277e-01 2.549455306215361275e-29
-3.171536248543175840e-01 3.431784294701008329e-30
-3.178013611687312556e-01 1.059316792048251624e-28
-3.183983489213068618e-01 1.142609960820158709e-06
-3.184993771284767572e-01 3.976063461761662453e-06
-3.189282343189407953e-01 4.918228228959341827e-30
-3.209810176590268682e-01 7.621809988424761444e-06
-3.212630663203413506e-01 8.183181774569008704e-30
-3.221014416801258884e-01 6.902119193783747104e-08
-3.244170904489299678e-01 6.811684311161876983e-07
-3.246652123261452028e-01 6.843505686627737451e-30
-3.251654459667586705e-01 4.711544583933878346e-07
-3.258407403599801744e-01 4.324932173266273530e-29
-3.263540334434801293e-01 2.613515070902363324e-29
-3.265009212064117761e-01 8.486489582191661201e-06
-3.274069663769255123e-01 2.914263579232112453e-29
-3.276253804670399838e-01 7.034657884323739258e-28
-3.276747768056367249e-01 3.582069408533190602e-05
-3.288755088684719441e-01 2.926506410802282098e-06
-3.299408430202792064e-01 6.954546711921414306e-07
-3.307788936973253824e-01 9.081425633045614404e-09
-3.316835325009327984e-01 1.400026689717386297e-29
-3.321624549369673329e-01 3.994388528653770869e-07
-3.324516879099983502e-01 3.021556728702334150e-29
-3.325969196326163946e-01 6.985781645066321311e-06
-3.347595482476397044e-01 1.868534415898949140e-29
-3.348018021283804546e-01 5.867076225097314513e-07
-3.358677910034412739e-01 4.090599384492087758e-06
-3.361137798256936260e-01 6.785537016603076553e-06
-3.363428779233132992e-01 1.310721243123614473e-28
-3.363771458344272935e-01 4.192241134368991052e-06
-3.369342168991080189e-01 5.056023294486656815e-07
-3.382075790075600441e-01 2.281323905083078493e-30
-3.386859283801857967e-01 5.250728281760983564e-30
-3.391396786950762188e-01 1.775094129513081464e-07
-3.405284755681479147e-01 8.344548301138549449e-30
-3.408040533241618042e-01 4.510854889392242670e-07
-3.412538516543873746e-01 3.506477538120520383e-29
-3.419883397108647305e-01 1.089076300019530913e-04
-3.419987067101139533e-01 5.194966143681026185e-27
-3.426444430776945937e-01 8.925069264678365550e-08
-3.437253922079404611e-01 1.073904124697436690e-06
-3.439853739181670811e-01 7.367429891615796425e-06
-3.441236187468641461e-01 5.457345765762469793e-29
-3.444832499609614129e-01 8.959554610154976445e-30
-3.446060380729555339e-01 7.217281595350281754e-06
-3.450185471531374004e-01 4.117829503830758742e-30
-3.466547242035503129e-01 1.043421172857801414e-29
-3.470271794724159586e-01 4.878466946771077512e-07
-3.471410074355499309e-01 2.691339942623775197e-29
-3.475184740595624322e-01 1.230680667169657513e-06
-3.480514474788969359e-01 1.165828264569815305e-30
-3.496323405322251388e-01 6.059004223900658512e-31
-3.497720156761874866e-01 1.926359885048095215e-30
-3.501672471829841982e-01 5.695943414983948523e-07
-3.517346265114313919e-01 1.547977911649346845e-30
-3.519767771265807088e-01 1.221782810296196368e-30
-3.539887621973079046e-01 4.828923875398919528e-30
-3.542735221415188596e-01 5.754605332020531918e-08
-3.551487740125382486e-01 1.157427496190574763e-29
-3.551737284092507108e-01 1.731564316588618456e-07
-3.556253522082921115e-01 3.941498081898106081e-29
-3.556646167200693265e-01 2.378124208531539731e-06
-3.560326898584836308e-01 1.881627458051360088e-30
-3.571400834344704012e-01 4.755935464079245404e-07
-3.576311587755317545e-01 1.054510300611476592e-06
-3.588696993921380862e-01 1.632051698867373092e-06
-3.590642293783984917e-01 9.819635485720444451e-30
-3.592468114890577935e-01 6.840414099344018387e-06
-3.596888581839920995e-01 1.419723144113082803e-29
-3.599116993228212991e-01 1.068298528275556320e-29
-3.605683149418982825e-01 1.771302753331864352e-07
-3.616087692499820316e-01 3.974978586581157023e-06
-3.616191587163170018e-01 1.403674394086953053e-27
-3.639221294587703381e-01 1.669812209313403687e-06
-3.640948920337052641e-01 6.758190194822833074e-30
-3.648254950435527166e-01 9.037709328991629434e-30
-3.653819578090560793e-01 3.078062258876578190e-29
-3.654869564125320380e-01 1.603175251181578947e-06
-3.656279887187338096e-01 2.838152168942425750e-29
-3.670650265170984361e-01 5.752383345795073205e-30
-3.672254022284943131e-01 4.268811211834929706e-07
-3.684398951603227168e-01 6.942664869795584952e-30
-3.697753250167002959e-01 3.371120257370008191e-08
-3.707757287558986481e-01 4.443870279087669295e-30
-3.714151283829863481e-01 7.033476253855351087e-30
-3.721306686306719014e-01 1.649249256218668011e-05
-3.722968210432928693e-01 3.243758829570518847e-06
-3.727552492371188353e-01 1.211877327118160154e-04
-3.730670486603132607e-01 7.689148366620547132e-29
-3.733111259839095863e-01 8.918694951513981126e-07
-3.736346915165758009e-01 6.470201739855536613e-05
-3.743598757619789885e-01 8.307443348552671740e-30
-3.748273319015423266e-01 6.881663297462957871e-09
-3.752265470760657307e-01 9.211907460380398573e-29
-3.753746795062389841e-01 1.248521498996107870e-05
-3.753947410199795498e-01 9.401026625519305560e-28
-3.763034258102715968e-01 2.825980559398786181e-05
-3.769092389440932278e-01 6.936161150770353925e-05
-3.780434888757810974e-01 7.659470093671167348e-30
-3.784854492290907202e-01 1.855029414676474849e-30
-3.787124174564853729e-01 9.076421676547236051e-09
-3.795223875380380196e-01 3.766458070999288819e-07
-3.801707337404035547e-01 3.313582211717609571e-06
-3.803853350585337245e-01 1.123950598550899960e-06
-3.804039659842156640e-01 7.551097082629795138e-29
-3.809347031026811270e-01 3.020624581809971920e-06
-3.825681846884670945e-01 1.705267053360141368e-05
-3.833478187385245262e-01 1.234471043504424997e-29
-3.837213326183707696e-01 3.416597594324203543e-05
-3.839618041984194097e-01 3.472494660191001859e-29
-3.840951557679638251e-01 7.284624576582415171e-30
-3.850019863713864954e-01 6.183846285883685010e-30
-3.851158322956414470e-01 2.042420652320653299e-07
-3.859059071091763826e-01 7.886053130254532491e-30
-3.868925337810549814e-01 1.480310334844560588e-05
6.486554464646002716e-01 2.239191531878820801e-29
